cusip,prc,openprc,date,htick,hcomnam,hsiccd,numshr
17275R10,42.95,42.28,2019-01-02,CSCO,CISCO SYSTEMS INC,3674.0,243.0
17275R10,41.07,42.3,2019-01-03,CSCO,CISCO SYSTEMS INC,3674.0,243.0
17275R10,42.92,41.85,2019-01-04,CSCO,CISCO SYSTEMS INC,3674.0,243.0
17275R10,43.21,42.86,2019-01-07,CSCO,CISCO SYSTEMS INC,3674.0,243.0
17275R10,43.56,43.57,2019-01-08,CSCO,CISCO SYSTEMS INC,3674.0,243.0
17275R10,43.32,43.87,2019-01-09,CSCO,CISCO SYSTEMS INC,3674.0,243.0
17275R10,43.24,43.11,2019-01-10,CSCO,CISCO SYSTEMS INC,3674.0,243.0
17275R10,43.49,43.11,2019-01-11,CSCO,CISCO SYSTEMS INC,3674.0,243.0
17275R10,43.21,43.08,2019-01-14,CSCO,CISCO SYSTEMS INC,3674.0,243.0
17275R10,44.02,43.33,2019-01-15,CSCO,CISCO SYSTEMS INC,3674.0,243.0
17275R10,43.96,44.12,2019-01-16,CSCO,CISCO SYSTEMS INC,3674.0,243.0
17275R10,44.21,43.87,2019-01-17,CSCO,CISCO SYSTEMS INC,3674.0,243.0
17275R10,45.03,44.48,2019-01-18,CSCO,CISCO SYSTEMS INC,3674.0,243.0
17275R10,44.78,44.88,2019-01-22,CSCO,CISCO SYSTEMS INC,3674.0,243.0
17275R10,45.46,45.14,2019-01-23,CSCO,CISCO SYSTEMS INC,3674.0,243.0
17275R10,45.61,45.63,2019-01-24,CSCO,CISCO SYSTEMS INC,3674.0,243.0
17275R10,46.13,46.12,2019-01-25,CSCO,CISCO SYSTEMS INC,3674.0,243.0
17275R10,45.75,45.73,2019-01-28,CSCO,CISCO SYSTEMS INC,3674.0,243.0
17275R10,45.96,45.81,2019-01-29,CSCO,CISCO SYSTEMS INC,3674.0,243.0
17275R10,46.71,45.94,2019-01-30,CSCO,CISCO SYSTEMS INC,3674.0,243.0
17275R10,47.29,46.72,2019-01-31,CSCO,CISCO SYSTEMS INC,3674.0,243.0
17275R10,47.34,47.37,2019-02-01,CSCO,CISCO SYSTEMS INC,3674.0,243.0
17275R10,47.35,47.22,2019-02-04,CSCO,CISCO SYSTEMS INC,3674.0,243.0
17275R10,47.26,47.42,2019-02-05,CSCO,CISCO SYSTEMS INC,3674.0,243.0
17275R10,47.48,47.12,2019-02-06,CSCO,CISCO SYSTEMS INC,3674.0,243.0
17275R10,46.7,47.19,2019-02-07,CSCO,CISCO SYSTEMS INC,3674.0,243.0
17275R10,47.19,46.4,2019-02-08,CSCO,CISCO SYSTEMS INC,3674.0,243.0
17275R10,47.58,47.34,2019-02-11,CSCO,CISCO SYSTEMS INC,3674.0,243.0
17275R10,47.89,47.27,2019-02-12,CSCO,CISCO SYSTEMS INC,3674.0,243.0
17275R10,47.5,47.86,2019-02-13,CSCO,CISCO SYSTEMS INC,3674.0,243.0
17275R10,48.4,48.85,2019-02-14,CSCO,CISCO SYSTEMS INC,3674.0,243.0
17275R10,49.43,48.83,2019-02-15,CSCO,CISCO SYSTEMS INC,3674.0,243.0
17275R10,49.65,49.2,2019-02-19,CSCO,CISCO SYSTEMS INC,3674.0,243.0
17275R10,49.63,49.7,2019-02-20,CSCO,CISCO SYSTEMS INC,3674.0,243.0
17275R10,49.41,49.54,2019-02-21,CSCO,CISCO SYSTEMS INC,3674.0,243.0
17275R10,50.11,49.7,2019-02-22,CSCO,CISCO SYSTEMS INC,3674.0,243.0
17275R10,50.79,50.34,2019-02-25,CSCO,CISCO SYSTEMS INC,3674.0,243.0
17275R10,51.18,50.51,2019-02-26,CSCO,CISCO SYSTEMS INC,3674.0,243.0
17275R10,51.59,51.21,2019-02-27,CSCO,CISCO SYSTEMS INC,3674.0,243.0
17275R10,51.77,51.55,2019-02-28,CSCO,CISCO SYSTEMS INC,3674.0,243.0
17275R10,51.41,52.0,2019-03-01,CSCO,CISCO SYSTEMS INC,3674.0,243.0
17275R10,51.16,51.65,2019-03-04,CSCO,CISCO SYSTEMS INC,3674.0,243.0
17275R10,51.3,51.12,2019-03-05,CSCO,CISCO SYSTEMS INC,3674.0,243.0
17275R10,51.67,51.37,2019-03-06,CSCO,CISCO SYSTEMS INC,3674.0,243.0
17275R10,51.29,51.55,2019-03-07,CSCO,CISCO SYSTEMS INC,3674.0,243.0
17275R10,51.07,50.72,2019-03-08,CSCO,CISCO SYSTEMS INC,3674.0,243.0
17275R10,51.92,51.14,2019-03-11,CSCO,CISCO SYSTEMS INC,3674.0,243.0
17275R10,52.15,52.01,2019-03-12,CSCO,CISCO SYSTEMS INC,3674.0,243.0
17275R10,52.59,52.41,2019-03-13,CSCO,CISCO SYSTEMS INC,3674.0,243.0
17275R10,52.74,52.63,2019-03-14,CSCO,CISCO SYSTEMS INC,3674.0,243.0
17275R10,53.2,52.94,2019-03-15,CSCO,CISCO SYSTEMS INC,3674.0,243.0
17275R10,53.51,53.27,2019-03-18,CSCO,CISCO SYSTEMS INC,3674.0,243.0
17275R10,53.31,53.79,2019-03-19,CSCO,CISCO SYSTEMS INC,3674.0,243.0
17275R10,53.26,53.16,2019-03-20,CSCO,CISCO SYSTEMS INC,3674.0,243.0
17275R10,53.94,53.08,2019-03-21,CSCO,CISCO SYSTEMS INC,3674.0,243.0
17275R10,52.74,53.91,2019-03-22,CSCO,CISCO SYSTEMS INC,3674.0,243.0
17275R10,52.73,52.7,2019-03-25,CSCO,CISCO SYSTEMS INC,3674.0,243.0
17275R10,53.23,53.19,2019-03-26,CSCO,CISCO SYSTEMS INC,3674.0,243.0
17275R10,53.14,53.3,2019-03-27,CSCO,CISCO SYSTEMS INC,3674.0,243.0
17275R10,53.36,53.19,2019-03-28,CSCO,CISCO SYSTEMS INC,3674.0,243.0
17275R10,53.99,53.7,2019-03-29,CSCO,CISCO SYSTEMS INC,3674.0,243.0
17275R10,54.98,54.475,2019-04-01,CSCO,CISCO SYSTEMS INC,3674.0,243.0
17275R10,55.29,55.0,2019-04-02,CSCO,CISCO SYSTEMS INC,3674.0,243.0
17275R10,55.63,55.46,2019-04-03,CSCO,CISCO SYSTEMS INC,3674.0,243.0
17275R10,55.14,55.37,2019-04-04,CSCO,CISCO SYSTEMS INC,3674.0,243.0
17275R10,55.21,55.25,2019-04-05,CSCO,CISCO SYSTEMS INC,3674.0,243.0
17275R10,55.49,55.2,2019-04-08,CSCO,CISCO SYSTEMS INC,3674.0,243.0
17275R10,55.18,55.08,2019-04-09,CSCO,CISCO SYSTEMS INC,3674.0,243.0
17275R10,55.82,55.11,2019-04-10,CSCO,CISCO SYSTEMS INC,3674.0,243.0
17275R10,55.6,55.93,2019-04-11,CSCO,CISCO SYSTEMS INC,3674.0,243.0
17275R10,56.29,55.93,2019-04-12,CSCO,CISCO SYSTEMS INC,3674.0,243.0
17275R10,56.56,56.4,2019-04-15,CSCO,CISCO SYSTEMS INC,3674.0,243.0
17275R10,56.95,56.62,2019-04-16,CSCO,CISCO SYSTEMS INC,3674.0,243.0
17275R10,56.31,57.18,2019-04-17,CSCO,CISCO SYSTEMS INC,3674.0,243.0
17275R10,56.4,56.63,2019-04-18,CSCO,CISCO SYSTEMS INC,3674.0,243.0
17275R10,56.34,56.16,2019-04-22,CSCO,CISCO SYSTEMS INC,3674.0,243.0
17275R10,56.69,56.43,2019-04-23,CSCO,CISCO SYSTEMS INC,3674.0,243.0
17275R10,56.88,56.64,2019-04-24,CSCO,CISCO SYSTEMS INC,3674.0,243.0
17275R10,56.33,56.46,2019-04-25,CSCO,CISCO SYSTEMS INC,3674.0,243.0
17275R10,55.88,56.02,2019-04-26,CSCO,CISCO SYSTEMS INC,3674.0,243.0
17275R10,56.13,55.665,2019-04-29,CSCO,CISCO SYSTEMS INC,3674.0,243.0
17275R10,55.95,56.0,2019-04-30,CSCO,CISCO SYSTEMS INC,3674.0,243.0
17275R10,55.58,56.0,2019-05-01,CSCO,CISCO SYSTEMS INC,3674.0,243.0
17275R10,54.94,55.48,2019-05-02,CSCO,CISCO SYSTEMS INC,3674.0,243.0
17275R10,54.94,54.64,2019-05-03,CSCO,CISCO SYSTEMS INC,3674.0,243.0
17275R10,54.59,53.86,2019-05-06,CSCO,CISCO SYSTEMS INC,3674.0,243.0
17275R10,53.45,53.86,2019-05-07,CSCO,CISCO SYSTEMS INC,3674.0,243.0
17275R10,53.47,53.17,2019-05-08,CSCO,CISCO SYSTEMS INC,3674.0,243.0
17275R10,52.92,52.82,2019-05-09,CSCO,CISCO SYSTEMS INC,3674.0,243.0
17275R10,53.36,52.61,2019-05-10,CSCO,CISCO SYSTEMS INC,3674.0,243.0
17275R10,51.3,51.83,2019-05-13,CSCO,CISCO SYSTEMS INC,3674.0,243.0
17275R10,52.02,51.45,2019-05-14,CSCO,CISCO SYSTEMS INC,3674.0,243.0
17275R10,52.44,51.76,2019-05-15,CSCO,CISCO SYSTEMS INC,3674.0,243.0
17275R10,55.93,54.27,2019-05-16,CSCO,CISCO SYSTEMS INC,3674.0,243.0
17275R10,56.35,55.78,2019-05-17,CSCO,CISCO SYSTEMS INC,3674.0,243.0
17275R10,56.01,55.8,2019-05-20,CSCO,CISCO SYSTEMS INC,3674.0,243.0
17275R10,56.52,56.68,2019-05-21,CSCO,CISCO SYSTEMS INC,3674.0,243.0
17275R10,55.69,56.22,2019-05-22,CSCO,CISCO SYSTEMS INC,3674.0,243.0
17275R10,54.19,54.91,2019-05-23,CSCO,CISCO SYSTEMS INC,3674.0,243.0
17275R10,54.37,54.57,2019-05-24,CSCO,CISCO SYSTEMS INC,3674.0,243.0
17275R10,53.93,54.74,2019-05-28,CSCO,CISCO SYSTEMS INC,3674.0,243.0
17275R10,53.18,53.55,2019-05-29,CSCO,CISCO SYSTEMS INC,3674.0,243.0
17275R10,53.57,53.44,2019-05-30,CSCO,CISCO SYSTEMS INC,3674.0,243.0
17275R10,52.03,52.79,2019-05-31,CSCO,CISCO SYSTEMS INC,3674.0,243.0
17275R10,51.78,52.05,2019-06-03,CSCO,CISCO SYSTEMS INC,3674.0,243.0
17275R10,53.23,52.48,2019-06-04,CSCO,CISCO SYSTEMS INC,3674.0,243.0
17275R10,54.75,53.85,2019-06-05,CSCO,CISCO SYSTEMS INC,3674.0,243.0
17275R10,55.1,54.89,2019-06-06,CSCO,CISCO SYSTEMS INC,3674.0,243.0
17275R10,55.93,55.41,2019-06-07,CSCO,CISCO SYSTEMS INC,3674.0,243.0
17275R10,56.42,56.14,2019-06-10,CSCO,CISCO SYSTEMS INC,3674.0,243.0
17275R10,57.11,56.74,2019-06-11,CSCO,CISCO SYSTEMS INC,3674.0,243.0
17275R10,55.86,56.05,2019-06-12,CSCO,CISCO SYSTEMS INC,3674.0,243.0
17275R10,56.17,55.92,2019-06-13,CSCO,CISCO SYSTEMS INC,3674.0,243.0
17275R10,54.75,55.99,2019-06-14,CSCO,CISCO SYSTEMS INC,3674.0,243.0
17275R10,55.4,54.99,2019-06-17,CSCO,CISCO SYSTEMS INC,3674.0,243.0
17275R10,56.05,56.07,2019-06-18,CSCO,CISCO SYSTEMS INC,3674.0,243.0
17275R10,56.13,56.04,2019-06-19,CSCO,CISCO SYSTEMS INC,3674.0,243.0
17275R10,57.41,57.0,2019-06-20,CSCO,CISCO SYSTEMS INC,3674.0,243.0
17275R10,57.03,57.41,2019-06-21,CSCO,CISCO SYSTEMS INC,3674.0,243.0
17275R10,57.18,57.25,2019-06-24,CSCO,CISCO SYSTEMS INC,3674.0,243.0
17275R10,56.08,57.06,2019-06-25,CSCO,CISCO SYSTEMS INC,3674.0,243.0
17275R10,56.6,56.54,2019-06-26,CSCO,CISCO SYSTEMS INC,3674.0,243.0
17275R10,55.73,56.94,2019-06-27,CSCO,CISCO SYSTEMS INC,3674.0,243.0
17275R10,54.73,55.91,2019-06-28,CSCO,CISCO SYSTEMS INC,3674.0,243.0
17275R10,54.74,55.26,2019-07-01,CSCO,CISCO SYSTEMS INC,3674.0,243.0
17275R10,55.81,54.83,2019-07-02,CSCO,CISCO SYSTEMS INC,3674.0,243.0
17275R10,56.48,55.77,2019-07-03,CSCO,CISCO SYSTEMS INC,3674.0,243.0
17275R10,56.6,56.0,2019-07-05,CSCO,CISCO SYSTEMS INC,3674.0,243.0
17275R10,56.19,56.25,2019-07-08,CSCO,CISCO SYSTEMS INC,3674.0,243.0
17275R10,56.34,56.37,2019-07-09,CSCO,CISCO SYSTEMS INC,3674.0,243.0
17275R10,57.13,56.69,2019-07-10,CSCO,CISCO SYSTEMS INC,3674.0,243.0
17275R10,57.3,57.37,2019-07-11,CSCO,CISCO SYSTEMS INC,3674.0,243.0
17275R10,57.95,57.58,2019-07-12,CSCO,CISCO SYSTEMS INC,3674.0,243.0
17275R10,58.05,58.0,2019-07-15,CSCO,CISCO SYSTEMS INC,3674.0,243.0
17275R10,57.62,58.13,2019-07-16,CSCO,CISCO SYSTEMS INC,3674.0,243.0
17275R10,57.21,57.57,2019-07-17,CSCO,CISCO SYSTEMS INC,3674.0,243.0
17275R10,57.74,57.05,2019-07-18,CSCO,CISCO SYSTEMS INC,3674.0,243.0
17275R10,57.36,57.81,2019-07-19,CSCO,CISCO SYSTEMS INC,3674.0,243.0
17275R10,57.73,57.46,2019-07-22,CSCO,CISCO SYSTEMS INC,3674.0,243.0
17275R10,57.71,58.06,2019-07-23,CSCO,CISCO SYSTEMS INC,3674.0,243.0
17275R10,57.23,57.58,2019-07-24,CSCO,CISCO SYSTEMS INC,3674.0,243.0
17275R10,56.62,57.36,2019-07-25,CSCO,CISCO SYSTEMS INC,3674.0,243.0
17275R10,56.53,56.68,2019-07-26,CSCO,CISCO SYSTEMS INC,3674.0,243.0
17275R10,56.93,56.69,2019-07-29,CSCO,CISCO SYSTEMS INC,3674.0,243.0
17275R10,56.47,56.85,2019-07-30,CSCO,CISCO SYSTEMS INC,3674.0,243.0
17275R10,55.4,56.33,2019-07-31,CSCO,CISCO SYSTEMS INC,3674.0,243.0
17275R10,55.39,55.84,2019-08-01,CSCO,CISCO SYSTEMS INC,3674.0,243.0
17275R10,53.25,54.22,2019-08-02,CSCO,CISCO SYSTEMS INC,3674.0,243.0
17275R10,51.37,52.39,2019-08-05,CSCO,CISCO SYSTEMS INC,3674.0,243.0
17275R10,52.6,51.95,2019-08-06,CSCO,CISCO SYSTEMS INC,3674.0,243.0
17275R10,52.34,51.83,2019-08-07,CSCO,CISCO SYSTEMS INC,3674.0,243.0
17275R10,53.16,52.79,2019-08-08,CSCO,CISCO SYSTEMS INC,3674.0,243.0
17275R10,52.43,52.78,2019-08-09,CSCO,CISCO SYSTEMS INC,3674.0,243.0
17275R10,51.54,52.27,2019-08-12,CSCO,CISCO SYSTEMS INC,3674.0,243.0
17275R10,52.72,51.47,2019-08-13,CSCO,CISCO SYSTEMS INC,3674.0,243.0
17275R10,50.61,52.12,2019-08-14,CSCO,CISCO SYSTEMS INC,3674.0,243.0
17275R10,46.25,47.36,2019-08-15,CSCO,CISCO SYSTEMS INC,3674.0,243.0
17275R10,46.96,46.42,2019-08-16,CSCO,CISCO SYSTEMS INC,3674.0,243.0
17275R10,48.5,47.9,2019-08-19,CSCO,CISCO SYSTEMS INC,3674.0,243.0
17275R10,47.93,48.54,2019-08-20,CSCO,CISCO SYSTEMS INC,3674.0,243.0
17275R10,48.77,48.5,2019-08-21,CSCO,CISCO SYSTEMS INC,3674.0,243.0
17275R10,48.18,49.24,2019-08-22,CSCO,CISCO SYSTEMS INC,3674.0,243.0
17275R10,46.61,47.9,2019-08-23,CSCO,CISCO SYSTEMS INC,3674.0,243.0
17275R10,47.1,47.05,2019-08-26,CSCO,CISCO SYSTEMS INC,3674.0,243.0
17275R10,46.79,47.54,2019-08-27,CSCO,CISCO SYSTEMS INC,3674.0,243.0
17275R10,46.87,46.53,2019-08-28,CSCO,CISCO SYSTEMS INC,3674.0,243.0
17275R10,47.27,47.59,2019-08-29,CSCO,CISCO SYSTEMS INC,3674.0,243.0
17275R10,46.81,47.52,2019-08-30,CSCO,CISCO SYSTEMS INC,3674.0,243.0
17275R10,46.5,46.63,2019-09-03,CSCO,CISCO SYSTEMS INC,3674.0,243.0
17275R10,47.32,47.02,2019-09-04,CSCO,CISCO SYSTEMS INC,3674.0,243.0
17275R10,48.42,48.02,2019-09-05,CSCO,CISCO SYSTEMS INC,3674.0,243.0
17275R10,48.84,48.65,2019-09-06,CSCO,CISCO SYSTEMS INC,3674.0,243.0
17275R10,48.58,48.97,2019-09-09,CSCO,CISCO SYSTEMS INC,3674.0,243.0
17275R10,49.21,48.57,2019-09-10,CSCO,CISCO SYSTEMS INC,3674.0,243.0
17275R10,50.03,49.95,2019-09-11,CSCO,CISCO SYSTEMS INC,3674.0,243.0
17275R10,49.93,50.28,2019-09-12,CSCO,CISCO SYSTEMS INC,3674.0,243.0
17275R10,50.03,50.01,2019-09-13,CSCO,CISCO SYSTEMS INC,3674.0,243.0
17275R10,49.96,49.8,2019-09-16,CSCO,CISCO SYSTEMS INC,3674.0,243.0
17275R10,49.41,49.98,2019-09-17,CSCO,CISCO SYSTEMS INC,3674.0,243.0
17275R10,49.34,49.465,2019-09-18,CSCO,CISCO SYSTEMS INC,3674.0,243.0
17275R10,49.19,49.35,2019-09-19,CSCO,CISCO SYSTEMS INC,3674.0,243.0
17275R10,49.6,49.29,2019-09-20,CSCO,CISCO SYSTEMS INC,3674.0,243.0
17275R10,49.42,49.66,2019-09-23,CSCO,CISCO SYSTEMS INC,3674.0,243.0
17275R10,49.12,49.75,2019-09-24,CSCO,CISCO SYSTEMS INC,3674.0,243.0
17275R10,49.605,49.05,2019-09-25,CSCO,CISCO SYSTEMS INC,3674.0,243.0
17275R10,48.83,49.43,2019-09-26,CSCO,CISCO SYSTEMS INC,3674.0,243.0
17275R10,48.84,49.0,2019-09-27,CSCO,CISCO SYSTEMS INC,3674.0,243.0
17275R10,49.41,48.95,2019-09-30,CSCO,CISCO SYSTEMS INC,3674.0,243.0
17275R10,47.74,49.65,2019-10-01,CSCO,CISCO SYSTEMS INC,3674.0,243.0
17275R10,46.56,47.35,2019-10-02,CSCO,CISCO SYSTEMS INC,3674.0,243.0
17275R10,47.06,46.32,2019-10-03,CSCO,CISCO SYSTEMS INC,3674.0,243.0
17275R10,47.52,47.25,2019-10-04,CSCO,CISCO SYSTEMS INC,3674.0,243.0
17275R10,47.77,47.47,2019-10-07,CSCO,CISCO SYSTEMS INC,3674.0,243.0
17275R10,46.39,47.5,2019-10-08,CSCO,CISCO SYSTEMS INC,3674.0,243.0
17275R10,46.84,46.92,2019-10-09,CSCO,CISCO SYSTEMS INC,3674.0,243.0
17275R10,46.15,46.05,2019-10-10,CSCO,CISCO SYSTEMS INC,3674.0,243.0
17275R10,46.56,46.67,2019-10-11,CSCO,CISCO SYSTEMS INC,3674.0,243.0
17275R10,46.05,46.55,2019-10-14,CSCO,CISCO SYSTEMS INC,3674.0,243.0
17275R10,46.36,46.25,2019-10-15,CSCO,CISCO SYSTEMS INC,3674.0,243.0
17275R10,46.79,46.36,2019-10-16,CSCO,CISCO SYSTEMS INC,3674.0,243.0
17275R10,47.03,47.15,2019-10-17,CSCO,CISCO SYSTEMS INC,3674.0,243.0
17275R10,46.71,47.1,2019-10-18,CSCO,CISCO SYSTEMS INC,3674.0,243.0
17275R10,47.39,47.14,2019-10-21,CSCO,CISCO SYSTEMS INC,3674.0,243.0
17275R10,47.55,47.5,2019-10-22,CSCO,CISCO SYSTEMS INC,3674.0,243.0
17275R10,47.05,47.47,2019-10-23,CSCO,CISCO SYSTEMS INC,3674.0,243.0
17275R10,46.41,47.23,2019-10-24,CSCO,CISCO SYSTEMS INC,3674.0,243.0
17275R10,46.9,46.54,2019-10-25,CSCO,CISCO SYSTEMS INC,3674.0,243.0
17275R10,47.17,47.15,2019-10-28,CSCO,CISCO SYSTEMS INC,3674.0,243.0
17275R10,47.24,47.0,2019-10-29,CSCO,CISCO SYSTEMS INC,3674.0,243.0
17275R10,47.56,47.3,2019-10-30,CSCO,CISCO SYSTEMS INC,3674.0,243.0
17275R10,47.51,47.6,2019-10-31,CSCO,CISCO SYSTEMS INC,3674.0,243.0
17275R10,47.03,46.85,2019-11-01,CSCO,CISCO SYSTEMS INC,3674.0,243.0
17275R10,47.48,47.5,2019-11-04,CSCO,CISCO SYSTEMS INC,3674.0,243.0
17275R10,47.76,47.59,2019-11-05,CSCO,CISCO SYSTEMS INC,3674.0,243.0
17275R10,48.27,47.81,2019-11-06,CSCO,CISCO SYSTEMS INC,3674.0,243.0
17275R10,48.42,48.61,2019-11-07,CSCO,CISCO SYSTEMS INC,3674.0,243.0
17275R10,48.83,48.42,2019-11-08,CSCO,CISCO SYSTEMS INC,3674.0,243.0
17275R10,48.1,48.01,2019-11-11,CSCO,CISCO SYSTEMS INC,3674.0,243.0
17275R10,48.37,48.29,2019-11-12,CSCO,CISCO SYSTEMS INC,3674.0,243.0
17275R10,48.46,48.24,2019-11-13,CSCO,CISCO SYSTEMS INC,3674.0,243.0
17275R10,44.91,45.56,2019-11-14,CSCO,CISCO SYSTEMS INC,3674.0,243.0
17275R10,45.09,45.07,2019-11-15,CSCO,CISCO SYSTEMS INC,3674.0,243.0
17275R10,45.15,44.98,2019-11-18,CSCO,CISCO SYSTEMS INC,3674.0,243.0
17275R10,45.47,45.39,2019-11-19,CSCO,CISCO SYSTEMS INC,3674.0,243.0
17275R10,45.08,45.69,2019-11-20,CSCO,CISCO SYSTEMS INC,3674.0,243.0
17275R10,44.84,45.13,2019-11-21,CSCO,CISCO SYSTEMS INC,3674.0,243.0
17275R10,44.85,45.15,2019-11-22,CSCO,CISCO SYSTEMS INC,3674.0,243.0
17275R10,45.45,45.0,2019-11-25,CSCO,CISCO SYSTEMS INC,3674.0,243.0
17275R10,45.31,45.53,2019-11-26,CSCO,CISCO SYSTEMS INC,3674.0,243.0
17275R10,45.24,45.36,2019-11-27,CSCO,CISCO SYSTEMS INC,3674.0,243.0
17275R10,45.31,45.24,2019-11-29,CSCO,CISCO SYSTEMS INC,3674.0,243.0
17275R10,44.7,45.25,2019-12-02,CSCO,CISCO SYSTEMS INC,3674.0,243.0
17275R10,44.28,44.4,2019-12-03,CSCO,CISCO SYSTEMS INC,3674.0,243.0
17275R10,43.89,44.52,2019-12-04,CSCO,CISCO SYSTEMS INC,3674.0,243.0
17275R10,43.52,44.05,2019-12-05,CSCO,CISCO SYSTEMS INC,3674.0,243.0
17275R10,43.84,43.89,2019-12-06,CSCO,CISCO SYSTEMS INC,3674.0,243.0
17275R10,43.9,43.89,2019-12-09,CSCO,CISCO SYSTEMS INC,3674.0,243.0
17275R10,44.1,43.85,2019-12-10,CSCO,CISCO SYSTEMS INC,3674.0,243.0
17275R10,44.28,44.36,2019-12-11,CSCO,CISCO SYSTEMS INC,3674.0,243.0
17275R10,45.67,44.545,2019-12-12,CSCO,CISCO SYSTEMS INC,3674.0,243.0
17275R10,45.3,45.91,2019-12-13,CSCO,CISCO SYSTEMS INC,3674.0,243.0
17275R10,45.98,45.8,2019-12-16,CSCO,CISCO SYSTEMS INC,3674.0,243.0
17275R10,46.44,46.22,2019-12-17,CSCO,CISCO SYSTEMS INC,3674.0,243.0
17275R10,46.64,46.52,2019-12-18,CSCO,CISCO SYSTEMS INC,3674.0,243.0
17275R10,47.88,47.15,2019-12-19,CSCO,CISCO SYSTEMS INC,3674.0,243.0
17275R10,47.45,48.25,2019-12-20,CSCO,CISCO SYSTEMS INC,3674.0,243.0
17275R10,48.1,47.55,2019-12-23,CSCO,CISCO SYSTEMS INC,3674.0,243.0
17275R10,47.78,48.16,2019-12-24,CSCO,CISCO SYSTEMS INC,3674.0,243.0
17275R10,47.85,47.78,2019-12-26,CSCO,CISCO SYSTEMS INC,3674.0,243.0
17275R10,47.77,47.99,2019-12-27,CSCO,CISCO SYSTEMS INC,3674.0,243.0
17275R10,47.59,47.75,2019-12-30,CSCO,CISCO SYSTEMS INC,3674.0,243.0
17275R10,47.96,47.54,2019-12-31,CSCO,CISCO SYSTEMS INC,3674.0,243.0
17275R10,48.42,48.06,2020-01-02,CSCO,CISCO SYSTEMS INC,3674.0,243.0
17275R10,47.63,47.91,2020-01-03,CSCO,CISCO SYSTEMS INC,3674.0,243.0
17275R10,47.8,47.14,2020-01-06,CSCO,CISCO SYSTEMS INC,3674.0,243.0
17275R10,47.49,47.72,2020-01-07,CSCO,CISCO SYSTEMS INC,3674.0,243.0
17275R10,47.52,46.97,2020-01-08,CSCO,CISCO SYSTEMS INC,3674.0,243.0
17275R10,47.32,47.79,2020-01-09,CSCO,CISCO SYSTEMS INC,3674.0,243.0
17275R10,47.13,47.48,2020-01-10,CSCO,CISCO SYSTEMS INC,3674.0,243.0
17275R10,47.97,47.31,2020-01-13,CSCO,CISCO SYSTEMS INC,3674.0,243.0
17275R10,47.79,47.96,2020-01-14,CSCO,CISCO SYSTEMS INC,3674.0,243.0
17275R10,48.01,47.92,2020-01-15,CSCO,CISCO SYSTEMS INC,3674.0,243.0
17275R10,49.05,48.38,2020-01-16,CSCO,CISCO SYSTEMS INC,3674.0,243.0
17275R10,49.02,49.31,2020-01-17,CSCO,CISCO SYSTEMS INC,3674.0,243.0
17275R10,48.8,48.96,2020-01-21,CSCO,CISCO SYSTEMS INC,3674.0,243.0
17275R10,49.06,49.28,2020-01-22,CSCO,CISCO SYSTEMS INC,3674.0,243.0
17275R10,49.0,49.0,2020-01-23,CSCO,CISCO SYSTEMS INC,3674.0,243.0
17275R10,48.85,49.22,2020-01-24,CSCO,CISCO SYSTEMS INC,3674.0,243.0
17275R10,47.47,47.89,2020-01-27,CSCO,CISCO SYSTEMS INC,3674.0,243.0
17275R10,47.77,47.52,2020-01-28,CSCO,CISCO SYSTEMS INC,3674.0,243.0
17275R10,47.05,47.97,2020-01-29,CSCO,CISCO SYSTEMS INC,3674.0,243.0
17275R10,47.24,46.54,2020-01-30,CSCO,CISCO SYSTEMS INC,3674.0,243.0
17275R10,45.97,46.99,2020-01-31,CSCO,CISCO SYSTEMS INC,3674.0,243.0
17275R10,46.53,46.4,2020-02-03,CSCO,CISCO SYSTEMS INC,3674.0,243.0
17275R10,47.62,47.22,2020-02-04,CSCO,CISCO SYSTEMS INC,3674.0,243.0
17275R10,48.45,48.33,2020-02-05,CSCO,CISCO SYSTEMS INC,3674.0,243.0
17275R10,48.69,48.69,2020-02-06,CSCO,CISCO SYSTEMS INC,3674.0,243.0
17275R10,47.97,48.6,2020-02-07,CSCO,CISCO SYSTEMS INC,3674.0,243.0
17275R10,48.87,47.99,2020-02-10,CSCO,CISCO SYSTEMS INC,3674.0,243.0
17275R10,49.13,49.39,2020-02-11,CSCO,CISCO SYSTEMS INC,3674.0,243.0
17275R10,49.93,49.43,2020-02-12,CSCO,CISCO SYSTEMS INC,3674.0,243.0
17275R10,47.32,47.15,2020-02-13,CSCO,CISCO SYSTEMS INC,3674.0,243.0
17275R10,46.97,47.16,2020-02-14,CSCO,CISCO SYSTEMS INC,3674.0,243.0
17275R10,46.59,46.82,2020-02-18,CSCO,CISCO SYSTEMS INC,3674.0,243.0
17275R10,46.29,46.69,2020-02-19,CSCO,CISCO SYSTEMS INC,3674.0,243.0
17275R10,46.85,46.09,2020-02-20,CSCO,CISCO SYSTEMS INC,3674.0,243.0
17275R10,46.295,46.73,2020-02-21,CSCO,CISCO SYSTEMS INC,3674.0,243.0
17275R10,44.0,45.0,2020-02-24,CSCO,CISCO SYSTEMS INC,3674.0,243.0
17275R10,42.74,44.05,2020-02-25,CSCO,CISCO SYSTEMS INC,3674.0,243.0
17275R10,42.16,42.97,2020-02-26,CSCO,CISCO SYSTEMS INC,3674.0,243.0
17275R10,40.04,41.28,2020-02-27,CSCO,CISCO SYSTEMS INC,3674.0,243.0
17275R10,39.93,38.7,2020-02-28,CSCO,CISCO SYSTEMS INC,3674.0,243.0
17275R10,41.17,40.15,2020-03-02,CSCO,CISCO SYSTEMS INC,3674.0,243.0
17275R10,40.04,41.26,2020-03-03,CSCO,CISCO SYSTEMS INC,3674.0,243.0
17275R10,41.39,40.72,2020-03-04,CSCO,CISCO SYSTEMS INC,3674.0,243.0
17275R10,39.57,40.17,2020-03-05,CSCO,CISCO SYSTEMS INC,3674.0,243.0
17275R10,39.68,38.0,2020-03-06,CSCO,CISCO SYSTEMS INC,3674.0,243.0
17275R10,37.96,36.9,2020-03-09,CSCO,CISCO SYSTEMS INC,3674.0,243.0
17275R10,40.08,39.248,2020-03-10,CSCO,CISCO SYSTEMS INC,3674.0,243.0
17275R10,37.05,39.02,2020-03-11,CSCO,CISCO SYSTEMS INC,3674.0,243.0
17275R10,33.2,34.5,2020-03-12,CSCO,CISCO SYSTEMS INC,3674.0,243.0
17275R10,37.64,35.18,2020-03-13,CSCO,CISCO SYSTEMS INC,3674.0,243.0
17275R10,33.71,33.23,2020-03-16,CSCO,CISCO SYSTEMS INC,3674.0,243.0
17275R10,35.5,34.7,2020-03-17,CSCO,CISCO SYSTEMS INC,3674.0,243.0
17275R10,37.12,33.76,2020-03-18,CSCO,CISCO SYSTEMS INC,3674.0,243.0
17275R10,37.71,37.05,2020-03-19,CSCO,CISCO SYSTEMS INC,3674.0,243.0
17275R10,35.6,38.27,2020-03-20,CSCO,CISCO SYSTEMS INC,3674.0,243.0
17275R10,34.6,35.51,2020-03-23,CSCO,CISCO SYSTEMS INC,3674.0,243.0
17275R10,38.6,36.405,2020-03-24,CSCO,CISCO SYSTEMS INC,3674.0,243.0
17275R10,37.67,38.65,2020-03-25,CSCO,CISCO SYSTEMS INC,3674.0,243.0
17275R10,40.58,37.97,2020-03-26,CSCO,CISCO SYSTEMS INC,3674.0,243.0
17275R10,38.82,39.21,2020-03-27,CSCO,CISCO SYSTEMS INC,3674.0,243.0
17275R10,40.32,39.45,2020-03-30,CSCO,CISCO SYSTEMS INC,3674.0,243.0
17275R10,39.31,40.13,2020-03-31,CSCO,CISCO SYSTEMS INC,3674.0,243.0
17275R10,38.33,38.17,2020-04-01,CSCO,CISCO SYSTEMS INC,3674.0,243.0
17275R10,39.8,37.84,2020-04-02,CSCO,CISCO SYSTEMS INC,3674.0,243.0
17275R10,39.06,39.82,2020-04-03,CSCO,CISCO SYSTEMS INC,3674.0,243.0
17275R10,41.43,40.46,2020-04-06,CSCO,CISCO SYSTEMS INC,3674.0,243.0
17275R10,40.64,42.66,2020-04-07,CSCO,CISCO SYSTEMS INC,3674.0,243.0
17275R10,41.74,41.17,2020-04-08,CSCO,CISCO SYSTEMS INC,3674.0,243.0
17275R10,41.2,42.09,2020-04-09,CSCO,CISCO SYSTEMS INC,3674.0,243.0
17275R10,41.22,41.04,2020-04-13,CSCO,CISCO SYSTEMS INC,3674.0,243.0
17275R10,42.78,41.91,2020-04-14,CSCO,CISCO SYSTEMS INC,3674.0,243.0
17275R10,41.52,42.203,2020-04-15,CSCO,CISCO SYSTEMS INC,3674.0,243.0
17275R10,41.5,41.76,2020-04-16,CSCO,CISCO SYSTEMS INC,3674.0,243.0
17275R10,42.48,42.25,2020-04-17,CSCO,CISCO SYSTEMS INC,3674.0,243.0
17275R10,42.54,41.92,2020-04-20,CSCO,CISCO SYSTEMS INC,3674.0,243.0
17275R10,40.55,41.83,2020-04-21,CSCO,CISCO SYSTEMS INC,3674.0,243.0
17275R10,41.76,41.27,2020-04-22,CSCO,CISCO SYSTEMS INC,3674.0,243.0
17275R10,41.62,41.89,2020-04-23,CSCO,CISCO SYSTEMS INC,3674.0,243.0
17275R10,42.52,41.84,2020-04-24,CSCO,CISCO SYSTEMS INC,3674.0,243.0
17275R10,43.06,42.7,2020-04-27,CSCO,CISCO SYSTEMS INC,3674.0,243.0
17275R10,42.49,43.5,2020-04-28,CSCO,CISCO SYSTEMS INC,3674.0,243.0
17275R10,43.34,43.346,2020-04-29,CSCO,CISCO SYSTEMS INC,3674.0,243.0
17275R10,42.38,43.1654,2020-04-30,CSCO,CISCO SYSTEMS INC,3674.0,243.0
17275R10,40.92,41.72,2020-05-01,CSCO,CISCO SYSTEMS INC,3674.0,243.0
17275R10,41.35,40.955,2020-05-04,CSCO,CISCO SYSTEMS INC,3674.0,243.0
17275R10,41.46,41.61,2020-05-05,CSCO,CISCO SYSTEMS INC,3674.0,243.0
17275R10,41.15,41.56,2020-05-06,CSCO,CISCO SYSTEMS INC,3674.0,243.0
17275R10,41.37,41.59,2020-05-07,CSCO,CISCO SYSTEMS INC,3674.0,243.0
17275R10,42.99,42.02,2020-05-08,CSCO,CISCO SYSTEMS INC,3674.0,243.0
17275R10,43.32,42.78,2020-05-11,CSCO,CISCO SYSTEMS INC,3674.0,243.0
17275R10,43.22,43.94,2020-05-12,CSCO,CISCO SYSTEMS INC,3674.0,243.0
17275R10,41.95,43.41,2020-05-13,CSCO,CISCO SYSTEMS INC,3674.0,243.0
17275R10,43.85,43.43,2020-05-14,CSCO,CISCO SYSTEMS INC,3674.0,243.0
17275R10,44.27,42.93,2020-05-15,CSCO,CISCO SYSTEMS INC,3674.0,243.0
17275R10,45.06,45.21,2020-05-18,CSCO,CISCO SYSTEMS INC,3674.0,243.0
17275R10,44.605,44.83,2020-05-19,CSCO,CISCO SYSTEMS INC,3674.0,243.0
17275R10,45.44,45.05,2020-05-20,CSCO,CISCO SYSTEMS INC,3674.0,243.0
17275R10,44.64,45.45,2020-05-21,CSCO,CISCO SYSTEMS INC,3674.0,243.0
17275R10,44.9,44.67,2020-05-22,CSCO,CISCO SYSTEMS INC,3674.0,243.0
17275R10,44.84,45.78,2020-05-26,CSCO,CISCO SYSTEMS INC,3674.0,243.0
17275R10,45.96,45.042,2020-05-27,CSCO,CISCO SYSTEMS INC,3674.0,243.0
17275R10,45.595,45.9,2020-05-28,CSCO,CISCO SYSTEMS INC,3674.0,243.0
17275R10,47.82,46.04,2020-05-29,CSCO,CISCO SYSTEMS INC,3674.0,243.0
17275R10,46.3,47.15,2020-06-01,CSCO,CISCO SYSTEMS INC,3674.0,243.0
17275R10,46.89,46.4,2020-06-02,CSCO,CISCO SYSTEMS INC,3674.0,243.0
17275R10,46.94,46.98,2020-06-03,CSCO,CISCO SYSTEMS INC,3674.0,243.0
17275R10,46.86,46.77,2020-06-04,CSCO,CISCO SYSTEMS INC,3674.0,243.0
17275R10,47.83,47.27,2020-06-05,CSCO,CISCO SYSTEMS INC,3674.0,243.0
17275R10,48.13,47.46,2020-06-08,CSCO,CISCO SYSTEMS INC,3674.0,243.0
17275R10,48.05,48.02,2020-06-09,CSCO,CISCO SYSTEMS INC,3674.0,243.0
17275R10,47.42,47.66,2020-06-10,CSCO,CISCO SYSTEMS INC,3674.0,243.0
17275R10,43.67,46.99,2020-06-11,CSCO,CISCO SYSTEMS INC,3674.0,243.0
17275R10,45.07,44.96,2020-06-12,CSCO,CISCO SYSTEMS INC,3674.0,243.0
17275R10,45.35,44.12,2020-06-15,CSCO,CISCO SYSTEMS INC,3674.0,243.0
17275R10,46.48,47.41,2020-06-16,CSCO,CISCO SYSTEMS INC,3674.0,243.0
17275R10,46.17,46.75,2020-06-17,CSCO,CISCO SYSTEMS INC,3674.0,243.0
17275R10,45.83,45.79,2020-06-18,CSCO,CISCO SYSTEMS INC,3674.0,243.0
17275R10,45.32,46.26,2020-06-19,CSCO,CISCO SYSTEMS INC,3674.0,243.0
17275R10,45.16,45.11,2020-06-22,CSCO,CISCO SYSTEMS INC,3674.0,243.0
17275R10,45.47,45.92,2020-06-23,CSCO,CISCO SYSTEMS INC,3674.0,243.0
17275R10,44.75,45.288,2020-06-24,CSCO,CISCO SYSTEMS INC,3674.0,243.0
17275R10,45.22,44.77,2020-06-25,CSCO,CISCO SYSTEMS INC,3674.0,243.0
17275R10,46.31,45.119,2020-06-26,CSCO,CISCO SYSTEMS INC,3674.0,243.0
17275R10,46.15,46.34,2020-06-29,CSCO,CISCO SYSTEMS INC,3674.0,243.0
17275R10,46.64,46.145,2020-06-30,CSCO,CISCO SYSTEMS INC,3674.0,243.0
17275R10,46.06,46.54,2020-07-01,CSCO,CISCO SYSTEMS INC,3674.0,243.0
17275R10,45.63,46.07,2020-07-02,CSCO,CISCO SYSTEMS INC,3674.0,243.0
17275R10,46.42,46.07,2020-07-06,CSCO,CISCO SYSTEMS INC,3674.0,243.0
17275R10,45.63,46.12,2020-07-07,CSCO,CISCO SYSTEMS INC,3674.0,243.0
17275R10,45.81,45.59,2020-07-08,CSCO,CISCO SYSTEMS INC,3674.0,243.0
17275R10,46.7,46.6,2020-07-09,CSCO,CISCO SYSTEMS INC,3674.0,243.0
17275R10,46.66,46.73,2020-07-10,CSCO,CISCO SYSTEMS INC,3674.0,243.0
17275R10,45.93,46.87,2020-07-13,CSCO,CISCO SYSTEMS INC,3674.0,243.0
17275R10,46.26,45.49,2020-07-14,CSCO,CISCO SYSTEMS INC,3674.0,243.0
17275R10,46.4,46.5,2020-07-15,CSCO,CISCO SYSTEMS INC,3674.0,243.0
17275R10,45.78,45.7,2020-07-16,CSCO,CISCO SYSTEMS INC,3674.0,243.0
17275R10,46.75,46.04,2020-07-17,CSCO,CISCO SYSTEMS INC,3674.0,243.0
17275R10,46.97,46.67,2020-07-20,CSCO,CISCO SYSTEMS INC,3674.0,243.0
17275R10,47.02,47.28,2020-07-21,CSCO,CISCO SYSTEMS INC,3674.0,243.0
17275R10,46.9,47.016,2020-07-22,CSCO,CISCO SYSTEMS INC,3674.0,243.0
17275R10,47.41,46.975,2020-07-23,CSCO,CISCO SYSTEMS INC,3674.0,243.0
17275R10,46.4,47.49,2020-07-24,CSCO,CISCO SYSTEMS INC,3674.0,243.0
17275R10,47.19,46.66,2020-07-27,CSCO,CISCO SYSTEMS INC,3674.0,243.0
17275R10,46.28,46.98,2020-07-28,CSCO,CISCO SYSTEMS INC,3674.0,243.0
17275R10,46.71,46.4,2020-07-29,CSCO,CISCO SYSTEMS INC,3674.0,243.0
17275R10,46.44,46.13,2020-07-30,CSCO,CISCO SYSTEMS INC,3674.0,243.0
17275R10,47.1,46.385,2020-07-31,CSCO,CISCO SYSTEMS INC,3674.0,243.0
17275R10,47.16,47.14,2020-08-03,CSCO,CISCO SYSTEMS INC,3674.0,243.0
17275R10,47.67,47.01,2020-08-04,CSCO,CISCO SYSTEMS INC,3674.0,243.0
17275R10,47.33,47.67,2020-08-05,CSCO,CISCO SYSTEMS INC,3674.0,243.0
17275R10,47.77,47.23,2020-08-06,CSCO,CISCO SYSTEMS INC,3674.0,243.0
17275R10,47.43,47.33,2020-08-07,CSCO,CISCO SYSTEMS INC,3674.0,243.0
17275R10,47.73,47.16,2020-08-10,CSCO,CISCO SYSTEMS INC,3674.0,243.0
17275R10,47.19,47.9,2020-08-11,CSCO,CISCO SYSTEMS INC,3674.0,243.0
17275R10,48.1,47.28,2020-08-12,CSCO,CISCO SYSTEMS INC,3674.0,243.0
17275R10,42.72,43.79,2020-08-13,CSCO,CISCO SYSTEMS INC,3674.0,243.0
17275R10,42.5,42.49,2020-08-14,CSCO,CISCO SYSTEMS INC,3674.0,243.0
17275R10,42.09,42.55,2020-08-17,CSCO,CISCO SYSTEMS INC,3674.0,243.0
17275R10,41.98,42.13,2020-08-18,CSCO,CISCO SYSTEMS INC,3674.0,243.0
17275R10,41.87,42.1,2020-08-19,CSCO,CISCO SYSTEMS INC,3674.0,243.0
17275R10,42.31,41.87,2020-08-20,CSCO,CISCO SYSTEMS INC,3674.0,243.0
17275R10,42.25,42.05,2020-08-21,CSCO,CISCO SYSTEMS INC,3674.0,243.0
17275R10,42.18,42.07,2020-08-24,CSCO,CISCO SYSTEMS INC,3674.0,243.0
17275R10,41.96,42.23,2020-08-25,CSCO,CISCO SYSTEMS INC,3674.0,243.0
17275R10,42.25,41.65,2020-08-26,CSCO,CISCO SYSTEMS INC,3674.0,243.0
17275R10,42.29,42.4,2020-08-27,CSCO,CISCO SYSTEMS INC,3674.0,243.0
17275R10,42.2,42.14,2020-08-28,CSCO,CISCO SYSTEMS INC,3674.0,243.0
17275R10,42.22,42.1,2020-08-31,CSCO,CISCO SYSTEMS INC,3674.0,243.0
17275R10,42.03,42.0,2020-09-01,CSCO,CISCO SYSTEMS INC,3674.0,243.0
17275R10,42.42,42.04,2020-09-02,CSCO,CISCO SYSTEMS INC,3674.0,243.0
17275R10,40.95,41.75,2020-09-03,CSCO,CISCO SYSTEMS INC,3674.0,243.0
17275R10,40.82,41.2,2020-09-04,CSCO,CISCO SYSTEMS INC,3674.0,243.0
17275R10,40.0,40.05,2020-09-08,CSCO,CISCO SYSTEMS INC,3674.0,243.0
17275R10,40.13,40.1,2020-09-09,CSCO,CISCO SYSTEMS INC,3674.0,243.0
17275R10,39.57,40.03,2020-09-10,CSCO,CISCO SYSTEMS INC,3674.0,243.0
17275R10,39.88,39.765,2020-09-11,CSCO,CISCO SYSTEMS INC,3674.0,243.0
17275R10,40.37,40.215,2020-09-14,CSCO,CISCO SYSTEMS INC,3674.0,243.0
17275R10,40.6,40.51,2020-09-15,CSCO,CISCO SYSTEMS INC,3674.0,243.0
17275R10,40.42,40.72,2020-09-16,CSCO,CISCO SYSTEMS INC,3674.0,243.0
17275R10,40.37,39.66,2020-09-17,CSCO,CISCO SYSTEMS INC,3674.0,243.0
17275R10,39.81,40.18,2020-09-18,CSCO,CISCO SYSTEMS INC,3674.0,243.0
17275R10,39.04,39.31,2020-09-21,CSCO,CISCO SYSTEMS INC,3674.0,243.0
17275R10,39.32,39.18,2020-09-22,CSCO,CISCO SYSTEMS INC,3674.0,243.0
17275R10,38.28,39.23,2020-09-23,CSCO,CISCO SYSTEMS INC,3674.0,243.0
17275R10,37.85,38.0,2020-09-24,CSCO,CISCO SYSTEMS INC,3674.0,243.0
17275R10,38.45,37.76,2020-09-25,CSCO,CISCO SYSTEMS INC,3674.0,243.0
17275R10,39.13,39.195,2020-09-28,CSCO,CISCO SYSTEMS INC,3674.0,243.0
17275R10,39.06,39.07,2020-09-29,CSCO,CISCO SYSTEMS INC,3674.0,243.0
17275R10,39.39,39.09,2020-09-30,CSCO,CISCO SYSTEMS INC,3674.0,243.0
17275R10,38.8,39.1,2020-10-01,CSCO,CISCO SYSTEMS INC,3674.0,243.0
17275R10,38.27,38.046,2020-10-02,CSCO,CISCO SYSTEMS INC,3674.0,243.0
17275R10,38.57,38.48,2020-10-05,CSCO,CISCO SYSTEMS INC,3674.0,243.0
17275R10,38.57,38.5,2020-10-06,CSCO,CISCO SYSTEMS INC,3674.0,243.0
17275R10,39.4,38.98,2020-10-07,CSCO,CISCO SYSTEMS INC,3674.0,243.0
17275R10,39.79,39.8,2020-10-08,CSCO,CISCO SYSTEMS INC,3674.0,243.0
17275R10,39.85,40.145,2020-10-09,CSCO,CISCO SYSTEMS INC,3674.0,243.0
17275R10,40.36,39.93,2020-10-12,CSCO,CISCO SYSTEMS INC,3674.0,243.0
17275R10,39.81,40.54,2020-10-13,CSCO,CISCO SYSTEMS INC,3674.0,243.0
17275R10,39.89,39.85,2020-10-14,CSCO,CISCO SYSTEMS INC,3674.0,243.0
17275R10,39.97,39.47,2020-10-15,CSCO,CISCO SYSTEMS INC,3674.0,243.0
17275R10,40.16,39.88,2020-10-16,CSCO,CISCO SYSTEMS INC,3674.0,243.0
17275R10,39.3,40.15,2020-10-19,CSCO,CISCO SYSTEMS INC,3674.0,243.0
17275R10,39.2,39.44,2020-10-20,CSCO,CISCO SYSTEMS INC,3674.0,243.0
17275R10,39.06,39.31,2020-10-21,CSCO,CISCO SYSTEMS INC,3674.0,243.0
17275R10,38.82,38.85,2020-10-22,CSCO,CISCO SYSTEMS INC,3674.0,243.0
17275R10,38.82,38.93,2020-10-23,CSCO,CISCO SYSTEMS INC,3674.0,243.0
17275R10,37.67,38.4,2020-10-26,CSCO,CISCO SYSTEMS INC,3674.0,243.0
17275R10,36.87,37.38,2020-10-27,CSCO,CISCO SYSTEMS INC,3674.0,243.0
17275R10,35.71,36.315,2020-10-28,CSCO,CISCO SYSTEMS INC,3674.0,243.0
17275R10,35.69,35.51,2020-10-29,CSCO,CISCO SYSTEMS INC,3674.0,243.0
17275R10,35.9,35.595,2020-10-30,CSCO,CISCO SYSTEMS INC,3674.0,243.0
17275R10,35.9,36.19,2020-11-02,CSCO,CISCO SYSTEMS INC,3674.0,243.0
17275R10,36.68,36.36,2020-11-03,CSCO,CISCO SYSTEMS INC,3674.0,243.0
17275R10,36.57,37.031,2020-11-04,CSCO,CISCO SYSTEMS INC,3674.0,243.0
17275R10,37.23,37.02,2020-11-05,CSCO,CISCO SYSTEMS INC,3674.0,243.0
17275R10,37.53,37.56,2020-11-06,CSCO,CISCO SYSTEMS INC,3674.0,243.0
17275R10,38.2,39.92,2020-11-09,CSCO,CISCO SYSTEMS INC,3674.0,243.0
17275R10,38.72,38.21,2020-11-10,CSCO,CISCO SYSTEMS INC,3674.0,243.0
17275R10,39.33,39.01,2020-11-11,CSCO,CISCO SYSTEMS INC,3674.0,243.0
17275R10,38.67,38.98,2020-11-12,CSCO,CISCO SYSTEMS INC,3674.0,243.0
17275R10,41.4,41.2,2020-11-13,CSCO,CISCO SYSTEMS INC,3674.0,243.0
17275R10,42.54,41.74,2020-11-16,CSCO,CISCO SYSTEMS INC,3674.0,243.0
17275R10,41.88,41.92,2020-11-17,CSCO,CISCO SYSTEMS INC,3674.0,243.0
17275R10,41.32,41.9,2020-11-18,CSCO,CISCO SYSTEMS INC,3674.0,243.0
17275R10,41.17,41.0,2020-11-19,CSCO,CISCO SYSTEMS INC,3674.0,243.0
17275R10,40.97,41.05,2020-11-20,CSCO,CISCO SYSTEMS INC,3674.0,243.0
17275R10,41.64,41.03,2020-11-23,CSCO,CISCO SYSTEMS INC,3674.0,243.0
17275R10,42.61,42.14,2020-11-24,CSCO,CISCO SYSTEMS INC,3674.0,243.0
17275R10,42.5,42.78,2020-11-25,CSCO,CISCO SYSTEMS INC,3674.0,243.0
17275R10,42.7,42.855,2020-11-27,CSCO,CISCO SYSTEMS INC,3674.0,243.0
17275R10,43.02,42.44,2020-11-30,CSCO,CISCO SYSTEMS INC,3674.0,243.0
17275R10,43.54,43.01,2020-12-01,CSCO,CISCO SYSTEMS INC,3674.0,243.0
17275R10,43.89,43.39,2020-12-02,CSCO,CISCO SYSTEMS INC,3674.0,243.0
17275R10,44.11,43.78,2020-12-03,CSCO,CISCO SYSTEMS INC,3674.0,243.0
17275R10,44.38,43.89,2020-12-04,CSCO,CISCO SYSTEMS INC,3674.0,243.0
17275R10,44.35,44.287,2020-12-07,CSCO,CISCO SYSTEMS INC,3674.0,243.0
17275R10,44.37,44.206,2020-12-08,CSCO,CISCO SYSTEMS INC,3674.0,243.0
17275R10,44.69,44.47,2020-12-09,CSCO,CISCO SYSTEMS INC,3674.0,243.0
17275R10,44.32,44.54,2020-12-10,CSCO,CISCO SYSTEMS INC,3674.0,243.0
17275R10,44.32,43.94,2020-12-11,CSCO,CISCO SYSTEMS INC,3674.0,243.0
17275R10,44.24,44.27,2020-12-14,CSCO,CISCO SYSTEMS INC,3674.0,243.0
17275R10,44.72,44.39,2020-12-15,CSCO,CISCO SYSTEMS INC,3674.0,243.0
17275R10,44.72,44.695,2020-12-16,CSCO,CISCO SYSTEMS INC,3674.0,243.0
17275R10,44.82,44.91,2020-12-17,CSCO,CISCO SYSTEMS INC,3674.0,243.0
17275R10,45.44,44.9,2020-12-18,CSCO,CISCO SYSTEMS INC,3674.0,243.0
17275R10,44.88,44.47,2020-12-21,CSCO,CISCO SYSTEMS INC,3674.0,243.0
17275R10,44.69,44.44,2020-12-22,CSCO,CISCO SYSTEMS INC,3674.0,243.0
17275R10,44.375,44.65,2020-12-23,CSCO,CISCO SYSTEMS INC,3674.0,243.0
17275R10,44.54,44.45,2020-12-24,CSCO,CISCO SYSTEMS INC,3674.0,243.0
17275R10,44.92,44.93,2020-12-28,CSCO,CISCO SYSTEMS INC,3674.0,243.0
17275R10,44.64,44.97,2020-12-29,CSCO,CISCO SYSTEMS INC,3674.0,243.0
17275R10,44.48,44.74,2020-12-30,CSCO,CISCO SYSTEMS INC,3674.0,243.0
17275R10,44.75,44.38,2020-12-31,CSCO,CISCO SYSTEMS INC,3674.0,243.0
17275R10,43.96,44.31,2021-01-04,CSCO,CISCO SYSTEMS INC,3674.0,243.0
17275R10,43.98,43.68,2021-01-05,CSCO,CISCO SYSTEMS INC,3674.0,243.0
17275R10,44.4,44.13,2021-01-06,CSCO,CISCO SYSTEMS INC,3674.0,243.0
17275R10,44.96,44.2,2021-01-07,CSCO,CISCO SYSTEMS INC,3674.0,243.0
17275R10,45.06,44.48,2021-01-08,CSCO,CISCO SYSTEMS INC,3674.0,243.0
17275R10,45.36,45.15,2021-01-11,CSCO,CISCO SYSTEMS INC,3674.0,243.0
17275R10,45.79,45.3,2021-01-12,CSCO,CISCO SYSTEMS INC,3674.0,243.0
17275R10,45.36,45.29,2021-01-13,CSCO,CISCO SYSTEMS INC,3674.0,243.0
17275R10,45.15,44.87,2021-01-14,CSCO,CISCO SYSTEMS INC,3674.0,243.0
17275R10,45.43,44.96,2021-01-15,CSCO,CISCO SYSTEMS INC,3674.0,243.0
17275R10,45.19,45.33,2021-01-19,CSCO,CISCO SYSTEMS INC,3674.0,243.0
17275R10,45.34,45.33,2021-01-20,CSCO,CISCO SYSTEMS INC,3674.0,243.0
17275R10,45.11,45.2,2021-01-21,CSCO,CISCO SYSTEMS INC,3674.0,243.0
17275R10,44.77,44.75,2021-01-22,CSCO,CISCO SYSTEMS INC,3674.0,243.0
17275R10,45.03,45.04,2021-01-25,CSCO,CISCO SYSTEMS INC,3674.0,243.0
17275R10,45.26,44.885,2021-01-26,CSCO,CISCO SYSTEMS INC,3674.0,243.0
17275R10,45.7,45.24,2021-01-27,CSCO,CISCO SYSTEMS INC,3674.0,243.0
17275R10,45.34,45.914,2021-01-28,CSCO,CISCO SYSTEMS INC,3674.0,243.0
17275R10,44.58,44.85,2021-01-29,CSCO,CISCO SYSTEMS INC,3674.0,243.0
17275R10,45.4,44.92,2021-02-01,CSCO,CISCO SYSTEMS INC,3674.0,243.0
17275R10,45.83,45.52,2021-02-02,CSCO,CISCO SYSTEMS INC,3674.0,243.0
17275R10,45.77,45.75,2021-02-03,CSCO,CISCO SYSTEMS INC,3674.0,243.0
17275R10,47.25,45.87,2021-02-04,CSCO,CISCO SYSTEMS INC,3674.0,243.0
17275R10,48.08,47.57,2021-02-05,CSCO,CISCO SYSTEMS INC,3674.0,243.0
17275R10,48.94,48.56,2021-02-08,CSCO,CISCO SYSTEMS INC,3674.0,243.0
17275R10,48.5,48.766,2021-02-09,CSCO,CISCO SYSTEMS INC,3674.0,243.0
17275R10,47.24,46.15,2021-02-10,CSCO,CISCO SYSTEMS INC,3674.0,243.0
17275R10,47.58,47.349,2021-02-11,CSCO,CISCO SYSTEMS INC,3674.0,243.0
17275R10,47.29,47.425,2021-02-12,CSCO,CISCO SYSTEMS INC,3674.0,243.0
17275R10,46.51,47.26,2021-02-16,CSCO,CISCO SYSTEMS INC,3674.0,243.0
17275R10,46.25,46.315,2021-02-17,CSCO,CISCO SYSTEMS INC,3674.0,243.0
17275R10,46.34,46.39,2021-02-18,CSCO,CISCO SYSTEMS INC,3674.0,243.0
17275R10,45.68,46.54,2021-02-19,CSCO,CISCO SYSTEMS INC,3674.0,243.0
17275R10,45.43,45.29,2021-02-22,CSCO,CISCO SYSTEMS INC,3674.0,243.0
17275R10,45.51,45.26,2021-02-23,CSCO,CISCO SYSTEMS INC,3674.0,243.0
17275R10,45.74,45.24,2021-02-24,CSCO,CISCO SYSTEMS INC,3674.0,243.0
17275R10,45.52,45.585,2021-02-25,CSCO,CISCO SYSTEMS INC,3674.0,243.0
17275R10,44.87,45.58,2021-02-26,CSCO,CISCO SYSTEMS INC,3674.0,243.0
17275R10,45.92,45.22,2021-03-01,CSCO,CISCO SYSTEMS INC,3674.0,243.0
17275R10,45.515,45.931,2021-03-02,CSCO,CISCO SYSTEMS INC,3674.0,243.0
17275R10,45.13,45.43,2021-03-03,CSCO,CISCO SYSTEMS INC,3674.0,243.0
17275R10,44.56,45.135,2021-03-04,CSCO,CISCO SYSTEMS INC,3674.0,243.0
17275R10,46.25,45.446,2021-03-05,CSCO,CISCO SYSTEMS INC,3674.0,243.0
17275R10,47.51,46.24,2021-03-08,CSCO,CISCO SYSTEMS INC,3674.0,243.0
17275R10,47.89,47.824,2021-03-09,CSCO,CISCO SYSTEMS INC,3674.0,243.0
17275R10,48.29,48.47,2021-03-10,CSCO,CISCO SYSTEMS INC,3674.0,243.0
17275R10,48.8,48.51,2021-03-11,CSCO,CISCO SYSTEMS INC,3674.0,243.0
17275R10,48.82,48.81,2021-03-12,CSCO,CISCO SYSTEMS INC,3674.0,243.0
17275R10,49.41,48.9,2021-03-15,CSCO,CISCO SYSTEMS INC,3674.0,243.0
17275R10,49.67,49.19,2021-03-16,CSCO,CISCO SYSTEMS INC,3674.0,243.0
17275R10,49.42,49.61,2021-03-17,CSCO,CISCO SYSTEMS INC,3674.0,243.0
17275R10,48.8,48.52,2021-03-18,CSCO,CISCO SYSTEMS INC,3674.0,243.0
17275R10,48.98,48.71,2021-03-19,CSCO,CISCO SYSTEMS INC,3674.0,243.0
17275R10,50.3,48.94,2021-03-22,CSCO,CISCO SYSTEMS INC,3674.0,243.0
17275R10,50.01,50.02,2021-03-23,CSCO,CISCO SYSTEMS INC,3674.0,243.0
17275R10,49.65,49.94,2021-03-24,CSCO,CISCO SYSTEMS INC,3674.0,243.0
17275R10,50.51,50.575,2021-03-25,CSCO,CISCO SYSTEMS INC,3674.0,243.0
17275R10,52.57,50.6,2021-03-26,CSCO,CISCO SYSTEMS INC,3674.0,243.0
17275R10,52.52,52.4008,2021-03-29,CSCO,CISCO SYSTEMS INC,3674.0,243.0
17275R10,51.77,52.11,2021-03-30,CSCO,CISCO SYSTEMS INC,3674.0,243.0
17275R10,51.71,51.83,2021-03-31,CSCO,CISCO SYSTEMS INC,3674.0,243.0
17275R10,51.98,51.75,2021-04-01,CSCO,CISCO SYSTEMS INC,3674.0,243.0
17275R10,52.41,51.628,2021-04-05,CSCO,CISCO SYSTEMS INC,3674.0,243.0
17275R10,52.025,51.98,2021-04-06,CSCO,CISCO SYSTEMS INC,3674.0,243.0
17275R10,51.77,52.01,2021-04-07,CSCO,CISCO SYSTEMS INC,3674.0,243.0
17275R10,51.91,51.94,2021-04-08,CSCO,CISCO SYSTEMS INC,3674.0,243.0
17275R10,52.09,51.83,2021-04-09,CSCO,CISCO SYSTEMS INC,3674.0,243.0
17275R10,51.57,52.07,2021-04-12,CSCO,CISCO SYSTEMS INC,3674.0,243.0
17275R10,51.66,51.64,2021-04-13,CSCO,CISCO SYSTEMS INC,3674.0,243.0
17275R10,51.37,51.51,2021-04-14,CSCO,CISCO SYSTEMS INC,3674.0,243.0
17275R10,51.64,51.76,2021-04-15,CSCO,CISCO SYSTEMS INC,3674.0,243.0
17275R10,52.8,52.45,2021-04-16,CSCO,CISCO SYSTEMS INC,3674.0,243.0
17275R10,52.85,52.525,2021-04-19,CSCO,CISCO SYSTEMS INC,3674.0,243.0
17275R10,51.79,52.59,2021-04-20,CSCO,CISCO SYSTEMS INC,3674.0,243.0
17275R10,51.93,51.84,2021-04-21,CSCO,CISCO SYSTEMS INC,3674.0,243.0
17275R10,51.5,51.81,2021-04-22,CSCO,CISCO SYSTEMS INC,3674.0,243.0
17275R10,51.91,51.5035,2021-04-23,CSCO,CISCO SYSTEMS INC,3674.0,243.0
17275R10,51.64,51.65,2021-04-26,CSCO,CISCO SYSTEMS INC,3674.0,243.0
17275R10,51.37,51.58,2021-04-27,CSCO,CISCO SYSTEMS INC,3674.0,243.0
17275R10,51.11,51.56,2021-04-28,CSCO,CISCO SYSTEMS INC,3674.0,243.0
17275R10,51.46,51.18,2021-04-29,CSCO,CISCO SYSTEMS INC,3674.0,243.0
17275R10,50.91,51.22,2021-04-30,CSCO,CISCO SYSTEMS INC,3674.0,243.0
17275R10,51.17,51.21,2021-05-03,CSCO,CISCO SYSTEMS INC,3674.0,243.0
17275R10,50.71,51.11,2021-05-04,CSCO,CISCO SYSTEMS INC,3674.0,243.0
17275R10,51.13,50.99,2021-05-05,CSCO,CISCO SYSTEMS INC,3674.0,243.0
17275R10,52.44,51.07,2021-05-06,CSCO,CISCO SYSTEMS INC,3674.0,243.0
17275R10,53.43,52.48,2021-05-07,CSCO,CISCO SYSTEMS INC,3674.0,243.0
17275R10,53.16,53.97,2021-05-10,CSCO,CISCO SYSTEMS INC,3674.0,243.0
17275R10,52.83,53.1,2021-05-11,CSCO,CISCO SYSTEMS INC,3674.0,243.0
17275R10,51.6,52.18,2021-05-12,CSCO,CISCO SYSTEMS INC,3674.0,243.0
17275R10,52.49,52.11,2021-05-13,CSCO,CISCO SYSTEMS INC,3674.0,243.0
17275R10,52.9,52.93,2021-05-14,CSCO,CISCO SYSTEMS INC,3674.0,243.0
17275R10,52.94,52.76,2021-05-17,CSCO,CISCO SYSTEMS INC,3674.0,243.0
17275R10,52.93,52.8,2021-05-18,CSCO,CISCO SYSTEMS INC,3674.0,243.0
17275R10,52.47,51.88,2021-05-19,CSCO,CISCO SYSTEMS INC,3674.0,243.0
17275R10,52.85,50.41,2021-05-20,CSCO,CISCO SYSTEMS INC,3674.0,243.0
17275R10,52.43,52.765,2021-05-21,CSCO,CISCO SYSTEMS INC,3674.0,243.0
17275R10,53.39,52.96,2021-05-24,CSCO,CISCO SYSTEMS INC,3674.0,243.0
17275R10,53.31,53.37,2021-05-25,CSCO,CISCO SYSTEMS INC,3674.0,243.0
17275R10,52.91,53.35,2021-05-26,CSCO,CISCO SYSTEMS INC,3674.0,243.0
17275R10,52.92,52.93,2021-05-27,CSCO,CISCO SYSTEMS INC,3674.0,243.0
17275R10,52.9,53.18,2021-05-28,CSCO,CISCO SYSTEMS INC,3674.0,243.0
17275R10,52.62,52.96,2021-06-01,CSCO,CISCO SYSTEMS INC,3674.0,243.0
17275R10,52.96,52.65,2021-06-02,CSCO,CISCO SYSTEMS INC,3674.0,243.0
17275R10,53.33,52.8,2021-06-03,CSCO,CISCO SYSTEMS INC,3674.0,243.0
17275R10,54.07,53.435,2021-06-04,CSCO,CISCO SYSTEMS INC,3674.0,243.0
17275R10,53.92,54.32,2021-06-07,CSCO,CISCO SYSTEMS INC,3674.0,243.0
17275R10,54.13,53.97,2021-06-08,CSCO,CISCO SYSTEMS INC,3674.0,243.0
17275R10,54.02,54.18,2021-06-09,CSCO,CISCO SYSTEMS INC,3674.0,243.0
17275R10,55.03,54.43,2021-06-10,CSCO,CISCO SYSTEMS INC,3674.0,243.0
17275R10,54.77,55.19,2021-06-11,CSCO,CISCO SYSTEMS INC,3674.0,243.0
17275R10,54.17,54.39,2021-06-14,CSCO,CISCO SYSTEMS INC,3674.0,243.0
17275R10,53.79,54.23,2021-06-15,CSCO,CISCO SYSTEMS INC,3674.0,243.0
17275R10,53.47,53.85,2021-06-16,CSCO,CISCO SYSTEMS INC,3674.0,243.0
17275R10,53.13,53.41,2021-06-17,CSCO,CISCO SYSTEMS INC,3674.0,243.0
17275R10,52.07,52.805,2021-06-18,CSCO,CISCO SYSTEMS INC,3674.0,243.0
17275R10,53.18,52.365,2021-06-21,CSCO,CISCO SYSTEMS INC,3674.0,243.0
17275R10,53.26,53.3,2021-06-22,CSCO,CISCO SYSTEMS INC,3674.0,243.0
17275R10,52.76,53.27,2021-06-23,CSCO,CISCO SYSTEMS INC,3674.0,243.0
17275R10,52.78,52.94,2021-06-24,CSCO,CISCO SYSTEMS INC,3674.0,243.0
17275R10,53.06,52.77,2021-06-25,CSCO,CISCO SYSTEMS INC,3674.0,243.0
17275R10,52.96,53.16,2021-06-28,CSCO,CISCO SYSTEMS INC,3674.0,243.0
17275R10,52.91,52.89,2021-06-29,CSCO,CISCO SYSTEMS INC,3674.0,243.0
17275R10,53.0,52.95,2021-06-30,CSCO,CISCO SYSTEMS INC,3674.0,243.0
17275R10,53.44,53.05,2021-07-01,CSCO,CISCO SYSTEMS INC,3674.0,243.0
17275R10,53.54,53.19,2021-07-02,CSCO,CISCO SYSTEMS INC,3674.0,243.0
17275R10,52.98,53.216,2021-07-06,CSCO,CISCO SYSTEMS INC,3674.0,243.0
17275R10,53.26,53.07,2021-07-07,CSCO,CISCO SYSTEMS INC,3674.0,243.0
17275R10,53.26,53.16,2021-07-08,CSCO,CISCO SYSTEMS INC,3674.0,243.0
17275R10,53.74,53.36,2021-07-09,CSCO,CISCO SYSTEMS INC,3674.0,243.0
17275R10,53.23,54.04,2021-07-12,CSCO,CISCO SYSTEMS INC,3674.0,243.0
17275R10,53.32,53.34,2021-07-13,CSCO,CISCO SYSTEMS INC,3674.0,243.0
17275R10,54.09,53.5,2021-07-14,CSCO,CISCO SYSTEMS INC,3674.0,243.0
17275R10,53.65,53.84,2021-07-15,CSCO,CISCO SYSTEMS INC,3674.0,243.0
17275R10,53.7,53.88,2021-07-16,CSCO,CISCO SYSTEMS INC,3674.0,243.0
17275R10,53.06,53.67,2021-07-19,CSCO,CISCO SYSTEMS INC,3674.0,243.0
17275R10,53.58,53.28,2021-07-20,CSCO,CISCO SYSTEMS INC,3674.0,243.0
17275R10,53.88,53.82,2021-07-21,CSCO,CISCO SYSTEMS INC,3674.0,243.0
17275R10,54.54,53.905,2021-07-22,CSCO,CISCO SYSTEMS INC,3674.0,243.0
17275R10,55.23,54.89,2021-07-23,CSCO,CISCO SYSTEMS INC,3674.0,243.0
17275R10,55.47,55.1315,2021-07-26,CSCO,CISCO SYSTEMS INC,3674.0,243.0
17275R10,55.28,55.38,2021-07-27,CSCO,CISCO SYSTEMS INC,3674.0,243.0
17275R10,54.77,55.46,2021-07-28,CSCO,CISCO SYSTEMS INC,3674.0,243.0
17275R10,55.07,55.0,2021-07-29,CSCO,CISCO SYSTEMS INC,3674.0,243.0
17275R10,55.37,55.08,2021-07-30,CSCO,CISCO SYSTEMS INC,3674.0,243.0
17275R10,55.45,55.597,2021-08-02,CSCO,CISCO SYSTEMS INC,3674.0,243.0
17275R10,56.25,55.535,2021-08-03,CSCO,CISCO SYSTEMS INC,3674.0,243.0
17275R10,55.69,56.37,2021-08-04,CSCO,CISCO SYSTEMS INC,3674.0,243.0
17275R10,55.76,55.52,2021-08-05,CSCO,CISCO SYSTEMS INC,3674.0,243.0
17275R10,55.59,55.47,2021-08-06,CSCO,CISCO SYSTEMS INC,3674.0,243.0
17275R10,55.47,55.82,2021-08-09,CSCO,CISCO SYSTEMS INC,3674.0,243.0
17275R10,55.61,55.5,2021-08-10,CSCO,CISCO SYSTEMS INC,3674.0,243.0
17275R10,55.86,55.89,2021-08-11,CSCO,CISCO SYSTEMS INC,3674.0,243.0
17275R10,56.39,55.85,2021-08-12,CSCO,CISCO SYSTEMS INC,3674.0,243.0
17275R10,56.47,56.39,2021-08-13,CSCO,CISCO SYSTEMS INC,3674.0,243.0
17275R10,56.28,56.3,2021-08-16,CSCO,CISCO SYSTEMS INC,3674.0,243.0
17275R10,56.01,55.87,2021-08-17,CSCO,CISCO SYSTEMS INC,3674.0,243.0
17275R10,55.15,55.79,2021-08-18,CSCO,CISCO SYSTEMS INC,3674.0,243.0
17275R10,57.27,54.76,2021-08-19,CSCO,CISCO SYSTEMS INC,3674.0,243.0
17275R10,58.22,57.254,2021-08-20,CSCO,CISCO SYSTEMS INC,3674.0,243.0
17275R10,58.54,57.85,2021-08-23,CSCO,CISCO SYSTEMS INC,3674.0,243.0
17275R10,59.32,58.49,2021-08-24,CSCO,CISCO SYSTEMS INC,3674.0,243.0
17275R10,59.35,59.54,2021-08-25,CSCO,CISCO SYSTEMS INC,3674.0,243.0
17275R10,59.2,59.42,2021-08-26,CSCO,CISCO SYSTEMS INC,3674.0,243.0
17275R10,59.02,59.265,2021-08-27,CSCO,CISCO SYSTEMS INC,3674.0,243.0
17275R10,59.13,58.98,2021-08-30,CSCO,CISCO SYSTEMS INC,3674.0,243.0
17275R10,59.02,59.11,2021-08-31,CSCO,CISCO SYSTEMS INC,3674.0,243.0
17275R10,59.04,59.02,2021-09-01,CSCO,CISCO SYSTEMS INC,3674.0,243.0
17275R10,59.53,59.35,2021-09-02,CSCO,CISCO SYSTEMS INC,3674.0,243.0
17275R10,59.42,59.33,2021-09-03,CSCO,CISCO SYSTEMS INC,3674.0,243.0
17275R10,58.88,59.235,2021-09-07,CSCO,CISCO SYSTEMS INC,3674.0,243.0
17275R10,58.68,58.55,2021-09-08,CSCO,CISCO SYSTEMS INC,3674.0,243.0
17275R10,58.6,58.45,2021-09-09,CSCO,CISCO SYSTEMS INC,3674.0,243.0
17275R10,57.89,58.75,2021-09-10,CSCO,CISCO SYSTEMS INC,3674.0,243.0
17275R10,58.1,58.16,2021-09-13,CSCO,CISCO SYSTEMS INC,3674.0,243.0
17275R10,57.87,58.24,2021-09-14,CSCO,CISCO SYSTEMS INC,3674.0,243.0
17275R10,57.56,57.78,2021-09-15,CSCO,CISCO SYSTEMS INC,3674.0,243.0
17275R10,57.33,58.309,2021-09-16,CSCO,CISCO SYSTEMS INC,3674.0,243.0
17275R10,56.85,57.39,2021-09-17,CSCO,CISCO SYSTEMS INC,3674.0,243.0
17275R10,55.89,56.38,2021-09-20,CSCO,CISCO SYSTEMS INC,3674.0,243.0
17275R10,55.26,55.96,2021-09-21,CSCO,CISCO SYSTEMS INC,3674.0,243.0
17275R10,55.52,55.762,2021-09-22,CSCO,CISCO SYSTEMS INC,3674.0,243.0
17275R10,56.69,55.699,2021-09-23,CSCO,CISCO SYSTEMS INC,3674.0,243.0
17275R10,56.73,56.447,2021-09-24,CSCO,CISCO SYSTEMS INC,3674.0,243.0
17275R10,56.22,56.46,2021-09-27,CSCO,CISCO SYSTEMS INC,3674.0,243.0
17275R10,55.52,55.784,2021-09-28,CSCO,CISCO SYSTEMS INC,3674.0,243.0
17275R10,55.48,55.615,2021-09-29,CSCO,CISCO SYSTEMS INC,3674.0,243.0
17275R10,54.43,55.8,2021-09-30,CSCO,CISCO SYSTEMS INC,3674.0,243.0
17275R10,55.14,54.6,2021-10-01,CSCO,CISCO SYSTEMS INC,3674.0,243.0
17275R10,54.23,54.5,2021-10-04,CSCO,CISCO SYSTEMS INC,3674.0,243.0
17275R10,54.69,54.13,2021-10-05,CSCO,CISCO SYSTEMS INC,3674.0,243.0
17275R10,53.94,54.345,2021-10-06,CSCO,CISCO SYSTEMS INC,3674.0,243.0
17275R10,55.02,54.493,2021-10-07,CSCO,CISCO SYSTEMS INC,3674.0,243.0
17275R10,55.08,55.2,2021-10-08,CSCO,CISCO SYSTEMS INC,3674.0,243.0
17275R10,54.93,55.25,2021-10-11,CSCO,CISCO SYSTEMS INC,3674.0,243.0
17275R10,54.28,54.99,2021-10-12,CSCO,CISCO SYSTEMS INC,3674.0,243.0
17275R10,54.62,54.32,2021-10-13,CSCO,CISCO SYSTEMS INC,3674.0,243.0
17275R10,55.65,55.09,2021-10-14,CSCO,CISCO SYSTEMS INC,3674.0,243.0
17275R10,55.25,55.8876,2021-10-15,CSCO,CISCO SYSTEMS INC,3674.0,243.0
17275R10,55.19,55.04,2021-10-18,CSCO,CISCO SYSTEMS INC,3674.0,243.0
17275R10,55.74,55.29,2021-10-19,CSCO,CISCO SYSTEMS INC,3674.0,243.0
17275R10,56.2,55.8,2021-10-20,CSCO,CISCO SYSTEMS INC,3674.0,243.0
17275R10,55.69,56.04,2021-10-21,CSCO,CISCO SYSTEMS INC,3674.0,243.0
17275R10,55.11,55.55,2021-10-22,CSCO,CISCO SYSTEMS INC,3674.0,243.0
17275R10,55.14,55.11,2021-10-25,CSCO,CISCO SYSTEMS INC,3674.0,243.0
17275R10,55.81,55.56,2021-10-26,CSCO,CISCO SYSTEMS INC,3674.0,243.0
17275R10,56.18,56.13,2021-10-27,CSCO,CISCO SYSTEMS INC,3674.0,243.0
17275R10,56.24,56.23,2021-10-28,CSCO,CISCO SYSTEMS INC,3674.0,243.0
17275R10,55.97,56.315,2021-10-29,CSCO,CISCO SYSTEMS INC,3674.0,243.0
17275R10,56.1,55.869,2021-11-01,CSCO,CISCO SYSTEMS INC,3674.0,243.0
17275R10,57.62,56.37,2021-11-02,CSCO,CISCO SYSTEMS INC,3674.0,243.0
17275R10,57.65,57.58,2021-11-03,CSCO,CISCO SYSTEMS INC,3674.0,243.0
17275R10,57.12,57.6,2021-11-04,CSCO,CISCO SYSTEMS INC,3674.0,243.0
17275R10,57.07,57.376,2021-11-05,CSCO,CISCO SYSTEMS INC,3674.0,243.0
17275R10,57.0,57.1,2021-11-08,CSCO,CISCO SYSTEMS INC,3674.0,243.0
17275R10,57.44,57.07,2021-11-09,CSCO,CISCO SYSTEMS INC,3674.0,243.0
17275R10,57.77,57.9,2021-11-10,CSCO,CISCO SYSTEMS INC,3674.0,243.0
17275R10,56.76,57.57,2021-11-11,CSCO,CISCO SYSTEMS INC,3674.0,243.0
17275R10,56.82,56.97,2021-11-12,CSCO,CISCO SYSTEMS INC,3674.0,243.0
17275R10,57.27,56.929,2021-11-15,CSCO,CISCO SYSTEMS INC,3674.0,243.0
17275R10,57.0,57.24,2021-11-16,CSCO,CISCO SYSTEMS INC,3674.0,243.0
17275R10,56.76,56.61,2021-11-17,CSCO,CISCO SYSTEMS INC,3674.0,243.0
17275R10,53.63,52.73,2021-11-18,CSCO,CISCO SYSTEMS INC,3674.0,243.0
17275R10,53.25,53.545,2021-11-19,CSCO,CISCO SYSTEMS INC,3674.0,243.0
17275R10,54.6,53.35,2021-11-22,CSCO,CISCO SYSTEMS INC,3674.0,243.0
17275R10,55.3,54.61,2021-11-23,CSCO,CISCO SYSTEMS INC,3674.0,243.0
17275R10,55.54,55.15,2021-11-24,CSCO,CISCO SYSTEMS INC,3674.0,243.0
17275R10,54.67,54.46,2021-11-26,CSCO,CISCO SYSTEMS INC,3674.0,243.0
17275R10,55.76,55.14,2021-11-29,CSCO,CISCO SYSTEMS INC,3674.0,243.0
17275R10,54.84,55.58,2021-11-30,CSCO,CISCO SYSTEMS INC,3674.0,243.0
17275R10,55.03,55.53,2021-12-01,CSCO,CISCO SYSTEMS INC,3674.0,243.0
17275R10,56.15,55.15,2021-12-02,CSCO,CISCO SYSTEMS INC,3674.0,243.0
17275R10,56.23,56.297,2021-12-03,CSCO,CISCO SYSTEMS INC,3674.0,243.0
17275R10,56.96,56.7,2021-12-06,CSCO,CISCO SYSTEMS INC,3674.0,243.0
17275R10,58.08,57.1,2021-12-07,CSCO,CISCO SYSTEMS INC,3674.0,243.0
17275R10,57.02,58.075,2021-12-08,CSCO,CISCO SYSTEMS INC,3674.0,243.0
17275R10,57.55,57.195,2021-12-09,CSCO,CISCO SYSTEMS INC,3674.0,243.0
17275R10,59.25,57.91,2021-12-10,CSCO,CISCO SYSTEMS INC,3674.0,243.0
17275R10,58.61,59.1,2021-12-13,CSCO,CISCO SYSTEMS INC,3674.0,243.0
17275R10,57.77,58.34,2021-12-14,CSCO,CISCO SYSTEMS INC,3674.0,243.0
17275R10,59.93,57.921,2021-12-15,CSCO,CISCO SYSTEMS INC,3674.0,243.0
17275R10,60.31,60.05,2021-12-16,CSCO,CISCO SYSTEMS INC,3674.0,243.0
17275R10,60.46,60.27,2021-12-17,CSCO,CISCO SYSTEMS INC,3674.0,243.0
17275R10,60.36,59.67,2021-12-20,CSCO,CISCO SYSTEMS INC,3674.0,243.0
17275R10,61.03,60.44,2021-12-21,CSCO,CISCO SYSTEMS INC,3674.0,243.0
17275R10,61.53,60.97,2021-12-22,CSCO,CISCO SYSTEMS INC,3674.0,243.0
17275R10,62.28,61.79,2021-12-23,CSCO,CISCO SYSTEMS INC,3674.0,243.0
17275R10,63.42,62.41,2021-12-27,CSCO,CISCO SYSTEMS INC,3674.0,243.0
17275R10,63.53,63.42,2021-12-28,CSCO,CISCO SYSTEMS INC,3674.0,243.0
17275R10,63.96,63.65,2021-12-29,CSCO,CISCO SYSTEMS INC,3674.0,243.0
17275R10,63.62,64.04,2021-12-30,CSCO,CISCO SYSTEMS INC,3674.0,243.0
17275R10,63.37,63.545,2021-12-31,CSCO,CISCO SYSTEMS INC,3674.0,243.0
17275R10,63.16,62.9,2022-01-03,CSCO,CISCO SYSTEMS INC,3674.0,243.0
17275R10,61.25,62.44,2022-01-04,CSCO,CISCO SYSTEMS INC,3674.0,243.0
17275R10,60.28,61.19,2022-01-05,CSCO,CISCO SYSTEMS INC,3674.0,243.0
17275R10,60.92,60.0,2022-01-06,CSCO,CISCO SYSTEMS INC,3674.0,243.0
17275R10,61.13,60.87,2022-01-07,CSCO,CISCO SYSTEMS INC,3674.0,243.0
17275R10,61.82,60.865,2022-01-10,CSCO,CISCO SYSTEMS INC,3674.0,243.0
17275R10,62.37,61.595,2022-01-11,CSCO,CISCO SYSTEMS INC,3674.0,243.0
17275R10,62.12,62.4,2022-01-12,CSCO,CISCO SYSTEMS INC,3674.0,243.0
17275R10,61.5,62.08,2022-01-13,CSCO,CISCO SYSTEMS INC,3674.0,243.0
17275R10,61.36,61.472,2022-01-14,CSCO,CISCO SYSTEMS INC,3674.0,243.0
17275R10,59.73,59.98,2022-01-18,CSCO,CISCO SYSTEMS INC,3674.0,243.0
17275R10,58.9,57.995,2022-01-19,CSCO,CISCO SYSTEMS INC,3674.0,243.0
17275R10,58.08,58.99,2022-01-20,CSCO,CISCO SYSTEMS INC,3674.0,243.0
17275R10,56.68,58.07,2022-01-21,CSCO,CISCO SYSTEMS INC,3674.0,243.0
17275R10,56.9,56.16,2022-01-24,CSCO,CISCO SYSTEMS INC,3674.0,243.0
17275R10,56.11,56.09,2022-01-25,CSCO,CISCO SYSTEMS INC,3674.0,243.0
17275R10,55.33,56.11,2022-01-26,CSCO,CISCO SYSTEMS INC,3674.0,243.0
17275R10,54.62,55.51,2022-01-27,CSCO,CISCO SYSTEMS INC,3674.0,243.0
17275R10,55.61,54.5,2022-01-28,CSCO,CISCO SYSTEMS INC,3674.0,243.0
17275R10,55.67,55.43,2022-01-31,CSCO,CISCO SYSTEMS INC,3674.0,243.0
17275R10,55.37,55.45,2022-02-01,CSCO,CISCO SYSTEMS INC,3674.0,243.0
17275R10,56.17,55.225,2022-02-02,CSCO,CISCO SYSTEMS INC,3674.0,243.0
17275R10,55.2,55.87,2022-02-03,CSCO,CISCO SYSTEMS INC,3674.0,243.0
17275R10,55.15,54.894,2022-02-04,CSCO,CISCO SYSTEMS INC,3674.0,243.0
17275R10,55.17,55.33,2022-02-07,CSCO,CISCO SYSTEMS INC,3674.0,243.0
17275R10,55.34,55.06,2022-02-08,CSCO,CISCO SYSTEMS INC,3674.0,243.0
17275R10,56.29,55.82,2022-02-09,CSCO,CISCO SYSTEMS INC,3674.0,243.0
17275R10,54.87,55.24,2022-02-10,CSCO,CISCO SYSTEMS INC,3674.0,243.0
17275R10,53.9,54.87,2022-02-11,CSCO,CISCO SYSTEMS INC,3674.0,243.0
17275R10,53.18,53.41,2022-02-14,CSCO,CISCO SYSTEMS INC,3674.0,243.0
17275R10,54.27,53.716,2022-02-15,CSCO,CISCO SYSTEMS INC,3674.0,243.0
17275R10,54.25,54.13,2022-02-16,CSCO,CISCO SYSTEMS INC,3674.0,243.0
17275R10,55.77,55.5,2022-02-17,CSCO,CISCO SYSTEMS INC,3674.0,243.0
17275R10,57.21,55.46,2022-02-18,CSCO,CISCO SYSTEMS INC,3674.0,243.0
17275R10,56.3,56.93,2022-02-22,CSCO,CISCO SYSTEMS INC,3674.0,243.0
17275R10,54.44,56.61,2022-02-23,CSCO,CISCO SYSTEMS INC,3674.0,243.0
17275R10,54.73,54.07,2022-02-24,CSCO,CISCO SYSTEMS INC,3674.0,243.0
17275R10,56.04,54.98,2022-02-25,CSCO,CISCO SYSTEMS INC,3674.0,243.0
17275R10,55.77,55.41,2022-02-28,CSCO,CISCO SYSTEMS INC,3674.0,243.0
17275R10,54.62,55.53,2022-03-01,CSCO,CISCO SYSTEMS INC,3674.0,243.0
17275R10,56.15,54.77,2022-03-02,CSCO,CISCO SYSTEMS INC,3674.0,243.0
17275R10,56.07,56.74,2022-03-03,CSCO,CISCO SYSTEMS INC,3674.0,243.0
17275R10,56.51,55.67,2022-03-04,CSCO,CISCO SYSTEMS INC,3674.0,243.0
17275R10,55.59,56.31,2022-03-07,CSCO,CISCO SYSTEMS INC,3674.0,243.0
17275R10,54.4,55.7,2022-03-08,CSCO,CISCO SYSTEMS INC,3674.0,243.0
17275R10,55.92,55.64,2022-03-09,CSCO,CISCO SYSTEMS INC,3674.0,243.0
17275R10,54.71,54.4,2022-03-10,CSCO,CISCO SYSTEMS INC,3674.0,243.0
17275R10,54.69,55.29,2022-03-11,CSCO,CISCO SYSTEMS INC,3674.0,243.0
17275R10,54.3,54.73,2022-03-14,CSCO,CISCO SYSTEMS INC,3674.0,243.0
17275R10,55.6,54.42,2022-03-15,CSCO,CISCO SYSTEMS INC,3674.0,243.0
17275R10,55.81,55.93,2022-03-16,CSCO,CISCO SYSTEMS INC,3674.0,243.0
17275R10,56.17,55.49,2022-03-17,CSCO,CISCO SYSTEMS INC,3674.0,243.0
17275R10,55.97,56.03,2022-03-18,CSCO,CISCO SYSTEMS INC,3674.0,243.0
17275R10,56.0,56.06,2022-03-21,CSCO,CISCO SYSTEMS INC,3674.0,243.0
17275R10,56.17,56.36,2022-03-22,CSCO,CISCO SYSTEMS INC,3674.0,243.0
17275R10,54.48,55.9,2022-03-23,CSCO,CISCO SYSTEMS INC,3674.0,243.0
17275R10,54.5,54.67,2022-03-24,CSCO,CISCO SYSTEMS INC,3674.0,243.0
17275R10,54.97,54.605,2022-03-25,CSCO,CISCO SYSTEMS INC,3674.0,243.0
17275R10,55.14,54.8,2022-03-28,CSCO,CISCO SYSTEMS INC,3674.0,243.0
17275R10,55.67,55.67,2022-03-29,CSCO,CISCO SYSTEMS INC,3674.0,243.0
17275R10,56.05,55.75,2022-03-30,CSCO,CISCO SYSTEMS INC,3674.0,243.0
17275R10,55.76,56.04,2022-03-31,CSCO,CISCO SYSTEMS INC,3674.0,243.0
17275R10,55.66,56.17,2022-04-01,CSCO,CISCO SYSTEMS INC,3674.0,243.0
17275R10,55.87,55.46,2022-04-04,CSCO,CISCO SYSTEMS INC,3674.0,243.0
17275R10,54.92,55.2,2022-04-05,CSCO,CISCO SYSTEMS INC,3674.0,243.0
17275R10,54.37,54.69,2022-04-06,CSCO,CISCO SYSTEMS INC,3674.0,243.0
17275R10,54.63,54.43,2022-04-07,CSCO,CISCO SYSTEMS INC,3674.0,243.0
17275R10,54.28,54.84,2022-04-08,CSCO,CISCO SYSTEMS INC,3674.0,243.0
17275R10,52.88,53.92,2022-04-11,CSCO,CISCO SYSTEMS INC,3674.0,243.0
17275R10,51.82,51.7,2022-04-12,CSCO,CISCO SYSTEMS INC,3674.0,243.0
17275R10,52.15,51.84,2022-04-13,CSCO,CISCO SYSTEMS INC,3674.0,243.0
17275R10,51.17,52.08,2022-04-14,CSCO,CISCO SYSTEMS INC,3674.0,243.0
17275R10,51.11,50.88,2022-04-18,CSCO,CISCO SYSTEMS INC,3674.0,243.0
17275R10,51.83,51.0,2022-04-19,CSCO,CISCO SYSTEMS INC,3674.0,243.0
17275R10,53.02,52.22,2022-04-20,CSCO,CISCO SYSTEMS INC,3674.0,243.0
17275R10,52.78,53.34,2022-04-21,CSCO,CISCO SYSTEMS INC,3674.0,243.0
17275R10,51.36,52.92,2022-04-22,CSCO,CISCO SYSTEMS INC,3674.0,243.0
17275R10,51.94,51.45,2022-04-25,CSCO,CISCO SYSTEMS INC,3674.0,243.0
17275R10,50.9,51.875,2022-04-26,CSCO,CISCO SYSTEMS INC,3674.0,243.0
17275R10,49.31,50.91,2022-04-27,CSCO,CISCO SYSTEMS INC,3674.0,243.0
17275R10,50.63,49.53,2022-04-28,CSCO,CISCO SYSTEMS INC,3674.0,243.0
17275R10,48.98,50.51,2022-04-29,CSCO,CISCO SYSTEMS INC,3674.0,243.0
17275R10,49.86,49.34,2022-05-02,CSCO,CISCO SYSTEMS INC,3674.0,243.0
17275R10,49.92,49.77,2022-05-03,CSCO,CISCO SYSTEMS INC,3674.0,243.0
17275R10,51.58,50.03,2022-05-04,CSCO,CISCO SYSTEMS INC,3674.0,243.0
17275R10,49.61,51.15,2022-05-05,CSCO,CISCO SYSTEMS INC,3674.0,243.0
17275R10,49.33,49.15,2022-05-06,CSCO,CISCO SYSTEMS INC,3674.0,243.0
17275R10,48.96,49.0,2022-05-09,CSCO,CISCO SYSTEMS INC,3674.0,243.0
17275R10,49.55,49.705,2022-05-10,CSCO,CISCO SYSTEMS INC,3674.0,243.0
17275R10,48.65,49.09,2022-05-11,CSCO,CISCO SYSTEMS INC,3674.0,243.0
17275R10,48.29,48.63,2022-05-12,CSCO,CISCO SYSTEMS INC,3674.0,243.0
17275R10,49.56,48.71,2022-05-13,CSCO,CISCO SYSTEMS INC,3674.0,243.0
17275R10,49.0,49.66,2022-05-16,CSCO,CISCO SYSTEMS INC,3674.0,243.0
17275R10,50.6,49.68,2022-05-17,CSCO,CISCO SYSTEMS INC,3674.0,243.0
17275R10,48.36,50.47,2022-05-18,CSCO,CISCO SYSTEMS INC,3674.0,243.0
17275R10,41.72,43.055,2022-05-19,CSCO,CISCO SYSTEMS INC,3674.0,243.0
17275R10,42.94,41.86,2022-05-20,CSCO,CISCO SYSTEMS INC,3674.0,243.0
17275R10,43.35,43.34,2022-05-23,CSCO,CISCO SYSTEMS INC,3674.0,243.0
17275R10,43.77,43.4,2022-05-24,CSCO,CISCO SYSTEMS INC,3674.0,243.0
17275R10,44.0,43.75,2022-05-25,CSCO,CISCO SYSTEMS INC,3674.0,243.0
17275R10,44.99,44.05,2022-05-26,CSCO,CISCO SYSTEMS INC,3674.0,243.0
17275R10,45.62,45.12,2022-05-27,CSCO,CISCO SYSTEMS INC,3674.0,243.0
17275R10,45.05,45.27,2022-05-31,CSCO,CISCO SYSTEMS INC,3674.0,243.0
17275R10,45.23,45.55,2022-06-01,CSCO,CISCO SYSTEMS INC,3674.0,243.0
17275R10,45.79,45.18,2022-06-02,CSCO,CISCO SYSTEMS INC,3674.0,243.0
17275R10,45.25,45.55,2022-06-03,CSCO,CISCO SYSTEMS INC,3674.0,243.0
17275R10,45.33,45.603,2022-06-06,CSCO,CISCO SYSTEMS INC,3674.0,243.0
17275R10,45.57,44.82,2022-06-07,CSCO,CISCO SYSTEMS INC,3674.0,243.0
17275R10,44.92,45.45,2022-06-08,CSCO,CISCO SYSTEMS INC,3674.0,243.0
17275R10,44.26,44.83,2022-06-09,CSCO,CISCO SYSTEMS INC,3674.0,243.0
17275R10,43.49,43.8,2022-06-10,CSCO,CISCO SYSTEMS INC,3674.0,243.0
17275R10,43.24,43.06,2022-06-13,CSCO,CISCO SYSTEMS INC,3674.0,243.0
17275R10,42.91,43.63,2022-06-14,CSCO,CISCO SYSTEMS INC,3674.0,243.0
17275R10,43.8,43.37,2022-06-15,CSCO,CISCO SYSTEMS INC,3674.0,243.0
17275R10,43.32,42.81,2022-06-16,CSCO,CISCO SYSTEMS INC,3674.0,243.0
17275R10,43.39,43.36,2022-06-17,CSCO,CISCO SYSTEMS INC,3674.0,243.0
17275R10,44.14,43.805,2022-06-21,CSCO,CISCO SYSTEMS INC,3674.0,243.0
17275R10,43.57,43.47,2022-06-22,CSCO,CISCO SYSTEMS INC,3674.0,243.0
17275R10,42.93,43.41,2022-06-23,CSCO,CISCO SYSTEMS INC,3674.0,243.0
17275R10,44.1,43.44,2022-06-24,CSCO,CISCO SYSTEMS INC,3674.0,243.0
17275R10,43.77,44.29,2022-06-27,CSCO,CISCO SYSTEMS INC,3674.0,243.0
17275R10,43.06,43.91,2022-06-28,CSCO,CISCO SYSTEMS INC,3674.0,243.0
17275R10,42.88,43.14,2022-06-29,CSCO,CISCO SYSTEMS INC,3674.0,243.0
17275R10,42.64,42.37,2022-06-30,CSCO,CISCO SYSTEMS INC,3674.0,243.0
17275R10,42.6,42.52,2022-07-01,CSCO,CISCO SYSTEMS INC,3674.0,243.0
17275R10,41.96,41.52,2022-07-05,CSCO,CISCO SYSTEMS INC,3674.0,243.0
17275R10,42.69,42.12,2022-07-06,CSCO,CISCO SYSTEMS INC,3674.0,243.0
17275R10,43.22,42.88,2022-07-07,CSCO,CISCO SYSTEMS INC,3674.0,243.0
17275R10,43.39,43.03,2022-07-08,CSCO,CISCO SYSTEMS INC,3674.0,243.0
17275R10,43.25,43.34,2022-07-11,CSCO,CISCO SYSTEMS INC,3674.0,243.0
17275R10,42.86,43.58,2022-07-12,CSCO,CISCO SYSTEMS INC,3674.0,243.0
17275R10,42.7,41.854,2022-07-13,CSCO,CISCO SYSTEMS INC,3674.0,243.0
17275R10,42.33,41.79,2022-07-14,CSCO,CISCO SYSTEMS INC,3674.0,243.0
17275R10,43.07,42.5,2022-07-15,CSCO,CISCO SYSTEMS INC,3674.0,243.0
17275R10,42.6,43.3,2022-07-18,CSCO,CISCO SYSTEMS INC,3674.0,243.0
17275R10,44.03,42.82,2022-07-19,CSCO,CISCO SYSTEMS INC,3674.0,243.0
17275R10,44.13,44.08,2022-07-20,CSCO,CISCO SYSTEMS INC,3674.0,243.0
17275R10,44.58,44.29,2022-07-21,CSCO,CISCO SYSTEMS INC,3674.0,243.0
17275R10,44.46,44.78,2022-07-22,CSCO,CISCO SYSTEMS INC,3674.0,243.0
17275R10,44.34,44.66,2022-07-25,CSCO,CISCO SYSTEMS INC,3674.0,243.0
17275R10,43.83,44.37,2022-07-26,CSCO,CISCO SYSTEMS INC,3674.0,243.0
17275R10,44.64,44.19,2022-07-27,CSCO,CISCO SYSTEMS INC,3674.0,243.0
17275R10,45.62,44.88,2022-07-28,CSCO,CISCO SYSTEMS INC,3674.0,243.0
17275R10,45.37,45.11,2022-07-29,CSCO,CISCO SYSTEMS INC,3674.0,243.0
17275R10,45.28,45.06,2022-08-01,CSCO,CISCO SYSTEMS INC,3674.0,243.0
17275R10,44.92,45.52,2022-08-02,CSCO,CISCO SYSTEMS INC,3674.0,243.0
17275R10,45.71,44.9,2022-08-03,CSCO,CISCO SYSTEMS INC,3674.0,243.0
17275R10,45.38,45.9,2022-08-04,CSCO,CISCO SYSTEMS INC,3674.0,243.0
17275R10,45.01,44.91,2022-08-05,CSCO,CISCO SYSTEMS INC,3674.0,243.0
17275R10,45.02,45.49,2022-08-08,CSCO,CISCO SYSTEMS INC,3674.0,243.0
17275R10,44.92,45.15,2022-08-09,CSCO,CISCO SYSTEMS INC,3674.0,243.0
17275R10,46.02,45.71,2022-08-10,CSCO,CISCO SYSTEMS INC,3674.0,243.0
17275R10,45.9,46.11,2022-08-11,CSCO,CISCO SYSTEMS INC,3674.0,243.0
17275R10,46.61,46.09,2022-08-12,CSCO,CISCO SYSTEMS INC,3674.0,243.0
17275R10,46.59,46.39,2022-08-15,CSCO,CISCO SYSTEMS INC,3674.0,243.0
17275R10,46.77,46.57,2022-08-16,CSCO,CISCO SYSTEMS INC,3674.0,243.0
17275R10,46.66,46.36,2022-08-17,CSCO,CISCO SYSTEMS INC,3674.0,243.0
17275R10,49.37,49.795,2022-08-18,CSCO,CISCO SYSTEMS INC,3674.0,243.0
17275R10,48.7,49.01,2022-08-19,CSCO,CISCO SYSTEMS INC,3674.0,243.0
17275R10,47.71,48.47,2022-08-22,CSCO,CISCO SYSTEMS INC,3674.0,243.0
17275R10,47.41,47.59,2022-08-23,CSCO,CISCO SYSTEMS INC,3674.0,243.0
17275R10,47.07,47.09,2022-08-24,CSCO,CISCO SYSTEMS INC,3674.0,243.0
17275R10,47.27,47.25,2022-08-25,CSCO,CISCO SYSTEMS INC,3674.0,243.0
17275R10,45.89,47.08,2022-08-26,CSCO,CISCO SYSTEMS INC,3674.0,243.0
17275R10,45.71,45.72,2022-08-29,CSCO,CISCO SYSTEMS INC,3674.0,243.0
17275R10,45.24,45.75,2022-08-30,CSCO,CISCO SYSTEMS INC,3674.0,243.0
17275R10,44.72,45.78,2022-08-31,CSCO,CISCO SYSTEMS INC,3674.0,243.0
17275R10,45.29,44.57,2022-09-01,CSCO,CISCO SYSTEMS INC,3674.0,243.0
17275R10,44.59,45.71,2022-09-02,CSCO,CISCO SYSTEMS INC,3674.0,243.0
17275R10,44.47,44.66,2022-09-06,CSCO,CISCO SYSTEMS INC,3674.0,243.0
17275R10,45.02,44.75,2022-09-07,CSCO,CISCO SYSTEMS INC,3674.0,243.0
17275R10,45.37,44.76,2022-09-08,CSCO,CISCO SYSTEMS INC,3674.0,243.0
17275R10,45.77,45.66,2022-09-09,CSCO,CISCO SYSTEMS INC,3674.0,243.0
17275R10,46.4,46.11,2022-09-12,CSCO,CISCO SYSTEMS INC,3674.0,243.0
17275R10,44.11,45.72,2022-09-13,CSCO,CISCO SYSTEMS INC,3674.0,243.0
17275R10,43.96,44.04,2022-09-14,CSCO,CISCO SYSTEMS INC,3674.0,243.0
17275R10,43.29,43.81,2022-09-15,CSCO,CISCO SYSTEMS INC,3674.0,243.0
17275R10,43.3,43.11,2022-09-16,CSCO,CISCO SYSTEMS INC,3674.0,243.0
17275R10,43.3,42.895,2022-09-19,CSCO,CISCO SYSTEMS INC,3674.0,243.0
17275R10,42.58,43.01,2022-09-20,CSCO,CISCO SYSTEMS INC,3674.0,243.0
17275R10,41.59,42.32,2022-09-21,CSCO,CISCO SYSTEMS INC,3674.0,243.0
17275R10,41.15,41.34,2022-09-22,CSCO,CISCO SYSTEMS INC,3674.0,243.0
17275R10,40.66,41.25,2022-09-23,CSCO,CISCO SYSTEMS INC,3674.0,243.0
17275R10,40.58,40.66,2022-09-26,CSCO,CISCO SYSTEMS INC,3674.0,243.0
17275R10,40.52,41.14,2022-09-27,CSCO,CISCO SYSTEMS INC,3674.0,243.0
17275R10,41.34,40.85,2022-09-28,CSCO,CISCO SYSTEMS INC,3674.0,243.0
17275R10,40.57,41.05,2022-09-29,CSCO,CISCO SYSTEMS INC,3674.0,243.0
17275R10,40.0,40.66,2022-09-30,CSCO,CISCO SYSTEMS INC,3674.0,243.0
17275R10,41.29,40.67,2022-10-03,CSCO,CISCO SYSTEMS INC,3674.0,243.0
17275R10,41.82,41.56,2022-10-04,CSCO,CISCO SYSTEMS INC,3674.0,243.0
17275R10,41.99,41.585,2022-10-05,CSCO,CISCO SYSTEMS INC,3674.0,243.0
17275R10,41.52,41.65,2022-10-06,CSCO,CISCO SYSTEMS INC,3674.0,243.0
17275R10,40.27,41.25,2022-10-07,CSCO,CISCO SYSTEMS INC,3674.0,243.0
17275R10,39.89,40.625,2022-10-10,CSCO,CISCO SYSTEMS INC,3674.0,243.0
17275R10,39.58,39.81,2022-10-11,CSCO,CISCO SYSTEMS INC,3674.0,243.0
17275R10,39.27,39.7,2022-10-12,CSCO,CISCO SYSTEMS INC,3674.0,243.0
17275R10,40.61,39.03,2022-10-13,CSCO,CISCO SYSTEMS INC,3674.0,243.0
17275R10,40.2,40.84,2022-10-14,CSCO,CISCO SYSTEMS INC,3674.0,243.0
17275R10,41.3,41.04,2022-10-17,CSCO,CISCO SYSTEMS INC,3674.0,243.0
17275R10,41.79,41.92,2022-10-18,CSCO,CISCO SYSTEMS INC,3674.0,243.0
17275R10,41.88,41.63,2022-10-19,CSCO,CISCO SYSTEMS INC,3674.0,243.0
17275R10,41.71,41.56,2022-10-20,CSCO,CISCO SYSTEMS INC,3674.0,243.0
17275R10,42.8,41.85,2022-10-21,CSCO,CISCO SYSTEMS INC,3674.0,243.0
17275R10,43.54,43.115,2022-10-24,CSCO,CISCO SYSTEMS INC,3674.0,243.0
17275R10,44.36,43.34,2022-10-25,CSCO,CISCO SYSTEMS INC,3674.0,243.0
17275R10,44.38,44.93,2022-10-26,CSCO,CISCO SYSTEMS INC,3674.0,243.0
17275R10,44.42,44.77,2022-10-27,CSCO,CISCO SYSTEMS INC,3674.0,243.0
17275R10,45.64,44.69,2022-10-28,CSCO,CISCO SYSTEMS INC,3674.0,243.0
17275R10,45.43,45.305,2022-10-31,CSCO,CISCO SYSTEMS INC,3674.0,243.0
17275R10,45.46,45.58,2022-11-01,CSCO,CISCO SYSTEMS INC,3674.0,243.0
17275R10,44.57,45.47,2022-11-02,CSCO,CISCO SYSTEMS INC,3674.0,243.0
17275R10,43.85,44.03,2022-11-03,CSCO,CISCO SYSTEMS INC,3674.0,243.0
17275R10,44.52,44.5,2022-11-04,CSCO,CISCO SYSTEMS INC,3674.0,243.0
17275R10,44.55,44.832,2022-11-07,CSCO,CISCO SYSTEMS INC,3674.0,243.0
17275R10,44.61,44.69,2022-11-08,CSCO,CISCO SYSTEMS INC,3674.0,243.0
17275R10,43.91,44.51,2022-11-09,CSCO,CISCO SYSTEMS INC,3674.0,243.0
17275R10,45.66,45.7,2022-11-10,CSCO,CISCO SYSTEMS INC,3674.0,243.0
17275R10,44.79,45.18,2022-11-11,CSCO,CISCO SYSTEMS INC,3674.0,243.0
17275R10,44.74,44.832,2022-11-14,CSCO,CISCO SYSTEMS INC,3674.0,243.0
17275R10,44.9,45.04,2022-11-15,CSCO,CISCO SYSTEMS INC,3674.0,243.0
17275R10,44.39,44.94,2022-11-16,CSCO,CISCO SYSTEMS INC,3674.0,243.0
17275R10,46.59,46.188,2022-11-17,CSCO,CISCO SYSTEMS INC,3674.0,243.0
17275R10,47.79,46.91,2022-11-18,CSCO,CISCO SYSTEMS INC,3674.0,243.0
17275R10,47.62,47.61,2022-11-21,CSCO,CISCO SYSTEMS INC,3674.0,243.0
17275R10,48.38,48.0,2022-11-22,CSCO,CISCO SYSTEMS INC,3674.0,243.0
17275R10,48.57,48.4,2022-11-23,CSCO,CISCO SYSTEMS INC,3674.0,243.0
17275R10,48.4,48.75,2022-11-25,CSCO,CISCO SYSTEMS INC,3674.0,243.0
17275R10,48.08,48.29,2022-11-28,CSCO,CISCO SYSTEMS INC,3674.0,243.0
17275R10,48.28,48.25,2022-11-29,CSCO,CISCO SYSTEMS INC,3674.0,243.0
17275R10,49.72,48.17,2022-11-30,CSCO,CISCO SYSTEMS INC,3674.0,243.0
17275R10,49.97,49.88,2022-12-01,CSCO,CISCO SYSTEMS INC,3674.0,243.0
17275R10,49.7,49.23,2022-12-02,CSCO,CISCO SYSTEMS INC,3674.0,243.0
17275R10,49.33,49.55,2022-12-05,CSCO,CISCO SYSTEMS INC,3674.0,243.0
17275R10,48.59,49.44,2022-12-06,CSCO,CISCO SYSTEMS INC,3674.0,243.0
17275R10,48.18,48.4,2022-12-07,CSCO,CISCO SYSTEMS INC,3674.0,243.0
17275R10,48.99,48.66,2022-12-08,CSCO,CISCO SYSTEMS INC,3674.0,243.0
17275R10,48.46,49.1,2022-12-09,CSCO,CISCO SYSTEMS INC,3674.0,243.0
17275R10,49.3,48.8,2022-12-12,CSCO,CISCO SYSTEMS INC,3674.0,243.0
17275R10,49.64,50.33,2022-12-13,CSCO,CISCO SYSTEMS INC,3674.0,243.0
17275R10,49.3,49.74,2022-12-14,CSCO,CISCO SYSTEMS INC,3674.0,243.0
17275R10,48.15,48.96,2022-12-15,CSCO,CISCO SYSTEMS INC,3674.0,243.0
17275R10,47.81,47.41,2022-12-16,CSCO,CISCO SYSTEMS INC,3674.0,243.0
17275R10,47.4,47.66,2022-12-19,CSCO,CISCO SYSTEMS INC,3674.0,243.0
17275R10,47.37,47.41,2022-12-20,CSCO,CISCO SYSTEMS INC,3674.0,243.0
17275R10,47.66,47.69,2022-12-21,CSCO,CISCO SYSTEMS INC,3674.0,243.0
17275R10,47.32,47.49,2022-12-22,CSCO,CISCO SYSTEMS INC,3674.0,243.0
17275R10,47.48,47.25,2022-12-23,CSCO,CISCO SYSTEMS INC,3674.0,243.0
17275R10,47.53,47.67,2022-12-27,CSCO,CISCO SYSTEMS INC,3674.0,243.0
17275R10,47.07,47.69,2022-12-28,CSCO,CISCO SYSTEMS INC,3674.0,243.0
17275R10,47.5,47.26,2022-12-29,CSCO,CISCO SYSTEMS INC,3674.0,243.0
17275R10,47.64,47.27,2022-12-30,CSCO,CISCO SYSTEMS INC,3674.0,243.0
17275R10,47.94,47.86,2023-01-03,CSCO,CISCO SYSTEMS INC,3674.0,243.0
17275R10,47.55,48.28,2023-01-04,CSCO,CISCO SYSTEMS INC,3674.0,243.0
17275R10,46.88,47.49,2023-01-05,CSCO,CISCO SYSTEMS INC,3674.0,243.0
17275R10,48.32,47.46,2023-01-06,CSCO,CISCO SYSTEMS INC,3674.0,243.0
17275R10,48.58,48.255,2023-01-09,CSCO,CISCO SYSTEMS INC,3674.0,243.0
17275R10,48.81,48.8,2023-01-10,CSCO,CISCO SYSTEMS INC,3674.0,243.0
17275R10,49.21,48.83,2023-01-11,CSCO,CISCO SYSTEMS INC,3674.0,243.0
17275R10,49.0,49.21,2023-01-12,CSCO,CISCO SYSTEMS INC,3674.0,243.0
17275R10,48.88,48.56,2023-01-13,CSCO,CISCO SYSTEMS INC,3674.0,243.0
17275R10,48.08,48.92,2023-01-17,CSCO,CISCO SYSTEMS INC,3674.0,243.0
17275R10,46.9,48.185,2023-01-18,CSCO,CISCO SYSTEMS INC,3674.0,243.0
17275R10,46.46,46.95,2023-01-19,CSCO,CISCO SYSTEMS INC,3674.0,243.0
17275R10,46.78,46.06,2023-01-20,CSCO,CISCO SYSTEMS INC,3674.0,243.0
17275R10,47.5,46.895,2023-01-23,CSCO,CISCO SYSTEMS INC,3674.0,243.0
17275R10,47.81,47.49,2023-01-24,CSCO,CISCO SYSTEMS INC,3674.0,243.0
17275R10,47.98,47.98,2023-01-25,CSCO,CISCO SYSTEMS INC,3674.0,243.0
17275R10,48.34,48.15,2023-01-26,CSCO,CISCO SYSTEMS INC,3674.0,243.0
17275R10,48.51,48.1,2023-01-27,CSCO,CISCO SYSTEMS INC,3674.0,243.0
17275R10,48.22,48.14,2023-01-30,CSCO,CISCO SYSTEMS INC,3674.0,243.0
17275R10,48.67,48.12,2023-01-31,CSCO,CISCO SYSTEMS INC,3674.0,243.0
17275R10,48.57,48.39,2023-02-01,CSCO,CISCO SYSTEMS INC,3674.0,243.0
17275R10,49.32,48.53,2023-02-02,CSCO,CISCO SYSTEMS INC,3674.0,243.0
17275R10,48.63,49.3,2023-02-03,CSCO,CISCO SYSTEMS INC,3674.0,243.0
17275R10,47.57,48.07,2023-02-06,CSCO,CISCO SYSTEMS INC,3674.0,243.0
17275R10,47.84,47.24,2023-02-07,CSCO,CISCO SYSTEMS INC,3674.0,243.0
17275R10,46.96,47.38,2023-02-08,CSCO,CISCO SYSTEMS INC,3674.0,243.0
17275R10,46.73,47.225,2023-02-09,CSCO,CISCO SYSTEMS INC,3674.0,243.0
17275R10,47.26,46.7,2023-02-10,CSCO,CISCO SYSTEMS INC,3674.0,243.0
17275R10,47.86,47.45,2023-02-13,CSCO,CISCO SYSTEMS INC,3674.0,243.0
17275R10,47.7,47.78,2023-02-14,CSCO,CISCO SYSTEMS INC,3674.0,243.0
17275R10,48.45,47.5,2023-02-15,CSCO,CISCO SYSTEMS INC,3674.0,243.0
17275R10,50.99,49.99,2023-02-16,CSCO,CISCO SYSTEMS INC,3674.0,243.0
17275R10,50.77,51.325,2023-02-17,CSCO,CISCO SYSTEMS INC,3674.0,243.0
17275R10,49.69,50.71,2023-02-21,CSCO,CISCO SYSTEMS INC,3674.0,243.0
17275R10,49.31,49.85,2023-02-22,CSCO,CISCO SYSTEMS INC,3674.0,243.0
17275R10,49.21,49.535,2023-02-23,CSCO,CISCO SYSTEMS INC,3674.0,243.0
17275R10,48.48,48.805,2023-02-24,CSCO,CISCO SYSTEMS INC,3674.0,243.0
17275R10,48.73,48.95,2023-02-27,CSCO,CISCO SYSTEMS INC,3674.0,243.0
17275R10,48.42,48.81,2023-02-28,CSCO,CISCO SYSTEMS INC,3674.0,243.0
17275R10,48.34,48.44,2023-03-01,CSCO,CISCO SYSTEMS INC,3674.0,243.0
17275R10,48.53,48.32,2023-03-02,CSCO,CISCO SYSTEMS INC,3674.0,243.0
17275R10,49.28,48.99,2023-03-03,CSCO,CISCO SYSTEMS INC,3674.0,243.0
17275R10,49.42,49.455,2023-03-06,CSCO,CISCO SYSTEMS INC,3674.0,243.0
17275R10,48.91,49.57,2023-03-07,CSCO,CISCO SYSTEMS INC,3674.0,243.0
17275R10,49.11,49.02,2023-03-08,CSCO,CISCO SYSTEMS INC,3674.0,243.0
17275R10,48.81,49.3,2023-03-09,CSCO,CISCO SYSTEMS INC,3674.0,243.0
17275R10,48.56,48.89,2023-03-10,CSCO,CISCO SYSTEMS INC,3674.0,243.0
17275R10,48.41,48.53,2023-03-13,CSCO,CISCO SYSTEMS INC,3674.0,243.0
17275R10,49.05,48.68,2023-03-14,CSCO,CISCO SYSTEMS INC,3674.0,243.0
17275R10,49.06,48.37,2023-03-15,CSCO,CISCO SYSTEMS INC,3674.0,243.0
17275R10,50.12,48.68,2023-03-16,CSCO,CISCO SYSTEMS INC,3674.0,243.0
17275R10,50.19,50.26,2023-03-17,CSCO,CISCO SYSTEMS INC,3674.0,243.0
17275R10,50.94,50.22,2023-03-20,CSCO,CISCO SYSTEMS INC,3674.0,243.0
17275R10,50.67,51.205,2023-03-21,CSCO,CISCO SYSTEMS INC,3674.0,243.0
17275R10,49.46,50.74,2023-03-22,CSCO,CISCO SYSTEMS INC,3674.0,243.0
17275R10,49.73,49.56,2023-03-23,CSCO,CISCO SYSTEMS INC,3674.0,243.0
17275R10,50.51,49.9,2023-03-24,CSCO,CISCO SYSTEMS INC,3674.0,243.0
17275R10,50.54,50.7,2023-03-27,CSCO,CISCO SYSTEMS INC,3674.0,243.0
17275R10,50.39,50.32,2023-03-28,CSCO,CISCO SYSTEMS INC,3674.0,243.0
17275R10,51.17,50.725,2023-03-29,CSCO,CISCO SYSTEMS INC,3674.0,243.0
17275R10,51.43,51.58,2023-03-30,CSCO,CISCO SYSTEMS INC,3674.0,243.0
17275R10,52.275,51.44,2023-03-31,CSCO,CISCO SYSTEMS INC,3674.0,243.0
17275R10,52.31,52.06,2023-04-03,CSCO,CISCO SYSTEMS INC,3674.0,243.0
17275R10,51.82,52.03,2023-04-04,CSCO,CISCO SYSTEMS INC,3674.0,243.0
17275R10,51.82,52.07,2023-04-05,CSCO,CISCO SYSTEMS INC,3674.0,243.0
17275R10,51.27,50.92,2023-04-06,CSCO,CISCO SYSTEMS INC,3674.0,243.0
17275R10,51.33,51.11,2023-04-10,CSCO,CISCO SYSTEMS INC,3674.0,243.0
17275R10,50.62,51.12,2023-04-11,CSCO,CISCO SYSTEMS INC,3674.0,243.0
17275R10,50.11,50.82,2023-04-12,CSCO,CISCO SYSTEMS INC,3674.0,243.0
17275R10,50.8,50.21,2023-04-13,CSCO,CISCO SYSTEMS INC,3674.0,243.0
17275R10,50.54,50.52,2023-04-14,CSCO,CISCO SYSTEMS INC,3674.0,243.0
17275R10,50.28,50.56,2023-04-17,CSCO,CISCO SYSTEMS INC,3674.0,243.0
17275R10,50.31,50.38,2023-04-18,CSCO,CISCO SYSTEMS INC,3674.0,243.0
17275R10,48.04,49.23,2023-04-19,CSCO,CISCO SYSTEMS INC,3674.0,243.0
17275R10,46.58,47.61,2023-04-20,CSCO,CISCO SYSTEMS INC,3674.0,243.0
17275R10,47.03,46.565,2023-04-21,CSCO,CISCO SYSTEMS INC,3674.0,243.0
17275R10,47.39,47.05,2023-04-24,CSCO,CISCO SYSTEMS INC,3674.0,243.0
17275R10,47.09,47.37,2023-04-25,CSCO,CISCO SYSTEMS INC,3674.0,243.0
17275R10,46.54,46.76,2023-04-26,CSCO,CISCO SYSTEMS INC,3674.0,243.0
17275R10,46.56,46.78,2023-04-27,CSCO,CISCO SYSTEMS INC,3674.0,243.0
17275R10,47.25,46.685,2023-04-28,CSCO,CISCO SYSTEMS INC,3674.0,243.0
17275R10,47.34,47.2,2023-05-01,CSCO,CISCO SYSTEMS INC,3674.0,243.0
17275R10,46.36,46.905,2023-05-02,CSCO,CISCO SYSTEMS INC,3674.0,243.0
17275R10,45.96,46.42,2023-05-03,CSCO,CISCO SYSTEMS INC,3674.0,243.0
17275R10,45.7,45.77,2023-05-04,CSCO,CISCO SYSTEMS INC,3674.0,243.0
17275R10,46.25,46.12,2023-05-05,CSCO,CISCO SYSTEMS INC,3674.0,243.0
17275R10,46.34,46.44,2023-05-08,CSCO,CISCO SYSTEMS INC,3674.0,243.0
17275R10,46.47,45.98,2023-05-09,CSCO,CISCO SYSTEMS INC,3674.0,243.0
17275R10,46.71,46.7,2023-05-10,CSCO,CISCO SYSTEMS INC,3674.0,243.0
17275R10,46.37,46.83,2023-05-11,CSCO,CISCO SYSTEMS INC,3674.0,243.0
17275R10,46.71,46.28,2023-05-12,CSCO,CISCO SYSTEMS INC,3674.0,243.0
17275R10,47.1,46.8,2023-05-15,CSCO,CISCO SYSTEMS INC,3674.0,243.0
17275R10,46.92,47.24,2023-05-16,CSCO,CISCO SYSTEMS INC,3674.0,243.0
17275R10,47.63,47.15,2023-05-17,CSCO,CISCO SYSTEMS INC,3674.0,243.0
17275R10,48.2,45.76,2023-05-18,CSCO,CISCO SYSTEMS INC,3674.0,243.0
17275R10,49.13,48.43,2023-05-19,CSCO,CISCO SYSTEMS INC,3674.0,243.0
17275R10,48.82,49.11,2023-05-22,CSCO,CISCO SYSTEMS INC,3674.0,243.0
17275R10,48.91,48.61,2023-05-23,CSCO,CISCO SYSTEMS INC,3674.0,243.0
17275R10,48.41,48.95,2023-05-24,CSCO,CISCO SYSTEMS INC,3674.0,243.0
17275R10,49.03,47.77,2023-05-25,CSCO,CISCO SYSTEMS INC,3674.0,243.0
17275R10,49.86,49.11,2023-05-26,CSCO,CISCO SYSTEMS INC,3674.0,243.0
17275R10,50.17,49.99,2023-05-30,CSCO,CISCO SYSTEMS INC,3674.0,243.0
17275R10,49.67,49.91,2023-05-31,CSCO,CISCO SYSTEMS INC,3674.0,243.0
17275R10,49.74,49.76,2023-06-01,CSCO,CISCO SYSTEMS INC,3674.0,243.0
17275R10,50.02,49.87,2023-06-02,CSCO,CISCO SYSTEMS INC,3674.0,243.0
17275R10,50.21,50.22,2023-06-05,CSCO,CISCO SYSTEMS INC,3674.0,243.0
17275R10,49.81,49.79,2023-06-06,CSCO,CISCO SYSTEMS INC,3674.0,243.0
17275R10,49.78,49.7,2023-06-07,CSCO,CISCO SYSTEMS INC,3674.0,243.0
17275R10,49.68,49.92,2023-06-08,CSCO,CISCO SYSTEMS INC,3674.0,243.0
17275R10,49.66,49.532,2023-06-09,CSCO,CISCO SYSTEMS INC,3674.0,243.0
17275R10,50.48,49.915,2023-06-12,CSCO,CISCO SYSTEMS INC,3674.0,243.0
17275R10,50.8,50.685,2023-06-13,CSCO,CISCO SYSTEMS INC,3674.0,243.0
17275R10,50.96,50.8,2023-06-14,CSCO,CISCO SYSTEMS INC,3674.0,243.0
17275R10,51.93,50.905,2023-06-15,CSCO,CISCO SYSTEMS INC,3674.0,243.0
17275R10,52.07,52.2,2023-06-16,CSCO,CISCO SYSTEMS INC,3674.0,243.0
17275R10,51.55,51.94,2023-06-20,CSCO,CISCO SYSTEMS INC,3674.0,243.0
17275R10,50.85,51.38,2023-06-21,CSCO,CISCO SYSTEMS INC,3674.0,243.0
17275R10,51.12,50.65,2023-06-22,CSCO,CISCO SYSTEMS INC,3674.0,243.0
17275R10,50.33,50.64,2023-06-23,CSCO,CISCO SYSTEMS INC,3674.0,243.0
17275R10,50.21,50.305,2023-06-26,CSCO,CISCO SYSTEMS INC,3674.0,243.0
17275R10,50.86,50.31,2023-06-27,CSCO,CISCO SYSTEMS INC,3674.0,243.0
17275R10,50.87,50.78,2023-06-28,CSCO,CISCO SYSTEMS INC,3674.0,243.0
17275R10,51.21,50.86,2023-06-29,CSCO,CISCO SYSTEMS INC,3674.0,243.0
17275R10,51.74,51.88,2023-06-30,CSCO,CISCO SYSTEMS INC,3674.0,243.0
17275R10,51.82,51.36,2023-07-03,CSCO,CISCO SYSTEMS INC,3674.0,243.0
17275R10,51.51,50.97,2023-07-05,CSCO,CISCO SYSTEMS INC,3674.0,243.0
17275R10,51.11,51.065,2023-07-06,CSCO,CISCO SYSTEMS INC,3674.0,243.0
17275R10,50.99,51.0,2023-07-07,CSCO,CISCO SYSTEMS INC,3674.0,243.0
17275R10,51.4,51.07,2023-07-10,CSCO,CISCO SYSTEMS INC,3674.0,243.0
17275R10,52.12,51.57,2023-07-11,CSCO,CISCO SYSTEMS INC,3674.0,243.0
17275R10,50.74,51.56,2023-07-12,CSCO,CISCO SYSTEMS INC,3674.0,243.0
17275R10,51.53,50.69,2023-07-13,CSCO,CISCO SYSTEMS INC,3674.0,243.0
17275R10,50.38,50.42,2023-07-14,CSCO,CISCO SYSTEMS INC,3674.0,243.0
17275R10,50.81,50.2,2023-07-17,CSCO,CISCO SYSTEMS INC,3674.0,243.0
17275R10,51.24,50.98,2023-07-18,CSCO,CISCO SYSTEMS INC,3674.0,243.0
17275R10,52.43,52.21,2023-07-19,CSCO,CISCO SYSTEMS INC,3674.0,243.0
17275R10,52.37,52.06,2023-07-20,CSCO,CISCO SYSTEMS INC,3674.0,243.0
17275R10,52.63,52.745,2023-07-21,CSCO,CISCO SYSTEMS INC,3674.0,243.0
17275R10,53.11,52.69,2023-07-24,CSCO,CISCO SYSTEMS INC,3674.0,243.0
17275R10,53.6,53.19,2023-07-25,CSCO,CISCO SYSTEMS INC,3674.0,243.0
17275R10,53.22,53.54,2023-07-26,CSCO,CISCO SYSTEMS INC,3674.0,243.0
17275R10,53.0,53.6,2023-07-27,CSCO,CISCO SYSTEMS INC,3674.0,243.0
17275R10,52.09,52.062,2023-07-28,CSCO,CISCO SYSTEMS INC,3674.0,243.0
17275R10,52.04,51.84,2023-07-31,CSCO,CISCO SYSTEMS INC,3674.0,243.0
17275R10,52.66,52.57,2023-08-01,CSCO,CISCO SYSTEMS INC,3674.0,243.0
17275R10,52.58,52.38,2023-08-02,CSCO,CISCO SYSTEMS INC,3674.0,243.0
17275R10,53.15,52.49,2023-08-03,CSCO,CISCO SYSTEMS INC,3674.0,243.0
17275R10,52.63,52.88,2023-08-04,CSCO,CISCO SYSTEMS INC,3674.0,243.0
17275R10,53.01,52.97,2023-08-07,CSCO,CISCO SYSTEMS INC,3674.0,243.0
17275R10,53.06,52.66,2023-08-08,CSCO,CISCO SYSTEMS INC,3674.0,243.0
17275R10,52.99,52.9,2023-08-09,CSCO,CISCO SYSTEMS INC,3674.0,243.0
17275R10,53.37,53.41,2023-08-10,CSCO,CISCO SYSTEMS INC,3674.0,243.0
17275R10,53.79,53.35,2023-08-11,CSCO,CISCO SYSTEMS INC,3674.0,243.0
17275R10,53.88,53.8,2023-08-14,CSCO,CISCO SYSTEMS INC,3674.0,243.0
17275R10,53.35,53.62,2023-08-15,CSCO,CISCO SYSTEMS INC,3674.0,243.0
17275R10,52.96,53.19,2023-08-16,CSCO,CISCO SYSTEMS INC,3674.0,243.0
17275R10,54.73,54.44,2023-08-17,CSCO,CISCO SYSTEMS INC,3674.0,243.0
17275R10,55.04,54.63,2023-08-18,CSCO,CISCO SYSTEMS INC,3674.0,243.0
17275R10,55.44,55.2,2023-08-21,CSCO,CISCO SYSTEMS INC,3674.0,243.0
17275R10,55.46,55.48,2023-08-22,CSCO,CISCO SYSTEMS INC,3674.0,243.0
17275R10,55.98,55.61,2023-08-23,CSCO,CISCO SYSTEMS INC,3674.0,243.0
17275R10,55.24,56.32,2023-08-24,CSCO,CISCO SYSTEMS INC,3674.0,243.0
17275R10,55.7,55.25,2023-08-25,CSCO,CISCO SYSTEMS INC,3674.0,243.0
17275R10,56.2,55.89,2023-08-28,CSCO,CISCO SYSTEMS INC,3674.0,243.0
17275R10,56.56,56.35,2023-08-29,CSCO,CISCO SYSTEMS INC,3674.0,243.0
17275R10,56.81,56.63,2023-08-30,CSCO,CISCO SYSTEMS INC,3674.0,243.0
17275R10,57.35,57.1,2023-08-31,CSCO,CISCO SYSTEMS INC,3674.0,243.0
17275R10,57.84,57.39,2023-09-01,CSCO,CISCO SYSTEMS INC,3674.0,243.0
17275R10,57.26,57.82,2023-09-05,CSCO,CISCO SYSTEMS INC,3674.0,243.0
17275R10,57.16,57.1,2023-09-06,CSCO,CISCO SYSTEMS INC,3674.0,243.0
17275R10,56.79,56.97,2023-09-07,CSCO,CISCO SYSTEMS INC,3674.0,243.0
17275R10,56.67,56.76,2023-09-08,CSCO,CISCO SYSTEMS INC,3674.0,243.0
17275R10,56.84,56.72,2023-09-11,CSCO,CISCO SYSTEMS INC,3674.0,243.0
17275R10,56.39,56.65,2023-09-12,CSCO,CISCO SYSTEMS INC,3674.0,243.0
17275R10,56.28,56.32,2023-09-13,CSCO,CISCO SYSTEMS INC,3674.0,243.0
17275R10,56.37,56.42,2023-09-14,CSCO,CISCO SYSTEMS INC,3674.0,243.0
17275R10,56.04,56.31,2023-09-15,CSCO,CISCO SYSTEMS INC,3674.0,243.0
17275R10,56.11,56.01,2023-09-18,CSCO,CISCO SYSTEMS INC,3674.0,243.0
17275R10,55.84,56.18,2023-09-19,CSCO,CISCO SYSTEMS INC,3674.0,243.0
17275R10,55.5,55.95,2023-09-20,CSCO,CISCO SYSTEMS INC,3674.0,243.0
17275R10,53.34,53.41,2023-09-21,CSCO,CISCO SYSTEMS INC,3674.0,243.0
17275R10,53.57,53.4,2023-09-22,CSCO,CISCO SYSTEMS INC,3674.0,243.0
17275R10,53.48,53.46,2023-09-25,CSCO,CISCO SYSTEMS INC,3674.0,243.0
17275R10,52.71,53.18,2023-09-26,CSCO,CISCO SYSTEMS INC,3674.0,243.0
17275R10,53.2,52.89,2023-09-27,CSCO,CISCO SYSTEMS INC,3674.0,243.0
17275R10,53.88,53.37,2023-09-28,CSCO,CISCO SYSTEMS INC,3674.0,243.0
17275R10,53.76,54.16,2023-09-29,CSCO,CISCO SYSTEMS INC,3674.0,243.0
17275R10,54.39,53.84,2023-10-02,CSCO,CISCO SYSTEMS INC,3674.0,243.0
17275R10,53.65,53.86,2023-10-03,CSCO,CISCO SYSTEMS INC,3674.0,243.0
17275R10,53.45,53.66,2023-10-04,CSCO,CISCO SYSTEMS INC,3674.0,243.0
17275R10,53.07,53.4,2023-10-05,CSCO,CISCO SYSTEMS INC,3674.0,243.0
17275R10,53.45,52.99,2023-10-06,CSCO,CISCO SYSTEMS INC,3674.0,243.0
17275R10,53.92,53.35,2023-10-09,CSCO,CISCO SYSTEMS INC,3674.0,243.0
17275R10,53.87,53.96,2023-10-10,CSCO,CISCO SYSTEMS INC,3674.0,243.0
17275R10,53.66,53.93,2023-10-11,CSCO,CISCO SYSTEMS INC,3674.0,243.0
17275R10,53.85,54.02,2023-10-12,CSCO,CISCO SYSTEMS INC,3674.0,243.0
17275R10,53.77,53.88,2023-10-13,CSCO,CISCO SYSTEMS INC,3674.0,243.0
17275R10,54.16,54.07,2023-10-16,CSCO,CISCO SYSTEMS INC,3674.0,243.0
17275R10,53.94,53.79,2023-10-17,CSCO,CISCO SYSTEMS INC,3674.0,243.0
17275R10,53.77,53.79,2023-10-18,CSCO,CISCO SYSTEMS INC,3674.0,243.0
17275R10,53.32,53.76,2023-10-19,CSCO,CISCO SYSTEMS INC,3674.0,243.0
17275R10,52.93,53.39,2023-10-20,CSCO,CISCO SYSTEMS INC,3674.0,243.0
17275R10,52.2,52.82,2023-10-23,CSCO,CISCO SYSTEMS INC,3674.0,243.0
17275R10,53.01,52.26,2023-10-24,CSCO,CISCO SYSTEMS INC,3674.0,243.0
17275R10,52.4,53.11,2023-10-25,CSCO,CISCO SYSTEMS INC,3674.0,243.0
17275R10,51.37,51.8735,2023-10-26,CSCO,CISCO SYSTEMS INC,3674.0,243.0
17275R10,51.56,51.64,2023-10-27,CSCO,CISCO SYSTEMS INC,3674.0,243.0
17275R10,51.57,51.35,2023-10-30,CSCO,CISCO SYSTEMS INC,3674.0,243.0
17275R10,52.13,51.75,2023-10-31,CSCO,CISCO SYSTEMS INC,3674.0,243.0
17275R10,52.19,52.04,2023-11-01,CSCO,CISCO SYSTEMS INC,3674.0,243.0
17275R10,52.75,52.32,2023-11-02,CSCO,CISCO SYSTEMS INC,3674.0,243.0
17275R10,53.01,53.26,2023-11-03,CSCO,CISCO SYSTEMS INC,3674.0,243.0
17275R10,53.29,52.97,2023-11-06,CSCO,CISCO SYSTEMS INC,3674.0,243.0
17275R10,53.13,53.34,2023-11-07,CSCO,CISCO SYSTEMS INC,3674.0,243.0
17275R10,53.0,53.39,2023-11-08,CSCO,CISCO SYSTEMS INC,3674.0,243.0
17275R10,52.0,52.12,2023-11-09,CSCO,CISCO SYSTEMS INC,3674.0,243.0
17275R10,52.59,52.25,2023-11-10,CSCO,CISCO SYSTEMS INC,3674.0,243.0
17275R10,52.23,52.48,2023-11-13,CSCO,CISCO SYSTEMS INC,3674.0,243.0
17275R10,53.17,52.47,2023-11-14,CSCO,CISCO SYSTEMS INC,3674.0,243.0
17275R10,53.28,53.27,2023-11-15,CSCO,CISCO SYSTEMS INC,3674.0,243.0
17275R10,48.04,47.41,2023-11-16,CSCO,CISCO SYSTEMS INC,3674.0,243.0
17275R10,47.755,48.05,2023-11-17,CSCO,CISCO SYSTEMS INC,3674.0,243.0
17275R10,48.27,47.56,2023-11-20,CSCO,CISCO SYSTEMS INC,3674.0,243.0
17275R10,47.8,48.27,2023-11-21,CSCO,CISCO SYSTEMS INC,3674.0,243.0
17275R10,48.08,48.08,2023-11-22,CSCO,CISCO SYSTEMS INC,3674.0,243.0
17275R10,48.36,48.09,2023-11-24,CSCO,CISCO SYSTEMS INC,3674.0,243.0
17275R10,47.93,48.33,2023-11-27,CSCO,CISCO SYSTEMS INC,3674.0,243.0
17275R10,47.85,47.95,2023-11-28,CSCO,CISCO SYSTEMS INC,3674.0,243.0
17275R10,48.05,48.11,2023-11-29,CSCO,CISCO SYSTEMS INC,3674.0,243.0
17275R10,48.38,48.19,2023-11-30,CSCO,CISCO SYSTEMS INC,3674.0,243.0
17275R10,48.47,48.28,2023-12-01,CSCO,CISCO SYSTEMS INC,3674.0,243.0
17275R10,48.05,48.06,2023-12-04,CSCO,CISCO SYSTEMS INC,3674.0,243.0
17275R10,47.93,47.745,2023-12-05,CSCO,CISCO SYSTEMS INC,3674.0,243.0
17275R10,47.7,48.07,2023-12-06,CSCO,CISCO SYSTEMS INC,3674.0,243.0
17275R10,48.26,47.905,2023-12-07,CSCO,CISCO SYSTEMS INC,3674.0,243.0
17275R10,48.38,48.28,2023-12-08,CSCO,CISCO SYSTEMS INC,3674.0,243.0
17275R10,49.39,48.94,2023-12-11,CSCO,CISCO SYSTEMS INC,3674.0,243.0
17275R10,49.33,49.58,2023-12-12,CSCO,CISCO SYSTEMS INC,3674.0,243.0
17275R10,49.69,49.24,2023-12-13,CSCO,CISCO SYSTEMS INC,3674.0,243.0
17275R10,49.44,50.0,2023-12-14,CSCO,CISCO SYSTEMS INC,3674.0,243.0
17275R10,49.87,49.485,2023-12-15,CSCO,CISCO SYSTEMS INC,3674.0,243.0
17275R10,50.24,49.92,2023-12-18,CSCO,CISCO SYSTEMS INC,3674.0,243.0
17275R10,50.18,50.365,2023-12-19,CSCO,CISCO SYSTEMS INC,3674.0,243.0
17275R10,49.8,50.12,2023-12-20,CSCO,CISCO SYSTEMS INC,3674.0,243.0
17275R10,49.7,49.93,2023-12-21,CSCO,CISCO SYSTEMS INC,3674.0,243.0
17275R10,50.09,49.84,2023-12-22,CSCO,CISCO SYSTEMS INC,3674.0,243.0
17275R10,50.28,50.11,2023-12-26,CSCO,CISCO SYSTEMS INC,3674.0,243.0
17275R10,50.44,50.3,2023-12-27,CSCO,CISCO SYSTEMS INC,3674.0,243.0
17275R10,50.48,50.58,2023-12-28,CSCO,CISCO SYSTEMS INC,3674.0,243.0
17275R10,50.52,50.45,2023-12-29,CSCO,CISCO SYSTEMS INC,3674.0,243.0
