cusip,prc,openprc,date,htick,hcomnam,hsiccd,numshr
3100110,26.99,26.45,2009-01-02,ATLO,AMES NATL CORP,6021.0,165.0
3100110,27.41,26.99,2009-01-05,ATLO,AMES NATL CORP,6021.0,165.0
3100110,26.81,27.54,2009-01-06,ATLO,AMES NATL CORP,6021.0,165.0
3100110,26.51,26.38,2009-01-07,ATLO,AMES NATL CORP,6021.0,165.0
3100110,27.14,27.04,2009-01-08,ATLO,AMES NATL CORP,6021.0,165.0
3100110,26.74,27.5,2009-01-09,ATLO,AMES NATL CORP,6021.0,165.0
3100110,26.5,26.7,2009-01-12,ATLO,AMES NATL CORP,6021.0,165.0
3100110,28.57,26.28,2009-01-13,ATLO,AMES NATL CORP,6021.0,165.0
3100110,26.89,27.17,2009-01-14,ATLO,AMES NATL CORP,6021.0,165.0
3100110,27.78,27.92,2009-01-15,ATLO,AMES NATL CORP,6021.0,165.0
3100110,27.21,28.1,2009-01-16,ATLO,AMES NATL CORP,6021.0,165.0
3100110,23.38,26.61,2009-01-20,ATLO,AMES NATL CORP,6021.0,165.0
3100110,26.11,23.68,2009-01-21,ATLO,AMES NATL CORP,6021.0,165.0
3100110,23.97,25.55,2009-01-22,ATLO,AMES NATL CORP,6021.0,165.0
3100110,23.66,24.12,2009-01-23,ATLO,AMES NATL CORP,6021.0,165.0
3100110,25.17,23.58,2009-01-26,ATLO,AMES NATL CORP,6021.0,165.0
3100110,25.17,25.19,2009-01-27,ATLO,AMES NATL CORP,6021.0,165.0
3100110,24.96,25.25,2009-01-28,ATLO,AMES NATL CORP,6021.0,165.0
3100110,23.93,23.86,2009-01-29,ATLO,AMES NATL CORP,6021.0,165.0
3100110,22.88,24.14,2009-01-30,ATLO,AMES NATL CORP,6021.0,165.0
3100110,25.22,23.57,2009-02-02,ATLO,AMES NATL CORP,6021.0,165.0
3100110,24.74,25.22,2009-02-03,ATLO,AMES NATL CORP,6021.0,165.0
3100110,24.47,24.67,2009-02-04,ATLO,AMES NATL CORP,6021.0,165.0
3100110,25.16,24.09,2009-02-05,ATLO,AMES NATL CORP,6021.0,165.0
3100110,26.48,24.59,2009-02-06,ATLO,AMES NATL CORP,6021.0,165.0
3100110,26.3,25.95,2009-02-09,ATLO,AMES NATL CORP,6021.0,165.0
3100110,23.65,26.26,2009-02-10,ATLO,AMES NATL CORP,6021.0,165.0
3100110,23.87,24.47,2009-02-11,ATLO,AMES NATL CORP,6021.0,165.0
3100110,23.7,23.51,2009-02-12,ATLO,AMES NATL CORP,6021.0,165.0
3100110,23.62,23.8,2009-02-13,ATLO,AMES NATL CORP,6021.0,165.0
3100110,17.79,21.9,2009-02-17,ATLO,AMES NATL CORP,6021.0,165.0
3100110,15.65,18.08,2009-02-18,ATLO,AMES NATL CORP,6021.0,165.0
3100110,16.03,15.91,2009-02-19,ATLO,AMES NATL CORP,6021.0,165.0
3100110,16.5,15.79,2009-02-20,ATLO,AMES NATL CORP,6021.0,165.0
3100110,15.12,16.71,2009-02-23,ATLO,AMES NATL CORP,6021.0,165.0
3100110,17.34,15.32,2009-02-24,ATLO,AMES NATL CORP,6021.0,165.0
3100110,17.7,17.24,2009-02-25,ATLO,AMES NATL CORP,6021.0,165.0
3100110,16.78,17.93,2009-02-26,ATLO,AMES NATL CORP,6021.0,165.0
3100110,16.04,16.5,2009-02-27,ATLO,AMES NATL CORP,6021.0,165.0
3100110,16.13,15.85,2009-03-02,ATLO,AMES NATL CORP,6021.0,165.0
3100110,15.91,16.49,2009-03-03,ATLO,AMES NATL CORP,6021.0,165.0
3100110,16.99,16.19,2009-03-04,ATLO,AMES NATL CORP,6021.0,165.0
3100110,15.24,16.48,2009-03-05,ATLO,AMES NATL CORP,6021.0,165.0
3100110,15.71,15.48,2009-03-06,ATLO,AMES NATL CORP,6021.0,165.0
3100110,14.92,16.24,2009-03-09,ATLO,AMES NATL CORP,6021.0,165.0
3100110,16.13,15.87,2009-03-10,ATLO,AMES NATL CORP,6021.0,165.0
3100110,15.07,16.21,2009-03-11,ATLO,AMES NATL CORP,6021.0,165.0
3100110,17.08,15.02,2009-03-12,ATLO,AMES NATL CORP,6021.0,165.0
3100110,17.03,17.13,2009-03-13,ATLO,AMES NATL CORP,6021.0,165.0
3100110,17.71,18.3,2009-03-16,ATLO,AMES NATL CORP,6021.0,165.0
3100110,18.22,18.06,2009-03-17,ATLO,AMES NATL CORP,6021.0,165.0
3100110,17.2,18.0,2009-03-18,ATLO,AMES NATL CORP,6021.0,165.0
3100110,17.35,17.41,2009-03-19,ATLO,AMES NATL CORP,6021.0,165.0
3100110,17.68,17.55,2009-03-20,ATLO,AMES NATL CORP,6021.0,165.0
3100110,18.29,18.1,2009-03-23,ATLO,AMES NATL CORP,6021.0,165.0
3100110,17.67,17.98,2009-03-24,ATLO,AMES NATL CORP,6021.0,165.0
3100110,17.57,17.89,2009-03-25,ATLO,AMES NATL CORP,6021.0,165.0
3100110,18.25,17.91,2009-03-26,ATLO,AMES NATL CORP,6021.0,165.0
3100110,17.11,17.34,2009-03-27,ATLO,AMES NATL CORP,6021.0,165.0
3100110,17.14,17.0,2009-03-30,ATLO,AMES NATL CORP,6021.0,165.0
3100110,17.09,17.44,2009-03-31,ATLO,AMES NATL CORP,6021.0,165.0
3100110,18.17,17.0,2009-04-01,ATLO,AMES NATL CORP,6021.0,165.0
3100110,19.87,18.35,2009-04-02,ATLO,AMES NATL CORP,6021.0,165.0
3100110,20.43,19.76,2009-04-03,ATLO,AMES NATL CORP,6021.0,165.0
3100110,19.1,19.51,2009-04-06,ATLO,AMES NATL CORP,6021.0,165.0
3100110,17.89,18.74,2009-04-07,ATLO,AMES NATL CORP,6021.0,165.0
3100110,19.1,18.0,2009-04-08,ATLO,AMES NATL CORP,6021.0,165.0
3100110,20.49,19.76,2009-04-09,ATLO,AMES NATL CORP,6021.0,165.0
3100110,20.1,20.14,2009-04-13,ATLO,AMES NATL CORP,6021.0,165.0
3100110,18.73,19.68,2009-04-14,ATLO,AMES NATL CORP,6021.0,165.0
3100110,19.98,18.77,2009-04-15,ATLO,AMES NATL CORP,6021.0,165.0
3100110,20.39,20.2,2009-04-16,ATLO,AMES NATL CORP,6021.0,165.0
3100110,20.4,20.46,2009-04-17,ATLO,AMES NATL CORP,6021.0,165.0
3100110,19.72,19.83,2009-04-20,ATLO,AMES NATL CORP,6021.0,165.0
3100110,21.0,20.4,2009-04-21,ATLO,AMES NATL CORP,6021.0,165.0
3100110,20.99,19.81,2009-04-22,ATLO,AMES NATL CORP,6021.0,165.0
3100110,19.92,21.03,2009-04-23,ATLO,AMES NATL CORP,6021.0,165.0
3100110,21.3,20.2,2009-04-24,ATLO,AMES NATL CORP,6021.0,165.0
3100110,19.88,20.75,2009-04-27,ATLO,AMES NATL CORP,6021.0,165.0
3100110,20.12,19.81,2009-04-28,ATLO,AMES NATL CORP,6021.0,165.0
3100110,21.74,20.27,2009-04-29,ATLO,AMES NATL CORP,6021.0,165.0
3100110,21.68,21.85,2009-04-30,ATLO,AMES NATL CORP,6021.0,165.0
3100110,20.06,21.17,2009-05-01,ATLO,AMES NATL CORP,6021.0,165.0
3100110,20.05,20.37,2009-05-04,ATLO,AMES NATL CORP,6021.0,165.0
3100110,19.08,20.25,2009-05-05,ATLO,AMES NATL CORP,6021.0,165.0
3100110,18.27,19.27,2009-05-06,ATLO,AMES NATL CORP,6021.0,165.0
3100110,16.74,18.5,2009-05-07,ATLO,AMES NATL CORP,6021.0,165.0
3100110,18.99,17.11,2009-05-08,ATLO,AMES NATL CORP,6021.0,165.0
3100110,17.54,18.48,2009-05-11,ATLO,AMES NATL CORP,6021.0,165.0
3100110,18.4,17.61,2009-05-12,ATLO,AMES NATL CORP,6021.0,165.0
3100110,16.69,18.02,2009-05-13,ATLO,AMES NATL CORP,6021.0,165.0
3100110,17.91,17.46,2009-05-14,ATLO,AMES NATL CORP,6021.0,165.0
3100110,17.63,18.05,2009-05-15,ATLO,AMES NATL CORP,6021.0,165.0
3100110,18.02,17.98,2009-05-18,ATLO,AMES NATL CORP,6021.0,165.0
3100110,17.57,17.6,2009-05-19,ATLO,AMES NATL CORP,6021.0,165.0
3100110,19.12,17.8,2009-05-20,ATLO,AMES NATL CORP,6021.0,165.0
3100110,18.5,18.822,2009-05-21,ATLO,AMES NATL CORP,6021.0,165.0
3100110,18.98,18.31,2009-05-22,ATLO,AMES NATL CORP,6021.0,165.0
3100110,20.16,18.12,2009-05-26,ATLO,AMES NATL CORP,6021.0,165.0
3100110,19.89,19.99,2009-05-27,ATLO,AMES NATL CORP,6021.0,165.0
3100110,19.77,20.16,2009-05-28,ATLO,AMES NATL CORP,6021.0,165.0
3100110,20.47,19.79,2009-05-29,ATLO,AMES NATL CORP,6021.0,165.0
3100110,22.02,20.5,2009-06-01,ATLO,AMES NATL CORP,6021.0,165.0
3100110,21.96,21.83,2009-06-02,ATLO,AMES NATL CORP,6021.0,165.0
3100110,21.92,21.73,2009-06-03,ATLO,AMES NATL CORP,6021.0,165.0
3100110,22.35,21.99,2009-06-04,ATLO,AMES NATL CORP,6021.0,165.0
3100110,22.08,22.35,2009-06-05,ATLO,AMES NATL CORP,6021.0,165.0
3100110,21.68,21.8,2009-06-08,ATLO,AMES NATL CORP,6021.0,165.0
3100110,21.92,21.76,2009-06-09,ATLO,AMES NATL CORP,6021.0,165.0
3100110,21.41,21.645,2009-06-10,ATLO,AMES NATL CORP,6021.0,165.0
3100110,21.59,21.55,2009-06-11,ATLO,AMES NATL CORP,6021.0,165.0
3100110,21.92,21.3,2009-06-12,ATLO,AMES NATL CORP,6021.0,165.0
3100110,21.23,21.52,2009-06-15,ATLO,AMES NATL CORP,6021.0,165.0
3100110,20.75,21.37,2009-06-16,ATLO,AMES NATL CORP,6021.0,165.0
3100110,22.86,20.81,2009-06-17,ATLO,AMES NATL CORP,6021.0,165.0
3100110,23.03,22.75,2009-06-18,ATLO,AMES NATL CORP,6021.0,165.0
3100110,23.0,23.38,2009-06-19,ATLO,AMES NATL CORP,6021.0,165.0
3100110,21.91,22.85,2009-06-22,ATLO,AMES NATL CORP,6021.0,165.0
3100110,22.29,22.05,2009-06-23,ATLO,AMES NATL CORP,6021.0,165.0
3100110,21.62,21.68,2009-06-24,ATLO,AMES NATL CORP,6021.0,165.0
3100110,22.26,21.47,2009-06-25,ATLO,AMES NATL CORP,6021.0,165.0
3100110,27.0,22.06,2009-06-26,ATLO,AMES NATL CORP,6021.0,165.0
3100110,24.89,24.87,2009-06-29,ATLO,AMES NATL CORP,6021.0,165.0
3100110,24.41,24.99,2009-06-30,ATLO,AMES NATL CORP,6021.0,165.0
3100110,25.01,24.68,2009-07-01,ATLO,AMES NATL CORP,6021.0,165.0
3100110,23.96,24.54,2009-07-02,ATLO,AMES NATL CORP,6021.0,165.0
3100110,24.2,23.95,2009-07-06,ATLO,AMES NATL CORP,6021.0,165.0
3100110,23.36,24.14,2009-07-07,ATLO,AMES NATL CORP,6021.0,165.0
3100110,23.36,23.61,2009-07-08,ATLO,AMES NATL CORP,6021.0,165.0
3100110,22.49,23.49,2009-07-09,ATLO,AMES NATL CORP,6021.0,165.0
3100110,22.52,22.58,2009-07-10,ATLO,AMES NATL CORP,6021.0,165.0
3100110,22.54,22.58,2009-07-13,ATLO,AMES NATL CORP,6021.0,165.0
3100110,22.58,22.95,2009-07-14,ATLO,AMES NATL CORP,6021.0,165.0
3100110,24.53,22.92,2009-07-15,ATLO,AMES NATL CORP,6021.0,165.0
3100110,25.94,24.43,2009-07-16,ATLO,AMES NATL CORP,6021.0,165.0
3100110,25.43,25.83,2009-07-17,ATLO,AMES NATL CORP,6021.0,165.0
3100110,24.67,25.5,2009-07-20,ATLO,AMES NATL CORP,6021.0,165.0
3100110,23.7,24.92,2009-07-21,ATLO,AMES NATL CORP,6021.0,165.0
3100110,24.46,23.62,2009-07-22,ATLO,AMES NATL CORP,6021.0,165.0
3100110,24.95,24.32,2009-07-23,ATLO,AMES NATL CORP,6021.0,165.0
3100110,25.99,24.61,2009-07-24,ATLO,AMES NATL CORP,6021.0,165.0
3100110,25.81,25.63,2009-07-27,ATLO,AMES NATL CORP,6021.0,165.0
3100110,25.83,25.45,2009-07-28,ATLO,AMES NATL CORP,6021.0,165.0
3100110,25.77,25.74,2009-07-29,ATLO,AMES NATL CORP,6021.0,165.0
3100110,26.3,26.0,2009-07-30,ATLO,AMES NATL CORP,6021.0,165.0
3100110,26.12,26.08,2009-07-31,ATLO,AMES NATL CORP,6021.0,165.0
3100110,25.53,25.36,2009-08-03,ATLO,AMES NATL CORP,6021.0,165.0
3100110,26.16,25.17,2009-08-04,ATLO,AMES NATL CORP,6021.0,165.0
3100110,24.71,25.41,2009-08-05,ATLO,AMES NATL CORP,6021.0,165.0
3100110,24.79,24.84,2009-08-06,ATLO,AMES NATL CORP,6021.0,165.0
3100110,26.83,25.48,2009-08-07,ATLO,AMES NATL CORP,6021.0,165.0
3100110,25.66,26.53,2009-08-10,ATLO,AMES NATL CORP,6021.0,165.0
3100110,24.89,25.14,2009-08-11,ATLO,AMES NATL CORP,6021.0,165.0
3100110,25.63,25.0,2009-08-12,ATLO,AMES NATL CORP,6021.0,165.0
3100110,25.94,25.74,2009-08-13,ATLO,AMES NATL CORP,6021.0,165.0
3100110,23.63,25.87,2009-08-14,ATLO,AMES NATL CORP,6021.0,165.0
3100110,24.28,24.15,2009-08-17,ATLO,AMES NATL CORP,6021.0,165.0
3100110,26.3,24.43,2009-08-18,ATLO,AMES NATL CORP,6021.0,165.0
3100110,25.08,25.79,2009-08-19,ATLO,AMES NATL CORP,6021.0,165.0
3100110,26.18,25.08,2009-08-20,ATLO,AMES NATL CORP,6021.0,165.0
3100110,25.27,26.74,2009-08-21,ATLO,AMES NATL CORP,6021.0,165.0
3100110,24.84,25.12,2009-08-24,ATLO,AMES NATL CORP,6021.0,165.0
3100110,24.99,25.18,2009-08-25,ATLO,AMES NATL CORP,6021.0,165.0
3100110,26.08,25.11,2009-08-26,ATLO,AMES NATL CORP,6021.0,165.0
3100110,26.26,26.1,2009-08-27,ATLO,AMES NATL CORP,6021.0,165.0
3100110,24.79,26.6,2009-08-28,ATLO,AMES NATL CORP,6021.0,165.0
3100110,24.27,25.44,2009-08-31,ATLO,AMES NATL CORP,6021.0,165.0
3100110,23.69,24.0,2009-09-01,ATLO,AMES NATL CORP,6021.0,165.0
3100110,23.68,23.62,2009-09-02,ATLO,AMES NATL CORP,6021.0,165.0
3100110,24.25,23.76,2009-09-03,ATLO,AMES NATL CORP,6021.0,165.0
3100110,23.69,23.52,2009-09-04,ATLO,AMES NATL CORP,6021.0,165.0
3100110,23.96,23.91,2009-09-08,ATLO,AMES NATL CORP,6021.0,165.0
3100110,24.28,24.03,2009-09-09,ATLO,AMES NATL CORP,6021.0,165.0
3100110,23.85,23.81,2009-09-10,ATLO,AMES NATL CORP,6021.0,165.0
3100110,23.16,23.56,2009-09-11,ATLO,AMES NATL CORP,6021.0,165.0
3100110,23.45,23.1,2009-09-14,ATLO,AMES NATL CORP,6021.0,165.0
3100110,23.61,23.32,2009-09-15,ATLO,AMES NATL CORP,6021.0,165.0
3100110,24.27,23.49,2009-09-16,ATLO,AMES NATL CORP,6021.0,165.0
3100110,24.62,24.27,2009-09-17,ATLO,AMES NATL CORP,6021.0,165.0
3100110,24.99,24.8,2009-09-18,ATLO,AMES NATL CORP,6021.0,165.0
3100110,25.06,24.34,2009-09-21,ATLO,AMES NATL CORP,6021.0,165.0
3100110,25.11,25.5,2009-09-22,ATLO,AMES NATL CORP,6021.0,165.0
3100110,24.6,25.09,2009-09-23,ATLO,AMES NATL CORP,6021.0,165.0
3100110,24.16,24.81,2009-09-24,ATLO,AMES NATL CORP,6021.0,165.0
3100110,25.07,24.16,2009-09-25,ATLO,AMES NATL CORP,6021.0,165.0
3100110,25.35,24.92,2009-09-28,ATLO,AMES NATL CORP,6021.0,165.0
3100110,24.27,25.46,2009-09-29,ATLO,AMES NATL CORP,6021.0,165.0
3100110,24.11,24.36,2009-09-30,ATLO,AMES NATL CORP,6021.0,165.0
3100110,23.71,24.1,2009-10-01,ATLO,AMES NATL CORP,6021.0,165.0
3100110,24.06,23.55,2009-10-02,ATLO,AMES NATL CORP,6021.0,165.0
3100110,23.13,24.12,2009-10-05,ATLO,AMES NATL CORP,6021.0,165.0
3100110,23.74,24.35,2009-10-06,ATLO,AMES NATL CORP,6021.0,165.0
3100110,23.52,23.48,2009-10-07,ATLO,AMES NATL CORP,6021.0,165.0
3100110,23.43,23.59,2009-10-08,ATLO,AMES NATL CORP,6021.0,165.0
3100110,23.96,23.91,2009-10-09,ATLO,AMES NATL CORP,6021.0,165.0
3100110,23.52,24.06,2009-10-12,ATLO,AMES NATL CORP,6021.0,165.0
3100110,24.56,23.41,2009-10-13,ATLO,AMES NATL CORP,6021.0,165.0
3100110,24.6,24.8,2009-10-14,ATLO,AMES NATL CORP,6021.0,165.0
3100110,24.0,24.33,2009-10-15,ATLO,AMES NATL CORP,6021.0,165.0
3100110,23.06,23.85,2009-10-16,ATLO,AMES NATL CORP,6021.0,165.0
3100110,23.1,23.27,2009-10-19,ATLO,AMES NATL CORP,6021.0,165.0
3100110,22.68,23.07,2009-10-20,ATLO,AMES NATL CORP,6021.0,165.0
3100110,22.18,22.54,2009-10-21,ATLO,AMES NATL CORP,6021.0,165.0
3100110,23.1,22.15,2009-10-22,ATLO,AMES NATL CORP,6021.0,165.0
3100110,22.15,22.48,2009-10-23,ATLO,AMES NATL CORP,6021.0,165.0
3100110,22.0,22.15,2009-10-26,ATLO,AMES NATL CORP,6021.0,165.0
3100110,22.25,22.04,2009-10-27,ATLO,AMES NATL CORP,6021.0,165.0
3100110,22.31,22.28,2009-10-28,ATLO,AMES NATL CORP,6021.0,165.0
3100110,22.07,22.51,2009-10-29,ATLO,AMES NATL CORP,6021.0,165.0
3100110,21.0,21.9,2009-10-30,ATLO,AMES NATL CORP,6021.0,165.0
3100110,21.99,21.1,2009-11-02,ATLO,AMES NATL CORP,6021.0,165.0
3100110,21.62,21.85,2009-11-03,ATLO,AMES NATL CORP,6021.0,165.0
3100110,19.96,21.69,2009-11-04,ATLO,AMES NATL CORP,6021.0,165.0
3100110,20.73,20.13,2009-11-05,ATLO,AMES NATL CORP,6021.0,165.0
3100110,20.16,20.39,2009-11-06,ATLO,AMES NATL CORP,6021.0,165.0
3100110,20.82,20.49,2009-11-09,ATLO,AMES NATL CORP,6021.0,165.0
3100110,20.18,20.62,2009-11-10,ATLO,AMES NATL CORP,6021.0,165.0
3100110,20.34,20.46,2009-11-11,ATLO,AMES NATL CORP,6021.0,165.0
3100110,19.09,19.865,2009-11-12,ATLO,AMES NATL CORP,6021.0,165.0
3100110,19.1,19.25,2009-11-13,ATLO,AMES NATL CORP,6021.0,165.0
3100110,19.38,19.34,2009-11-16,ATLO,AMES NATL CORP,6021.0,165.0
3100110,19.26,19.38,2009-11-17,ATLO,AMES NATL CORP,6021.0,165.0
3100110,19.25,19.26,2009-11-18,ATLO,AMES NATL CORP,6021.0,165.0
3100110,19.25,19.16,2009-11-19,ATLO,AMES NATL CORP,6021.0,165.0
3100110,19.28,19.15,2009-11-20,ATLO,AMES NATL CORP,6021.0,165.0
3100110,20.36,19.65,2009-11-23,ATLO,AMES NATL CORP,6021.0,165.0
3100110,20.14,20.4,2009-11-24,ATLO,AMES NATL CORP,6021.0,165.0
3100110,19.7,20.17,2009-11-25,ATLO,AMES NATL CORP,6021.0,165.0
3100110,18.9,19.13,2009-11-27,ATLO,AMES NATL CORP,6021.0,165.0
3100110,19.33,18.95,2009-11-30,ATLO,AMES NATL CORP,6021.0,165.0
3100110,21.37,19.47,2009-12-01,ATLO,AMES NATL CORP,6021.0,165.0
3100110,21.3,21.32,2009-12-02,ATLO,AMES NATL CORP,6021.0,165.0
3100110,19.77,21.45,2009-12-03,ATLO,AMES NATL CORP,6021.0,165.0
3100110,19.88,20.29,2009-12-04,ATLO,AMES NATL CORP,6021.0,165.0
3100110,19.72,19.91,2009-12-07,ATLO,AMES NATL CORP,6021.0,165.0
3100110,19.32,19.62,2009-12-08,ATLO,AMES NATL CORP,6021.0,165.0
3100110,19.85,19.28,2009-12-09,ATLO,AMES NATL CORP,6021.0,165.0
3100110,19.72,19.9,2009-12-10,ATLO,AMES NATL CORP,6021.0,165.0
3100110,20.36,20.2,2009-12-11,ATLO,AMES NATL CORP,6021.0,165.0
3100110,20.78,20.48,2009-12-14,ATLO,AMES NATL CORP,6021.0,165.0
3100110,19.99,20.03,2009-12-15,ATLO,AMES NATL CORP,6021.0,165.0
3100110,20.63,20.27,2009-12-16,ATLO,AMES NATL CORP,6021.0,165.0
3100110,20.59,20.3,2009-12-17,ATLO,AMES NATL CORP,6021.0,165.0
3100110,21.98,20.74,2009-12-18,ATLO,AMES NATL CORP,6021.0,165.0
3100110,21.27,22.0,2009-12-21,ATLO,AMES NATL CORP,6021.0,165.0
3100110,20.77,21.3,2009-12-22,ATLO,AMES NATL CORP,6021.0,165.0
3100110,20.88,20.99,2009-12-23,ATLO,AMES NATL CORP,6021.0,165.0
3100110,21.14,21.68,2009-12-24,ATLO,AMES NATL CORP,6021.0,165.0
3100110,21.77,21.67,2009-12-28,ATLO,AMES NATL CORP,6021.0,165.0
3100110,21.49,21.77,2009-12-29,ATLO,AMES NATL CORP,6021.0,165.0
3100110,21.21,21.46,2009-12-30,ATLO,AMES NATL CORP,6021.0,165.0
3100110,21.11,21.26,2009-12-31,ATLO,AMES NATL CORP,6021.0,165.0
3100110,21.13,21.05,2010-01-04,ATLO,AMES NATL CORP,6021.0,165.0
3100110,20.61,21.06,2010-01-05,ATLO,AMES NATL CORP,6021.0,165.0
3100110,19.48,20.68,2010-01-06,ATLO,AMES NATL CORP,6021.0,165.0
3100110,19.27,19.55,2010-01-07,ATLO,AMES NATL CORP,6021.0,165.0
3100110,19.63,19.24,2010-01-08,ATLO,AMES NATL CORP,6021.0,165.0
3100110,19.68,19.75,2010-01-11,ATLO,AMES NATL CORP,6021.0,165.0
3100110,19.17,19.59,2010-01-12,ATLO,AMES NATL CORP,6021.0,165.0
3100110,19.82,19.3,2010-01-13,ATLO,AMES NATL CORP,6021.0,165.0
3100110,19.33,19.79,2010-01-14,ATLO,AMES NATL CORP,6021.0,165.0
3100110,19.27,19.48,2010-01-15,ATLO,AMES NATL CORP,6021.0,165.0
3100110,19.42,19.26,2010-01-19,ATLO,AMES NATL CORP,6021.0,165.0
3100110,19.1,19.28,2010-01-20,ATLO,AMES NATL CORP,6021.0,165.0
3100110,18.39,19.12,2010-01-21,ATLO,AMES NATL CORP,6021.0,165.0
3100110,18.14,18.43,2010-01-22,ATLO,AMES NATL CORP,6021.0,165.0
3100110,18.0,18.31,2010-01-25,ATLO,AMES NATL CORP,6021.0,165.0
3100110,18.0,18.0,2010-01-26,ATLO,AMES NATL CORP,6021.0,165.0
3100110,18.41,17.83,2010-01-27,ATLO,AMES NATL CORP,6021.0,165.0
3100110,18.06,18.4,2010-01-28,ATLO,AMES NATL CORP,6021.0,165.0
3100110,18.5,18.01,2010-01-29,ATLO,AMES NATL CORP,6021.0,165.0
3100110,18.13,18.56,2010-02-01,ATLO,AMES NATL CORP,6021.0,165.0
3100110,17.86,18.63,2010-02-02,ATLO,AMES NATL CORP,6021.0,165.0
3100110,17.76,17.86,2010-02-03,ATLO,AMES NATL CORP,6021.0,165.0
3100110,17.25,17.76,2010-02-04,ATLO,AMES NATL CORP,6021.0,165.0
3100110,17.48,17.52,2010-02-05,ATLO,AMES NATL CORP,6021.0,165.0
3100110,17.05,17.45,2010-02-08,ATLO,AMES NATL CORP,6021.0,165.0
3100110,17.54,17.4,2010-02-09,ATLO,AMES NATL CORP,6021.0,165.0
3100110,17.83,17.51,2010-02-10,ATLO,AMES NATL CORP,6021.0,165.0
3100110,17.71,17.39,2010-02-11,ATLO,AMES NATL CORP,6021.0,165.0
3100110,18.09,17.69,2010-02-12,ATLO,AMES NATL CORP,6021.0,165.0
3100110,18.46,18.34,2010-02-16,ATLO,AMES NATL CORP,6021.0,165.0
3100110,18.58,18.6,2010-02-17,ATLO,AMES NATL CORP,6021.0,165.0
3100110,18.85,18.58,2010-02-18,ATLO,AMES NATL CORP,6021.0,165.0
3100110,18.86,18.81,2010-02-19,ATLO,AMES NATL CORP,6021.0,165.0
3100110,18.97,18.63,2010-02-22,ATLO,AMES NATL CORP,6021.0,165.0
3100110,18.65,18.99,2010-02-23,ATLO,AMES NATL CORP,6021.0,165.0
3100110,18.79,18.78,2010-02-24,ATLO,AMES NATL CORP,6021.0,165.0
3100110,18.83,18.51,2010-02-25,ATLO,AMES NATL CORP,6021.0,165.0
3100110,18.51,18.85,2010-02-26,ATLO,AMES NATL CORP,6021.0,165.0
3100110,18.56,18.6,2010-03-01,ATLO,AMES NATL CORP,6021.0,165.0
3100110,18.85,18.53,2010-03-02,ATLO,AMES NATL CORP,6021.0,165.0
3100110,18.88,18.85,2010-03-03,ATLO,AMES NATL CORP,6021.0,165.0
3100110,18.9,18.51,2010-03-04,ATLO,AMES NATL CORP,6021.0,165.0
3100110,19.75,18.93,2010-03-05,ATLO,AMES NATL CORP,6021.0,165.0
3100110,19.74,19.39,2010-03-08,ATLO,AMES NATL CORP,6021.0,165.0
3100110,20.0,19.71,2010-03-09,ATLO,AMES NATL CORP,6021.0,165.0
3100110,20.06,19.94,2010-03-10,ATLO,AMES NATL CORP,6021.0,165.0
3100110,20.26,19.96,2010-03-11,ATLO,AMES NATL CORP,6021.0,165.0
3100110,19.98,20.41,2010-03-12,ATLO,AMES NATL CORP,6021.0,165.0
3100110,20.14,20.04,2010-03-15,ATLO,AMES NATL CORP,6021.0,165.0
3100110,20.61,20.15,2010-03-16,ATLO,AMES NATL CORP,6021.0,165.0
3100110,20.43,20.5,2010-03-17,ATLO,AMES NATL CORP,6021.0,165.0
3100110,20.32,20.5,2010-03-18,ATLO,AMES NATL CORP,6021.0,165.0
3100110,20.91,20.48,2010-03-19,ATLO,AMES NATL CORP,6021.0,165.0
3100110,21.25,20.76,2010-03-22,ATLO,AMES NATL CORP,6021.0,165.0
3100110,20.85,21.0,2010-03-23,ATLO,AMES NATL CORP,6021.0,165.0
3100110,20.38,20.8,2010-03-24,ATLO,AMES NATL CORP,6021.0,165.0
3100110,21.0,20.57,2010-03-25,ATLO,AMES NATL CORP,6021.0,165.0
3100110,20.0,20.65,2010-03-26,ATLO,AMES NATL CORP,6021.0,165.0
3100110,19.91,20.01,2010-03-29,ATLO,AMES NATL CORP,6021.0,165.0
3100110,20.59,19.69,2010-03-30,ATLO,AMES NATL CORP,6021.0,165.0
3100110,20.05,20.39,2010-03-31,ATLO,AMES NATL CORP,6021.0,165.0
3100110,19.68,20.05,2010-04-01,ATLO,AMES NATL CORP,6021.0,165.0
3100110,19.89,19.98,2010-04-05,ATLO,AMES NATL CORP,6021.0,165.0
3100110,19.62,19.68,2010-04-06,ATLO,AMES NATL CORP,6021.0,165.0
3100110,19.09,19.53,2010-04-07,ATLO,AMES NATL CORP,6021.0,165.0
3100110,18.96,18.6,2010-04-08,ATLO,AMES NATL CORP,6021.0,165.0
3100110,18.47,18.81,2010-04-09,ATLO,AMES NATL CORP,6021.0,165.0
3100110,19.53,18.45,2010-04-12,ATLO,AMES NATL CORP,6021.0,165.0
3100110,18.51,19.41,2010-04-13,ATLO,AMES NATL CORP,6021.0,165.0
3100110,19.15,18.59,2010-04-14,ATLO,AMES NATL CORP,6021.0,165.0
3100110,19.01,18.87,2010-04-15,ATLO,AMES NATL CORP,6021.0,165.0
3100110,19.05,18.99,2010-04-16,ATLO,AMES NATL CORP,6021.0,165.0
3100110,18.52,19.0,2010-04-19,ATLO,AMES NATL CORP,6021.0,165.0
3100110,18.94,18.565,2010-04-20,ATLO,AMES NATL CORP,6021.0,165.0
3100110,18.98,18.96,2010-04-21,ATLO,AMES NATL CORP,6021.0,165.0
3100110,20.06,18.78,2010-04-22,ATLO,AMES NATL CORP,6021.0,165.0
3100110,20.29,20.33,2010-04-23,ATLO,AMES NATL CORP,6021.0,165.0
3100110,19.68,19.94,2010-04-26,ATLO,AMES NATL CORP,6021.0,165.0
3100110,18.68,19.63,2010-04-27,ATLO,AMES NATL CORP,6021.0,165.0
3100110,18.9,18.78,2010-04-28,ATLO,AMES NATL CORP,6021.0,165.0
3100110,19.54,19.03,2010-04-29,ATLO,AMES NATL CORP,6021.0,165.0
3100110,19.13,19.6,2010-04-30,ATLO,AMES NATL CORP,6021.0,165.0
3100110,19.52,19.19,2010-05-03,ATLO,AMES NATL CORP,6021.0,165.0
3100110,18.74,19.26,2010-05-04,ATLO,AMES NATL CORP,6021.0,165.0
3100110,18.59,18.52,2010-05-05,ATLO,AMES NATL CORP,6021.0,165.0
3100110,18.1,18.59,2010-05-06,ATLO,AMES NATL CORP,6021.0,165.0
3100110,17.99,18.07,2010-05-07,ATLO,AMES NATL CORP,6021.0,165.0
3100110,18.92,18.54,2010-05-10,ATLO,AMES NATL CORP,6021.0,165.0
3100110,19.9,18.71,2010-05-11,ATLO,AMES NATL CORP,6021.0,165.0
3100110,20.39,19.92,2010-05-12,ATLO,AMES NATL CORP,6021.0,165.0
3100110,20.57,20.39,2010-05-13,ATLO,AMES NATL CORP,6021.0,165.0
3100110,19.12,20.35,2010-05-14,ATLO,AMES NATL CORP,6021.0,165.0
3100110,19.41,19.46,2010-05-17,ATLO,AMES NATL CORP,6021.0,165.0
3100110,19.0,19.67,2010-05-18,ATLO,AMES NATL CORP,6021.0,165.0
3100110,19.34,19.02,2010-05-19,ATLO,AMES NATL CORP,6021.0,165.0
3100110,19.0,19.01,2010-05-20,ATLO,AMES NATL CORP,6021.0,165.0
3100110,18.81,18.72,2010-05-21,ATLO,AMES NATL CORP,6021.0,165.0
3100110,19.28,18.81,2010-05-24,ATLO,AMES NATL CORP,6021.0,165.0
3100110,18.72,18.82,2010-05-25,ATLO,AMES NATL CORP,6021.0,165.0
3100110,18.77,18.83,2010-05-26,ATLO,AMES NATL CORP,6021.0,165.0
3100110,19.12,19.27,2010-05-27,ATLO,AMES NATL CORP,6021.0,165.0
3100110,18.66,19.0,2010-05-28,ATLO,AMES NATL CORP,6021.0,165.0
3100110,18.19,18.52,2010-06-01,ATLO,AMES NATL CORP,6021.0,165.0
3100110,19.09,18.9,2010-06-02,ATLO,AMES NATL CORP,6021.0,165.0
3100110,19.1,18.91,2010-06-03,ATLO,AMES NATL CORP,6021.0,165.0
3100110,18.03,18.82,2010-06-04,ATLO,AMES NATL CORP,6021.0,165.0
3100110,17.64,18.21,2010-06-07,ATLO,AMES NATL CORP,6021.0,165.0
3100110,17.56,17.68,2010-06-08,ATLO,AMES NATL CORP,6021.0,165.0
3100110,17.74,17.73,2010-06-09,ATLO,AMES NATL CORP,6021.0,165.0
3100110,18.55,17.98,2010-06-10,ATLO,AMES NATL CORP,6021.0,165.0
3100110,18.5,18.36,2010-06-11,ATLO,AMES NATL CORP,6021.0,165.0
3100110,18.48,18.68,2010-06-14,ATLO,AMES NATL CORP,6021.0,165.0
3100110,19.07,18.53,2010-06-15,ATLO,AMES NATL CORP,6021.0,165.0
3100110,18.55,18.89,2010-06-16,ATLO,AMES NATL CORP,6021.0,165.0
3100110,18.82,18.71,2010-06-17,ATLO,AMES NATL CORP,6021.0,165.0
3100110,19.29,18.97,2010-06-18,ATLO,AMES NATL CORP,6021.0,165.0
3100110,19.25,19.5,2010-06-21,ATLO,AMES NATL CORP,6021.0,165.0
3100110,19.57,19.39,2010-06-22,ATLO,AMES NATL CORP,6021.0,165.0
3100110,19.98,19.51,2010-06-23,ATLO,AMES NATL CORP,6021.0,165.0
3100110,19.91,19.76,2010-06-24,ATLO,AMES NATL CORP,6021.0,165.0
3100110,20.21,20.08,2010-06-25,ATLO,AMES NATL CORP,6021.0,165.0
3100110,20.25,20.2,2010-06-28,ATLO,AMES NATL CORP,6021.0,165.0
3100110,19.07,19.97,2010-06-29,ATLO,AMES NATL CORP,6021.0,165.0
3100110,19.54,19.07,2010-06-30,ATLO,AMES NATL CORP,6021.0,165.0
3100110,18.9,19.48,2010-07-01,ATLO,AMES NATL CORP,6021.0,165.0
3100110,19.37,19.09,2010-07-02,ATLO,AMES NATL CORP,6021.0,165.0
3100110,18.75,19.55,2010-07-06,ATLO,AMES NATL CORP,6021.0,165.0
3100110,19.84,18.88,2010-07-07,ATLO,AMES NATL CORP,6021.0,165.0
3100110,19.99,20.25,2010-07-08,ATLO,AMES NATL CORP,6021.0,165.0
3100110,19.72,19.9,2010-07-09,ATLO,AMES NATL CORP,6021.0,165.0
3100110,19.58,19.55,2010-07-12,ATLO,AMES NATL CORP,6021.0,165.0
3100110,20.23,19.92,2010-07-13,ATLO,AMES NATL CORP,6021.0,165.0
3100110,20.23,20.06,2010-07-14,ATLO,AMES NATL CORP,6021.0,165.0
3100110,19.9,20.19,2010-07-15,ATLO,AMES NATL CORP,6021.0,165.0
3100110,18.2,19.69,2010-07-16,ATLO,AMES NATL CORP,6021.0,165.0
3100110,18.51,18.26,2010-07-19,ATLO,AMES NATL CORP,6021.0,165.0
3100110,19.6,18.31,2010-07-20,ATLO,AMES NATL CORP,6021.0,165.0
3100110,18.5,19.68,2010-07-21,ATLO,AMES NATL CORP,6021.0,165.0
3100110,18.84,18.82,2010-07-22,ATLO,AMES NATL CORP,6021.0,165.0
3100110,19.68,18.67,2010-07-23,ATLO,AMES NATL CORP,6021.0,165.0
3100110,20.0,19.73,2010-07-26,ATLO,AMES NATL CORP,6021.0,165.0
3100110,19.42,20.0,2010-07-27,ATLO,AMES NATL CORP,6021.0,165.0
3100110,18.95,19.38,2010-07-28,ATLO,AMES NATL CORP,6021.0,165.0
3100110,19.17,18.7,2010-07-29,ATLO,AMES NATL CORP,6021.0,165.0
3100110,19.35,18.89,2010-07-30,ATLO,AMES NATL CORP,6021.0,165.0
3100110,19.34,19.61,2010-08-02,ATLO,AMES NATL CORP,6021.0,165.0
3100110,19.55,19.31,2010-08-03,ATLO,AMES NATL CORP,6021.0,165.0
3100110,19.75,19.72,2010-08-04,ATLO,AMES NATL CORP,6021.0,165.0
3100110,19.53,19.81,2010-08-05,ATLO,AMES NATL CORP,6021.0,165.0
3100110,19.25,19.3,2010-08-06,ATLO,AMES NATL CORP,6021.0,165.0
3100110,19.4,19.25,2010-08-09,ATLO,AMES NATL CORP,6021.0,165.0
3100110,19.33,19.22,2010-08-10,ATLO,AMES NATL CORP,6021.0,165.0
3100110,19.2,19.0,2010-08-11,ATLO,AMES NATL CORP,6021.0,165.0
3100110,18.09,19.0,2010-08-12,ATLO,AMES NATL CORP,6021.0,165.0
3100110,18.0,18.11,2010-08-13,ATLO,AMES NATL CORP,6021.0,165.0
3100110,18.55,18.0,2010-08-16,ATLO,AMES NATL CORP,6021.0,165.0
3100110,18.66,18.81,2010-08-17,ATLO,AMES NATL CORP,6021.0,165.0
3100110,18.45,18.57,2010-08-18,ATLO,AMES NATL CORP,6021.0,165.0
3100110,17.57,18.32,2010-08-19,ATLO,AMES NATL CORP,6021.0,165.0
3100110,17.43,17.55,2010-08-20,ATLO,AMES NATL CORP,6021.0,165.0
3100110,16.74,17.49,2010-08-23,ATLO,AMES NATL CORP,6021.0,165.0
3100110,16.65,16.66,2010-08-24,ATLO,AMES NATL CORP,6021.0,165.0
3100110,17.18,16.61,2010-08-25,ATLO,AMES NATL CORP,6021.0,165.0
3100110,16.91,17.0,2010-08-26,ATLO,AMES NATL CORP,6021.0,165.0
3100110,17.53,17.16,2010-08-27,ATLO,AMES NATL CORP,6021.0,165.0
3100110,17.09,17.5,2010-08-30,ATLO,AMES NATL CORP,6021.0,165.0
3100110,17.09,17.12,2010-08-31,ATLO,AMES NATL CORP,6021.0,165.0
3100110,17.54,17.34,2010-09-01,ATLO,AMES NATL CORP,6021.0,165.0
3100110,17.58,17.54,2010-09-02,ATLO,AMES NATL CORP,6021.0,165.0
3100110,18.39,17.58,2010-09-03,ATLO,AMES NATL CORP,6021.0,165.0
3100110,18.05,18.31,2010-09-07,ATLO,AMES NATL CORP,6021.0,165.0
3100110,17.79,18.02,2010-09-08,ATLO,AMES NATL CORP,6021.0,165.0
3100110,17.61,18.1,2010-09-09,ATLO,AMES NATL CORP,6021.0,165.0
3100110,17.39,17.16,2010-09-10,ATLO,AMES NATL CORP,6021.0,165.0
3100110,18.34,17.74,2010-09-13,ATLO,AMES NATL CORP,6021.0,165.0
3100110,18.23,18.34,2010-09-14,ATLO,AMES NATL CORP,6021.0,165.0
3100110,18.38,18.15,2010-09-15,ATLO,AMES NATL CORP,6021.0,165.0
3100110,18.13,18.29,2010-09-16,ATLO,AMES NATL CORP,6021.0,165.0
3100110,18.07,18.38,2010-09-17,ATLO,AMES NATL CORP,6021.0,165.0
3100110,19.63,18.17,2010-09-20,ATLO,AMES NATL CORP,6021.0,165.0
3100110,19.37,19.5,2010-09-21,ATLO,AMES NATL CORP,6021.0,165.0
3100110,19.03,19.23,2010-09-22,ATLO,AMES NATL CORP,6021.0,165.0
3100110,18.2,18.95,2010-09-23,ATLO,AMES NATL CORP,6021.0,165.0
3100110,19.4,18.5,2010-09-24,ATLO,AMES NATL CORP,6021.0,165.0
3100110,19.04,19.36,2010-09-27,ATLO,AMES NATL CORP,6021.0,165.0
3100110,19.19,19.16,2010-09-28,ATLO,AMES NATL CORP,6021.0,165.0
3100110,19.57,19.11,2010-09-29,ATLO,AMES NATL CORP,6021.0,165.0
3100110,19.94,19.75,2010-09-30,ATLO,AMES NATL CORP,6021.0,165.0
3100110,19.59,19.94,2010-10-01,ATLO,AMES NATL CORP,6021.0,165.0
3100110,19.2,19.18,2010-10-04,ATLO,AMES NATL CORP,6021.0,165.0
3100110,19.91,19.48,2010-10-05,ATLO,AMES NATL CORP,6021.0,165.0
3100110,19.68,19.17,2010-10-06,ATLO,AMES NATL CORP,6021.0,165.0
3100110,19.99,19.88,2010-10-07,ATLO,AMES NATL CORP,6021.0,165.0
3100110,19.99,19.94,2010-10-08,ATLO,AMES NATL CORP,6021.0,165.0
3100110,19.41,19.405,2010-10-11,ATLO,AMES NATL CORP,6021.0,165.0
3100110,19.5,19.39,2010-10-12,ATLO,AMES NATL CORP,6021.0,165.0
3100110,19.6,19.55,2010-10-13,ATLO,AMES NATL CORP,6021.0,165.0
3100110,19.55,19.5,2010-10-14,ATLO,AMES NATL CORP,6021.0,165.0
3100110,19.74,19.75,2010-10-15,ATLO,AMES NATL CORP,6021.0,165.0
3100110,19.75,19.72,2010-10-18,ATLO,AMES NATL CORP,6021.0,165.0
3100110,19.71,19.38,2010-10-19,ATLO,AMES NATL CORP,6021.0,165.0
3100110,19.94,19.88,2010-10-20,ATLO,AMES NATL CORP,6021.0,165.0
3100110,19.66,19.98,2010-10-21,ATLO,AMES NATL CORP,6021.0,165.0
3100110,19.75,19.66,2010-10-22,ATLO,AMES NATL CORP,6021.0,165.0
3100110,19.75,19.81,2010-10-25,ATLO,AMES NATL CORP,6021.0,165.0
3100110,19.73,19.57,2010-10-26,ATLO,AMES NATL CORP,6021.0,165.0
3100110,19.61,19.73,2010-10-27,ATLO,AMES NATL CORP,6021.0,165.0
3100110,19.39,19.77,2010-10-28,ATLO,AMES NATL CORP,6021.0,165.0
3100110,19.41,19.31,2010-10-29,ATLO,AMES NATL CORP,6021.0,165.0
3100110,19.0,19.41,2010-11-01,ATLO,AMES NATL CORP,6021.0,165.0
3100110,19.64,19.32,2010-11-02,ATLO,AMES NATL CORP,6021.0,165.0
3100110,19.79,19.59,2010-11-03,ATLO,AMES NATL CORP,6021.0,165.0
3100110,20.15,19.77,2010-11-04,ATLO,AMES NATL CORP,6021.0,165.0
3100110,20.77,20.0,2010-11-05,ATLO,AMES NATL CORP,6021.0,165.0
3100110,20.29,20.61,2010-11-08,ATLO,AMES NATL CORP,6021.0,165.0
3100110,20.09,20.37,2010-11-09,ATLO,AMES NATL CORP,6021.0,165.0
3100110,20.5,20.17,2010-11-10,ATLO,AMES NATL CORP,6021.0,165.0
3100110,20.19,20.22,2010-11-11,ATLO,AMES NATL CORP,6021.0,165.0
3100110,20.11,19.93,2010-11-12,ATLO,AMES NATL CORP,6021.0,165.0
3100110,20.5,20.4,2010-11-15,ATLO,AMES NATL CORP,6021.0,165.0
3100110,20.17,20.38,2010-11-16,ATLO,AMES NATL CORP,6021.0,165.0
3100110,19.69,20.22,2010-11-17,ATLO,AMES NATL CORP,6021.0,165.0
3100110,19.94,19.91,2010-11-18,ATLO,AMES NATL CORP,6021.0,165.0
3100110,20.21,20.01,2010-11-19,ATLO,AMES NATL CORP,6021.0,165.0
3100110,19.91,20.02,2010-11-22,ATLO,AMES NATL CORP,6021.0,165.0
3100110,19.36,19.65,2010-11-23,ATLO,AMES NATL CORP,6021.0,165.0
3100110,19.75,19.5,2010-11-24,ATLO,AMES NATL CORP,6021.0,165.0
3100110,19.46,19.4,2010-11-26,ATLO,AMES NATL CORP,6021.0,165.0
3100110,19.63,19.31,2010-11-29,ATLO,AMES NATL CORP,6021.0,165.0
3100110,19.54,19.48,2010-11-30,ATLO,AMES NATL CORP,6021.0,165.0
3100110,20.17,19.78,2010-12-01,ATLO,AMES NATL CORP,6021.0,165.0
3100110,20.37,19.99,2010-12-02,ATLO,AMES NATL CORP,6021.0,165.0
3100110,20.27,20.29,2010-12-03,ATLO,AMES NATL CORP,6021.0,165.0
3100110,20.37,20.16,2010-12-06,ATLO,AMES NATL CORP,6021.0,165.0
3100110,20.52,20.53,2010-12-07,ATLO,AMES NATL CORP,6021.0,165.0
3100110,20.4,20.5,2010-12-08,ATLO,AMES NATL CORP,6021.0,165.0
3100110,20.68,20.65,2010-12-09,ATLO,AMES NATL CORP,6021.0,165.0
3100110,20.98,20.67,2010-12-10,ATLO,AMES NATL CORP,6021.0,165.0
3100110,20.96,20.99,2010-12-13,ATLO,AMES NATL CORP,6021.0,165.0
3100110,20.9,20.95,2010-12-14,ATLO,AMES NATL CORP,6021.0,165.0
3100110,20.73,20.75,2010-12-15,ATLO,AMES NATL CORP,6021.0,165.0
3100110,21.28,20.73,2010-12-16,ATLO,AMES NATL CORP,6021.0,165.0
3100110,21.43,20.61,2010-12-17,ATLO,AMES NATL CORP,6021.0,165.0
3100110,21.08,21.41,2010-12-20,ATLO,AMES NATL CORP,6021.0,165.0
3100110,21.65,21.24,2010-12-21,ATLO,AMES NATL CORP,6021.0,165.0
3100110,21.99,21.79,2010-12-22,ATLO,AMES NATL CORP,6021.0,165.0
3100110,21.71,21.67,2010-12-23,ATLO,AMES NATL CORP,6021.0,165.0
3100110,22.0,21.7,2010-12-27,ATLO,AMES NATL CORP,6021.0,165.0
3100110,21.88,21.96,2010-12-28,ATLO,AMES NATL CORP,6021.0,165.0
3100110,21.98,21.88,2010-12-29,ATLO,AMES NATL CORP,6021.0,165.0
3100110,22.1,21.98,2010-12-30,ATLO,AMES NATL CORP,6021.0,165.0
3100110,21.67,22.12,2010-12-31,ATLO,AMES NATL CORP,6021.0,165.0
3100110,21.76,21.82,2011-01-03,ATLO,AMES NATL CORP,6021.0,165.0
3100110,21.48,21.89,2011-01-04,ATLO,AMES NATL CORP,6021.0,165.0
3100110,21.3,21.44,2011-01-05,ATLO,AMES NATL CORP,6021.0,165.0
3100110,21.0,20.96,2011-01-06,ATLO,AMES NATL CORP,6021.0,165.0
3100110,20.6,20.97,2011-01-07,ATLO,AMES NATL CORP,6021.0,165.0
3100110,20.44,20.55,2011-01-10,ATLO,AMES NATL CORP,6021.0,165.0
3100110,20.27,20.28,2011-01-11,ATLO,AMES NATL CORP,6021.0,165.0
3100110,20.77,20.49,2011-01-12,ATLO,AMES NATL CORP,6021.0,165.0
3100110,20.87,20.85,2011-01-13,ATLO,AMES NATL CORP,6021.0,165.0
3100110,21.2,21.0,2011-01-14,ATLO,AMES NATL CORP,6021.0,165.0
3100110,21.13,21.01,2011-01-18,ATLO,AMES NATL CORP,6021.0,165.0
3100110,19.89,21.16,2011-01-19,ATLO,AMES NATL CORP,6021.0,165.0
3100110,19.24,19.91,2011-01-20,ATLO,AMES NATL CORP,6021.0,165.0
3100110,19.51,19.48,2011-01-21,ATLO,AMES NATL CORP,6021.0,165.0
3100110,19.55,19.68,2011-01-24,ATLO,AMES NATL CORP,6021.0,165.0
3100110,19.41,19.54,2011-01-25,ATLO,AMES NATL CORP,6021.0,165.0
3100110,19.55,19.38,2011-01-26,ATLO,AMES NATL CORP,6021.0,165.0
3100110,19.36,19.74,2011-01-27,ATLO,AMES NATL CORP,6021.0,165.0
3100110,17.87,19.34,2011-01-28,ATLO,AMES NATL CORP,6021.0,165.0
3100110,18.05,18.09,2011-01-31,ATLO,AMES NATL CORP,6021.0,165.0
3100110,18.87,18.18,2011-02-01,ATLO,AMES NATL CORP,6021.0,165.0
3100110,18.9,18.69,2011-02-02,ATLO,AMES NATL CORP,6021.0,165.0
3100110,18.38,18.77,2011-02-03,ATLO,AMES NATL CORP,6021.0,165.0
3100110,18.01,18.35,2011-02-04,ATLO,AMES NATL CORP,6021.0,165.0
3100110,18.14,18.0,2011-02-07,ATLO,AMES NATL CORP,6021.0,165.0
3100110,18.13,18.18,2011-02-08,ATLO,AMES NATL CORP,6021.0,165.0
3100110,18.22,17.95,2011-02-09,ATLO,AMES NATL CORP,6021.0,165.0
3100110,18.26,18.62,2011-02-10,ATLO,AMES NATL CORP,6021.0,165.0
3100110,18.58,18.12,2011-02-11,ATLO,AMES NATL CORP,6021.0,165.0
3100110,18.31,18.75,2011-02-14,ATLO,AMES NATL CORP,6021.0,165.0
3100110,18.28,18.35,2011-02-15,ATLO,AMES NATL CORP,6021.0,165.0
3100110,18.69,18.34,2011-02-16,ATLO,AMES NATL CORP,6021.0,165.0
3100110,18.71,18.74,2011-02-17,ATLO,AMES NATL CORP,6021.0,165.0
3100110,18.99,18.81,2011-02-18,ATLO,AMES NATL CORP,6021.0,165.0
3100110,18.81,18.69,2011-02-22,ATLO,AMES NATL CORP,6021.0,165.0
3100110,18.3,18.86,2011-02-23,ATLO,AMES NATL CORP,6021.0,165.0
3100110,18.39,18.4,2011-02-24,ATLO,AMES NATL CORP,6021.0,165.0
3100110,18.35,18.38,2011-02-25,ATLO,AMES NATL CORP,6021.0,165.0
3100110,18.82,18.59,2011-02-28,ATLO,AMES NATL CORP,6021.0,165.0
3100110,18.18,18.82,2011-03-01,ATLO,AMES NATL CORP,6021.0,165.0
3100110,18.26,18.27,2011-03-02,ATLO,AMES NATL CORP,6021.0,165.0
3100110,18.49,18.48,2011-03-03,ATLO,AMES NATL CORP,6021.0,165.0
3100110,18.13,18.43,2011-03-04,ATLO,AMES NATL CORP,6021.0,165.0
3100110,17.94,18.34,2011-03-07,ATLO,AMES NATL CORP,6021.0,165.0
3100110,18.31,18.13,2011-03-08,ATLO,AMES NATL CORP,6021.0,165.0
3100110,18.33,18.31,2011-03-09,ATLO,AMES NATL CORP,6021.0,165.0
3100110,17.57,18.1,2011-03-10,ATLO,AMES NATL CORP,6021.0,165.0
3100110,17.88,17.87,2011-03-11,ATLO,AMES NATL CORP,6021.0,165.0
3100110,17.73,17.85,2011-03-14,ATLO,AMES NATL CORP,6021.0,165.0
3100110,17.39,17.5,2011-03-15,ATLO,AMES NATL CORP,6021.0,165.0
3100110,17.25,17.39,2011-03-16,ATLO,AMES NATL CORP,6021.0,165.0
3100110,17.36,17.6,2011-03-17,ATLO,AMES NATL CORP,6021.0,165.0
3100110,17.77,17.49,2011-03-18,ATLO,AMES NATL CORP,6021.0,165.0
3100110,18.27,17.9,2011-03-21,ATLO,AMES NATL CORP,6021.0,165.0
3100110,18.35,18.34,2011-03-22,ATLO,AMES NATL CORP,6021.0,165.0
3100110,18.57,18.28,2011-03-23,ATLO,AMES NATL CORP,6021.0,165.0
3100110,18.59,18.58,2011-03-24,ATLO,AMES NATL CORP,6021.0,165.0
3100110,18.82,18.62,2011-03-25,ATLO,AMES NATL CORP,6021.0,165.0
3100110,18.66,18.81,2011-03-28,ATLO,AMES NATL CORP,6021.0,165.0
3100110,18.99,18.67,2011-03-29,ATLO,AMES NATL CORP,6021.0,165.0
3100110,19.32,18.47,2011-03-30,ATLO,AMES NATL CORP,6021.0,165.0
3100110,19.1,19.15,2011-03-31,ATLO,AMES NATL CORP,6021.0,165.0
3100110,18.93,19.25,2011-04-01,ATLO,AMES NATL CORP,6021.0,165.0
3100110,18.86,19.0,2011-04-04,ATLO,AMES NATL CORP,6021.0,165.0
3100110,18.8,18.86,2011-04-05,ATLO,AMES NATL CORP,6021.0,165.0
3100110,18.9,18.97,2011-04-06,ATLO,AMES NATL CORP,6021.0,165.0
3100110,18.92,18.92,2011-04-07,ATLO,AMES NATL CORP,6021.0,165.0
3100110,18.66,19.1,2011-04-08,ATLO,AMES NATL CORP,6021.0,165.0
3100110,18.18,18.69,2011-04-11,ATLO,AMES NATL CORP,6021.0,165.0
3100110,17.97,18.08,2011-04-12,ATLO,AMES NATL CORP,6021.0,165.0
3100110,17.61,17.5,2011-04-13,ATLO,AMES NATL CORP,6021.0,165.0
3100110,17.75,17.51,2011-04-14,ATLO,AMES NATL CORP,6021.0,165.0
3100110,17.65,17.73,2011-04-15,ATLO,AMES NATL CORP,6021.0,165.0
3100110,17.58,17.5,2011-04-18,ATLO,AMES NATL CORP,6021.0,165.0
3100110,17.62,17.74,2011-04-19,ATLO,AMES NATL CORP,6021.0,165.0
3100110,18.12,17.87,2011-04-20,ATLO,AMES NATL CORP,6021.0,165.0
3100110,18.17,18.34,2011-04-21,ATLO,AMES NATL CORP,6021.0,165.0
3100110,17.85,18.13,2011-04-25,ATLO,AMES NATL CORP,6021.0,165.0
3100110,18.38,18.68,2011-04-26,ATLO,AMES NATL CORP,6021.0,165.0
3100110,18.36,18.34,2011-04-27,ATLO,AMES NATL CORP,6021.0,165.0
3100110,18.15,18.23,2011-04-28,ATLO,AMES NATL CORP,6021.0,165.0
3100110,18.46,18.22,2011-04-29,ATLO,AMES NATL CORP,6021.0,165.0
3100110,17.39,18.5,2011-05-02,ATLO,AMES NATL CORP,6021.0,165.0
3100110,17.39,17.69,2011-05-03,ATLO,AMES NATL CORP,6021.0,165.0
3100110,17.21,17.48,2011-05-04,ATLO,AMES NATL CORP,6021.0,165.0
3100110,16.79,17.18,2011-05-05,ATLO,AMES NATL CORP,6021.0,165.0
3100110,17.09,17.08,2011-05-06,ATLO,AMES NATL CORP,6021.0,165.0
3100110,17.63,17.15,2011-05-09,ATLO,AMES NATL CORP,6021.0,165.0
3100110,18.0,17.74,2011-05-10,ATLO,AMES NATL CORP,6021.0,165.0
3100110,17.57,17.5457,2011-05-11,ATLO,AMES NATL CORP,6021.0,165.0
3100110,17.67,17.56,2011-05-12,ATLO,AMES NATL CORP,6021.0,165.0
3100110,17.2,17.5,2011-05-13,ATLO,AMES NATL CORP,6021.0,165.0
3100110,16.78,17.14,2011-05-16,ATLO,AMES NATL CORP,6021.0,165.0
3100110,17.34,16.76,2011-05-17,ATLO,AMES NATL CORP,6021.0,165.0
3100110,17.95,17.41,2011-05-18,ATLO,AMES NATL CORP,6021.0,165.0
3100110,17.82,18.0,2011-05-19,ATLO,AMES NATL CORP,6021.0,165.0
3100110,17.65,17.73,2011-05-20,ATLO,AMES NATL CORP,6021.0,165.0
3100110,18.06,17.34,2011-05-23,ATLO,AMES NATL CORP,6021.0,165.0
3100110,17.18,18.23,2011-05-24,ATLO,AMES NATL CORP,6021.0,165.0
3100110,17.27,17.08,2011-05-25,ATLO,AMES NATL CORP,6021.0,165.0
3100110,17.65,17.2,2011-05-26,ATLO,AMES NATL CORP,6021.0,165.0
3100110,17.47,17.59,2011-05-27,ATLO,AMES NATL CORP,6021.0,165.0
3100110,17.31,17.5,2011-05-31,ATLO,AMES NATL CORP,6021.0,165.0
3100110,16.73,17.36,2011-06-01,ATLO,AMES NATL CORP,6021.0,165.0
3100110,16.84,16.83,2011-06-02,ATLO,AMES NATL CORP,6021.0,165.0
3100110,16.57,16.75,2011-06-03,ATLO,AMES NATL CORP,6021.0,165.0
3100110,16.65,16.7,2011-06-06,ATLO,AMES NATL CORP,6021.0,165.0
3100110,16.91,16.79,2011-06-07,ATLO,AMES NATL CORP,6021.0,165.0
3100110,16.96,16.84,2011-06-08,ATLO,AMES NATL CORP,6021.0,165.0
3100110,16.77,17.03,2011-06-09,ATLO,AMES NATL CORP,6021.0,165.0
3100110,16.63,16.73,2011-06-10,ATLO,AMES NATL CORP,6021.0,165.0
3100110,16.7,16.83,2011-06-13,ATLO,AMES NATL CORP,6021.0,165.0
3100110,16.95,16.55,2011-06-14,ATLO,AMES NATL CORP,6021.0,165.0
3100110,16.75,16.75,2011-06-15,ATLO,AMES NATL CORP,6021.0,165.0
3100110,16.91,16.84,2011-06-16,ATLO,AMES NATL CORP,6021.0,165.0
3100110,16.78,17.03,2011-06-17,ATLO,AMES NATL CORP,6021.0,165.0
3100110,17.0,16.75,2011-06-20,ATLO,AMES NATL CORP,6021.0,165.0
3100110,17.55,16.95,2011-06-21,ATLO,AMES NATL CORP,6021.0,165.0
3100110,17.23,17.46,2011-06-22,ATLO,AMES NATL CORP,6021.0,165.0
3100110,17.43,17.16,2011-06-23,ATLO,AMES NATL CORP,6021.0,165.0
3100110,18.16,17.56,2011-06-24,ATLO,AMES NATL CORP,6021.0,165.0
3100110,18.5,17.97,2011-06-27,ATLO,AMES NATL CORP,6021.0,165.0
3100110,18.5,18.5,2011-06-28,ATLO,AMES NATL CORP,6021.0,165.0
3100110,18.33,18.5,2011-06-29,ATLO,AMES NATL CORP,6021.0,165.0
3100110,18.16,18.38,2011-06-30,ATLO,AMES NATL CORP,6021.0,165.0
3100110,18.45,18.27,2011-07-01,ATLO,AMES NATL CORP,6021.0,165.0
3100110,18.44,18.07,2011-07-05,ATLO,AMES NATL CORP,6021.0,165.0
3100110,18.57,18.46,2011-07-06,ATLO,AMES NATL CORP,6021.0,165.0
3100110,18.5,18.63,2011-07-07,ATLO,AMES NATL CORP,6021.0,165.0
3100110,18.2,18.35,2011-07-08,ATLO,AMES NATL CORP,6021.0,165.0
3100110,18.25,18.03,2011-07-11,ATLO,AMES NATL CORP,6021.0,165.0
3100110,18.05,18.24,2011-07-12,ATLO,AMES NATL CORP,6021.0,165.0
3100110,18.17,18.36,2011-07-13,ATLO,AMES NATL CORP,6021.0,165.0
3100110,17.83,17.88,2011-07-14,ATLO,AMES NATL CORP,6021.0,165.0
3100110,17.93,17.88,2011-07-15,ATLO,AMES NATL CORP,6021.0,165.0
3100110,17.5,17.91,2011-07-18,ATLO,AMES NATL CORP,6021.0,165.0
3100110,18.5,17.61,2011-07-19,ATLO,AMES NATL CORP,6021.0,165.0
3100110,17.93,18.47,2011-07-20,ATLO,AMES NATL CORP,6021.0,165.0
3100110,18.5,18.05,2011-07-21,ATLO,AMES NATL CORP,6021.0,165.0
3100110,18.34,18.5,2011-07-22,ATLO,AMES NATL CORP,6021.0,165.0
3100110,17.91,18.05,2011-07-25,ATLO,AMES NATL CORP,6021.0,165.0
3100110,17.68,17.95,2011-07-26,ATLO,AMES NATL CORP,6021.0,165.0
3100110,17.26,17.68,2011-07-27,ATLO,AMES NATL CORP,6021.0,165.0
3100110,17.76,17.12,2011-07-28,ATLO,AMES NATL CORP,6021.0,165.0
3100110,17.39,17.5,2011-07-29,ATLO,AMES NATL CORP,6021.0,165.0
3100110,17.47,17.69,2011-08-01,ATLO,AMES NATL CORP,6021.0,165.0
3100110,17.25,17.39,2011-08-02,ATLO,AMES NATL CORP,6021.0,165.0
3100110,17.89,17.18,2011-08-03,ATLO,AMES NATL CORP,6021.0,165.0
3100110,16.6,17.69,2011-08-04,ATLO,AMES NATL CORP,6021.0,165.0
3100110,17.01,17.0,2011-08-05,ATLO,AMES NATL CORP,6021.0,165.0
3100110,15.83,16.83,2011-08-08,ATLO,AMES NATL CORP,6021.0,165.0
3100110,18.21,16.31,2011-08-09,ATLO,AMES NATL CORP,6021.0,165.0
3100110,16.67,17.61,2011-08-10,ATLO,AMES NATL CORP,6021.0,165.0
3100110,17.44,16.75,2011-08-11,ATLO,AMES NATL CORP,6021.0,165.0
3100110,16.89,17.58,2011-08-12,ATLO,AMES NATL CORP,6021.0,165.0
3100110,17.26,17.06,2011-08-15,ATLO,AMES NATL CORP,6021.0,165.0
3100110,17.08,16.99,2011-08-16,ATLO,AMES NATL CORP,6021.0,165.0
3100110,17.03,17.07,2011-08-17,ATLO,AMES NATL CORP,6021.0,165.0
3100110,15.8,16.51,2011-08-18,ATLO,AMES NATL CORP,6021.0,165.0
3100110,15.75,15.64,2011-08-19,ATLO,AMES NATL CORP,6021.0,165.0
3100110,16.18,16.39,2011-08-22,ATLO,AMES NATL CORP,6021.0,165.0
3100110,16.89,16.29,2011-08-23,ATLO,AMES NATL CORP,6021.0,165.0
3100110,17.05,16.71,2011-08-24,ATLO,AMES NATL CORP,6021.0,165.0
3100110,16.55,17.1,2011-08-25,ATLO,AMES NATL CORP,6021.0,165.0
3100110,16.78,16.73,2011-08-26,ATLO,AMES NATL CORP,6021.0,165.0
3100110,17.24,16.53,2011-08-29,ATLO,AMES NATL CORP,6021.0,165.0
3100110,17.09,17.18,2011-08-30,ATLO,AMES NATL CORP,6021.0,165.0
3100110,16.73,17.1,2011-08-31,ATLO,AMES NATL CORP,6021.0,165.0
3100110,15.83,16.88,2011-09-01,ATLO,AMES NATL CORP,6021.0,165.0
3100110,15.75,15.99,2011-09-02,ATLO,AMES NATL CORP,6021.0,165.0
3100110,15.38,15.47,2011-09-06,ATLO,AMES NATL CORP,6021.0,165.0
3100110,16.14,16.09,2011-09-07,ATLO,AMES NATL CORP,6021.0,165.0
3100110,15.38,15.92,2011-09-08,ATLO,AMES NATL CORP,6021.0,165.0
3100110,14.95,15.35,2011-09-09,ATLO,AMES NATL CORP,6021.0,165.0
3100110,15.41,14.83,2011-09-12,ATLO,AMES NATL CORP,6021.0,165.0
3100110,15.37,14.94,2011-09-13,ATLO,AMES NATL CORP,6021.0,165.0
3100110,15.61,15.58,2011-09-14,ATLO,AMES NATL CORP,6021.0,165.0
3100110,15.76,15.6,2011-09-15,ATLO,AMES NATL CORP,6021.0,165.0
3100110,15.58,15.8,2011-09-16,ATLO,AMES NATL CORP,6021.0,165.0
3100110,15.41,15.32,2011-09-19,ATLO,AMES NATL CORP,6021.0,165.0
3100110,15.09,15.12,2011-09-20,ATLO,AMES NATL CORP,6021.0,165.0
3100110,14.42,15.18,2011-09-21,ATLO,AMES NATL CORP,6021.0,165.0
3100110,14.15,14.17,2011-09-22,ATLO,AMES NATL CORP,6021.0,165.0
3100110,15.35,14.51,2011-09-23,ATLO,AMES NATL CORP,6021.0,165.0
3100110,15.87,15.38,2011-09-26,ATLO,AMES NATL CORP,6021.0,165.0
3100110,16.25,16.0,2011-09-27,ATLO,AMES NATL CORP,6021.0,165.0
3100110,15.35,16.51,2011-09-28,ATLO,AMES NATL CORP,6021.0,165.0
3100110,16.24,15.85,2011-09-29,ATLO,AMES NATL CORP,6021.0,165.0
3100110,15.63,15.95,2011-09-30,ATLO,AMES NATL CORP,6021.0,165.0
3100110,15.28,15.5,2011-10-03,ATLO,AMES NATL CORP,6021.0,165.0
3100110,16.54,15.25,2011-10-04,ATLO,AMES NATL CORP,6021.0,165.0
3100110,16.87,16.77,2011-10-05,ATLO,AMES NATL CORP,6021.0,165.0
3100110,17.1,16.76,2011-10-06,ATLO,AMES NATL CORP,6021.0,165.0
3100110,16.16,17.1,2011-10-07,ATLO,AMES NATL CORP,6021.0,165.0
3100110,17.25,16.14,2011-10-10,ATLO,AMES NATL CORP,6021.0,165.0
3100110,17.25,17.2,2011-10-11,ATLO,AMES NATL CORP,6021.0,165.0
3100110,17.75,17.25,2011-10-12,ATLO,AMES NATL CORP,6021.0,165.0
3100110,17.75,17.7,2011-10-13,ATLO,AMES NATL CORP,6021.0,165.0
3100110,18.25,17.89,2011-10-14,ATLO,AMES NATL CORP,6021.0,165.0
3100110,17.41,17.75,2011-10-17,ATLO,AMES NATL CORP,6021.0,165.0
3100110,18.23,17.72,2011-10-18,ATLO,AMES NATL CORP,6021.0,165.0
3100110,17.85,18.19,2011-10-19,ATLO,AMES NATL CORP,6021.0,165.0
3100110,17.55,17.53,2011-10-20,ATLO,AMES NATL CORP,6021.0,165.0
3100110,18.08,18.23,2011-10-21,ATLO,AMES NATL CORP,6021.0,165.0
3100110,18.5,18.24,2011-10-24,ATLO,AMES NATL CORP,6021.0,165.0
3100110,17.82,18.08,2011-10-25,ATLO,AMES NATL CORP,6021.0,165.0
3100110,18.01,18.09,2011-10-26,ATLO,AMES NATL CORP,6021.0,165.0
3100110,18.94,18.5,2011-10-27,ATLO,AMES NATL CORP,6021.0,165.0
3100110,18.89,18.71,2011-10-28,ATLO,AMES NATL CORP,6021.0,165.0
3100110,18.42,18.38,2011-10-31,ATLO,AMES NATL CORP,6021.0,165.0
3100110,17.23,17.74,2011-11-01,ATLO,AMES NATL CORP,6021.0,165.0
3100110,17.85,17.66,2011-11-02,ATLO,AMES NATL CORP,6021.0,165.0
3100110,18.35,17.87,2011-11-03,ATLO,AMES NATL CORP,6021.0,165.0
3100110,18.01,18.18,2011-11-04,ATLO,AMES NATL CORP,6021.0,165.0
3100110,17.75,17.71,2011-11-07,ATLO,AMES NATL CORP,6021.0,165.0
3100110,17.83,17.89,2011-11-08,ATLO,AMES NATL CORP,6021.0,165.0
3100110,16.27,17.23,2011-11-09,ATLO,AMES NATL CORP,6021.0,165.0
3100110,16.99,16.75,2011-11-10,ATLO,AMES NATL CORP,6021.0,165.0
3100110,17.41,16.94,2011-11-11,ATLO,AMES NATL CORP,6021.0,165.0
3100110,17.04,17.1,2011-11-14,ATLO,AMES NATL CORP,6021.0,165.0
3100110,17.3,16.95,2011-11-15,ATLO,AMES NATL CORP,6021.0,165.0
3100110,16.37,17.02,2011-11-16,ATLO,AMES NATL CORP,6021.0,165.0
3100110,16.29,16.41,2011-11-17,ATLO,AMES NATL CORP,6021.0,165.0
3100110,16.03,16.35,2011-11-18,ATLO,AMES NATL CORP,6021.0,165.0
3100110,15.59,16.0,2011-11-21,ATLO,AMES NATL CORP,6021.0,165.0
3100110,15.56,15.66,2011-11-22,ATLO,AMES NATL CORP,6021.0,165.0
3100110,15.25,15.51,2011-11-23,ATLO,AMES NATL CORP,6021.0,165.0
3100110,15.51,15.28,2011-11-25,ATLO,AMES NATL CORP,6021.0,165.0
3100110,16.72,16.14,2011-11-28,ATLO,AMES NATL CORP,6021.0,165.0
3100110,16.61,16.73,2011-11-29,ATLO,AMES NATL CORP,6021.0,165.0
3100110,16.19,17.2,2011-11-30,ATLO,AMES NATL CORP,6021.0,165.0
3100110,16.22,16.38,2011-12-01,ATLO,AMES NATL CORP,6021.0,165.0
3100110,16.78,16.56,2011-12-02,ATLO,AMES NATL CORP,6021.0,165.0
3100110,17.4,16.85,2011-12-05,ATLO,AMES NATL CORP,6021.0,165.0
3100110,17.32,17.49,2011-12-06,ATLO,AMES NATL CORP,6021.0,165.0
3100110,17.36,17.47,2011-12-07,ATLO,AMES NATL CORP,6021.0,165.0
3100110,16.74,17.27,2011-12-08,ATLO,AMES NATL CORP,6021.0,165.0
3100110,17.65,16.8,2011-12-09,ATLO,AMES NATL CORP,6021.0,165.0
3100110,17.3,17.38,2011-12-12,ATLO,AMES NATL CORP,6021.0,165.0
3100110,17.5,17.45,2011-12-13,ATLO,AMES NATL CORP,6021.0,165.0
3100110,18.21,17.32,2011-12-14,ATLO,AMES NATL CORP,6021.0,165.0
3100110,18.5,18.51,2011-12-15,ATLO,AMES NATL CORP,6021.0,165.0
3100110,18.3,18.59,2011-12-16,ATLO,AMES NATL CORP,6021.0,165.0
3100110,18.31,18.39,2011-12-19,ATLO,AMES NATL CORP,6021.0,165.0
3100110,19.24,18.69,2011-12-20,ATLO,AMES NATL CORP,6021.0,165.0
3100110,19.32,19.15,2011-12-21,ATLO,AMES NATL CORP,6021.0,165.0
3100110,19.51,19.5,2011-12-22,ATLO,AMES NATL CORP,6021.0,165.0
3100110,19.77,19.59,2011-12-23,ATLO,AMES NATL CORP,6021.0,165.0
3100110,19.36,19.68,2011-12-27,ATLO,AMES NATL CORP,6021.0,165.0
3100110,18.19,19.47,2011-12-28,ATLO,AMES NATL CORP,6021.0,165.0
3100110,19.53,18.17,2011-12-29,ATLO,AMES NATL CORP,6021.0,165.0
3100110,19.5,19.5,2011-12-30,ATLO,AMES NATL CORP,6021.0,165.0
3100110,19.66,19.89,2012-01-03,ATLO,AMES NATL CORP,6021.0,165.0
3100110,19.66,19.47,2012-01-04,ATLO,AMES NATL CORP,6021.0,165.0
3100110,19.46,19.62,2012-01-05,ATLO,AMES NATL CORP,6021.0,165.0
3100110,19.38,19.45,2012-01-06,ATLO,AMES NATL CORP,6021.0,165.0
3100110,19.59,19.52,2012-01-09,ATLO,AMES NATL CORP,6021.0,165.0
3100110,19.85,19.77,2012-01-10,ATLO,AMES NATL CORP,6021.0,165.0
3100110,19.95,19.73,2012-01-11,ATLO,AMES NATL CORP,6021.0,165.0
3100110,20.13,20.0,2012-01-12,ATLO,AMES NATL CORP,6021.0,165.0
3100110,19.33,19.56,2012-01-13,ATLO,AMES NATL CORP,6021.0,165.0
3100110,19.41,18.3,2012-01-17,ATLO,AMES NATL CORP,6021.0,165.0
3100110,19.99,19.34,2012-01-18,ATLO,AMES NATL CORP,6021.0,165.0
3100110,19.9,20.0,2012-01-19,ATLO,AMES NATL CORP,6021.0,165.0
3100110,20.4,19.91,2012-01-20,ATLO,AMES NATL CORP,6021.0,165.0
3100110,20.405,20.8,2012-01-23,ATLO,AMES NATL CORP,6021.0,165.0
3100110,20.91,20.3,2012-01-24,ATLO,AMES NATL CORP,6021.0,165.0
3100110,20.97,20.99,2012-01-25,ATLO,AMES NATL CORP,6021.0,165.0
3100110,20.7,21.0,2012-01-26,ATLO,AMES NATL CORP,6021.0,165.0
3100110,21.16,20.67,2012-01-27,ATLO,AMES NATL CORP,6021.0,165.0
3100110,20.24,20.65,2012-01-30,ATLO,AMES NATL CORP,6021.0,165.0
3100110,19.8,20.51,2012-01-31,ATLO,AMES NATL CORP,6021.0,165.0
3100110,20.84,19.99,2012-02-01,ATLO,AMES NATL CORP,6021.0,165.0
3100110,21.23,20.87,2012-02-02,ATLO,AMES NATL CORP,6021.0,165.0
3100110,21.75,21.5,2012-02-03,ATLO,AMES NATL CORP,6021.0,165.0
3100110,21.82,21.56,2012-02-06,ATLO,AMES NATL CORP,6021.0,165.0
3100110,21.6,21.86,2012-02-07,ATLO,AMES NATL CORP,6021.0,165.0
3100110,22.0,21.6,2012-02-08,ATLO,AMES NATL CORP,6021.0,165.0
3100110,21.56,22.11,2012-02-09,ATLO,AMES NATL CORP,6021.0,165.0
3100110,21.48,21.46,2012-02-10,ATLO,AMES NATL CORP,6021.0,165.0
3100110,21.8,21.75,2012-02-13,ATLO,AMES NATL CORP,6021.0,165.0
3100110,21.6,21.555,2012-02-14,ATLO,AMES NATL CORP,6021.0,165.0
3100110,21.59,21.75,2012-02-15,ATLO,AMES NATL CORP,6021.0,165.0
3100110,21.98,21.51,2012-02-16,ATLO,AMES NATL CORP,6021.0,165.0
3100110,22.02,22.0,2012-02-17,ATLO,AMES NATL CORP,6021.0,165.0
3100110,21.96,22.11,2012-02-21,ATLO,AMES NATL CORP,6021.0,165.0
3100110,21.8,21.95,2012-02-22,ATLO,AMES NATL CORP,6021.0,165.0
3100110,22.19,21.75,2012-02-23,ATLO,AMES NATL CORP,6021.0,165.0
3100110,21.81,22.0,2012-02-24,ATLO,AMES NATL CORP,6021.0,165.0
3100110,21.86,21.69,2012-02-27,ATLO,AMES NATL CORP,6021.0,165.0
3100110,21.79,21.94,2012-02-28,ATLO,AMES NATL CORP,6021.0,165.0
3100110,21.65,21.96,2012-02-29,ATLO,AMES NATL CORP,6021.0,165.0
3100110,21.02,21.77,2012-03-01,ATLO,AMES NATL CORP,6021.0,165.0
3100110,19.11,21.14,2012-03-02,ATLO,AMES NATL CORP,6021.0,165.0
3100110,19.35,19.27,2012-03-05,ATLO,AMES NATL CORP,6021.0,165.0
3100110,19.08,19.15,2012-03-06,ATLO,AMES NATL CORP,6021.0,165.0
3100110,19.15,19.26,2012-03-07,ATLO,AMES NATL CORP,6021.0,165.0
3100110,19.28,19.33,2012-03-08,ATLO,AMES NATL CORP,6021.0,165.0
3100110,19.85,19.31,2012-03-09,ATLO,AMES NATL CORP,6021.0,165.0
3100110,20.235,19.99,2012-03-12,ATLO,AMES NATL CORP,6021.0,165.0
3100110,21.47,20.71,2012-03-13,ATLO,AMES NATL CORP,6021.0,165.0
3100110,21.66,21.65,2012-03-14,ATLO,AMES NATL CORP,6021.0,165.0
3100110,22.0,21.73,2012-03-15,ATLO,AMES NATL CORP,6021.0,165.0
3100110,22.4,22.13,2012-03-16,ATLO,AMES NATL CORP,6021.0,165.0
3100110,22.88,22.5,2012-03-19,ATLO,AMES NATL CORP,6021.0,165.0
3100110,22.755,22.81,2012-03-20,ATLO,AMES NATL CORP,6021.0,165.0
3100110,22.57,22.85,2012-03-21,ATLO,AMES NATL CORP,6021.0,165.0
3100110,22.59,22.4,2012-03-22,ATLO,AMES NATL CORP,6021.0,165.0
3100110,22.9,22.64,2012-03-23,ATLO,AMES NATL CORP,6021.0,165.0
3100110,23.01,22.97,2012-03-26,ATLO,AMES NATL CORP,6021.0,165.0
3100110,22.96,23.12,2012-03-27,ATLO,AMES NATL CORP,6021.0,165.0
3100110,23.17,22.98,2012-03-28,ATLO,AMES NATL CORP,6021.0,165.0
3100110,23.2,23.07,2012-03-29,ATLO,AMES NATL CORP,6021.0,165.0
3100110,23.8,23.48,2012-03-30,ATLO,AMES NATL CORP,6021.0,165.0
3100110,24.0,23.68,2012-04-02,ATLO,AMES NATL CORP,6021.0,165.0
3100110,23.36,23.64,2012-04-03,ATLO,AMES NATL CORP,6021.0,165.0
3100110,23.6,23.2,2012-04-04,ATLO,AMES NATL CORP,6021.0,165.0
3100110,23.06,23.49,2012-04-05,ATLO,AMES NATL CORP,6021.0,165.0
3100110,22.02,22.59,2012-04-09,ATLO,AMES NATL CORP,6021.0,165.0
3100110,21.19,22.08,2012-04-10,ATLO,AMES NATL CORP,6021.0,165.0
3100110,21.53,21.6,2012-04-11,ATLO,AMES NATL CORP,6021.0,165.0
3100110,21.85,21.43,2012-04-12,ATLO,AMES NATL CORP,6021.0,165.0
3100110,21.29,21.6,2012-04-13,ATLO,AMES NATL CORP,6021.0,165.0
3100110,21.94,21.39,2012-04-16,ATLO,AMES NATL CORP,6021.0,165.0
3100110,22.42,22.05,2012-04-17,ATLO,AMES NATL CORP,6021.0,165.0
3100110,21.96,22.31,2012-04-18,ATLO,AMES NATL CORP,6021.0,165.0
3100110,21.52,22.12,2012-04-19,ATLO,AMES NATL CORP,6021.0,165.0
3100110,21.73,22.95,2012-04-20,ATLO,AMES NATL CORP,6021.0,165.0
3100110,20.52,21.3,2012-04-23,ATLO,AMES NATL CORP,6021.0,165.0
3100110,21.82,20.52,2012-04-24,ATLO,AMES NATL CORP,6021.0,165.0
3100110,22.78,22.0,2012-04-25,ATLO,AMES NATL CORP,6021.0,165.0
3100110,22.62,22.61,2012-04-26,ATLO,AMES NATL CORP,6021.0,165.0
3100110,22.97,22.6,2012-04-27,ATLO,AMES NATL CORP,6021.0,165.0
3100110,22.08,22.3,2012-04-30,ATLO,AMES NATL CORP,6021.0,165.0
3100110,21.06,22.08,2012-05-01,ATLO,AMES NATL CORP,6021.0,165.0
3100110,20.49,20.9,2012-05-02,ATLO,AMES NATL CORP,6021.0,165.0
3100110,20.12,20.5,2012-05-03,ATLO,AMES NATL CORP,6021.0,165.0
3100110,20.2,20.02,2012-05-04,ATLO,AMES NATL CORP,6021.0,165.0
3100110,20.25,20.14,2012-05-07,ATLO,AMES NATL CORP,6021.0,165.0
3100110,21.04,20.02,2012-05-08,ATLO,AMES NATL CORP,6021.0,165.0
3100110,20.46,20.91,2012-05-09,ATLO,AMES NATL CORP,6021.0,165.0
3100110,20.99,20.89,2012-05-10,ATLO,AMES NATL CORP,6021.0,165.0
3100110,21.7,20.75,2012-05-11,ATLO,AMES NATL CORP,6021.0,165.0
3100110,20.44,21.48,2012-05-14,ATLO,AMES NATL CORP,6021.0,165.0
3100110,20.2,20.55,2012-05-15,ATLO,AMES NATL CORP,6021.0,165.0
3100110,20.05,20.39,2012-05-16,ATLO,AMES NATL CORP,6021.0,165.0
3100110,20.17,20.27,2012-05-17,ATLO,AMES NATL CORP,6021.0,165.0
3100110,20.28,20.11,2012-05-18,ATLO,AMES NATL CORP,6021.0,165.0
3100110,21.47,20.46,2012-05-21,ATLO,AMES NATL CORP,6021.0,165.0
3100110,20.86,21.4,2012-05-22,ATLO,AMES NATL CORP,6021.0,165.0
3100110,20.36,20.79,2012-05-23,ATLO,AMES NATL CORP,6021.0,165.0
3100110,20.9,20.48,2012-05-24,ATLO,AMES NATL CORP,6021.0,165.0
3100110,21.3,21.0,2012-05-25,ATLO,AMES NATL CORP,6021.0,165.0
3100110,21.45,21.41,2012-05-29,ATLO,AMES NATL CORP,6021.0,165.0
3100110,20.65,21.09,2012-05-30,ATLO,AMES NATL CORP,6021.0,165.0
3100110,20.31,21.01,2012-05-31,ATLO,AMES NATL CORP,6021.0,165.0
3100110,19.61,20.01,2012-06-01,ATLO,AMES NATL CORP,6021.0,165.0
3100110,20.13,19.68,2012-06-04,ATLO,AMES NATL CORP,6021.0,165.0
3100110,20.85,20.04,2012-06-05,ATLO,AMES NATL CORP,6021.0,165.0
3100110,21.77,21.03,2012-06-06,ATLO,AMES NATL CORP,6021.0,165.0
3100110,21.8,21.99,2012-06-07,ATLO,AMES NATL CORP,6021.0,165.0
3100110,22.33,21.67,2012-06-08,ATLO,AMES NATL CORP,6021.0,165.0
3100110,21.5,22.35,2012-06-11,ATLO,AMES NATL CORP,6021.0,165.0
3100110,22.09,21.61,2012-06-12,ATLO,AMES NATL CORP,6021.0,165.0
3100110,21.27,22.07,2012-06-13,ATLO,AMES NATL CORP,6021.0,165.0
3100110,22.14,21.51,2012-06-14,ATLO,AMES NATL CORP,6021.0,165.0
3100110,23.0,22.19,2012-06-15,ATLO,AMES NATL CORP,6021.0,165.0
3100110,22.53,22.69,2012-06-18,ATLO,AMES NATL CORP,6021.0,165.0
3100110,23.0,22.57,2012-06-19,ATLO,AMES NATL CORP,6021.0,165.0
3100110,22.7,22.4,2012-06-20,ATLO,AMES NATL CORP,6021.0,165.0
3100110,22.07,22.73,2012-06-21,ATLO,AMES NATL CORP,6021.0,165.0
3100110,22.92,22.34,2012-06-22,ATLO,AMES NATL CORP,6021.0,165.0
3100110,22.45,22.31,2012-06-25,ATLO,AMES NATL CORP,6021.0,165.0
3100110,22.75,22.59,2012-06-26,ATLO,AMES NATL CORP,6021.0,165.0
3100110,22.99,22.68,2012-06-27,ATLO,AMES NATL CORP,6021.0,165.0
3100110,22.4,22.8,2012-06-28,ATLO,AMES NATL CORP,6021.0,165.0
3100110,22.99,23.01,2012-06-29,ATLO,AMES NATL CORP,6021.0,165.0
3100110,23.14,23.0,2012-07-02,ATLO,AMES NATL CORP,6021.0,165.0
3100110,23.25,23.08,2012-07-03,ATLO,AMES NATL CORP,6021.0,165.0
3100110,23.0,23.0,2012-07-05,ATLO,AMES NATL CORP,6021.0,165.0
3100110,22.56,22.67,2012-07-06,ATLO,AMES NATL CORP,6021.0,165.0
3100110,22.69,22.5,2012-07-09,ATLO,AMES NATL CORP,6021.0,165.0
3100110,22.96,22.93,2012-07-10,ATLO,AMES NATL CORP,6021.0,165.0
3100110,22.65,22.83,2012-07-11,ATLO,AMES NATL CORP,6021.0,165.0
3100110,22.82,22.75,2012-07-12,ATLO,AMES NATL CORP,6021.0,165.0
3100110,23.72,23.0,2012-07-13,ATLO,AMES NATL CORP,6021.0,165.0
3100110,23.15,23.56,2012-07-16,ATLO,AMES NATL CORP,6021.0,165.0
3100110,22.78,23.2,2012-07-17,ATLO,AMES NATL CORP,6021.0,165.0
3100110,22.76,22.84,2012-07-18,ATLO,AMES NATL CORP,6021.0,165.0
3100110,22.52,22.55,2012-07-19,ATLO,AMES NATL CORP,6021.0,165.0
3100110,22.25,22.48,2012-07-20,ATLO,AMES NATL CORP,6021.0,165.0
3100110,22.235,22.01,2012-07-23,ATLO,AMES NATL CORP,6021.0,165.0
3100110,22.15,22.41,2012-07-24,ATLO,AMES NATL CORP,6021.0,165.0
3100110,22.11,22.43,2012-07-25,ATLO,AMES NATL CORP,6021.0,165.0
3100110,22.22,22.62,2012-07-26,ATLO,AMES NATL CORP,6021.0,165.0
3100110,22.58,22.25,2012-07-27,ATLO,AMES NATL CORP,6021.0,165.0
3100110,22.1,22.51,2012-07-30,ATLO,AMES NATL CORP,6021.0,165.0
3100110,21.64,22.12,2012-07-31,ATLO,AMES NATL CORP,6021.0,165.0
3100110,20.16,21.865,2012-08-01,ATLO,AMES NATL CORP,6021.0,165.0
3100110,20.335,20.19,2012-08-02,ATLO,AMES NATL CORP,6021.0,165.0
3100110,21.45,20.73,2012-08-03,ATLO,AMES NATL CORP,6021.0,165.0
3100110,21.48,21.4,2012-08-06,ATLO,AMES NATL CORP,6021.0,165.0
3100110,21.44,21.59,2012-08-07,ATLO,AMES NATL CORP,6021.0,165.0
3100110,21.51,21.25,2012-08-08,ATLO,AMES NATL CORP,6021.0,165.0
3100110,21.56,21.31,2012-08-09,ATLO,AMES NATL CORP,6021.0,165.0
3100110,21.14,21.6,2012-08-10,ATLO,AMES NATL CORP,6021.0,165.0
3100110,21.5,21.23,2012-08-13,ATLO,AMES NATL CORP,6021.0,165.0
3100110,20.84,21.59,2012-08-14,ATLO,AMES NATL CORP,6021.0,165.0
3100110,21.0,20.78,2012-08-15,ATLO,AMES NATL CORP,6021.0,165.0
3100110,21.24,20.58,2012-08-16,ATLO,AMES NATL CORP,6021.0,165.0
3100110,21.89,21.16,2012-08-17,ATLO,AMES NATL CORP,6021.0,165.0
3100110,21.75,21.78,2012-08-20,ATLO,AMES NATL CORP,6021.0,165.0
3100110,21.42,21.89,2012-08-21,ATLO,AMES NATL CORP,6021.0,165.0
3100110,21.05,21.05,2012-08-22,ATLO,AMES NATL CORP,6021.0,165.0
3100110,20.55,20.65,2012-08-23,ATLO,AMES NATL CORP,6021.0,165.0
3100110,21.01,20.52,2012-08-24,ATLO,AMES NATL CORP,6021.0,165.0
3100110,20.99,21.25,2012-08-27,ATLO,AMES NATL CORP,6021.0,165.0
3100110,21.21,20.369,2012-08-28,ATLO,AMES NATL CORP,6021.0,165.0
3100110,21.76,21.15,2012-08-29,ATLO,AMES NATL CORP,6021.0,165.0
3100110,20.99,21.9,2012-08-30,ATLO,AMES NATL CORP,6021.0,165.0
3100110,21.05,21.16,2012-08-31,ATLO,AMES NATL CORP,6021.0,165.0
3100110,21.01,20.85,2012-09-04,ATLO,AMES NATL CORP,6021.0,165.0
3100110,20.86,21.04,2012-09-05,ATLO,AMES NATL CORP,6021.0,165.0
3100110,21.0,21.09,2012-09-06,ATLO,AMES NATL CORP,6021.0,165.0
3100110,21.01,21.19,2012-09-07,ATLO,AMES NATL CORP,6021.0,165.0
3100110,20.86,21.07,2012-09-10,ATLO,AMES NATL CORP,6021.0,165.0
3100110,21.01,21.0,2012-09-11,ATLO,AMES NATL CORP,6021.0,165.0
3100110,21.1,21.12,2012-09-12,ATLO,AMES NATL CORP,6021.0,165.0
3100110,21.45,21.16,2012-09-13,ATLO,AMES NATL CORP,6021.0,165.0
3100110,21.25,21.56,2012-09-14,ATLO,AMES NATL CORP,6021.0,165.0
3100110,21.21,21.24,2012-09-17,ATLO,AMES NATL CORP,6021.0,165.0
3100110,21.25,21.21,2012-09-18,ATLO,AMES NATL CORP,6021.0,165.0
3100110,21.32,21.42,2012-09-19,ATLO,AMES NATL CORP,6021.0,165.0
3100110,21.37,21.22,2012-09-20,ATLO,AMES NATL CORP,6021.0,165.0
3100110,21.06,21.68,2012-09-21,ATLO,AMES NATL CORP,6021.0,165.0
3100110,21.38,21.04,2012-09-24,ATLO,AMES NATL CORP,6021.0,165.0
3100110,21.12,21.48,2012-09-25,ATLO,AMES NATL CORP,6021.0,165.0
3100110,20.95,21.14,2012-09-26,ATLO,AMES NATL CORP,6021.0,165.0
3100110,21.14,21.0,2012-09-27,ATLO,AMES NATL CORP,6021.0,165.0
3100110,20.84,21.06,2012-09-28,ATLO,AMES NATL CORP,6021.0,165.0
3100110,20.94,20.99,2012-10-01,ATLO,AMES NATL CORP,6021.0,165.0
3100110,20.96,20.99,2012-10-02,ATLO,AMES NATL CORP,6021.0,165.0
3100110,20.65,21.1,2012-10-03,ATLO,AMES NATL CORP,6021.0,165.0
3100110,21.09,20.74,2012-10-04,ATLO,AMES NATL CORP,6021.0,165.0
3100110,21.17,21.11,2012-10-05,ATLO,AMES NATL CORP,6021.0,165.0
3100110,20.67,21.11,2012-10-08,ATLO,AMES NATL CORP,6021.0,165.0
3100110,20.16,20.74,2012-10-09,ATLO,AMES NATL CORP,6021.0,165.0
3100110,20.54,20.47,2012-10-10,ATLO,AMES NATL CORP,6021.0,165.0
3100110,20.5,20.5,2012-10-11,ATLO,AMES NATL CORP,6021.0,165.0
3100110,20.32,20.45,2012-10-12,ATLO,AMES NATL CORP,6021.0,165.0
3100110,20.31,20.49,2012-10-15,ATLO,AMES NATL CORP,6021.0,165.0
3100110,20.42,20.48,2012-10-16,ATLO,AMES NATL CORP,6021.0,165.0
3100110,21.21,20.17,2012-10-17,ATLO,AMES NATL CORP,6021.0,165.0
3100110,19.75,21.25,2012-10-18,ATLO,AMES NATL CORP,6021.0,165.0
3100110,19.55,19.75,2012-10-19,ATLO,AMES NATL CORP,6021.0,165.0
3100110,19.92,19.66,2012-10-22,ATLO,AMES NATL CORP,6021.0,165.0
3100110,19.53,19.72,2012-10-23,ATLO,AMES NATL CORP,6021.0,165.0
3100110,19.75,19.63,2012-10-24,ATLO,AMES NATL CORP,6021.0,165.0
3100110,19.84,19.91,2012-10-25,ATLO,AMES NATL CORP,6021.0,165.0
3100110,19.74,19.63,2012-10-26,ATLO,AMES NATL CORP,6021.0,165.0
3100110,19.78,19.67,2012-10-31,ATLO,AMES NATL CORP,6021.0,165.0
3100110,19.96,19.78,2012-11-01,ATLO,AMES NATL CORP,6021.0,165.0
3100110,19.75,20.0,2012-11-02,ATLO,AMES NATL CORP,6021.0,165.0
3100110,19.82,19.87,2012-11-05,ATLO,AMES NATL CORP,6021.0,165.0
3100110,19.97,19.9,2012-11-06,ATLO,AMES NATL CORP,6021.0,165.0
3100110,19.52,20.0,2012-11-07,ATLO,AMES NATL CORP,6021.0,165.0
3100110,19.25,19.54,2012-11-08,ATLO,AMES NATL CORP,6021.0,165.0
3100110,19.24,19.24,2012-11-09,ATLO,AMES NATL CORP,6021.0,165.0
3100110,18.93,19.01,2012-11-12,ATLO,AMES NATL CORP,6021.0,165.0
3100110,19.15,18.92,2012-11-13,ATLO,AMES NATL CORP,6021.0,165.0
3100110,18.53,19.11,2012-11-14,ATLO,AMES NATL CORP,6021.0,165.0
3100110,18.55,18.7,2012-11-15,ATLO,AMES NATL CORP,6021.0,165.0
3100110,18.54,18.68,2012-11-16,ATLO,AMES NATL CORP,6021.0,165.0
3100110,18.74,18.75,2012-11-19,ATLO,AMES NATL CORP,6021.0,165.0
3100110,18.7,18.69,2012-11-20,ATLO,AMES NATL CORP,6021.0,165.0
3100110,19.6,18.85,2012-11-21,ATLO,AMES NATL CORP,6021.0,165.0
3100110,19.5,19.51,2012-11-23,ATLO,AMES NATL CORP,6021.0,165.0
3100110,19.76,19.49,2012-11-26,ATLO,AMES NATL CORP,6021.0,165.0
3100110,19.66,19.76,2012-11-27,ATLO,AMES NATL CORP,6021.0,165.0
3100110,19.68,19.71,2012-11-28,ATLO,AMES NATL CORP,6021.0,165.0
3100110,19.99,19.85,2012-11-29,ATLO,AMES NATL CORP,6021.0,165.0
3100110,19.77,20.0,2012-11-30,ATLO,AMES NATL CORP,6021.0,165.0
3100110,19.99,19.65,2012-12-03,ATLO,AMES NATL CORP,6021.0,165.0
3100110,19.41,20.0,2012-12-04,ATLO,AMES NATL CORP,6021.0,165.0
3100110,19.41,19.49,2012-12-05,ATLO,AMES NATL CORP,6021.0,165.0
3100110,19.48,19.33,2012-12-06,ATLO,AMES NATL CORP,6021.0,165.0
3100110,19.73,19.6,2012-12-07,ATLO,AMES NATL CORP,6021.0,165.0
3100110,19.82,19.72,2012-12-10,ATLO,AMES NATL CORP,6021.0,165.0
3100110,20.02,19.9,2012-12-11,ATLO,AMES NATL CORP,6021.0,165.0
3100110,19.55,20.0,2012-12-12,ATLO,AMES NATL CORP,6021.0,165.0
3100110,19.57,19.59,2012-12-13,ATLO,AMES NATL CORP,6021.0,165.0
3100110,19.66,19.5,2012-12-14,ATLO,AMES NATL CORP,6021.0,165.0
3100110,19.72,19.73,2012-12-17,ATLO,AMES NATL CORP,6021.0,165.0
3100110,20.52,19.73,2012-12-18,ATLO,AMES NATL CORP,6021.0,165.0
3100110,21.32,20.68,2012-12-19,ATLO,AMES NATL CORP,6021.0,165.0
3100110,21.9,21.17,2012-12-20,ATLO,AMES NATL CORP,6021.0,165.0
3100110,21.9,21.99,2012-12-21,ATLO,AMES NATL CORP,6021.0,165.0
3100110,21.46,21.56,2012-12-24,ATLO,AMES NATL CORP,6021.0,165.0
3100110,21.33,21.62,2012-12-26,ATLO,AMES NATL CORP,6021.0,165.0
3100110,21.63,21.37,2012-12-27,ATLO,AMES NATL CORP,6021.0,165.0
3100110,21.38,21.67,2012-12-28,ATLO,AMES NATL CORP,6021.0,165.0
3100110,21.9,21.5,2012-12-31,ATLO,AMES NATL CORP,6021.0,165.0
3100110,22.39,21.63,2013-01-02,ATLO,AMES NATL CORP,6021.0,165.0
3100110,22.14,22.37,2013-01-03,ATLO,AMES NATL CORP,6021.0,165.0
3100110,22.32,22.43,2013-01-04,ATLO,AMES NATL CORP,6021.0,165.0
3100110,22.1,22.11,2013-01-07,ATLO,AMES NATL CORP,6021.0,165.0
3100110,20.93,22.04,2013-01-08,ATLO,AMES NATL CORP,6021.0,165.0
3100110,21.74,21.13,2013-01-09,ATLO,AMES NATL CORP,6021.0,165.0
3100110,21.96,21.68,2013-01-10,ATLO,AMES NATL CORP,6021.0,165.0
3100110,21.59,21.97,2013-01-11,ATLO,AMES NATL CORP,6021.0,165.0
3100110,21.68,21.61,2013-01-14,ATLO,AMES NATL CORP,6021.0,165.0
3100110,21.47,21.29,2013-01-15,ATLO,AMES NATL CORP,6021.0,165.0
3100110,21.43,21.3,2013-01-16,ATLO,AMES NATL CORP,6021.0,165.0
3100110,21.87,21.43,2013-01-17,ATLO,AMES NATL CORP,6021.0,165.0
3100110,21.8,21.79,2013-01-18,ATLO,AMES NATL CORP,6021.0,165.0
3100110,21.64,21.7,2013-01-22,ATLO,AMES NATL CORP,6021.0,165.0
3100110,21.71,21.6,2013-01-23,ATLO,AMES NATL CORP,6021.0,165.0
3100110,21.44,21.8,2013-01-24,ATLO,AMES NATL CORP,6021.0,165.0
3100110,21.4,21.4,2013-01-25,ATLO,AMES NATL CORP,6021.0,165.0
3100110,21.85,21.7,2013-01-28,ATLO,AMES NATL CORP,6021.0,165.0
3100110,21.98,21.5,2013-01-29,ATLO,AMES NATL CORP,6021.0,165.0
3100110,21.76,21.8,2013-01-30,ATLO,AMES NATL CORP,6021.0,165.0
3100110,21.88,21.84,2013-01-31,ATLO,AMES NATL CORP,6021.0,165.0
3100110,21.94,21.9,2013-02-01,ATLO,AMES NATL CORP,6021.0,165.0
3100110,21.41,21.9,2013-02-04,ATLO,AMES NATL CORP,6021.0,165.0
3100110,21.75,21.53,2013-02-05,ATLO,AMES NATL CORP,6021.0,165.0
3100110,21.99,21.55,2013-02-06,ATLO,AMES NATL CORP,6021.0,165.0
3100110,21.75,21.9,2013-02-07,ATLO,AMES NATL CORP,6021.0,165.0
3100110,21.69,21.95,2013-02-08,ATLO,AMES NATL CORP,6021.0,165.0
3100110,21.68,21.75,2013-02-11,ATLO,AMES NATL CORP,6021.0,165.0
3100110,21.53,21.88,2013-02-12,ATLO,AMES NATL CORP,6021.0,165.0
3100110,21.61,21.68,2013-02-13,ATLO,AMES NATL CORP,6021.0,165.0
3100110,21.91,21.72,2013-02-14,ATLO,AMES NATL CORP,6021.0,165.0
3100110,21.6,22.0,2013-02-15,ATLO,AMES NATL CORP,6021.0,165.0
3100110,21.98,21.64,2013-02-19,ATLO,AMES NATL CORP,6021.0,165.0
3100110,20.59,21.93,2013-02-20,ATLO,AMES NATL CORP,6021.0,165.0
3100110,20.1,20.5,2013-02-21,ATLO,AMES NATL CORP,6021.0,165.0
3100110,20.29,20.23,2013-02-22,ATLO,AMES NATL CORP,6021.0,165.0
3100110,20.1,20.51,2013-02-25,ATLO,AMES NATL CORP,6021.0,165.0
3100110,20.47,20.19,2013-02-26,ATLO,AMES NATL CORP,6021.0,165.0
3100110,20.84,20.42,2013-02-27,ATLO,AMES NATL CORP,6021.0,165.0
3100110,20.7,20.55,2013-02-28,ATLO,AMES NATL CORP,6021.0,165.0
3100110,20.74,20.24,2013-03-01,ATLO,AMES NATL CORP,6021.0,165.0
3100110,20.85,20.1,2013-03-04,ATLO,AMES NATL CORP,6021.0,165.0
3100110,20.62,20.9,2013-03-05,ATLO,AMES NATL CORP,6021.0,165.0
3100110,20.99,20.75,2013-03-06,ATLO,AMES NATL CORP,6021.0,165.0
3100110,21.0,21.0,2013-03-07,ATLO,AMES NATL CORP,6021.0,165.0
3100110,20.92,21.0,2013-03-08,ATLO,AMES NATL CORP,6021.0,165.0
3100110,20.88,20.95,2013-03-11,ATLO,AMES NATL CORP,6021.0,165.0
3100110,20.69,20.9,2013-03-12,ATLO,AMES NATL CORP,6021.0,165.0
3100110,20.94,20.64,2013-03-13,ATLO,AMES NATL CORP,6021.0,165.0
3100110,21.26,21.0,2013-03-14,ATLO,AMES NATL CORP,6021.0,165.0
3100110,20.87,21.18,2013-03-15,ATLO,AMES NATL CORP,6021.0,165.0
3100110,20.71,20.7,2013-03-18,ATLO,AMES NATL CORP,6021.0,165.0
3100110,20.62,20.61,2013-03-19,ATLO,AMES NATL CORP,6021.0,165.0
3100110,21.04,20.79,2013-03-20,ATLO,AMES NATL CORP,6021.0,165.0
3100110,20.8,20.83,2013-03-21,ATLO,AMES NATL CORP,6021.0,165.0
3100110,21.17,21.013,2013-03-22,ATLO,AMES NATL CORP,6021.0,165.0
3100110,20.95,21.26,2013-03-25,ATLO,AMES NATL CORP,6021.0,165.0
3100110,21.24,21.13,2013-03-26,ATLO,AMES NATL CORP,6021.0,165.0
3100110,20.85,21.0,2013-03-27,ATLO,AMES NATL CORP,6021.0,165.0
3100110,20.86,21.08,2013-03-28,ATLO,AMES NATL CORP,6021.0,165.0
3100110,20.16,20.71,2013-04-01,ATLO,AMES NATL CORP,6021.0,165.0
3100110,19.985,20.34,2013-04-02,ATLO,AMES NATL CORP,6021.0,165.0
3100110,19.57,20.05,2013-04-03,ATLO,AMES NATL CORP,6021.0,165.0
3100110,19.75,19.71,2013-04-04,ATLO,AMES NATL CORP,6021.0,165.0
3100110,19.56,19.44,2013-04-05,ATLO,AMES NATL CORP,6021.0,165.0
3100110,19.8,19.68,2013-04-08,ATLO,AMES NATL CORP,6021.0,165.0
3100110,19.63,19.84,2013-04-09,ATLO,AMES NATL CORP,6021.0,165.0
3100110,19.985,19.79,2013-04-10,ATLO,AMES NATL CORP,6021.0,165.0
3100110,19.59,19.49,2013-04-11,ATLO,AMES NATL CORP,6021.0,165.0
3100110,19.83,19.45,2013-04-12,ATLO,AMES NATL CORP,6021.0,165.0
3100110,18.79,19.35,2013-04-15,ATLO,AMES NATL CORP,6021.0,165.0
3100110,19.44,19.0,2013-04-16,ATLO,AMES NATL CORP,6021.0,165.0
3100110,18.77,19.3975,2013-04-17,ATLO,AMES NATL CORP,6021.0,165.0
3100110,19.08,18.9,2013-04-18,ATLO,AMES NATL CORP,6021.0,165.0
3100110,19.41,19.08,2013-04-19,ATLO,AMES NATL CORP,6021.0,165.0
3100110,19.47,19.01,2013-04-22,ATLO,AMES NATL CORP,6021.0,165.0
3100110,19.51,19.52,2013-04-23,ATLO,AMES NATL CORP,6021.0,165.0
3100110,19.51,19.52,2013-04-24,ATLO,AMES NATL CORP,6021.0,165.0
3100110,19.88,19.5,2013-04-25,ATLO,AMES NATL CORP,6021.0,165.0
3100110,19.64,19.9,2013-04-26,ATLO,AMES NATL CORP,6021.0,165.0
3100110,19.84,19.63,2013-04-29,ATLO,AMES NATL CORP,6021.0,165.0
3100110,19.65,19.84,2013-04-30,ATLO,AMES NATL CORP,6021.0,165.0
3100110,18.61,19.8,2013-05-01,ATLO,AMES NATL CORP,6021.0,165.0
3100110,19.66,18.77,2013-05-02,ATLO,AMES NATL CORP,6021.0,165.0
3100110,19.92,19.86,2013-05-03,ATLO,AMES NATL CORP,6021.0,165.0
3100110,20.43,20.03,2013-05-06,ATLO,AMES NATL CORP,6021.0,165.0
3100110,20.67,20.44,2013-05-07,ATLO,AMES NATL CORP,6021.0,165.0
3100110,20.75,20.7,2013-05-08,ATLO,AMES NATL CORP,6021.0,165.0
3100110,20.32,20.69,2013-05-09,ATLO,AMES NATL CORP,6021.0,165.0
3100110,20.42,20.4,2013-05-10,ATLO,AMES NATL CORP,6021.0,165.0
3100110,20.18,20.5,2013-05-13,ATLO,AMES NATL CORP,6021.0,165.0
3100110,20.28,20.171,2013-05-14,ATLO,AMES NATL CORP,6021.0,165.0
3100110,20.5,20.28,2013-05-15,ATLO,AMES NATL CORP,6021.0,165.0
3100110,20.44,20.37,2013-05-16,ATLO,AMES NATL CORP,6021.0,165.0
3100110,20.29,20.47,2013-05-17,ATLO,AMES NATL CORP,6021.0,165.0
3100110,20.5,20.28,2013-05-20,ATLO,AMES NATL CORP,6021.0,165.0
3100110,20.45,20.5,2013-05-21,ATLO,AMES NATL CORP,6021.0,165.0
3100110,20.16,20.41,2013-05-22,ATLO,AMES NATL CORP,6021.0,165.0
3100110,20.18,20.04,2013-05-23,ATLO,AMES NATL CORP,6021.0,165.0
3100110,20.36,20.2,2013-05-24,ATLO,AMES NATL CORP,6021.0,165.0
3100110,20.83,20.7,2013-05-28,ATLO,AMES NATL CORP,6021.0,165.0
3100110,20.56,20.81,2013-05-29,ATLO,AMES NATL CORP,6021.0,165.0
3100110,20.71,20.69,2013-05-30,ATLO,AMES NATL CORP,6021.0,165.0
3100110,20.53,20.52,2013-05-31,ATLO,AMES NATL CORP,6021.0,165.0
3100110,20.99,20.6,2013-06-03,ATLO,AMES NATL CORP,6021.0,165.0
3100110,20.75,20.99,2013-06-04,ATLO,AMES NATL CORP,6021.0,165.0
3100110,20.8,20.79,2013-06-05,ATLO,AMES NATL CORP,6021.0,165.0
3100110,20.95,20.83,2013-06-06,ATLO,AMES NATL CORP,6021.0,165.0
3100110,21.22,20.98,2013-06-07,ATLO,AMES NATL CORP,6021.0,165.0
3100110,21.3,21.28,2013-06-10,ATLO,AMES NATL CORP,6021.0,165.0
3100110,21.16,21.27,2013-06-11,ATLO,AMES NATL CORP,6021.0,165.0
3100110,21.16,21.16,2013-06-12,ATLO,AMES NATL CORP,6021.0,165.0
3100110,21.35,21.148,2013-06-13,ATLO,AMES NATL CORP,6021.0,165.0
3100110,21.35,21.36,2013-06-14,ATLO,AMES NATL CORP,6021.0,165.0
3100110,22.71,21.65,2013-06-17,ATLO,AMES NATL CORP,6021.0,165.0
3100110,22.68,22.63,2013-06-18,ATLO,AMES NATL CORP,6021.0,165.0
3100110,22.5,22.75,2013-06-19,ATLO,AMES NATL CORP,6021.0,165.0
3100110,22.36,22.14,2013-06-20,ATLO,AMES NATL CORP,6021.0,165.0
3100110,22.8,22.48,2013-06-21,ATLO,AMES NATL CORP,6021.0,165.0
3100110,22.74,22.59,2013-06-24,ATLO,AMES NATL CORP,6021.0,165.0
3100110,22.78,22.99,2013-06-25,ATLO,AMES NATL CORP,6021.0,165.0
3100110,22.42,22.59,2013-06-26,ATLO,AMES NATL CORP,6021.0,165.0
3100110,22.54,22.045,2013-06-27,ATLO,AMES NATL CORP,6021.0,165.0
3100110,22.76,22.57,2013-06-28,ATLO,AMES NATL CORP,6021.0,165.0
3100110,22.8,22.75,2013-07-01,ATLO,AMES NATL CORP,6021.0,165.0
3100110,22.84,22.89,2013-07-02,ATLO,AMES NATL CORP,6021.0,165.0
3100110,22.65,22.85,2013-07-03,ATLO,AMES NATL CORP,6021.0,165.0
3100110,23.15,23.19,2013-07-05,ATLO,AMES NATL CORP,6021.0,165.0
3100110,23.24,23.29,2013-07-08,ATLO,AMES NATL CORP,6021.0,165.0
3100110,23.19,23.25,2013-07-09,ATLO,AMES NATL CORP,6021.0,165.0
3100110,23.06,22.7801,2013-07-10,ATLO,AMES NATL CORP,6021.0,165.0
3100110,23.02,23.25,2013-07-11,ATLO,AMES NATL CORP,6021.0,165.0
3100110,23.04,22.96,2013-07-12,ATLO,AMES NATL CORP,6021.0,165.0
3100110,23.49,22.99,2013-07-15,ATLO,AMES NATL CORP,6021.0,165.0
3100110,23.5,23.26,2013-07-16,ATLO,AMES NATL CORP,6021.0,165.0
3100110,23.25,23.5,2013-07-17,ATLO,AMES NATL CORP,6021.0,165.0
3100110,23.48,23.19,2013-07-18,ATLO,AMES NATL CORP,6021.0,165.0
3100110,23.5,23.45,2013-07-19,ATLO,AMES NATL CORP,6021.0,165.0
3100110,23.44,23.31,2013-07-22,ATLO,AMES NATL CORP,6021.0,165.0
3100110,23.68,23.5,2013-07-23,ATLO,AMES NATL CORP,6021.0,165.0
3100110,23.77,23.76,2013-07-24,ATLO,AMES NATL CORP,6021.0,165.0
3100110,23.7,23.66,2013-07-25,ATLO,AMES NATL CORP,6021.0,165.0
3100110,23.36,23.55,2013-07-26,ATLO,AMES NATL CORP,6021.0,165.0
3100110,23.17,23.36,2013-07-29,ATLO,AMES NATL CORP,6021.0,165.0
3100110,23.04,23.18,2013-07-30,ATLO,AMES NATL CORP,6021.0,165.0
3100110,22.88,23.12,2013-07-31,ATLO,AMES NATL CORP,6021.0,165.0
3100110,22.95,23.06,2013-08-01,ATLO,AMES NATL CORP,6021.0,165.0
3100110,22.83,22.86,2013-08-02,ATLO,AMES NATL CORP,6021.0,165.0
3100110,22.58,22.8,2013-08-05,ATLO,AMES NATL CORP,6021.0,165.0
3100110,22.17,22.5,2013-08-06,ATLO,AMES NATL CORP,6021.0,165.0
3100110,21.77,22.25,2013-08-07,ATLO,AMES NATL CORP,6021.0,165.0
3100110,21.26,21.82,2013-08-08,ATLO,AMES NATL CORP,6021.0,165.0
3100110,21.57,21.31,2013-08-09,ATLO,AMES NATL CORP,6021.0,165.0
3100110,21.7,21.6,2013-08-12,ATLO,AMES NATL CORP,6021.0,165.0
3100110,22.04,21.79,2013-08-13,ATLO,AMES NATL CORP,6021.0,165.0
3100110,21.6,22.1,2013-08-14,ATLO,AMES NATL CORP,6021.0,165.0
3100110,21.72,21.42,2013-08-15,ATLO,AMES NATL CORP,6021.0,165.0
3100110,21.29,21.57,2013-08-16,ATLO,AMES NATL CORP,6021.0,165.0
3100110,20.61,21.21,2013-08-19,ATLO,AMES NATL CORP,6021.0,165.0
3100110,20.82,20.7,2013-08-20,ATLO,AMES NATL CORP,6021.0,165.0
3100110,20.5,20.75,2013-08-21,ATLO,AMES NATL CORP,6021.0,165.0
3100110,21.03,20.84,2013-08-22,ATLO,AMES NATL CORP,6021.0,165.0
3100110,20.8,21.01,2013-08-23,ATLO,AMES NATL CORP,6021.0,165.0
3100110,20.81,21.06,2013-08-26,ATLO,AMES NATL CORP,6021.0,165.0
3100110,20.21,20.6,2013-08-27,ATLO,AMES NATL CORP,6021.0,165.0
3100110,20.42,20.5,2013-08-28,ATLO,AMES NATL CORP,6021.0,165.0
3100110,20.4,20.36,2013-08-29,ATLO,AMES NATL CORP,6021.0,165.0
3100110,20.19,20.32,2013-08-30,ATLO,AMES NATL CORP,6021.0,165.0
3100110,20.52,20.31,2013-09-03,ATLO,AMES NATL CORP,6021.0,165.0
3100110,20.17,20.48,2013-09-04,ATLO,AMES NATL CORP,6021.0,165.0
3100110,20.06,20.25,2013-09-05,ATLO,AMES NATL CORP,6021.0,165.0
3100110,20.57,20.22,2013-09-06,ATLO,AMES NATL CORP,6021.0,165.0
3100110,21.12,20.95,2013-09-09,ATLO,AMES NATL CORP,6021.0,165.0
3100110,21.82,21.68,2013-09-10,ATLO,AMES NATL CORP,6021.0,165.0
3100110,21.57,21.75,2013-09-11,ATLO,AMES NATL CORP,6021.0,165.0
3100110,21.17,21.69,2013-09-12,ATLO,AMES NATL CORP,6021.0,165.0
3100110,21.74,21.28,2013-09-13,ATLO,AMES NATL CORP,6021.0,165.0
3100110,21.99,21.95,2013-09-16,ATLO,AMES NATL CORP,6021.0,165.0
3100110,21.93,21.98,2013-09-17,ATLO,AMES NATL CORP,6021.0,165.0
3100110,22.41,21.79,2013-09-18,ATLO,AMES NATL CORP,6021.0,165.0
3100110,22.16,22.49,2013-09-19,ATLO,AMES NATL CORP,6021.0,165.0
3100110,22.29,22.18,2013-09-20,ATLO,AMES NATL CORP,6021.0,165.0
3100110,22.5,22.29,2013-09-23,ATLO,AMES NATL CORP,6021.0,165.0
3100110,22.81,22.95,2013-09-24,ATLO,AMES NATL CORP,6021.0,165.0
3100110,23.04,22.94,2013-09-25,ATLO,AMES NATL CORP,6021.0,165.0
3100110,22.81,23.17,2013-09-26,ATLO,AMES NATL CORP,6021.0,165.0
3100110,23.17,22.6,2013-09-27,ATLO,AMES NATL CORP,6021.0,165.0
3100110,22.41,22.4,2013-09-30,ATLO,AMES NATL CORP,6021.0,165.0
3100110,22.91,22.65,2013-10-01,ATLO,AMES NATL CORP,6021.0,165.0
3100110,22.2,22.26,2013-10-02,ATLO,AMES NATL CORP,6021.0,165.0
3100110,21.17,22.17,2013-10-03,ATLO,AMES NATL CORP,6021.0,165.0
3100110,21.81,21.12,2013-10-04,ATLO,AMES NATL CORP,6021.0,165.0
3100110,21.43,21.63,2013-10-07,ATLO,AMES NATL CORP,6021.0,165.0
3100110,21.14,21.32,2013-10-08,ATLO,AMES NATL CORP,6021.0,165.0
3100110,21.09,21.33,2013-10-09,ATLO,AMES NATL CORP,6021.0,165.0
3100110,22.1,21.37,2013-10-10,ATLO,AMES NATL CORP,6021.0,165.0
3100110,22.83,21.87,2013-10-11,ATLO,AMES NATL CORP,6021.0,165.0
3100110,23.0,22.24,2013-10-14,ATLO,AMES NATL CORP,6021.0,165.0
3100110,22.51,22.64,2013-10-15,ATLO,AMES NATL CORP,6021.0,165.0
3100110,22.82,22.61,2013-10-16,ATLO,AMES NATL CORP,6021.0,165.0
3100110,22.65,22.63,2013-10-17,ATLO,AMES NATL CORP,6021.0,165.0
3100110,22.89,22.95,2013-10-18,ATLO,AMES NATL CORP,6021.0,165.0
3100110,22.78,22.92,2013-10-21,ATLO,AMES NATL CORP,6021.0,165.0
3100110,22.85,22.75,2013-10-22,ATLO,AMES NATL CORP,6021.0,165.0
3100110,22.44,22.64,2013-10-23,ATLO,AMES NATL CORP,6021.0,165.0
3100110,22.99,22.91,2013-10-24,ATLO,AMES NATL CORP,6021.0,165.0
3100110,22.82,23.0,2013-10-25,ATLO,AMES NATL CORP,6021.0,165.0
3100110,22.95,22.86,2013-10-28,ATLO,AMES NATL CORP,6021.0,165.0
3100110,22.83,22.885,2013-10-29,ATLO,AMES NATL CORP,6021.0,165.0
3100110,22.36,22.77,2013-10-30,ATLO,AMES NATL CORP,6021.0,165.0
3100110,22.53,22.37,2013-10-31,ATLO,AMES NATL CORP,6021.0,165.0
3100110,22.2,22.47,2013-11-01,ATLO,AMES NATL CORP,6021.0,165.0
3100110,21.5,22.22,2013-11-04,ATLO,AMES NATL CORP,6021.0,165.0
3100110,21.73,21.5,2013-11-05,ATLO,AMES NATL CORP,6021.0,165.0
3100110,21.77,22.02,2013-11-06,ATLO,AMES NATL CORP,6021.0,165.0
3100110,21.996,21.93,2013-11-07,ATLO,AMES NATL CORP,6021.0,165.0
3100110,22.21,21.92,2013-11-08,ATLO,AMES NATL CORP,6021.0,165.0
3100110,21.91,22.19,2013-11-11,ATLO,AMES NATL CORP,6021.0,165.0
3100110,21.91,21.91,2013-11-12,ATLO,AMES NATL CORP,6021.0,165.0
3100110,22.43,21.91,2013-11-13,ATLO,AMES NATL CORP,6021.0,165.0
3100110,21.94,22.4,2013-11-14,ATLO,AMES NATL CORP,6021.0,165.0
3100110,22.24,21.92,2013-11-15,ATLO,AMES NATL CORP,6021.0,165.0
3100110,21.85,22.27,2013-11-18,ATLO,AMES NATL CORP,6021.0,165.0
3100110,22.05,22.22,2013-11-19,ATLO,AMES NATL CORP,6021.0,165.0
3100110,22.05,21.87,2013-11-20,ATLO,AMES NATL CORP,6021.0,165.0
3100110,22.15,21.91,2013-11-21,ATLO,AMES NATL CORP,6021.0,165.0
3100110,22.54,22.22,2013-11-22,ATLO,AMES NATL CORP,6021.0,165.0
3100110,22.78,22.69,2013-11-25,ATLO,AMES NATL CORP,6021.0,165.0
3100110,22.87,22.88,2013-11-26,ATLO,AMES NATL CORP,6021.0,165.0
3100110,22.99,22.82,2013-11-27,ATLO,AMES NATL CORP,6021.0,165.0
3100110,22.9,23.0,2013-11-29,ATLO,AMES NATL CORP,6021.0,165.0
3100110,22.75,22.9,2013-12-02,ATLO,AMES NATL CORP,6021.0,165.0
3100110,22.74,22.46,2013-12-03,ATLO,AMES NATL CORP,6021.0,165.0
3100110,22.55,22.71,2013-12-04,ATLO,AMES NATL CORP,6021.0,165.0
3100110,22.33,22.04,2013-12-05,ATLO,AMES NATL CORP,6021.0,165.0
3100110,22.69,22.56,2013-12-06,ATLO,AMES NATL CORP,6021.0,165.0
3100110,22.42,22.12,2013-12-09,ATLO,AMES NATL CORP,6021.0,165.0
3100110,22.48,22.43,2013-12-10,ATLO,AMES NATL CORP,6021.0,165.0
3100110,21.82,22.45,2013-12-11,ATLO,AMES NATL CORP,6021.0,165.0
3100110,21.97,21.82,2013-12-12,ATLO,AMES NATL CORP,6021.0,165.0
3100110,22.18,21.96,2013-12-13,ATLO,AMES NATL CORP,6021.0,165.0
3100110,22.54,22.32,2013-12-16,ATLO,AMES NATL CORP,6021.0,165.0
3100110,22.25,22.48,2013-12-17,ATLO,AMES NATL CORP,6021.0,165.0
3100110,22.88,22.18,2013-12-18,ATLO,AMES NATL CORP,6021.0,165.0
3100110,22.47,22.89,2013-12-19,ATLO,AMES NATL CORP,6021.0,165.0
3100110,22.84,22.58,2013-12-20,ATLO,AMES NATL CORP,6021.0,165.0
3100110,22.79,23.0,2013-12-23,ATLO,AMES NATL CORP,6021.0,165.0
3100110,22.9,22.87,2013-12-24,ATLO,AMES NATL CORP,6021.0,165.0
3100110,22.9,22.47,2013-12-26,ATLO,AMES NATL CORP,6021.0,165.0
3100110,22.88,22.99,2013-12-27,ATLO,AMES NATL CORP,6021.0,165.0
3100110,22.71,22.9,2013-12-30,ATLO,AMES NATL CORP,6021.0,165.0
3100110,22.39,22.77,2013-12-31,ATLO,AMES NATL CORP,6021.0,165.0
3100110,22.24,22.3,2014-01-02,ATLO,AMES NATL CORP,6021.0,165.0
3100110,22.45,22.33,2014-01-03,ATLO,AMES NATL CORP,6021.0,165.0
3100110,22.5,22.48,2014-01-06,ATLO,AMES NATL CORP,6021.0,165.0
3100110,22.67,22.63,2014-01-07,ATLO,AMES NATL CORP,6021.0,165.0
3100110,22.59,22.63,2014-01-08,ATLO,AMES NATL CORP,6021.0,165.0
3100110,22.61,22.64,2014-01-09,ATLO,AMES NATL CORP,6021.0,165.0
3100110,22.66,22.66,2014-01-10,ATLO,AMES NATL CORP,6021.0,165.0
3100110,22.82,22.66,2014-01-13,ATLO,AMES NATL CORP,6021.0,165.0
3100110,22.99,22.82,2014-01-14,ATLO,AMES NATL CORP,6021.0,165.0
3100110,22.94,22.99,2014-01-15,ATLO,AMES NATL CORP,6021.0,165.0
3100110,22.93,22.88,2014-01-16,ATLO,AMES NATL CORP,6021.0,165.0
3100110,23.35,22.97,2014-01-17,ATLO,AMES NATL CORP,6021.0,165.0
3100110,23.23,23.43,2014-01-21,ATLO,AMES NATL CORP,6021.0,165.0
3100110,23.34,23.26,2014-01-22,ATLO,AMES NATL CORP,6021.0,165.0
3100110,22.86,23.28,2014-01-23,ATLO,AMES NATL CORP,6021.0,165.0
3100110,22.64,22.8,2014-01-24,ATLO,AMES NATL CORP,6021.0,165.0
3100110,22.29,22.78,2014-01-27,ATLO,AMES NATL CORP,6021.0,165.0
3100110,22.34,22.26,2014-01-28,ATLO,AMES NATL CORP,6021.0,165.0
3100110,21.77,22.22,2014-01-29,ATLO,AMES NATL CORP,6021.0,165.0
3100110,21.91,21.88,2014-01-30,ATLO,AMES NATL CORP,6021.0,165.0
3100110,21.26,21.56,2014-01-31,ATLO,AMES NATL CORP,6021.0,165.0
3100110,20.9,21.1,2014-02-03,ATLO,AMES NATL CORP,6021.0,165.0
3100110,21.05,21.09,2014-02-04,ATLO,AMES NATL CORP,6021.0,165.0
3100110,20.74,21.03,2014-02-05,ATLO,AMES NATL CORP,6021.0,165.0
3100110,20.72,20.88,2014-02-06,ATLO,AMES NATL CORP,6021.0,165.0
3100110,20.55,20.84,2014-02-07,ATLO,AMES NATL CORP,6021.0,165.0
3100110,21.51,20.59,2014-02-10,ATLO,AMES NATL CORP,6021.0,165.0
3100110,22.08,21.6,2014-02-11,ATLO,AMES NATL CORP,6021.0,165.0
3100110,21.9,22.01,2014-02-12,ATLO,AMES NATL CORP,6021.0,165.0
3100110,21.67,21.82,2014-02-13,ATLO,AMES NATL CORP,6021.0,165.0
3100110,21.29,21.76,2014-02-14,ATLO,AMES NATL CORP,6021.0,165.0
3100110,22.21,21.45,2014-02-18,ATLO,AMES NATL CORP,6021.0,165.0
3100110,21.65,22.04,2014-02-19,ATLO,AMES NATL CORP,6021.0,165.0
3100110,22.1,21.57,2014-02-20,ATLO,AMES NATL CORP,6021.0,165.0
3100110,21.87,22.25,2014-02-21,ATLO,AMES NATL CORP,6021.0,165.0
3100110,22.29,21.8,2014-02-24,ATLO,AMES NATL CORP,6021.0,165.0
3100110,21.63,22.23,2014-02-25,ATLO,AMES NATL CORP,6021.0,165.0
3100110,21.78,21.56,2014-02-26,ATLO,AMES NATL CORP,6021.0,165.0
3100110,22.21,21.791,2014-02-27,ATLO,AMES NATL CORP,6021.0,165.0
3100110,22.28,22.29,2014-02-28,ATLO,AMES NATL CORP,6021.0,165.0
3100110,21.95,22.0,2014-03-03,ATLO,AMES NATL CORP,6021.0,165.0
3100110,22.98,22.14,2014-03-04,ATLO,AMES NATL CORP,6021.0,165.0
3100110,22.49,22.86,2014-03-05,ATLO,AMES NATL CORP,6021.0,165.0
3100110,22.79,22.47,2014-03-06,ATLO,AMES NATL CORP,6021.0,165.0
3100110,22.98,22.83,2014-03-07,ATLO,AMES NATL CORP,6021.0,165.0
3100110,23.0,22.84,2014-03-10,ATLO,AMES NATL CORP,6021.0,165.0
3100110,22.99,22.92,2014-03-11,ATLO,AMES NATL CORP,6021.0,165.0
3100110,22.7,22.02,2014-03-12,ATLO,AMES NATL CORP,6021.0,165.0
3100110,22.77,22.88,2014-03-13,ATLO,AMES NATL CORP,6021.0,165.0
3100110,22.81,22.82,2014-03-14,ATLO,AMES NATL CORP,6021.0,165.0
3100110,22.99,23.0,2014-03-17,ATLO,AMES NATL CORP,6021.0,165.0
3100110,22.99,22.93,2014-03-18,ATLO,AMES NATL CORP,6021.0,165.0
3100110,22.75,23.0,2014-03-19,ATLO,AMES NATL CORP,6021.0,165.0
3100110,22.99,22.98,2014-03-20,ATLO,AMES NATL CORP,6021.0,165.0
3100110,22.93,23.0,2014-03-21,ATLO,AMES NATL CORP,6021.0,165.0
3100110,22.82,22.89,2014-03-24,ATLO,AMES NATL CORP,6021.0,165.0
3100110,22.99,22.92,2014-03-25,ATLO,AMES NATL CORP,6021.0,165.0
3100110,22.58,22.97,2014-03-26,ATLO,AMES NATL CORP,6021.0,165.0
3100110,21.82,22.45,2014-03-27,ATLO,AMES NATL CORP,6021.0,165.0
3100110,21.42,21.83,2014-03-28,ATLO,AMES NATL CORP,6021.0,165.0
3100110,22.04,21.47,2014-03-31,ATLO,AMES NATL CORP,6021.0,165.0
3100110,22.4,22.31,2014-04-01,ATLO,AMES NATL CORP,6021.0,165.0
3100110,22.48,22.28,2014-04-02,ATLO,AMES NATL CORP,6021.0,165.0
3100110,22.34,22.39,2014-04-03,ATLO,AMES NATL CORP,6021.0,165.0
3100110,21.67,22.58,2014-04-04,ATLO,AMES NATL CORP,6021.0,165.0
3100110,22.27,21.67,2014-04-07,ATLO,AMES NATL CORP,6021.0,165.0
3100110,22.25,22.25,2014-04-08,ATLO,AMES NATL CORP,6021.0,165.0
3100110,22.55,22.47,2014-04-09,ATLO,AMES NATL CORP,6021.0,165.0
3100110,22.16,22.09,2014-04-10,ATLO,AMES NATL CORP,6021.0,165.0
3100110,22.03,21.91,2014-04-11,ATLO,AMES NATL CORP,6021.0,165.0
3100110,21.75,22.23,2014-04-14,ATLO,AMES NATL CORP,6021.0,165.0
3100110,21.7,21.92,2014-04-15,ATLO,AMES NATL CORP,6021.0,165.0
3100110,22.0,21.9,2014-04-16,ATLO,AMES NATL CORP,6021.0,165.0
3100110,22.25,21.88,2014-04-17,ATLO,AMES NATL CORP,6021.0,165.0
3100110,22.71,22.67,2014-04-21,ATLO,AMES NATL CORP,6021.0,165.0
3100110,22.69,22.77,2014-04-22,ATLO,AMES NATL CORP,6021.0,165.0
3100110,22.45,22.71,2014-04-23,ATLO,AMES NATL CORP,6021.0,165.0
3100110,22.46,22.74,2014-04-24,ATLO,AMES NATL CORP,6021.0,165.0
3100110,22.0,22.53,2014-04-25,ATLO,AMES NATL CORP,6021.0,165.0
3100110,22.5,22.5,2014-04-28,ATLO,AMES NATL CORP,6021.0,165.0
3100110,21.98,22.53,2014-04-29,ATLO,AMES NATL CORP,6021.0,165.0
3100110,21.83,21.92,2014-04-30,ATLO,AMES NATL CORP,6021.0,165.0
3100110,21.58,21.82,2014-05-01,ATLO,AMES NATL CORP,6021.0,165.0
3100110,21.44,21.55,2014-05-02,ATLO,AMES NATL CORP,6021.0,165.0
3100110,21.5,21.38,2014-05-05,ATLO,AMES NATL CORP,6021.0,165.0
3100110,21.5,21.56,2014-05-06,ATLO,AMES NATL CORP,6021.0,165.0
3100110,21.33,21.5,2014-05-07,ATLO,AMES NATL CORP,6021.0,165.0
3100110,21.43,21.49,2014-05-08,ATLO,AMES NATL CORP,6021.0,165.0
3100110,21.97,21.36,2014-05-09,ATLO,AMES NATL CORP,6021.0,165.0
3100110,22.94,22.13,2014-05-12,ATLO,AMES NATL CORP,6021.0,165.0
3100110,22.78,22.99,2014-05-13,ATLO,AMES NATL CORP,6021.0,165.0
3100110,21.72,22.59,2014-05-14,ATLO,AMES NATL CORP,6021.0,165.0
3100110,21.41,21.64,2014-05-15,ATLO,AMES NATL CORP,6021.0,165.0
3100110,21.82,21.36,2014-05-16,ATLO,AMES NATL CORP,6021.0,165.0
3100110,22.5,21.84,2014-05-19,ATLO,AMES NATL CORP,6021.0,165.0
3100110,21.76,22.49,2014-05-20,ATLO,AMES NATL CORP,6021.0,165.0
3100110,21.98,21.82,2014-05-21,ATLO,AMES NATL CORP,6021.0,165.0
3100110,22.24,22.15,2014-05-22,ATLO,AMES NATL CORP,6021.0,165.0
3100110,22.49,22.2,2014-05-23,ATLO,AMES NATL CORP,6021.0,165.0
3100110,22.99,22.69,2014-05-27,ATLO,AMES NATL CORP,6021.0,165.0
3100110,22.71,22.81,2014-05-28,ATLO,AMES NATL CORP,6021.0,165.0
3100110,22.68,22.84,2014-05-29,ATLO,AMES NATL CORP,6021.0,165.0
3100110,22.7,22.73,2014-05-30,ATLO,AMES NATL CORP,6021.0,165.0
3100110,22.35,22.6,2014-06-02,ATLO,AMES NATL CORP,6021.0,165.0
3100110,21.82,22.2,2014-06-03,ATLO,AMES NATL CORP,6021.0,165.0
3100110,21.82,21.81,2014-06-04,ATLO,AMES NATL CORP,6021.0,165.0
3100110,22.63,21.99,2014-06-05,ATLO,AMES NATL CORP,6021.0,165.0
3100110,22.99,22.7,2014-06-06,ATLO,AMES NATL CORP,6021.0,165.0
3100110,22.8,22.9,2014-06-09,ATLO,AMES NATL CORP,6021.0,165.0
3100110,22.79,22.76,2014-06-10,ATLO,AMES NATL CORP,6021.0,165.0
3100110,22.62,22.7,2014-06-11,ATLO,AMES NATL CORP,6021.0,165.0
3100110,22.67,22.72,2014-06-12,ATLO,AMES NATL CORP,6021.0,165.0
3100110,22.64,22.78,2014-06-13,ATLO,AMES NATL CORP,6021.0,165.0
3100110,21.98,22.605,2014-06-16,ATLO,AMES NATL CORP,6021.0,165.0
3100110,22.14,21.902,2014-06-17,ATLO,AMES NATL CORP,6021.0,165.0
3100110,22.08,22.0,2014-06-18,ATLO,AMES NATL CORP,6021.0,165.0
3100110,22.05,22.09,2014-06-19,ATLO,AMES NATL CORP,6021.0,165.0
3100110,22.24,22.2,2014-06-20,ATLO,AMES NATL CORP,6021.0,165.0
3100110,22.22,22.5,2014-06-23,ATLO,AMES NATL CORP,6021.0,165.0
3100110,21.92,22.12,2014-06-24,ATLO,AMES NATL CORP,6021.0,165.0
3100110,22.01,21.89,2014-06-25,ATLO,AMES NATL CORP,6021.0,165.0
3100110,22.38,22.06,2014-06-26,ATLO,AMES NATL CORP,6021.0,165.0
3100110,22.86,22.22,2014-06-27,ATLO,AMES NATL CORP,6021.0,165.0
3100110,23.14,22.76,2014-06-30,ATLO,AMES NATL CORP,6021.0,165.0
3100110,23.91,23.07,2014-07-01,ATLO,AMES NATL CORP,6021.0,165.0
3100110,23.54,23.95,2014-07-02,ATLO,AMES NATL CORP,6021.0,165.0
3100110,23.79,23.66,2014-07-03,ATLO,AMES NATL CORP,6021.0,165.0
3100110,23.31,23.7,2014-07-07,ATLO,AMES NATL CORP,6021.0,165.0
3100110,23.1,23.35,2014-07-08,ATLO,AMES NATL CORP,6021.0,165.0
3100110,23.4,23.15,2014-07-09,ATLO,AMES NATL CORP,6021.0,165.0
3100110,22.71,23.0,2014-07-10,ATLO,AMES NATL CORP,6021.0,165.0
3100110,22.8,22.8,2014-07-11,ATLO,AMES NATL CORP,6021.0,165.0
3100110,22.71,23.12,2014-07-14,ATLO,AMES NATL CORP,6021.0,165.0
3100110,22.73,22.78,2014-07-15,ATLO,AMES NATL CORP,6021.0,165.0
3100110,22.75,22.86,2014-07-16,ATLO,AMES NATL CORP,6021.0,165.0
3100110,22.6,22.49,2014-07-17,ATLO,AMES NATL CORP,6021.0,165.0
3100110,22.8,22.54,2014-07-18,ATLO,AMES NATL CORP,6021.0,165.0
3100110,22.97,22.69,2014-07-21,ATLO,AMES NATL CORP,6021.0,165.0
3100110,22.87,22.76,2014-07-22,ATLO,AMES NATL CORP,6021.0,165.0
3100110,22.64,22.9,2014-07-23,ATLO,AMES NATL CORP,6021.0,165.0
3100110,22.72,22.77,2014-07-24,ATLO,AMES NATL CORP,6021.0,165.0
3100110,22.5,22.51,2014-07-25,ATLO,AMES NATL CORP,6021.0,165.0
3100110,22.37,22.6,2014-07-28,ATLO,AMES NATL CORP,6021.0,165.0
3100110,22.38,22.35,2014-07-29,ATLO,AMES NATL CORP,6021.0,165.0
3100110,22.57,22.45,2014-07-30,ATLO,AMES NATL CORP,6021.0,165.0
3100110,22.39,22.35,2014-07-31,ATLO,AMES NATL CORP,6021.0,165.0
3100110,22.25,22.48,2014-08-01,ATLO,AMES NATL CORP,6021.0,165.0
3100110,22.51,22.42,2014-08-04,ATLO,AMES NATL CORP,6021.0,165.0
3100110,22.61,22.5,2014-08-05,ATLO,AMES NATL CORP,6021.0,165.0
3100110,22.62,22.395,2014-08-06,ATLO,AMES NATL CORP,6021.0,165.0
3100110,22.49,22.64,2014-08-07,ATLO,AMES NATL CORP,6021.0,165.0
3100110,22.67,22.54,2014-08-08,ATLO,AMES NATL CORP,6021.0,165.0
3100110,22.76,22.74,2014-08-11,ATLO,AMES NATL CORP,6021.0,165.0
3100110,22.41,22.57,2014-08-12,ATLO,AMES NATL CORP,6021.0,165.0
3100110,22.6,22.41,2014-08-13,ATLO,AMES NATL CORP,6021.0,165.0
3100110,22.69,22.62,2014-08-14,ATLO,AMES NATL CORP,6021.0,165.0
3100110,22.55,22.94,2014-08-15,ATLO,AMES NATL CORP,6021.0,165.0
3100110,22.9,22.77,2014-08-18,ATLO,AMES NATL CORP,6021.0,165.0
3100110,22.83,22.92,2014-08-19,ATLO,AMES NATL CORP,6021.0,165.0
3100110,22.64,22.63,2014-08-20,ATLO,AMES NATL CORP,6021.0,165.0
3100110,22.77,22.68,2014-08-21,ATLO,AMES NATL CORP,6021.0,165.0
3100110,22.76,22.8,2014-08-22,ATLO,AMES NATL CORP,6021.0,165.0
3100110,22.47,22.84,2014-08-25,ATLO,AMES NATL CORP,6021.0,165.0
3100110,22.89,22.5,2014-08-26,ATLO,AMES NATL CORP,6021.0,165.0
3100110,22.96,22.94,2014-08-27,ATLO,AMES NATL CORP,6021.0,165.0
3100110,23.0,22.63,2014-08-28,ATLO,AMES NATL CORP,6021.0,165.0
3100110,23.05,23.13,2014-08-29,ATLO,AMES NATL CORP,6021.0,165.0
3100110,23.33,23.24,2014-09-02,ATLO,AMES NATL CORP,6021.0,165.0
3100110,23.11,23.35,2014-09-03,ATLO,AMES NATL CORP,6021.0,165.0
3100110,23.19,23.35,2014-09-04,ATLO,AMES NATL CORP,6021.0,165.0
3100110,23.21,23.07,2014-09-05,ATLO,AMES NATL CORP,6021.0,165.0
3100110,23.44,23.35,2014-09-08,ATLO,AMES NATL CORP,6021.0,165.0
3100110,23.12,23.44,2014-09-09,ATLO,AMES NATL CORP,6021.0,165.0
3100110,23.44,23.25,2014-09-10,ATLO,AMES NATL CORP,6021.0,165.0
3100110,23.22,23.13,2014-09-11,ATLO,AMES NATL CORP,6021.0,165.0
3100110,22.78,23.2,2014-09-12,ATLO,AMES NATL CORP,6021.0,165.0
3100110,22.76,22.84,2014-09-15,ATLO,AMES NATL CORP,6021.0,165.0
3100110,22.75,22.55,2014-09-16,ATLO,AMES NATL CORP,6021.0,165.0
3100110,22.97,22.82,2014-09-17,ATLO,AMES NATL CORP,6021.0,165.0
3100110,22.89,22.8,2014-09-18,ATLO,AMES NATL CORP,6021.0,165.0
3100110,23.21,22.97,2014-09-19,ATLO,AMES NATL CORP,6021.0,165.0
3100110,23.1,23.0,2014-09-22,ATLO,AMES NATL CORP,6021.0,165.0
3100110,22.62,22.92,2014-09-23,ATLO,AMES NATL CORP,6021.0,165.0
3100110,23.3,22.65,2014-09-24,ATLO,AMES NATL CORP,6021.0,165.0
3100110,22.47,23.29,2014-09-25,ATLO,AMES NATL CORP,6021.0,165.0
3100110,22.84,22.62,2014-09-26,ATLO,AMES NATL CORP,6021.0,165.0
3100110,22.53,22.45,2014-09-29,ATLO,AMES NATL CORP,6021.0,165.0
3100110,22.35,22.58,2014-09-30,ATLO,AMES NATL CORP,6021.0,165.0
3100110,21.63,22.4,2014-10-01,ATLO,AMES NATL CORP,6021.0,165.0
3100110,22.59,21.7,2014-10-02,ATLO,AMES NATL CORP,6021.0,165.0
3100110,22.77,22.86,2014-10-03,ATLO,AMES NATL CORP,6021.0,165.0
3100110,22.84,22.88,2014-10-06,ATLO,AMES NATL CORP,6021.0,165.0
3100110,22.39,22.54,2014-10-07,ATLO,AMES NATL CORP,6021.0,165.0
3100110,22.94,22.1,2014-10-08,ATLO,AMES NATL CORP,6021.0,165.0
3100110,22.3,22.86,2014-10-09,ATLO,AMES NATL CORP,6021.0,165.0
3100110,22.44,22.14,2014-10-10,ATLO,AMES NATL CORP,6021.0,165.0
3100110,23.31,22.56,2014-10-13,ATLO,AMES NATL CORP,6021.0,165.0
3100110,23.25,23.48,2014-10-14,ATLO,AMES NATL CORP,6021.0,165.0
3100110,23.34,22.81,2014-10-15,ATLO,AMES NATL CORP,6021.0,165.0
3100110,23.4,22.91,2014-10-16,ATLO,AMES NATL CORP,6021.0,165.0
3100110,23.29,23.7,2014-10-17,ATLO,AMES NATL CORP,6021.0,165.0
3100110,23.06,23.11,2014-10-20,ATLO,AMES NATL CORP,6021.0,165.0
3100110,23.69,23.15,2014-10-21,ATLO,AMES NATL CORP,6021.0,165.0
3100110,23.27,23.79,2014-10-22,ATLO,AMES NATL CORP,6021.0,165.0
3100110,23.29,23.49,2014-10-23,ATLO,AMES NATL CORP,6021.0,165.0
3100110,23.06,23.26,2014-10-24,ATLO,AMES NATL CORP,6021.0,165.0
3100110,23.09,22.93,2014-10-27,ATLO,AMES NATL CORP,6021.0,165.0
3100110,23.85,23.34,2014-10-28,ATLO,AMES NATL CORP,6021.0,165.0
3100110,24.06,23.56,2014-10-29,ATLO,AMES NATL CORP,6021.0,165.0
3100110,24.5,23.98,2014-10-30,ATLO,AMES NATL CORP,6021.0,165.0
3100110,24.8,24.68,2014-10-31,ATLO,AMES NATL CORP,6021.0,165.0
3100110,24.45,24.98,2014-11-03,ATLO,AMES NATL CORP,6021.0,165.0
3100110,24.19,24.3,2014-11-04,ATLO,AMES NATL CORP,6021.0,165.0
3100110,24.44,24.47,2014-11-05,ATLO,AMES NATL CORP,6021.0,165.0
3100110,25.16,24.59,2014-11-06,ATLO,AMES NATL CORP,6021.0,165.0
3100110,24.93,25.18,2014-11-07,ATLO,AMES NATL CORP,6021.0,165.0
3100110,25.34,24.95,2014-11-10,ATLO,AMES NATL CORP,6021.0,165.0
3100110,25.28,25.2,2014-11-11,ATLO,AMES NATL CORP,6021.0,165.0
3100110,25.22,24.9,2014-11-12,ATLO,AMES NATL CORP,6021.0,165.0
3100110,24.64,25.16,2014-11-13,ATLO,AMES NATL CORP,6021.0,165.0
3100110,24.32,24.75,2014-11-14,ATLO,AMES NATL CORP,6021.0,165.0
3100110,24.42,24.4,2014-11-17,ATLO,AMES NATL CORP,6021.0,165.0
3100110,24.55,24.45,2014-11-18,ATLO,AMES NATL CORP,6021.0,165.0
3100110,23.61,23.66,2014-11-19,ATLO,AMES NATL CORP,6021.0,165.0
3100110,23.89,23.55,2014-11-20,ATLO,AMES NATL CORP,6021.0,165.0
3100110,24.44,24.31,2014-11-21,ATLO,AMES NATL CORP,6021.0,165.0
3100110,24.5,24.39,2014-11-24,ATLO,AMES NATL CORP,6021.0,165.0
3100110,24.5,24.47,2014-11-25,ATLO,AMES NATL CORP,6021.0,165.0
3100110,24.38,24.25,2014-11-26,ATLO,AMES NATL CORP,6021.0,165.0
3100110,23.61,24.5,2014-11-28,ATLO,AMES NATL CORP,6021.0,165.0
3100110,23.57,23.63,2014-12-01,ATLO,AMES NATL CORP,6021.0,165.0
3100110,24.04,23.55,2014-12-02,ATLO,AMES NATL CORP,6021.0,165.0
3100110,24.18,23.91,2014-12-03,ATLO,AMES NATL CORP,6021.0,165.0
3100110,24.03,24.58,2014-12-04,ATLO,AMES NATL CORP,6021.0,165.0
3100110,24.64,24.09,2014-12-05,ATLO,AMES NATL CORP,6021.0,165.0
3100110,24.37,24.64,2014-12-08,ATLO,AMES NATL CORP,6021.0,165.0
3100110,24.99,24.68,2014-12-09,ATLO,AMES NATL CORP,6021.0,165.0
3100110,24.7,24.79,2014-12-10,ATLO,AMES NATL CORP,6021.0,165.0
3100110,24.78,24.91,2014-12-11,ATLO,AMES NATL CORP,6021.0,165.0
3100110,24.49,24.45,2014-12-12,ATLO,AMES NATL CORP,6021.0,165.0
3100110,24.01,24.7,2014-12-15,ATLO,AMES NATL CORP,6021.0,165.0
3100110,24.3,24.12,2014-12-16,ATLO,AMES NATL CORP,6021.0,165.0
3100110,26.72,24.56,2014-12-17,ATLO,AMES NATL CORP,6021.0,165.0
3100110,26.45,26.57,2014-12-18,ATLO,AMES NATL CORP,6021.0,165.0
3100110,25.99,26.33,2014-12-19,ATLO,AMES NATL CORP,6021.0,165.0
3100110,26.4,26.08,2014-12-22,ATLO,AMES NATL CORP,6021.0,165.0
3100110,25.25,26.66,2014-12-23,ATLO,AMES NATL CORP,6021.0,165.0
3100110,26.39,25.49,2014-12-24,ATLO,AMES NATL CORP,6021.0,165.0
3100110,26.15,26.47,2014-12-26,ATLO,AMES NATL CORP,6021.0,165.0
3100110,26.08,25.12,2014-12-29,ATLO,AMES NATL CORP,6021.0,165.0
3100110,26.05,25.86,2014-12-30,ATLO,AMES NATL CORP,6021.0,165.0
3100110,25.94,25.53,2014-12-31,ATLO,AMES NATL CORP,6021.0,165.0
3100110,25.47,26.06,2015-01-02,ATLO,AMES NATL CORP,6021.0,165.0
3100110,25.13,25.3757,2015-01-05,ATLO,AMES NATL CORP,6021.0,165.0
3100110,24.66,25.1,2015-01-06,ATLO,AMES NATL CORP,6021.0,165.0
3100110,25.0,25.03,2015-01-07,ATLO,AMES NATL CORP,6021.0,165.0
3100110,25.4,25.14,2015-01-08,ATLO,AMES NATL CORP,6021.0,165.0
3100110,24.63,25.39,2015-01-09,ATLO,AMES NATL CORP,6021.0,165.0
3100110,24.48,24.69,2015-01-12,ATLO,AMES NATL CORP,6021.0,165.0
3100110,24.27,24.55,2015-01-13,ATLO,AMES NATL CORP,6021.0,165.0
3100110,24.11,24.0,2015-01-14,ATLO,AMES NATL CORP,6021.0,165.0
3100110,24.0,24.0,2015-01-15,ATLO,AMES NATL CORP,6021.0,165.0
3100110,24.53,23.84,2015-01-16,ATLO,AMES NATL CORP,6021.0,165.0
3100110,23.89,24.03,2015-01-20,ATLO,AMES NATL CORP,6021.0,165.0
3100110,24.38,23.98,2015-01-21,ATLO,AMES NATL CORP,6021.0,165.0
3100110,24.58,24.73,2015-01-22,ATLO,AMES NATL CORP,6021.0,165.0
3100110,24.2,24.4,2015-01-23,ATLO,AMES NATL CORP,6021.0,165.0
3100110,24.67,24.21,2015-01-26,ATLO,AMES NATL CORP,6021.0,165.0
3100110,24.1,24.23,2015-01-27,ATLO,AMES NATL CORP,6021.0,165.0
3100110,24.02,23.67,2015-01-28,ATLO,AMES NATL CORP,6021.0,165.0
3100110,24.55,24.02,2015-01-29,ATLO,AMES NATL CORP,6021.0,165.0
3100110,24.03,24.14,2015-01-30,ATLO,AMES NATL CORP,6021.0,165.0
3100110,24.17,24.05,2015-02-02,ATLO,AMES NATL CORP,6021.0,165.0
3100110,24.43,24.48,2015-02-03,ATLO,AMES NATL CORP,6021.0,165.0
3100110,24.05,24.24,2015-02-04,ATLO,AMES NATL CORP,6021.0,165.0
3100110,24.32,24.499,2015-02-05,ATLO,AMES NATL CORP,6021.0,165.0
3100110,24.62,24.45,2015-02-06,ATLO,AMES NATL CORP,6021.0,165.0
3100110,24.75,24.46,2015-02-09,ATLO,AMES NATL CORP,6021.0,165.0
3100110,24.84,24.8,2015-02-10,ATLO,AMES NATL CORP,6021.0,165.0
3100110,24.42,24.8,2015-02-11,ATLO,AMES NATL CORP,6021.0,165.0
3100110,24.99,24.52,2015-02-12,ATLO,AMES NATL CORP,6021.0,165.0
3100110,24.93,24.99,2015-02-13,ATLO,AMES NATL CORP,6021.0,165.0
3100110,24.75,25.1,2015-02-17,ATLO,AMES NATL CORP,6021.0,165.0
3100110,24.82,24.93,2015-02-18,ATLO,AMES NATL CORP,6021.0,165.0
3100110,24.84,24.89,2015-02-19,ATLO,AMES NATL CORP,6021.0,165.0
3100110,24.74,24.91,2015-02-20,ATLO,AMES NATL CORP,6021.0,165.0
3100110,24.43,24.73,2015-02-23,ATLO,AMES NATL CORP,6021.0,165.0
3100110,24.56,24.43,2015-02-24,ATLO,AMES NATL CORP,6021.0,165.0
3100110,24.79,24.49,2015-02-25,ATLO,AMES NATL CORP,6021.0,165.0
3100110,25.0,24.77,2015-02-26,ATLO,AMES NATL CORP,6021.0,165.0
3100110,24.66,24.9,2015-02-27,ATLO,AMES NATL CORP,6021.0,165.0
3100110,24.98,24.58,2015-03-02,ATLO,AMES NATL CORP,6021.0,165.0
3100110,24.46,24.71,2015-03-03,ATLO,AMES NATL CORP,6021.0,165.0
3100110,24.48,24.45,2015-03-04,ATLO,AMES NATL CORP,6021.0,165.0
3100110,24.57,24.73,2015-03-05,ATLO,AMES NATL CORP,6021.0,165.0
3100110,24.07,24.43,2015-03-06,ATLO,AMES NATL CORP,6021.0,165.0
3100110,24.04,24.19,2015-03-09,ATLO,AMES NATL CORP,6021.0,165.0
3100110,23.9,24.0,2015-03-10,ATLO,AMES NATL CORP,6021.0,165.0
3100110,23.76,24.11,2015-03-11,ATLO,AMES NATL CORP,6021.0,165.0
3100110,24.72,24.0,2015-03-12,ATLO,AMES NATL CORP,6021.0,165.0
3100110,24.73,24.66,2015-03-13,ATLO,AMES NATL CORP,6021.0,165.0
3100110,24.98,24.82,2015-03-16,ATLO,AMES NATL CORP,6021.0,165.0
3100110,24.83,24.99,2015-03-17,ATLO,AMES NATL CORP,6021.0,165.0
3100110,24.99,24.9,2015-03-18,ATLO,AMES NATL CORP,6021.0,165.0
3100110,24.93,24.84,2015-03-19,ATLO,AMES NATL CORP,6021.0,165.0
3100110,24.96,25.0,2015-03-20,ATLO,AMES NATL CORP,6021.0,165.0
3100110,25.0,25.05,2015-03-23,ATLO,AMES NATL CORP,6021.0,165.0
3100110,24.81,25.05,2015-03-24,ATLO,AMES NATL CORP,6021.0,165.0
3100110,24.69,24.91,2015-03-25,ATLO,AMES NATL CORP,6021.0,165.0
3100110,24.76,24.74,2015-03-26,ATLO,AMES NATL CORP,6021.0,165.0
3100110,24.81,24.7,2015-03-27,ATLO,AMES NATL CORP,6021.0,165.0
3100110,24.94,24.85,2015-03-30,ATLO,AMES NATL CORP,6021.0,165.0
3100110,24.85,24.8,2015-03-31,ATLO,AMES NATL CORP,6021.0,165.0
3100110,24.72,24.65,2015-04-01,ATLO,AMES NATL CORP,6021.0,165.0
3100110,24.69,24.66,2015-04-02,ATLO,AMES NATL CORP,6021.0,165.0
3100110,25.09,24.51,2015-04-06,ATLO,AMES NATL CORP,6021.0,165.0
3100110,24.64,25.11,2015-04-07,ATLO,AMES NATL CORP,6021.0,165.0
3100110,24.94,24.83,2015-04-08,ATLO,AMES NATL CORP,6021.0,165.0
3100110,24.72,24.85,2015-04-09,ATLO,AMES NATL CORP,6021.0,165.0
3100110,24.97,24.8,2015-04-10,ATLO,AMES NATL CORP,6021.0,165.0
3100110,24.61,25.09,2015-04-13,ATLO,AMES NATL CORP,6021.0,165.0
3100110,24.86,24.74,2015-04-14,ATLO,AMES NATL CORP,6021.0,165.0
3100110,24.69,24.7298,2015-04-15,ATLO,AMES NATL CORP,6021.0,165.0
3100110,24.77,24.75,2015-04-16,ATLO,AMES NATL CORP,6021.0,165.0
3100110,24.65,24.94,2015-04-17,ATLO,AMES NATL CORP,6021.0,165.0
3100110,25.39,24.6692,2015-04-20,ATLO,AMES NATL CORP,6021.0,165.0
3100110,25.4,25.58,2015-04-21,ATLO,AMES NATL CORP,6021.0,165.0
3100110,25.5,25.52,2015-04-22,ATLO,AMES NATL CORP,6021.0,165.0
3100110,25.79,25.32,2015-04-23,ATLO,AMES NATL CORP,6021.0,165.0
3100110,26.01,25.88,2015-04-24,ATLO,AMES NATL CORP,6021.0,165.0
3100110,25.58,25.78,2015-04-27,ATLO,AMES NATL CORP,6021.0,165.0
3100110,25.65,25.99,2015-04-28,ATLO,AMES NATL CORP,6021.0,165.0
3100110,25.45,25.51,2015-04-29,ATLO,AMES NATL CORP,6021.0,165.0
3100110,24.94,25.23,2015-04-30,ATLO,AMES NATL CORP,6021.0,165.0
3100110,25.21,25.03,2015-05-01,ATLO,AMES NATL CORP,6021.0,165.0
3100110,25.1,25.01,2015-05-04,ATLO,AMES NATL CORP,6021.0,165.0
3100110,24.6,25.1,2015-05-05,ATLO,AMES NATL CORP,6021.0,165.0
3100110,24.03,24.4,2015-05-06,ATLO,AMES NATL CORP,6021.0,165.0
3100110,24.09,24.899,2015-05-07,ATLO,AMES NATL CORP,6021.0,165.0
3100110,24.78,24.55,2015-05-08,ATLO,AMES NATL CORP,6021.0,165.0
3100110,24.78,24.14,2015-05-11,ATLO,AMES NATL CORP,6021.0,165.0
3100110,24.22,24.89,2015-05-12,ATLO,AMES NATL CORP,6021.0,165.0
3100110,24.55,24.35,2015-05-13,ATLO,AMES NATL CORP,6021.0,165.0
3100110,24.96,24.97,2015-05-14,ATLO,AMES NATL CORP,6021.0,165.0
3100110,24.19,24.99,2015-05-15,ATLO,AMES NATL CORP,6021.0,165.0
3100110,24.12,24.19,2015-05-18,ATLO,AMES NATL CORP,6021.0,165.0
3100110,24.24,24.35,2015-05-19,ATLO,AMES NATL CORP,6021.0,165.0
3100110,24.38,24.5,2015-05-20,ATLO,AMES NATL CORP,6021.0,165.0
3100110,24.27,24.5,2015-05-21,ATLO,AMES NATL CORP,6021.0,165.0
3100110,23.83,24.16,2015-05-22,ATLO,AMES NATL CORP,6021.0,165.0
3100110,23.85,23.97,2015-05-26,ATLO,AMES NATL CORP,6021.0,165.0
3100110,24.07,23.77,2015-05-27,ATLO,AMES NATL CORP,6021.0,165.0
3100110,24.03,24.08,2015-05-28,ATLO,AMES NATL CORP,6021.0,165.0
3100110,23.81,24.07,2015-05-29,ATLO,AMES NATL CORP,6021.0,165.0
3100110,23.82,24.15,2015-06-01,ATLO,AMES NATL CORP,6021.0,165.0
3100110,23.67,23.81,2015-06-02,ATLO,AMES NATL CORP,6021.0,165.0
3100110,23.91,23.79,2015-06-03,ATLO,AMES NATL CORP,6021.0,165.0
3100110,24.14,23.69,2015-06-04,ATLO,AMES NATL CORP,6021.0,165.0
3100110,24.4,24.27,2015-06-05,ATLO,AMES NATL CORP,6021.0,165.0
3100110,24.53,24.42,2015-06-08,ATLO,AMES NATL CORP,6021.0,165.0
3100110,24.62,24.43,2015-06-09,ATLO,AMES NATL CORP,6021.0,165.0
3100110,24.73,24.71,2015-06-10,ATLO,AMES NATL CORP,6021.0,165.0
3100110,24.7,24.81,2015-06-11,ATLO,AMES NATL CORP,6021.0,165.0
3100110,24.73,24.68,2015-06-12,ATLO,AMES NATL CORP,6021.0,165.0
3100110,25.33,24.9,2015-06-15,ATLO,AMES NATL CORP,6021.0,165.0
3100110,25.98,25.1,2015-06-16,ATLO,AMES NATL CORP,6021.0,165.0
3100110,25.71,25.93,2015-06-17,ATLO,AMES NATL CORP,6021.0,165.0
3100110,25.79,25.78,2015-06-18,ATLO,AMES NATL CORP,6021.0,165.0
3100110,25.94,25.59,2015-06-19,ATLO,AMES NATL CORP,6021.0,165.0
3100110,26.04,25.95,2015-06-22,ATLO,AMES NATL CORP,6021.0,165.0
3100110,26.25,25.89,2015-06-23,ATLO,AMES NATL CORP,6021.0,165.0
3100110,25.92,26.0,2015-06-24,ATLO,AMES NATL CORP,6021.0,165.0
3100110,26.19,25.53,2015-06-25,ATLO,AMES NATL CORP,6021.0,165.0
3100110,26.2,26.15,2015-06-26,ATLO,AMES NATL CORP,6021.0,165.0
3100110,25.43,26.16,2015-06-29,ATLO,AMES NATL CORP,6021.0,165.0
3100110,25.1,25.64,2015-06-30,ATLO,AMES NATL CORP,6021.0,165.0
3100110,25.93,25.05,2015-07-01,ATLO,AMES NATL CORP,6021.0,165.0
3100110,25.64,25.79,2015-07-02,ATLO,AMES NATL CORP,6021.0,165.0
3100110,25.64,25.8,2015-07-06,ATLO,AMES NATL CORP,6021.0,165.0
3100110,25.65,25.64,2015-07-07,ATLO,AMES NATL CORP,6021.0,165.0
3100110,25.34,25.42,2015-07-08,ATLO,AMES NATL CORP,6021.0,165.0
3100110,25.31,25.56,2015-07-09,ATLO,AMES NATL CORP,6021.0,165.0
3100110,25.43,25.3,2015-07-10,ATLO,AMES NATL CORP,6021.0,165.0
3100110,26.0,25.52,2015-07-13,ATLO,AMES NATL CORP,6021.0,165.0
3100110,26.09,25.96,2015-07-14,ATLO,AMES NATL CORP,6021.0,165.0
3100110,25.96,25.91,2015-07-15,ATLO,AMES NATL CORP,6021.0,165.0
3100110,26.14,26.27,2015-07-16,ATLO,AMES NATL CORP,6021.0,165.0
3100110,26.28,26.2,2015-07-17,ATLO,AMES NATL CORP,6021.0,165.0
3100110,25.7,26.4,2015-07-20,ATLO,AMES NATL CORP,6021.0,165.0
3100110,25.57,25.69,2015-07-21,ATLO,AMES NATL CORP,6021.0,165.0
3100110,25.35,25.5,2015-07-22,ATLO,AMES NATL CORP,6021.0,165.0
3100110,24.52,25.3,2015-07-23,ATLO,AMES NATL CORP,6021.0,165.0
3100110,24.77,24.61,2015-07-24,ATLO,AMES NATL CORP,6021.0,165.0
3100110,24.7,24.63,2015-07-27,ATLO,AMES NATL CORP,6021.0,165.0
3100110,24.2,24.66,2015-07-28,ATLO,AMES NATL CORP,6021.0,165.0
3100110,24.25,24.24,2015-07-29,ATLO,AMES NATL CORP,6021.0,165.0
3100110,24.12,24.0,2015-07-30,ATLO,AMES NATL CORP,6021.0,165.0
3100110,24.24,24.32,2015-07-31,ATLO,AMES NATL CORP,6021.0,165.0
3100110,23.74,24.24,2015-08-03,ATLO,AMES NATL CORP,6021.0,165.0
3100110,23.72,23.74,2015-08-04,ATLO,AMES NATL CORP,6021.0,165.0
3100110,23.75,23.73,2015-08-05,ATLO,AMES NATL CORP,6021.0,165.0
3100110,23.77,23.75,2015-08-06,ATLO,AMES NATL CORP,6021.0,165.0
3100110,23.54,23.75,2015-08-07,ATLO,AMES NATL CORP,6021.0,165.0
3100110,23.7,23.73,2015-08-10,ATLO,AMES NATL CORP,6021.0,165.0
3100110,23.24,23.58,2015-08-11,ATLO,AMES NATL CORP,6021.0,165.0
3100110,23.32,23.15,2015-08-12,ATLO,AMES NATL CORP,6021.0,165.0
3100110,23.13,23.28,2015-08-13,ATLO,AMES NATL CORP,6021.0,165.0
3100110,23.46,23.02,2015-08-14,ATLO,AMES NATL CORP,6021.0,165.0
3100110,24.3,23.5,2015-08-17,ATLO,AMES NATL CORP,6021.0,165.0
3100110,24.25,23.5,2015-08-18,ATLO,AMES NATL CORP,6021.0,165.0
3100110,24.13,24.15,2015-08-19,ATLO,AMES NATL CORP,6021.0,165.0
3100110,23.63,23.97,2015-08-20,ATLO,AMES NATL CORP,6021.0,165.0
3100110,23.31,23.24,2015-08-21,ATLO,AMES NATL CORP,6021.0,165.0
3100110,22.37,23.25,2015-08-24,ATLO,AMES NATL CORP,6021.0,165.0
3100110,23.03,23.07,2015-08-25,ATLO,AMES NATL CORP,6021.0,165.0
3100110,23.4,23.4,2015-08-26,ATLO,AMES NATL CORP,6021.0,165.0
3100110,24.29,23.43,2015-08-27,ATLO,AMES NATL CORP,6021.0,165.0
3100110,23.59,24.13,2015-08-28,ATLO,AMES NATL CORP,6021.0,165.0
3100110,23.67,23.5,2015-08-31,ATLO,AMES NATL CORP,6021.0,165.0
3100110,22.6,23.5,2015-09-01,ATLO,AMES NATL CORP,6021.0,165.0
3100110,23.76,22.91,2015-09-02,ATLO,AMES NATL CORP,6021.0,165.0
3100110,22.74,23.87,2015-09-03,ATLO,AMES NATL CORP,6021.0,165.0
3100110,22.3,22.43,2015-09-04,ATLO,AMES NATL CORP,6021.0,165.0
3100110,23.24,22.77,2015-09-08,ATLO,AMES NATL CORP,6021.0,165.0
3100110,22.94,23.28,2015-09-09,ATLO,AMES NATL CORP,6021.0,165.0
3100110,23.13,23.0,2015-09-10,ATLO,AMES NATL CORP,6021.0,165.0
3100110,22.88,22.99,2015-09-11,ATLO,AMES NATL CORP,6021.0,165.0
3100110,23.22,22.82,2015-09-14,ATLO,AMES NATL CORP,6021.0,165.0
3100110,23.7,23.11,2015-09-15,ATLO,AMES NATL CORP,6021.0,165.0
3100110,23.07,23.71,2015-09-16,ATLO,AMES NATL CORP,6021.0,165.0
3100110,23.2,23.22,2015-09-17,ATLO,AMES NATL CORP,6021.0,165.0
3100110,23.05,22.78,2015-09-18,ATLO,AMES NATL CORP,6021.0,165.0
3100110,23.14,23.0,2015-09-21,ATLO,AMES NATL CORP,6021.0,165.0
3100110,23.11,22.81,2015-09-22,ATLO,AMES NATL CORP,6021.0,165.0
3100110,23.19,23.09,2015-09-23,ATLO,AMES NATL CORP,6021.0,165.0
3100110,23.51,23.0,2015-09-24,ATLO,AMES NATL CORP,6021.0,165.0
3100110,22.82,23.81,2015-09-25,ATLO,AMES NATL CORP,6021.0,165.0
3100110,22.8,22.75,2015-09-28,ATLO,AMES NATL CORP,6021.0,165.0
3100110,22.87,22.83,2015-09-29,ATLO,AMES NATL CORP,6021.0,165.0
3100110,22.93,23.0,2015-09-30,ATLO,AMES NATL CORP,6021.0,165.0
3100110,23.01,22.96,2015-10-01,ATLO,AMES NATL CORP,6021.0,165.0
3100110,22.89,23.02,2015-10-02,ATLO,AMES NATL CORP,6021.0,165.0
3100110,23.63,23.14,2015-10-05,ATLO,AMES NATL CORP,6021.0,165.0
3100110,23.21,23.41,2015-10-06,ATLO,AMES NATL CORP,6021.0,165.0
3100110,23.55,23.33,2015-10-07,ATLO,AMES NATL CORP,6021.0,165.0
3100110,23.73,23.36,2015-10-08,ATLO,AMES NATL CORP,6021.0,165.0
3100110,23.71,23.75,2015-10-09,ATLO,AMES NATL CORP,6021.0,165.0
3100110,24.04,23.74,2015-10-12,ATLO,AMES NATL CORP,6021.0,165.0
3100110,23.62,24.05,2015-10-13,ATLO,AMES NATL CORP,6021.0,165.0
3100110,23.57,23.71,2015-10-14,ATLO,AMES NATL CORP,6021.0,165.0
3100110,23.83,23.67,2015-10-15,ATLO,AMES NATL CORP,6021.0,165.0
3100110,23.9,23.89,2015-10-16,ATLO,AMES NATL CORP,6021.0,165.0
3100110,23.9,23.9,2015-10-19,ATLO,AMES NATL CORP,6021.0,165.0
3100110,24.16,23.9,2015-10-20,ATLO,AMES NATL CORP,6021.0,165.0
3100110,23.95,24.06,2015-10-21,ATLO,AMES NATL CORP,6021.0,165.0
3100110,25.4,24.04,2015-10-22,ATLO,AMES NATL CORP,6021.0,165.0
3100110,25.29,25.4,2015-10-23,ATLO,AMES NATL CORP,6021.0,165.0
3100110,25.25,25.48,2015-10-26,ATLO,AMES NATL CORP,6021.0,165.0
3100110,24.15,25.03,2015-10-27,ATLO,AMES NATL CORP,6021.0,165.0
3100110,25.88,24.05,2015-10-28,ATLO,AMES NATL CORP,6021.0,165.0
3100110,24.59,25.62,2015-10-29,ATLO,AMES NATL CORP,6021.0,165.0
3100110,25.0,24.83,2015-10-30,ATLO,AMES NATL CORP,6021.0,165.0
3100110,25.86,25.12,2015-11-02,ATLO,AMES NATL CORP,6021.0,165.0
3100110,25.0,24.9,2015-11-03,ATLO,AMES NATL CORP,6021.0,165.0
3100110,25.34,24.84,2015-11-04,ATLO,AMES NATL CORP,6021.0,165.0
3100110,25.24,25.33,2015-11-05,ATLO,AMES NATL CORP,6021.0,165.0
3100110,25.49,25.16,2015-11-06,ATLO,AMES NATL CORP,6021.0,165.0
3100110,25.26,25.46,2015-11-09,ATLO,AMES NATL CORP,6021.0,165.0
3100110,25.7,25.16,2015-11-10,ATLO,AMES NATL CORP,6021.0,165.0
3100110,25.02,25.65,2015-11-11,ATLO,AMES NATL CORP,6021.0,165.0
3100110,24.76,24.85,2015-11-12,ATLO,AMES NATL CORP,6021.0,165.0
3100110,24.63,24.62,2015-11-13,ATLO,AMES NATL CORP,6021.0,165.0
3100110,25.05,24.63,2015-11-16,ATLO,AMES NATL CORP,6021.0,165.0
3100110,24.33,25.75,2015-11-17,ATLO,AMES NATL CORP,6021.0,165.0
3100110,25.34,24.61,2015-11-18,ATLO,AMES NATL CORP,6021.0,165.0
3100110,25.46,25.15,2015-11-19,ATLO,AMES NATL CORP,6021.0,165.0
3100110,26.3,25.49,2015-11-20,ATLO,AMES NATL CORP,6021.0,165.0
3100110,25.99,26.16,2015-11-23,ATLO,AMES NATL CORP,6021.0,165.0
3100110,25.79,25.6,2015-11-24,ATLO,AMES NATL CORP,6021.0,165.0
3100110,25.8,25.58,2015-11-25,ATLO,AMES NATL CORP,6021.0,165.0
3100110,25.79,25.45,2015-11-27,ATLO,AMES NATL CORP,6021.0,165.0
3100110,25.34,25.95,2015-11-30,ATLO,AMES NATL CORP,6021.0,165.0
3100110,25.62,26.08,2015-12-01,ATLO,AMES NATL CORP,6021.0,165.0
3100110,24.93,25.6,2015-12-02,ATLO,AMES NATL CORP,6021.0,165.0
3100110,24.55,24.93,2015-12-03,ATLO,AMES NATL CORP,6021.0,165.0
3100110,24.68,24.54,2015-12-04,ATLO,AMES NATL CORP,6021.0,165.0
3100110,24.51,24.5,2015-12-07,ATLO,AMES NATL CORP,6021.0,165.0
3100110,24.54,24.5,2015-12-08,ATLO,AMES NATL CORP,6021.0,165.0
3100110,24.64,24.8,2015-12-09,ATLO,AMES NATL CORP,6021.0,165.0
3100110,24.35,24.55,2015-12-10,ATLO,AMES NATL CORP,6021.0,165.0
3100110,24.13,24.0,2015-12-11,ATLO,AMES NATL CORP,6021.0,165.0
3100110,24.05,24.03,2015-12-14,ATLO,AMES NATL CORP,6021.0,165.0
3100110,24.23,24.13,2015-12-15,ATLO,AMES NATL CORP,6021.0,165.0
3100110,24.49,24.32,2015-12-16,ATLO,AMES NATL CORP,6021.0,165.0
3100110,24.24,24.5,2015-12-17,ATLO,AMES NATL CORP,6021.0,165.0
3100110,24.33,24.1,2015-12-18,ATLO,AMES NATL CORP,6021.0,165.0
3100110,24.38,24.26,2015-12-21,ATLO,AMES NATL CORP,6021.0,165.0
3100110,24.71,24.38,2015-12-22,ATLO,AMES NATL CORP,6021.0,165.0
3100110,24.76,24.56,2015-12-23,ATLO,AMES NATL CORP,6021.0,165.0
3100110,24.87,24.77,2015-12-24,ATLO,AMES NATL CORP,6021.0,165.0
3100110,24.2,24.72,2015-12-28,ATLO,AMES NATL CORP,6021.0,165.0
3100110,24.72,24.3,2015-12-29,ATLO,AMES NATL CORP,6021.0,165.0
3100110,24.21,24.49,2015-12-30,ATLO,AMES NATL CORP,6021.0,165.0
3100110,24.29,24.25,2015-12-31,ATLO,AMES NATL CORP,6021.0,165.0
3100110,23.31,24.0,2016-01-04,ATLO,AMES NATL CORP,6021.0,165.0
3100110,23.44,23.45,2016-01-05,ATLO,AMES NATL CORP,6021.0,165.0
3100110,23.61,23.09,2016-01-06,ATLO,AMES NATL CORP,6021.0,165.0
3100110,23.18,23.15,2016-01-07,ATLO,AMES NATL CORP,6021.0,165.0
3100110,23.08,23.23,2016-01-08,ATLO,AMES NATL CORP,6021.0,165.0
3100110,23.1,23.01,2016-01-11,ATLO,AMES NATL CORP,6021.0,165.0
3100110,23.16,23.1,2016-01-12,ATLO,AMES NATL CORP,6021.0,165.0
3100110,22.59,23.2,2016-01-13,ATLO,AMES NATL CORP,6021.0,165.0
3100110,23.67,22.75,2016-01-14,ATLO,AMES NATL CORP,6021.0,165.0
3100110,23.4,23.4,2016-01-15,ATLO,AMES NATL CORP,6021.0,165.0
3100110,23.11,23.6,2016-01-19,ATLO,AMES NATL CORP,6021.0,165.0
3100110,23.92,23.0,2016-01-20,ATLO,AMES NATL CORP,6021.0,165.0
3100110,23.7,24.0,2016-01-21,ATLO,AMES NATL CORP,6021.0,165.0
3100110,23.91,23.71,2016-01-22,ATLO,AMES NATL CORP,6021.0,165.0
3100110,23.73,23.72,2016-01-25,ATLO,AMES NATL CORP,6021.0,165.0
3100110,24.02,23.77,2016-01-26,ATLO,AMES NATL CORP,6021.0,165.0
3100110,23.7,23.89,2016-01-27,ATLO,AMES NATL CORP,6021.0,165.0
3100110,23.98,24.0,2016-01-28,ATLO,AMES NATL CORP,6021.0,165.0
3100110,24.98,23.9,2016-01-29,ATLO,AMES NATL CORP,6021.0,165.0
3100110,24.29,24.57,2016-02-01,ATLO,AMES NATL CORP,6021.0,165.0
3100110,23.78,24.23,2016-02-02,ATLO,AMES NATL CORP,6021.0,165.0
3100110,23.71,23.92,2016-02-03,ATLO,AMES NATL CORP,6021.0,165.0
3100110,23.84,23.7,2016-02-04,ATLO,AMES NATL CORP,6021.0,165.0
3100110,23.49,23.86,2016-02-05,ATLO,AMES NATL CORP,6021.0,165.0
3100110,23.68,23.47,2016-02-08,ATLO,AMES NATL CORP,6021.0,165.0
3100110,23.31,23.27,2016-02-09,ATLO,AMES NATL CORP,6021.0,165.0
3100110,23.57,23.51,2016-02-10,ATLO,AMES NATL CORP,6021.0,165.0
3100110,23.24,23.23,2016-02-11,ATLO,AMES NATL CORP,6021.0,165.0
3100110,23.74,23.42,2016-02-12,ATLO,AMES NATL CORP,6021.0,165.0
3100110,24.28,23.94,2016-02-16,ATLO,AMES NATL CORP,6021.0,165.0
3100110,24.25,24.28,2016-02-17,ATLO,AMES NATL CORP,6021.0,165.0
3100110,23.82,24.26,2016-02-18,ATLO,AMES NATL CORP,6021.0,165.0
3100110,23.63,24.03,2016-02-19,ATLO,AMES NATL CORP,6021.0,165.0
3100110,24.36,24.21,2016-02-22,ATLO,AMES NATL CORP,6021.0,165.0
3100110,23.74,24.22,2016-02-23,ATLO,AMES NATL CORP,6021.0,165.0
3100110,23.89,23.5,2016-02-24,ATLO,AMES NATL CORP,6021.0,165.0
3100110,23.96,23.87,2016-02-25,ATLO,AMES NATL CORP,6021.0,165.0
3100110,23.65,23.5,2016-02-26,ATLO,AMES NATL CORP,6021.0,165.0
3100110,23.41,23.5,2016-02-29,ATLO,AMES NATL CORP,6021.0,165.0
3100110,23.8,23.55,2016-03-01,ATLO,AMES NATL CORP,6021.0,165.0
3100110,23.93,23.71,2016-03-02,ATLO,AMES NATL CORP,6021.0,165.0
3100110,23.99,23.65,2016-03-03,ATLO,AMES NATL CORP,6021.0,165.0
3100110,24.17,24.0,2016-03-04,ATLO,AMES NATL CORP,6021.0,165.0
3100110,24.23,24.17,2016-03-07,ATLO,AMES NATL CORP,6021.0,165.0
3100110,24.09,24.15,2016-03-08,ATLO,AMES NATL CORP,6021.0,165.0
3100110,24.23,24.17,2016-03-09,ATLO,AMES NATL CORP,6021.0,165.0
3100110,24.05,24.22,2016-03-10,ATLO,AMES NATL CORP,6021.0,165.0
3100110,24.28,24.05,2016-03-11,ATLO,AMES NATL CORP,6021.0,165.0
3100110,24.13,24.28,2016-03-14,ATLO,AMES NATL CORP,6021.0,165.0
3100110,24.02,23.88,2016-03-15,ATLO,AMES NATL CORP,6021.0,165.0
3100110,24.24,24.03,2016-03-16,ATLO,AMES NATL CORP,6021.0,165.0
3100110,24.15,24.0,2016-03-17,ATLO,AMES NATL CORP,6021.0,165.0
3100110,24.99,24.35,2016-03-18,ATLO,AMES NATL CORP,6021.0,165.0
3100110,24.83,25.0,2016-03-21,ATLO,AMES NATL CORP,6021.0,165.0
3100110,24.97,24.85,2016-03-22,ATLO,AMES NATL CORP,6021.0,165.0
3100110,24.51,24.71,2016-03-23,ATLO,AMES NATL CORP,6021.0,165.0
3100110,24.23,24.5,2016-03-24,ATLO,AMES NATL CORP,6021.0,165.0
3100110,24.51,24.15,2016-03-28,ATLO,AMES NATL CORP,6021.0,165.0
3100110,24.8,24.4,2016-03-29,ATLO,AMES NATL CORP,6021.0,165.0
3100110,24.79,24.89,2016-03-30,ATLO,AMES NATL CORP,6021.0,165.0
3100110,24.76,24.86,2016-03-31,ATLO,AMES NATL CORP,6021.0,165.0
3100110,24.17,24.78,2016-04-01,ATLO,AMES NATL CORP,6021.0,165.0
3100110,24.09,24.22,2016-04-04,ATLO,AMES NATL CORP,6021.0,165.0
3100110,24.13,24.05,2016-04-05,ATLO,AMES NATL CORP,6021.0,165.0
3100110,24.14,24.15,2016-04-06,ATLO,AMES NATL CORP,6021.0,165.0
3100110,24.01,24.13,2016-04-07,ATLO,AMES NATL CORP,6021.0,165.0
3100110,24.14,24.19,2016-04-08,ATLO,AMES NATL CORP,6021.0,165.0
3100110,24.23,24.2,2016-04-11,ATLO,AMES NATL CORP,6021.0,165.0
3100110,24.4,24.21,2016-04-12,ATLO,AMES NATL CORP,6021.0,165.0
3100110,24.97,24.45,2016-04-13,ATLO,AMES NATL CORP,6021.0,165.0
3100110,25.04,25.0,2016-04-14,ATLO,AMES NATL CORP,6021.0,165.0
3100110,25.05,24.97,2016-04-15,ATLO,AMES NATL CORP,6021.0,165.0
3100110,25.19,24.65,2016-04-18,ATLO,AMES NATL CORP,6021.0,165.0
3100110,25.36,24.82,2016-04-19,ATLO,AMES NATL CORP,6021.0,165.0
3100110,25.38,25.02,2016-04-20,ATLO,AMES NATL CORP,6021.0,165.0
3100110,25.52,25.5,2016-04-21,ATLO,AMES NATL CORP,6021.0,165.0
3100110,25.63,25.42,2016-04-22,ATLO,AMES NATL CORP,6021.0,165.0
3100110,25.65,25.112,2016-04-25,ATLO,AMES NATL CORP,6021.0,165.0
3100110,25.89,25.64,2016-04-26,ATLO,AMES NATL CORP,6021.0,165.0
3100110,25.72,25.63,2016-04-27,ATLO,AMES NATL CORP,6021.0,165.0
3100110,25.82,25.05,2016-04-28,ATLO,AMES NATL CORP,6021.0,165.0
3100110,25.79,25.2,2016-04-29,ATLO,AMES NATL CORP,6021.0,165.0
3100110,25.78,25.55,2016-05-02,ATLO,AMES NATL CORP,6021.0,165.0
3100110,25.4,25.65,2016-05-03,ATLO,AMES NATL CORP,6021.0,165.0
3100110,25.2,25.78,2016-05-04,ATLO,AMES NATL CORP,6021.0,165.0
3100110,24.76,25.25,2016-05-05,ATLO,AMES NATL CORP,6021.0,165.0
3100110,25.19,24.77,2016-05-06,ATLO,AMES NATL CORP,6021.0,165.0
3100110,25.74,25.03,2016-05-09,ATLO,AMES NATL CORP,6021.0,165.0
3100110,25.48,25.64,2016-05-10,ATLO,AMES NATL CORP,6021.0,165.0
3100110,25.26,25.3,2016-05-11,ATLO,AMES NATL CORP,6021.0,165.0
3100110,25.24,25.27,2016-05-12,ATLO,AMES NATL CORP,6021.0,165.0
3100110,24.8,25.2,2016-05-13,ATLO,AMES NATL CORP,6021.0,165.0
3100110,25.19,24.87,2016-05-16,ATLO,AMES NATL CORP,6021.0,165.0
3100110,24.4,25.0,2016-05-17,ATLO,AMES NATL CORP,6021.0,165.0
3100110,24.69,24.42,2016-05-18,ATLO,AMES NATL CORP,6021.0,165.0
3100110,24.21,24.5,2016-05-19,ATLO,AMES NATL CORP,6021.0,165.0
3100110,24.55,24.36,2016-05-20,ATLO,AMES NATL CORP,6021.0,165.0
3100110,24.39,24.42,2016-05-23,ATLO,AMES NATL CORP,6021.0,165.0
3100110,24.79,24.57,2016-05-24,ATLO,AMES NATL CORP,6021.0,165.0
3100110,24.97,24.8,2016-05-25,ATLO,AMES NATL CORP,6021.0,165.0
3100110,24.71,24.71,2016-05-26,ATLO,AMES NATL CORP,6021.0,165.0
3100110,25.18,24.7,2016-05-27,ATLO,AMES NATL CORP,6021.0,165.0
3100110,25.16,25.03,2016-05-31,ATLO,AMES NATL CORP,6021.0,165.0
3100110,25.06,25.02,2016-06-01,ATLO,AMES NATL CORP,6021.0,165.0
3100110,25.03,24.79,2016-06-02,ATLO,AMES NATL CORP,6021.0,165.0
3100110,24.93,24.95,2016-06-03,ATLO,AMES NATL CORP,6021.0,165.0
3100110,25.44,24.784,2016-06-06,ATLO,AMES NATL CORP,6021.0,165.0
3100110,25.07,25.4,2016-06-07,ATLO,AMES NATL CORP,6021.0,165.0
3100110,25.65,25.01,2016-06-08,ATLO,AMES NATL CORP,6021.0,165.0
3100110,25.05,25.5,2016-06-09,ATLO,AMES NATL CORP,6021.0,165.0
3100110,25.04,24.87,2016-06-10,ATLO,AMES NATL CORP,6021.0,165.0
3100110,24.77,25.02,2016-06-13,ATLO,AMES NATL CORP,6021.0,165.0
3100110,24.77,24.78,2016-06-14,ATLO,AMES NATL CORP,6021.0,165.0
3100110,24.96,24.75,2016-06-15,ATLO,AMES NATL CORP,6021.0,165.0
3100110,24.87,24.72,2016-06-16,ATLO,AMES NATL CORP,6021.0,165.0
3100110,25.84,24.91,2016-06-17,ATLO,AMES NATL CORP,6021.0,165.0
3100110,25.79,25.75,2016-06-20,ATLO,AMES NATL CORP,6021.0,165.0
3100110,25.77,25.67,2016-06-21,ATLO,AMES NATL CORP,6021.0,165.0
3100110,25.42,25.77,2016-06-22,ATLO,AMES NATL CORP,6021.0,165.0
3100110,26.19,25.31,2016-06-23,ATLO,AMES NATL CORP,6021.0,165.0
3100110,26.2,25.18,2016-06-24,ATLO,AMES NATL CORP,6021.0,165.0
3100110,26.25,25.92,2016-06-27,ATLO,AMES NATL CORP,6021.0,165.0
3100110,26.48,26.22,2016-06-28,ATLO,AMES NATL CORP,6021.0,165.0
3100110,26.8,26.5,2016-06-29,ATLO,AMES NATL CORP,6021.0,165.0
3100110,26.82,26.6,2016-06-30,ATLO,AMES NATL CORP,6021.0,165.0
3100110,26.59,26.71,2016-07-01,ATLO,AMES NATL CORP,6021.0,165.0
3100110,26.41,26.297,2016-07-05,ATLO,AMES NATL CORP,6021.0,165.0
3100110,26.38,26.14,2016-07-06,ATLO,AMES NATL CORP,6021.0,165.0
3100110,26.31,26.44,2016-07-07,ATLO,AMES NATL CORP,6021.0,165.0
3100110,26.79,26.31,2016-07-08,ATLO,AMES NATL CORP,6021.0,165.0
3100110,26.73,26.87,2016-07-11,ATLO,AMES NATL CORP,6021.0,165.0
3100110,27.11,26.56,2016-07-12,ATLO,AMES NATL CORP,6021.0,165.0
3100110,27.39,27.1,2016-07-13,ATLO,AMES NATL CORP,6021.0,165.0
3100110,28.86,27.4,2016-07-14,ATLO,AMES NATL CORP,6021.0,165.0
3100110,27.76,28.75,2016-07-15,ATLO,AMES NATL CORP,6021.0,165.0
3100110,27.26,27.62,2016-07-18,ATLO,AMES NATL CORP,6021.0,165.0
3100110,27.97,27.62,2016-07-19,ATLO,AMES NATL CORP,6021.0,165.0
3100110,28.37,27.74,2016-07-20,ATLO,AMES NATL CORP,6021.0,165.0
3100110,27.51,28.08,2016-07-21,ATLO,AMES NATL CORP,6021.0,165.0
3100110,27.64,27.29,2016-07-22,ATLO,AMES NATL CORP,6021.0,165.0
3100110,27.68,27.59,2016-07-25,ATLO,AMES NATL CORP,6021.0,165.0
3100110,27.75,27.9,2016-07-26,ATLO,AMES NATL CORP,6021.0,165.0
3100110,27.61,27.55,2016-07-27,ATLO,AMES NATL CORP,6021.0,165.0
3100110,27.4,27.24,2016-07-28,ATLO,AMES NATL CORP,6021.0,165.0
3100110,27.15,27.14,2016-07-29,ATLO,AMES NATL CORP,6021.0,165.0
3100110,26.98,26.973,2016-08-01,ATLO,AMES NATL CORP,6021.0,165.0
3100110,26.54,27.02,2016-08-02,ATLO,AMES NATL CORP,6021.0,165.0
3100110,26.89,26.59,2016-08-03,ATLO,AMES NATL CORP,6021.0,165.0
3100110,27.02,27.03,2016-08-04,ATLO,AMES NATL CORP,6021.0,165.0
3100110,26.97,27.05,2016-08-05,ATLO,AMES NATL CORP,6021.0,165.0
3100110,27.46,26.84,2016-08-08,ATLO,AMES NATL CORP,6021.0,165.0
3100110,27.68,27.32,2016-08-09,ATLO,AMES NATL CORP,6021.0,165.0
3100110,27.53,27.92,2016-08-10,ATLO,AMES NATL CORP,6021.0,165.0
3100110,27.9,27.49,2016-08-11,ATLO,AMES NATL CORP,6021.0,165.0
3100110,27.09,27.9227,2016-08-12,ATLO,AMES NATL CORP,6021.0,165.0
3100110,27.6,27.46,2016-08-15,ATLO,AMES NATL CORP,6021.0,165.0
3100110,27.52,27.92,2016-08-16,ATLO,AMES NATL CORP,6021.0,165.0
3100110,27.26,27.79,2016-08-17,ATLO,AMES NATL CORP,6021.0,165.0
3100110,27.75,27.26,2016-08-18,ATLO,AMES NATL CORP,6021.0,165.0
3100110,27.8,27.75,2016-08-19,ATLO,AMES NATL CORP,6021.0,165.0
3100110,27.6,27.55,2016-08-22,ATLO,AMES NATL CORP,6021.0,165.0
3100110,27.52,27.44,2016-08-23,ATLO,AMES NATL CORP,6021.0,165.0
3100110,27.68,27.32,2016-08-24,ATLO,AMES NATL CORP,6021.0,165.0
3100110,27.65,27.53,2016-08-25,ATLO,AMES NATL CORP,6021.0,165.0
3100110,27.52,28.49,2016-08-26,ATLO,AMES NATL CORP,6021.0,165.0
3100110,27.35,27.49,2016-08-29,ATLO,AMES NATL CORP,6021.0,165.0
3100110,27.32,27.19,2016-08-30,ATLO,AMES NATL CORP,6021.0,165.0
3100110,27.22,27.32,2016-08-31,ATLO,AMES NATL CORP,6021.0,165.0
3100110,27.24,27.19,2016-09-01,ATLO,AMES NATL CORP,6021.0,165.0
3100110,27.49,27.31,2016-09-02,ATLO,AMES NATL CORP,6021.0,165.0
3100110,27.36,27.32,2016-09-06,ATLO,AMES NATL CORP,6021.0,165.0
3100110,27.31,27.3,2016-09-07,ATLO,AMES NATL CORP,6021.0,165.0
3100110,27.49,27.28,2016-09-08,ATLO,AMES NATL CORP,6021.0,165.0
3100110,27.11,27.21,2016-09-09,ATLO,AMES NATL CORP,6021.0,165.0
3100110,26.97,27.0,2016-09-12,ATLO,AMES NATL CORP,6021.0,165.0
3100110,26.82,26.8,2016-09-13,ATLO,AMES NATL CORP,6021.0,165.0
3100110,26.84,26.8,2016-09-14,ATLO,AMES NATL CORP,6021.0,165.0
3100110,26.97,26.88,2016-09-15,ATLO,AMES NATL CORP,6021.0,165.0
3100110,26.98,27.05,2016-09-16,ATLO,AMES NATL CORP,6021.0,165.0
3100110,27.29,27.01,2016-09-19,ATLO,AMES NATL CORP,6021.0,165.0
3100110,27.15,26.96,2016-09-20,ATLO,AMES NATL CORP,6021.0,165.0
3100110,27.25,27.13,2016-09-21,ATLO,AMES NATL CORP,6021.0,165.0
3100110,27.49,27.25,2016-09-22,ATLO,AMES NATL CORP,6021.0,165.0
3100110,27.08,27.47,2016-09-23,ATLO,AMES NATL CORP,6021.0,165.0
3100110,27.04,27.01,2016-09-26,ATLO,AMES NATL CORP,6021.0,165.0
3100110,27.3,27.0,2016-09-27,ATLO,AMES NATL CORP,6021.0,165.0
3100110,27.45,27.25,2016-09-28,ATLO,AMES NATL CORP,6021.0,165.0
3100110,27.43,27.1401,2016-09-29,ATLO,AMES NATL CORP,6021.0,165.0
3100110,27.66,27.5,2016-09-30,ATLO,AMES NATL CORP,6021.0,165.0
3100110,27.26,27.57,2016-10-03,ATLO,AMES NATL CORP,6021.0,165.0
3100110,27.1,27.07,2016-10-04,ATLO,AMES NATL CORP,6021.0,165.0
3100110,27.43,27.22,2016-10-05,ATLO,AMES NATL CORP,6021.0,165.0
3100110,27.37,27.56,2016-10-06,ATLO,AMES NATL CORP,6021.0,165.0
3100110,27.17,27.26,2016-10-07,ATLO,AMES NATL CORP,6021.0,165.0
3100110,27.32,27.24,2016-10-10,ATLO,AMES NATL CORP,6021.0,165.0
3100110,27.13,27.23,2016-10-11,ATLO,AMES NATL CORP,6021.0,165.0
3100110,27.45,27.07,2016-10-12,ATLO,AMES NATL CORP,6021.0,165.0
3100110,27.12,27.23,2016-10-13,ATLO,AMES NATL CORP,6021.0,165.0
3100110,27.05,27.11,2016-10-14,ATLO,AMES NATL CORP,6021.0,165.0
3100110,27.19,27.03,2016-10-17,ATLO,AMES NATL CORP,6021.0,165.0
3100110,27.06,27.27,2016-10-18,ATLO,AMES NATL CORP,6021.0,165.0
3100110,27.2,27.1,2016-10-19,ATLO,AMES NATL CORP,6021.0,165.0
3100110,27.11,27.07,2016-10-20,ATLO,AMES NATL CORP,6021.0,165.0
3100110,27.15,27.02,2016-10-21,ATLO,AMES NATL CORP,6021.0,165.0
3100110,27.18,27.18,2016-10-24,ATLO,AMES NATL CORP,6021.0,165.0
3100110,27.09,27.0701,2016-10-25,ATLO,AMES NATL CORP,6021.0,165.0
3100110,27.15,27.25,2016-10-26,ATLO,AMES NATL CORP,6021.0,165.0
3100110,27.16,27.142,2016-10-27,ATLO,AMES NATL CORP,6021.0,165.0
3100110,27.14,27.46,2016-10-28,ATLO,AMES NATL CORP,6021.0,165.0
3100110,27.1,27.05,2016-10-31,ATLO,AMES NATL CORP,6021.0,165.0
3100110,26.9,27.15,2016-11-01,ATLO,AMES NATL CORP,6021.0,165.0
3100110,26.85,27.0,2016-11-02,ATLO,AMES NATL CORP,6021.0,165.0
3100110,27.1,27.0,2016-11-03,ATLO,AMES NATL CORP,6021.0,165.0
3100110,26.8,27.05,2016-11-04,ATLO,AMES NATL CORP,6021.0,165.0
3100110,26.85,26.9,2016-11-07,ATLO,AMES NATL CORP,6021.0,165.0
3100110,26.9,26.7,2016-11-08,ATLO,AMES NATL CORP,6021.0,165.0
3100110,28.05,26.95,2016-11-09,ATLO,AMES NATL CORP,6021.0,165.0
3100110,28.05,28.05,2016-11-10,ATLO,AMES NATL CORP,6021.0,165.0
3100110,28.8,28.15,2016-11-11,ATLO,AMES NATL CORP,6021.0,165.0
3100110,29.45,29.0,2016-11-14,ATLO,AMES NATL CORP,6021.0,165.0
3100110,29.55,29.5,2016-11-15,ATLO,AMES NATL CORP,6021.0,165.0
3100110,29.4,29.5,2016-11-16,ATLO,AMES NATL CORP,6021.0,165.0
3100110,29.5,29.45,2016-11-17,ATLO,AMES NATL CORP,6021.0,165.0
3100110,30.0,29.5,2016-11-18,ATLO,AMES NATL CORP,6021.0,165.0
3100110,30.85,30.1,2016-11-21,ATLO,AMES NATL CORP,6021.0,165.0
3100110,31.0,30.95,2016-11-22,ATLO,AMES NATL CORP,6021.0,165.0
3100110,31.0,30.75,2016-11-23,ATLO,AMES NATL CORP,6021.0,165.0
3100110,31.5,30.8,2016-11-25,ATLO,AMES NATL CORP,6021.0,165.0
3100110,31.1,31.25,2016-11-28,ATLO,AMES NATL CORP,6021.0,165.0
3100110,29.45,31.3,2016-11-29,ATLO,AMES NATL CORP,6021.0,165.0
3100110,30.05,29.9,2016-11-30,ATLO,AMES NATL CORP,6021.0,165.0
3100110,31.45,29.9,2016-12-01,ATLO,AMES NATL CORP,6021.0,165.0
3100110,31.2,31.25,2016-12-02,ATLO,AMES NATL CORP,6021.0,165.0
3100110,33.0,31.1,2016-12-05,ATLO,AMES NATL CORP,6021.0,165.0
3100110,32.4,33.0,2016-12-06,ATLO,AMES NATL CORP,6021.0,165.0
3100110,32.1,31.9,2016-12-07,ATLO,AMES NATL CORP,6021.0,165.0
3100110,34.0,32.05,2016-12-08,ATLO,AMES NATL CORP,6021.0,165.0
3100110,35.0,33.8,2016-12-09,ATLO,AMES NATL CORP,6021.0,165.0
3100110,34.5,34.3,2016-12-12,ATLO,AMES NATL CORP,6021.0,165.0
3100110,34.9,34.75,2016-12-13,ATLO,AMES NATL CORP,6021.0,165.0
3100110,34.15,34.15,2016-12-14,ATLO,AMES NATL CORP,6021.0,165.0
3100110,34.25,34.4,2016-12-15,ATLO,AMES NATL CORP,6021.0,165.0
3100110,33.65,34.5,2016-12-16,ATLO,AMES NATL CORP,6021.0,165.0
3100110,33.4,33.95,2016-12-19,ATLO,AMES NATL CORP,6021.0,165.0
3100110,33.75,33.15,2016-12-20,ATLO,AMES NATL CORP,6021.0,165.0
3100110,33.6,33.5,2016-12-21,ATLO,AMES NATL CORP,6021.0,165.0
3100110,33.4,33.4,2016-12-22,ATLO,AMES NATL CORP,6021.0,165.0
3100110,33.45,33.1,2016-12-23,ATLO,AMES NATL CORP,6021.0,165.0
3100110,33.6,33.45,2016-12-27,ATLO,AMES NATL CORP,6021.0,165.0
3100110,33.7,33.5,2016-12-28,ATLO,AMES NATL CORP,6021.0,165.0
3100110,33.05,30.65,2016-12-29,ATLO,AMES NATL CORP,6021.0,165.0
3100110,33.0,32.3,2016-12-30,ATLO,AMES NATL CORP,6021.0,165.0
3100110,33.05,33.3,2017-01-03,ATLO,AMES NATL CORP,6021.0,165.0
3100110,34.15,33.15,2017-01-04,ATLO,AMES NATL CORP,6021.0,165.0
3100110,32.55,34.0,2017-01-05,ATLO,AMES NATL CORP,6021.0,165.0
3100110,32.75,32.75,2017-01-06,ATLO,AMES NATL CORP,6021.0,165.0
3100110,32.25,32.6,2017-01-09,ATLO,AMES NATL CORP,6021.0,165.0
3100110,33.4,32.5,2017-01-10,ATLO,AMES NATL CORP,6021.0,165.0
3100110,32.45,33.45,2017-01-11,ATLO,AMES NATL CORP,6021.0,165.0
3100110,32.05,32.5,2017-01-12,ATLO,AMES NATL CORP,6021.0,165.0
3100110,32.4,32.65,2017-01-13,ATLO,AMES NATL CORP,6021.0,165.0
3100110,32.05,32.25,2017-01-17,ATLO,AMES NATL CORP,6021.0,165.0
3100110,32.05,32.15,2017-01-18,ATLO,AMES NATL CORP,6021.0,165.0
3100110,31.9,32.05,2017-01-19,ATLO,AMES NATL CORP,6021.0,165.0
3100110,31.8,31.65,2017-01-20,ATLO,AMES NATL CORP,6021.0,165.0
3100110,31.8,31.9,2017-01-23,ATLO,AMES NATL CORP,6021.0,165.0
3100110,32.0,31.8,2017-01-24,ATLO,AMES NATL CORP,6021.0,165.0
3100110,32.1,32.0,2017-01-25,ATLO,AMES NATL CORP,6021.0,165.0
3100110,32.1,32.1,2017-01-26,ATLO,AMES NATL CORP,6021.0,165.0
3100110,32.3,32.5,2017-01-27,ATLO,AMES NATL CORP,6021.0,165.0
3100110,32.25,32.2,2017-01-30,ATLO,AMES NATL CORP,6021.0,165.0
3100110,32.3,32.3,2017-01-31,ATLO,AMES NATL CORP,6021.0,165.0
3100110,31.6,32.7807,2017-02-01,ATLO,AMES NATL CORP,6021.0,165.0
3100110,31.8,31.5,2017-02-02,ATLO,AMES NATL CORP,6021.0,165.0
3100110,32.2,31.9,2017-02-03,ATLO,AMES NATL CORP,6021.0,165.0
3100110,31.75,32.2,2017-02-06,ATLO,AMES NATL CORP,6021.0,165.0
3100110,31.95,31.8,2017-02-07,ATLO,AMES NATL CORP,6021.0,165.0
3100110,31.85,31.75,2017-02-08,ATLO,AMES NATL CORP,6021.0,165.0
3100110,32.35,32.6,2017-02-09,ATLO,AMES NATL CORP,6021.0,165.0
3100110,32.75,32.3,2017-02-10,ATLO,AMES NATL CORP,6021.0,165.0
3100110,32.85,32.85,2017-02-13,ATLO,AMES NATL CORP,6021.0,165.0
3100110,32.25,32.5,2017-02-14,ATLO,AMES NATL CORP,6021.0,165.0
3100110,32.6,32.55,2017-02-15,ATLO,AMES NATL CORP,6021.0,165.0
3100110,32.4,32.4,2017-02-16,ATLO,AMES NATL CORP,6021.0,165.0
3100110,32.25,32.7,2017-02-17,ATLO,AMES NATL CORP,6021.0,165.0
3100110,32.475,31.95,2017-02-21,ATLO,AMES NATL CORP,6021.0,165.0
3100110,32.4,32.5,2017-02-22,ATLO,AMES NATL CORP,6021.0,165.0
3100110,32.65,32.35,2017-02-23,ATLO,AMES NATL CORP,6021.0,165.0
3100110,32.3,32.2,2017-02-24,ATLO,AMES NATL CORP,6021.0,165.0
3100110,32.55,32.35,2017-02-27,ATLO,AMES NATL CORP,6021.0,165.0
3100110,32.2,32.5,2017-02-28,ATLO,AMES NATL CORP,6021.0,165.0
3100110,33.0,32.4,2017-03-01,ATLO,AMES NATL CORP,6021.0,165.0
3100110,32.65,32.9,2017-03-02,ATLO,AMES NATL CORP,6021.0,165.0
3100110,32.8,32.6,2017-03-03,ATLO,AMES NATL CORP,6021.0,165.0
3100110,32.25,32.55,2017-03-06,ATLO,AMES NATL CORP,6021.0,165.0
3100110,32.15,32.2626,2017-03-07,ATLO,AMES NATL CORP,6021.0,165.0
3100110,32.1,33.0,2017-03-08,ATLO,AMES NATL CORP,6021.0,165.0
3100110,31.65,32.317,2017-03-09,ATLO,AMES NATL CORP,6021.0,165.0
3100110,31.3,31.95,2017-03-10,ATLO,AMES NATL CORP,6021.0,165.0
3100110,31.35,31.6,2017-03-13,ATLO,AMES NATL CORP,6021.0,165.0
3100110,30.4,30.795,2017-03-14,ATLO,AMES NATL CORP,6021.0,165.0
3100110,31.05,31.55,2017-03-15,ATLO,AMES NATL CORP,6021.0,165.0
3100110,30.7,30.5,2017-03-16,ATLO,AMES NATL CORP,6021.0,165.0
3100110,32.05,30.5,2017-03-17,ATLO,AMES NATL CORP,6021.0,165.0
3100110,31.9,31.6,2017-03-20,ATLO,AMES NATL CORP,6021.0,165.0
3100110,30.3,32.0,2017-03-21,ATLO,AMES NATL CORP,6021.0,165.0
3100110,28.9,30.3,2017-03-22,ATLO,AMES NATL CORP,6021.0,165.0
3100110,30.4,29.0,2017-03-23,ATLO,AMES NATL CORP,6021.0,165.0
3100110,30.2,30.8,2017-03-24,ATLO,AMES NATL CORP,6021.0,165.0
3100110,30.05,29.55,2017-03-27,ATLO,AMES NATL CORP,6021.0,165.0
3100110,29.8,30.05,2017-03-28,ATLO,AMES NATL CORP,6021.0,165.0
3100110,30.35,29.755,2017-03-29,ATLO,AMES NATL CORP,6021.0,165.0
3100110,30.55,30.5,2017-03-30,ATLO,AMES NATL CORP,6021.0,165.0
3100110,30.6,31.1,2017-03-31,ATLO,AMES NATL CORP,6021.0,165.0
3100110,30.35,30.13,2017-04-03,ATLO,AMES NATL CORP,6021.0,165.0
3100110,30.65,30.4,2017-04-04,ATLO,AMES NATL CORP,6021.0,165.0
3100110,30.35,31.2,2017-04-05,ATLO,AMES NATL CORP,6021.0,165.0
3100110,30.45,30.55,2017-04-06,ATLO,AMES NATL CORP,6021.0,165.0
3100110,30.4,30.4,2017-04-07,ATLO,AMES NATL CORP,6021.0,165.0
3100110,30.45,30.45,2017-04-10,ATLO,AMES NATL CORP,6021.0,165.0
3100110,30.95,30.5,2017-04-11,ATLO,AMES NATL CORP,6021.0,165.0
3100110,30.65,31.3,2017-04-12,ATLO,AMES NATL CORP,6021.0,165.0
3100110,30.4,30.4,2017-04-13,ATLO,AMES NATL CORP,6021.0,165.0
3100110,30.75,30.5,2017-04-17,ATLO,AMES NATL CORP,6021.0,165.0
3100110,31.2,30.75,2017-04-18,ATLO,AMES NATL CORP,6021.0,165.0
3100110,30.9,31.2,2017-04-19,ATLO,AMES NATL CORP,6021.0,165.0
3100110,31.0,30.9,2017-04-20,ATLO,AMES NATL CORP,6021.0,165.0
3100110,31.1,31.0,2017-04-21,ATLO,AMES NATL CORP,6021.0,165.0
3100110,31.7,31.2,2017-04-24,ATLO,AMES NATL CORP,6021.0,165.0
3100110,31.65,31.7,2017-04-25,ATLO,AMES NATL CORP,6021.0,165.0
3100110,31.8,31.65,2017-04-26,ATLO,AMES NATL CORP,6021.0,165.0
3100110,31.4,31.7,2017-04-27,ATLO,AMES NATL CORP,6021.0,165.0
3100110,30.9,30.75,2017-04-28,ATLO,AMES NATL CORP,6021.0,165.0
3100110,31.4,31.1,2017-05-01,ATLO,AMES NATL CORP,6021.0,165.0
3100110,31.25,31.25,2017-05-02,ATLO,AMES NATL CORP,6021.0,165.0
3100110,31.1,31.1,2017-05-03,ATLO,AMES NATL CORP,6021.0,165.0
3100110,30.9,31.249,2017-05-04,ATLO,AMES NATL CORP,6021.0,165.0
3100110,30.85,31.05,2017-05-05,ATLO,AMES NATL CORP,6021.0,165.0
3100110,30.9,30.9,2017-05-08,ATLO,AMES NATL CORP,6021.0,165.0
3100110,30.95,31.05,2017-05-09,ATLO,AMES NATL CORP,6021.0,165.0
3100110,30.95,30.9,2017-05-10,ATLO,AMES NATL CORP,6021.0,165.0
3100110,30.9,30.9,2017-05-11,ATLO,AMES NATL CORP,6021.0,165.0
3100110,30.85,30.95,2017-05-12,ATLO,AMES NATL CORP,6021.0,165.0
3100110,31.35,31.35,2017-05-15,ATLO,AMES NATL CORP,6021.0,165.0
3100110,31.0,31.5,2017-05-16,ATLO,AMES NATL CORP,6021.0,165.0
3100110,29.9,30.8,2017-05-17,ATLO,AMES NATL CORP,6021.0,165.0
3100110,31.0,29.9,2017-05-18,ATLO,AMES NATL CORP,6021.0,165.0
3100110,31.05,30.8,2017-05-19,ATLO,AMES NATL CORP,6021.0,165.0
3100110,30.85,31.1,2017-05-22,ATLO,AMES NATL CORP,6021.0,165.0
3100110,30.9,30.95,2017-05-23,ATLO,AMES NATL CORP,6021.0,165.0
3100110,30.2,30.9,2017-05-24,ATLO,AMES NATL CORP,6021.0,165.0
3100110,30.15,30.2,2017-05-25,ATLO,AMES NATL CORP,6021.0,165.0
3100110,30.0,30.15,2017-05-26,ATLO,AMES NATL CORP,6021.0,165.0
3100110,29.85,30.0,2017-05-30,ATLO,AMES NATL CORP,6021.0,165.0
3100110,29.65,29.9604,2017-05-31,ATLO,AMES NATL CORP,6021.0,165.0
3100110,30.3,29.6,2017-06-01,ATLO,AMES NATL CORP,6021.0,165.0
3100110,30.9,30.35,2017-06-02,ATLO,AMES NATL CORP,6021.0,165.0
3100110,30.3,30.75,2017-06-05,ATLO,AMES NATL CORP,6021.0,165.0
3100110,30.0,30.2,2017-06-06,ATLO,AMES NATL CORP,6021.0,165.0
3100110,30.1,30.55,2017-06-07,ATLO,AMES NATL CORP,6021.0,165.0
3100110,31.05,29.83,2017-06-08,ATLO,AMES NATL CORP,6021.0,165.0
3100110,31.15,31.0,2017-06-09,ATLO,AMES NATL CORP,6021.0,165.0
3100110,30.15,31.0,2017-06-12,ATLO,AMES NATL CORP,6021.0,165.0
3100110,30.4,30.25,2017-06-13,ATLO,AMES NATL CORP,6021.0,165.0
3100110,30.1,30.4,2017-06-14,ATLO,AMES NATL CORP,6021.0,165.0
3100110,30.15,29.9,2017-06-15,ATLO,AMES NATL CORP,6021.0,165.0
3100110,30.5,30.1,2017-06-16,ATLO,AMES NATL CORP,6021.0,165.0
3100110,30.25,30.65,2017-06-19,ATLO,AMES NATL CORP,6021.0,165.0
3100110,30.3,30.15,2017-06-20,ATLO,AMES NATL CORP,6021.0,165.0
3100110,30.1,30.15,2017-06-21,ATLO,AMES NATL CORP,6021.0,165.0
3100110,30.1,30.2,2017-06-22,ATLO,AMES NATL CORP,6021.0,165.0
3100110,30.95,30.2,2017-06-23,ATLO,AMES NATL CORP,6021.0,165.0
3100110,30.5,30.75,2017-06-26,ATLO,AMES NATL CORP,6021.0,165.0
3100110,30.5,30.155,2017-06-27,ATLO,AMES NATL CORP,6021.0,165.0
3100110,31.05,30.5,2017-06-28,ATLO,AMES NATL CORP,6021.0,165.0
3100110,30.8,31.1,2017-06-29,ATLO,AMES NATL CORP,6021.0,165.0
3100110,30.6,31.15,2017-06-30,ATLO,AMES NATL CORP,6021.0,165.0
3100110,30.95,30.85,2017-07-03,ATLO,AMES NATL CORP,6021.0,165.0
3100110,30.6,30.8,2017-07-05,ATLO,AMES NATL CORP,6021.0,165.0
3100110,30.4,30.8,2017-07-06,ATLO,AMES NATL CORP,6021.0,165.0
3100110,30.6,30.55,2017-07-07,ATLO,AMES NATL CORP,6021.0,165.0
3100110,30.35,30.5,2017-07-10,ATLO,AMES NATL CORP,6021.0,165.0
3100110,30.2,30.35,2017-07-11,ATLO,AMES NATL CORP,6021.0,165.0
3100110,30.6,30.25,2017-07-12,ATLO,AMES NATL CORP,6021.0,165.0
3100110,30.5,30.55,2017-07-13,ATLO,AMES NATL CORP,6021.0,165.0
3100110,30.45,30.4,2017-07-14,ATLO,AMES NATL CORP,6021.0,165.0
3100110,30.35,30.25,2017-07-17,ATLO,AMES NATL CORP,6021.0,165.0
3100110,30.2,30.35,2017-07-18,ATLO,AMES NATL CORP,6021.0,165.0
3100110,30.3,30.2,2017-07-19,ATLO,AMES NATL CORP,6021.0,165.0
3100110,30.35,30.2,2017-07-20,ATLO,AMES NATL CORP,6021.0,165.0
3100110,30.4,30.45,2017-07-21,ATLO,AMES NATL CORP,6021.0,165.0
3100110,30.2,30.3,2017-07-24,ATLO,AMES NATL CORP,6021.0,165.0
3100110,30.1,30.25,2017-07-25,ATLO,AMES NATL CORP,6021.0,165.0
3100110,30.2,30.1,2017-07-26,ATLO,AMES NATL CORP,6021.0,165.0
3100110,30.0,30.25,2017-07-27,ATLO,AMES NATL CORP,6021.0,165.0
3100110,29.85,29.85,2017-07-28,ATLO,AMES NATL CORP,6021.0,165.0
3100110,29.6,29.9,2017-07-31,ATLO,AMES NATL CORP,6021.0,165.0
3100110,29.4,29.75,2017-08-01,ATLO,AMES NATL CORP,6021.0,165.0
3100110,29.1,29.7024,2017-08-02,ATLO,AMES NATL CORP,6021.0,165.0
3100110,28.6,29.47,2017-08-03,ATLO,AMES NATL CORP,6021.0,165.0
3100110,28.8,29.045,2017-08-04,ATLO,AMES NATL CORP,6021.0,165.0
3100110,28.8,28.8,2017-08-07,ATLO,AMES NATL CORP,6021.0,165.0
3100110,29.0,28.85,2017-08-08,ATLO,AMES NATL CORP,6021.0,165.0
3100110,28.8,28.9,2017-08-09,ATLO,AMES NATL CORP,6021.0,165.0
3100110,28.15,28.75,2017-08-10,ATLO,AMES NATL CORP,6021.0,165.0
3100110,26.9,28.45,2017-08-11,ATLO,AMES NATL CORP,6021.0,165.0
3100110,27.6,26.9,2017-08-14,ATLO,AMES NATL CORP,6021.0,165.0
3100110,27.55,27.85,2017-08-15,ATLO,AMES NATL CORP,6021.0,165.0
3100110,27.35,27.5,2017-08-16,ATLO,AMES NATL CORP,6021.0,165.0
3100110,27.0,27.3129,2017-08-17,ATLO,AMES NATL CORP,6021.0,165.0
3100110,26.95,26.65,2017-08-18,ATLO,AMES NATL CORP,6021.0,165.0
3100110,26.85,26.65,2017-08-21,ATLO,AMES NATL CORP,6021.0,165.0
3100110,27.3,27.05,2017-08-22,ATLO,AMES NATL CORP,6021.0,165.0
3100110,27.15,27.0,2017-08-23,ATLO,AMES NATL CORP,6021.0,165.0
3100110,27.15,27.15,2017-08-24,ATLO,AMES NATL CORP,6021.0,165.0
3100110,27.5,27.15,2017-08-25,ATLO,AMES NATL CORP,6021.0,165.0
3100110,27.15,27.325,2017-08-28,ATLO,AMES NATL CORP,6021.0,165.0
3100110,27.0,27.05,2017-08-29,ATLO,AMES NATL CORP,6021.0,165.0
3100110,27.1,27.15,2017-08-30,ATLO,AMES NATL CORP,6021.0,165.0
3100110,27.1,27.2,2017-08-31,ATLO,AMES NATL CORP,6021.0,165.0
3100110,27.35,27.25,2017-09-01,ATLO,AMES NATL CORP,6021.0,165.0
3100110,27.35,27.25,2017-09-05,ATLO,AMES NATL CORP,6021.0,165.0
3100110,27.5,27.35,2017-09-06,ATLO,AMES NATL CORP,6021.0,165.0
3100110,27.45,27.5,2017-09-07,ATLO,AMES NATL CORP,6021.0,165.0
3100110,27.7,27.5,2017-09-08,ATLO,AMES NATL CORP,6021.0,165.0
3100110,28.0,27.85,2017-09-11,ATLO,AMES NATL CORP,6021.0,165.0
3100110,28.3,28.0,2017-09-12,ATLO,AMES NATL CORP,6021.0,165.0
3100110,28.9,27.95,2017-09-13,ATLO,AMES NATL CORP,6021.0,165.0
3100110,28.85,29.0,2017-09-14,ATLO,AMES NATL CORP,6021.0,165.0
3100110,28.55,28.95,2017-09-15,ATLO,AMES NATL CORP,6021.0,165.0
3100110,28.7,28.5,2017-09-18,ATLO,AMES NATL CORP,6021.0,165.0
3100110,28.15,28.5,2017-09-19,ATLO,AMES NATL CORP,6021.0,165.0
3100110,28.55,28.15,2017-09-20,ATLO,AMES NATL CORP,6021.0,165.0
3100110,28.0,28.15,2017-09-21,ATLO,AMES NATL CORP,6021.0,165.0
3100110,28.35,28.0,2017-09-22,ATLO,AMES NATL CORP,6021.0,165.0
3100110,28.2,28.15,2017-09-25,ATLO,AMES NATL CORP,6021.0,165.0
3100110,28.85,28.4,2017-09-26,ATLO,AMES NATL CORP,6021.0,165.0
3100110,30.7,29.15,2017-09-27,ATLO,AMES NATL CORP,6021.0,165.0
3100110,30.75,30.6,2017-09-28,ATLO,AMES NATL CORP,6021.0,165.0
3100110,29.85,30.65,2017-09-29,ATLO,AMES NATL CORP,6021.0,165.0
3100110,30.5,30.0,2017-10-02,ATLO,AMES NATL CORP,6021.0,165.0
3100110,30.05,30.2,2017-10-03,ATLO,AMES NATL CORP,6021.0,165.0
3100110,30.0,30.05,2017-10-04,ATLO,AMES NATL CORP,6021.0,165.0
3100110,30.25,30.15,2017-10-05,ATLO,AMES NATL CORP,6021.0,165.0
3100110,30.45,30.15,2017-10-06,ATLO,AMES NATL CORP,6021.0,165.0
3100110,30.95,30.5,2017-10-09,ATLO,AMES NATL CORP,6021.0,165.0
3100110,31.75,31.2,2017-10-10,ATLO,AMES NATL CORP,6021.0,165.0
3100110,31.25,31.85,2017-10-11,ATLO,AMES NATL CORP,6021.0,165.0
3100110,30.65,30.0,2017-10-12,ATLO,AMES NATL CORP,6021.0,165.0
3100110,31.15,30.6,2017-10-13,ATLO,AMES NATL CORP,6021.0,165.0
3100110,30.2,31.1,2017-10-16,ATLO,AMES NATL CORP,6021.0,165.0
3100110,30.05,30.175,2017-10-17,ATLO,AMES NATL CORP,6021.0,165.0
3100110,30.1,30.1,2017-10-18,ATLO,AMES NATL CORP,6021.0,165.0
3100110,29.85,30.15,2017-10-19,ATLO,AMES NATL CORP,6021.0,165.0
3100110,30.2,30.1,2017-10-20,ATLO,AMES NATL CORP,6021.0,165.0
3100110,29.6,30.1,2017-10-23,ATLO,AMES NATL CORP,6021.0,165.0
3100110,30.1,29.75,2017-10-24,ATLO,AMES NATL CORP,6021.0,165.0
3100110,30.15,30.0,2017-10-25,ATLO,AMES NATL CORP,6021.0,165.0
3100110,30.25,30.1,2017-10-26,ATLO,AMES NATL CORP,6021.0,165.0
3100110,30.3,30.25,2017-10-27,ATLO,AMES NATL CORP,6021.0,165.0
3100110,29.8,30.2,2017-10-30,ATLO,AMES NATL CORP,6021.0,165.0
3100110,29.8,29.75,2017-10-31,ATLO,AMES NATL CORP,6021.0,165.0
3100110,29.1,29.61,2017-11-01,ATLO,AMES NATL CORP,6021.0,165.0
3100110,29.75,28.55,2017-11-02,ATLO,AMES NATL CORP,6021.0,165.0
3100110,29.5,29.45,2017-11-03,ATLO,AMES NATL CORP,6021.0,165.0
3100110,29.45,29.5,2017-11-06,ATLO,AMES NATL CORP,6021.0,165.0
3100110,27.9,29.05,2017-11-07,ATLO,AMES NATL CORP,6021.0,165.0
3100110,27.75,28.05,2017-11-08,ATLO,AMES NATL CORP,6021.0,165.0
3100110,27.85,27.55,2017-11-09,ATLO,AMES NATL CORP,6021.0,165.0
3100110,28.65,28.2,2017-11-10,ATLO,AMES NATL CORP,6021.0,165.0
3100110,28.6,28.05,2017-11-13,ATLO,AMES NATL CORP,6021.0,165.0
3100110,28.8,28.8,2017-11-14,ATLO,AMES NATL CORP,6021.0,165.0
3100110,29.1,28.7,2017-11-15,ATLO,AMES NATL CORP,6021.0,165.0
3100110,29.45,28.97,2017-11-16,ATLO,AMES NATL CORP,6021.0,165.0
3100110,29.7,29.15,2017-11-17,ATLO,AMES NATL CORP,6021.0,165.0
3100110,29.9,29.65,2017-11-20,ATLO,AMES NATL CORP,6021.0,165.0
3100110,30.25,29.95,2017-11-21,ATLO,AMES NATL CORP,6021.0,165.0
3100110,29.65,30.0,2017-11-22,ATLO,AMES NATL CORP,6021.0,165.0
3100110,29.95,29.85,2017-11-24,ATLO,AMES NATL CORP,6021.0,165.0
3100110,29.85,29.845,2017-11-27,ATLO,AMES NATL CORP,6021.0,165.0
3100110,30.15,29.85,2017-11-28,ATLO,AMES NATL CORP,6021.0,165.0
3100110,30.25,30.25,2017-11-29,ATLO,AMES NATL CORP,6021.0,165.0
3100110,30.05,30.25,2017-11-30,ATLO,AMES NATL CORP,6021.0,165.0
3100110,28.1,30.1,2017-12-01,ATLO,AMES NATL CORP,6021.0,165.0
3100110,28.6,28.3,2017-12-04,ATLO,AMES NATL CORP,6021.0,165.0
3100110,28.55,28.6,2017-12-05,ATLO,AMES NATL CORP,6021.0,165.0
3100110,28.5,28.55,2017-12-06,ATLO,AMES NATL CORP,6021.0,165.0
3100110,29.5,29.025,2017-12-07,ATLO,AMES NATL CORP,6021.0,165.0
3100110,29.0,29.425,2017-12-08,ATLO,AMES NATL CORP,6021.0,165.0
3100110,29.05,29.25,2017-12-11,ATLO,AMES NATL CORP,6021.0,165.0
3100110,29.7,29.3,2017-12-12,ATLO,AMES NATL CORP,6021.0,165.0
3100110,29.45,29.45,2017-12-13,ATLO,AMES NATL CORP,6021.0,165.0
3100110,28.9,29.35,2017-12-14,ATLO,AMES NATL CORP,6021.0,165.0
3100110,30.1,28.8,2017-12-15,ATLO,AMES NATL CORP,6021.0,165.0
3100110,29.75,30.05,2017-12-18,ATLO,AMES NATL CORP,6021.0,165.0
3100110,28.75,29.7,2017-12-19,ATLO,AMES NATL CORP,6021.0,165.0
3100110,28.75,28.95,2017-12-20,ATLO,AMES NATL CORP,6021.0,165.0
3100110,28.4,28.5,2017-12-21,ATLO,AMES NATL CORP,6021.0,165.0
3100110,28.2,28.367,2017-12-22,ATLO,AMES NATL CORP,6021.0,165.0
3100110,28.25,28.525,2017-12-26,ATLO,AMES NATL CORP,6021.0,165.0
3100110,28.05,28.495,2017-12-27,ATLO,AMES NATL CORP,6021.0,165.0
3100110,28.15,28.139,2017-12-28,ATLO,AMES NATL CORP,6021.0,165.0
3100110,27.85,28.15,2017-12-29,ATLO,AMES NATL CORP,6021.0,165.0
3100110,28.1,28.65,2018-01-02,ATLO,AMES NATL CORP,6021.0,165.0
3100110,28.2,28.4,2018-01-03,ATLO,AMES NATL CORP,6021.0,165.0
3100110,28.45,28.3,2018-01-04,ATLO,AMES NATL CORP,6021.0,165.0
3100110,28.7,29.0,2018-01-05,ATLO,AMES NATL CORP,6021.0,165.0
3100110,28.5,28.5,2018-01-08,ATLO,AMES NATL CORP,6021.0,165.0
3100110,28.4,28.55,2018-01-09,ATLO,AMES NATL CORP,6021.0,165.0
3100110,28.65,28.3,2018-01-10,ATLO,AMES NATL CORP,6021.0,165.0
3100110,29.65,28.55,2018-01-11,ATLO,AMES NATL CORP,6021.0,165.0
3100110,29.65,29.55,2018-01-12,ATLO,AMES NATL CORP,6021.0,165.0
3100110,29.65,29.9,2018-01-16,ATLO,AMES NATL CORP,6021.0,165.0
3100110,29.8,29.95,2018-01-17,ATLO,AMES NATL CORP,6021.0,165.0
3100110,29.5,29.7,2018-01-18,ATLO,AMES NATL CORP,6021.0,165.0
3100110,29.75,29.3,2018-01-19,ATLO,AMES NATL CORP,6021.0,165.0
3100110,29.6,29.75,2018-01-22,ATLO,AMES NATL CORP,6021.0,165.0
3100110,29.4,29.5,2018-01-23,ATLO,AMES NATL CORP,6021.0,165.0
3100110,29.05,29.45,2018-01-24,ATLO,AMES NATL CORP,6021.0,165.0
3100110,29.25,29.3916,2018-01-25,ATLO,AMES NATL CORP,6021.0,165.0
3100110,29.3,29.25,2018-01-26,ATLO,AMES NATL CORP,6021.0,165.0
3100110,28.7,29.05,2018-01-29,ATLO,AMES NATL CORP,6021.0,165.0
3100110,28.5,28.7,2018-01-30,ATLO,AMES NATL CORP,6021.0,165.0
3100110,28.2,28.325,2018-01-31,ATLO,AMES NATL CORP,6021.0,165.0
3100110,28.15,27.8,2018-02-01,ATLO,AMES NATL CORP,6021.0,165.0
3100110,27.8,28.0,2018-02-02,ATLO,AMES NATL CORP,6021.0,165.0
3100110,26.85,27.75,2018-02-05,ATLO,AMES NATL CORP,6021.0,165.0
3100110,26.85,26.75,2018-02-06,ATLO,AMES NATL CORP,6021.0,165.0
3100110,26.75,26.8,2018-02-07,ATLO,AMES NATL CORP,6021.0,165.0
3100110,26.7,26.8,2018-02-08,ATLO,AMES NATL CORP,6021.0,165.0
3100110,27.0,26.95,2018-02-09,ATLO,AMES NATL CORP,6021.0,165.0
3100110,26.85,26.95,2018-02-12,ATLO,AMES NATL CORP,6021.0,165.0
3100110,26.6,26.65,2018-02-13,ATLO,AMES NATL CORP,6021.0,165.0
3100110,27.1,26.45,2018-02-14,ATLO,AMES NATL CORP,6021.0,165.0
3100110,26.65,27.25,2018-02-15,ATLO,AMES NATL CORP,6021.0,165.0
3100110,27.0,26.45,2018-02-16,ATLO,AMES NATL CORP,6021.0,165.0
3100110,26.5,26.9,2018-02-20,ATLO,AMES NATL CORP,6021.0,165.0
3100110,26.75,26.6,2018-02-21,ATLO,AMES NATL CORP,6021.0,165.0
3100110,27.0,27.05,2018-02-22,ATLO,AMES NATL CORP,6021.0,165.0
3100110,26.9,26.9,2018-02-23,ATLO,AMES NATL CORP,6021.0,165.0
3100110,27.1,27.145,2018-02-26,ATLO,AMES NATL CORP,6021.0,165.0
3100110,27.4,27.0,2018-02-27,ATLO,AMES NATL CORP,6021.0,165.0
3100110,26.55,27.275,2018-02-28,ATLO,AMES NATL CORP,6021.0,165.0
3100110,26.4,26.8,2018-03-01,ATLO,AMES NATL CORP,6021.0,165.0
3100110,27.0,26.0,2018-03-02,ATLO,AMES NATL CORP,6021.0,165.0
3100110,27.4,27.0,2018-03-05,ATLO,AMES NATL CORP,6021.0,165.0
3100110,27.3,27.4,2018-03-06,ATLO,AMES NATL CORP,6021.0,165.0
3100110,27.35,26.7,2018-03-07,ATLO,AMES NATL CORP,6021.0,165.0
3100110,27.05,26.9,2018-03-08,ATLO,AMES NATL CORP,6021.0,165.0
3100110,27.4,26.75,2018-03-09,ATLO,AMES NATL CORP,6021.0,165.0
3100110,27.5,27.25,2018-03-12,ATLO,AMES NATL CORP,6021.0,165.0
3100110,27.6,27.4,2018-03-13,ATLO,AMES NATL CORP,6021.0,165.0
3100110,27.9,27.6,2018-03-14,ATLO,AMES NATL CORP,6021.0,165.0
3100110,28.85,27.85,2018-03-15,ATLO,AMES NATL CORP,6021.0,165.0
3100110,29.1,28.75,2018-03-16,ATLO,AMES NATL CORP,6021.0,165.0
3100110,28.7,28.55,2018-03-19,ATLO,AMES NATL CORP,6021.0,165.0
3100110,28.15,28.5,2018-03-20,ATLO,AMES NATL CORP,6021.0,165.0
3100110,28.3,28.4,2018-03-21,ATLO,AMES NATL CORP,6021.0,165.0
3100110,27.35,28.05,2018-03-22,ATLO,AMES NATL CORP,6021.0,165.0
3100110,27.2,27.95,2018-03-23,ATLO,AMES NATL CORP,6021.0,165.0
3100110,28.25,27.475,2018-03-26,ATLO,AMES NATL CORP,6021.0,165.0
3100110,28.05,28.2,2018-03-27,ATLO,AMES NATL CORP,6021.0,165.0
3100110,27.85,27.7,2018-03-28,ATLO,AMES NATL CORP,6021.0,165.0
3100110,27.5,27.7,2018-03-29,ATLO,AMES NATL CORP,6021.0,165.0
3100110,27.35,27.3,2018-04-02,ATLO,AMES NATL CORP,6021.0,165.0
3100110,27.35,27.4,2018-04-03,ATLO,AMES NATL CORP,6021.0,165.0
3100110,27.1,26.8,2018-04-04,ATLO,AMES NATL CORP,6021.0,165.0
3100110,27.45,28.495,2018-04-05,ATLO,AMES NATL CORP,6021.0,165.0
3100110,27.6,27.3,2018-04-06,ATLO,AMES NATL CORP,6021.0,165.0
3100110,27.3,27.1,2018-04-09,ATLO,AMES NATL CORP,6021.0,165.0
3100110,27.35,27.15,2018-04-10,ATLO,AMES NATL CORP,6021.0,165.0
3100110,28.0,27.45,2018-04-11,ATLO,AMES NATL CORP,6021.0,165.0
3100110,27.65,28.15,2018-04-12,ATLO,AMES NATL CORP,6021.0,165.0
3100110,28.0,27.9,2018-04-13,ATLO,AMES NATL CORP,6021.0,165.0
3100110,28.2,28.15,2018-04-16,ATLO,AMES NATL CORP,6021.0,165.0
3100110,28.25,28.3,2018-04-17,ATLO,AMES NATL CORP,6021.0,165.0
3100110,27.85,28.1,2018-04-18,ATLO,AMES NATL CORP,6021.0,165.0
3100110,27.95,27.9,2018-04-19,ATLO,AMES NATL CORP,6021.0,165.0
3100110,28.8,27.9,2018-04-20,ATLO,AMES NATL CORP,6021.0,165.0
3100110,28.8,28.7,2018-04-23,ATLO,AMES NATL CORP,6021.0,165.0
3100110,28.85,28.799,2018-04-24,ATLO,AMES NATL CORP,6021.0,165.0
3100110,28.8,29.0,2018-04-25,ATLO,AMES NATL CORP,6021.0,165.0
3100110,28.9,28.9,2018-04-26,ATLO,AMES NATL CORP,6021.0,165.0
3100110,28.8,29.3,2018-04-27,ATLO,AMES NATL CORP,6021.0,165.0
3100110,27.65,27.95,2018-04-30,ATLO,AMES NATL CORP,6021.0,165.0
3100110,27.95,27.55,2018-05-01,ATLO,AMES NATL CORP,6021.0,165.0
3100110,28.2,28.25,2018-05-02,ATLO,AMES NATL CORP,6021.0,165.0
3100110,27.3,27.75,2018-05-03,ATLO,AMES NATL CORP,6021.0,165.0
3100110,27.4,27.3,2018-05-04,ATLO,AMES NATL CORP,6021.0,165.0
3100110,27.45,27.65,2018-05-07,ATLO,AMES NATL CORP,6021.0,165.0
3100110,27.55,27.5,2018-05-08,ATLO,AMES NATL CORP,6021.0,165.0
3100110,27.4,27.3,2018-05-09,ATLO,AMES NATL CORP,6021.0,165.0
3100110,27.45,27.475,2018-05-10,ATLO,AMES NATL CORP,6021.0,165.0
3100110,28.4,28.0,2018-05-11,ATLO,AMES NATL CORP,6021.0,165.0
3100110,28.1,28.2,2018-05-14,ATLO,AMES NATL CORP,6021.0,165.0
3100110,29.55,28.3,2018-05-15,ATLO,AMES NATL CORP,6021.0,165.0
3100110,29.6,29.3,2018-05-16,ATLO,AMES NATL CORP,6021.0,165.0
3100110,29.9,29.75,2018-05-17,ATLO,AMES NATL CORP,6021.0,165.0
3100110,29.8,30.1,2018-05-18,ATLO,AMES NATL CORP,6021.0,165.0
3100110,30.1,29.75,2018-05-21,ATLO,AMES NATL CORP,6021.0,165.0
3100110,29.9,30.25,2018-05-22,ATLO,AMES NATL CORP,6021.0,165.0
3100110,30.05,30.1,2018-05-23,ATLO,AMES NATL CORP,6021.0,165.0
3100110,30.025,29.95,2018-05-24,ATLO,AMES NATL CORP,6021.0,165.0
3100110,30.1,30.1,2018-05-25,ATLO,AMES NATL CORP,6021.0,165.0
3100110,29.8,30.05,2018-05-29,ATLO,AMES NATL CORP,6021.0,165.0
3100110,30.0,29.7,2018-05-30,ATLO,AMES NATL CORP,6021.0,165.0
3100110,30.25,30.1,2018-05-31,ATLO,AMES NATL CORP,6021.0,165.0
3100110,30.6,30.65,2018-06-01,ATLO,AMES NATL CORP,6021.0,165.0
3100110,30.75,30.45,2018-06-04,ATLO,AMES NATL CORP,6021.0,165.0
3100110,30.8,30.7,2018-06-05,ATLO,AMES NATL CORP,6021.0,165.0
3100110,30.8,30.85,2018-06-06,ATLO,AMES NATL CORP,6021.0,165.0
3100110,30.85,30.9,2018-06-07,ATLO,AMES NATL CORP,6021.0,165.0
3100110,31.0,30.85,2018-06-08,ATLO,AMES NATL CORP,6021.0,165.0
3100110,30.85,31.0,2018-06-11,ATLO,AMES NATL CORP,6021.0,165.0
3100110,30.85,30.8,2018-06-12,ATLO,AMES NATL CORP,6021.0,165.0
3100110,30.65,30.7,2018-06-13,ATLO,AMES NATL CORP,6021.0,165.0
3100110,30.7,30.75,2018-06-14,ATLO,AMES NATL CORP,6021.0,165.0
3100110,30.85,30.5,2018-06-15,ATLO,AMES NATL CORP,6021.0,165.0
3100110,30.75,30.45,2018-06-18,ATLO,AMES NATL CORP,6021.0,165.0
3100110,30.65,30.8,2018-06-19,ATLO,AMES NATL CORP,6021.0,165.0
3100110,30.85,30.7,2018-06-20,ATLO,AMES NATL CORP,6021.0,165.0
3100110,30.6,30.7,2018-06-21,ATLO,AMES NATL CORP,6021.0,165.0
3100110,31.45,30.7,2018-06-22,ATLO,AMES NATL CORP,6021.0,165.0
3100110,31.05,31.2,2018-06-25,ATLO,AMES NATL CORP,6021.0,165.0
3100110,31.15,30.125,2018-06-26,ATLO,AMES NATL CORP,6021.0,165.0
3100110,31.1,31.3,2018-06-27,ATLO,AMES NATL CORP,6021.0,165.0
3100110,31.25,30.752,2018-06-28,ATLO,AMES NATL CORP,6021.0,165.0
3100110,30.85,31.25,2018-06-29,ATLO,AMES NATL CORP,6021.0,165.0
3100110,31.2,30.8,2018-07-02,ATLO,AMES NATL CORP,6021.0,165.0
3100110,31.3,31.3,2018-07-03,ATLO,AMES NATL CORP,6021.0,165.0
3100110,31.35,30.8,2018-07-05,ATLO,AMES NATL CORP,6021.0,165.0
3100110,31.6,31.3,2018-07-06,ATLO,AMES NATL CORP,6021.0,165.0
3100110,32.0,31.7,2018-07-09,ATLO,AMES NATL CORP,6021.0,165.0
3100110,31.65,32.0,2018-07-10,ATLO,AMES NATL CORP,6021.0,165.0
3100110,30.95,31.55,2018-07-11,ATLO,AMES NATL CORP,6021.0,165.0
3100110,31.5,31.228,2018-07-12,ATLO,AMES NATL CORP,6021.0,165.0
3100110,31.25,31.5,2018-07-13,ATLO,AMES NATL CORP,6021.0,165.0
3100110,31.25,31.25,2018-07-16,ATLO,AMES NATL CORP,6021.0,165.0
3100110,30.9,31.25,2018-07-17,ATLO,AMES NATL CORP,6021.0,165.0
3100110,30.75,30.9,2018-07-18,ATLO,AMES NATL CORP,6021.0,165.0
3100110,31.25,30.75,2018-07-19,ATLO,AMES NATL CORP,6021.0,165.0
3100110,31.35,31.35,2018-07-20,ATLO,AMES NATL CORP,6021.0,165.0
3100110,31.7,31.2,2018-07-23,ATLO,AMES NATL CORP,6021.0,165.0
3100110,31.65,31.5446,2018-07-24,ATLO,AMES NATL CORP,6021.0,165.0
3100110,31.5,31.75,2018-07-25,ATLO,AMES NATL CORP,6021.0,165.0
3100110,31.15,31.7,2018-07-26,ATLO,AMES NATL CORP,6021.0,165.0
3100110,31.0,31.1,2018-07-27,ATLO,AMES NATL CORP,6021.0,165.0
3100110,31.3,31.15,2018-07-30,ATLO,AMES NATL CORP,6021.0,165.0
3100110,31.45,31.05,2018-07-31,ATLO,AMES NATL CORP,6021.0,165.0
3100110,30.65,31.45,2018-08-01,ATLO,AMES NATL CORP,6021.0,165.0
3100110,31.65,30.75,2018-08-02,ATLO,AMES NATL CORP,6021.0,165.0
3100110,30.75,31.75,2018-08-03,ATLO,AMES NATL CORP,6021.0,165.0
3100110,30.7,30.65,2018-08-06,ATLO,AMES NATL CORP,6021.0,165.0
3100110,29.8,30.8,2018-08-07,ATLO,AMES NATL CORP,6021.0,165.0
3100110,29.85,30.1,2018-08-08,ATLO,AMES NATL CORP,6021.0,165.0
3100110,30.1,29.845,2018-08-09,ATLO,AMES NATL CORP,6021.0,165.0
3100110,30.2,30.0,2018-08-10,ATLO,AMES NATL CORP,6021.0,165.0
3100110,30.25,30.3,2018-08-13,ATLO,AMES NATL CORP,6021.0,165.0
3100110,30.1,30.55,2018-08-14,ATLO,AMES NATL CORP,6021.0,165.0
3100110,30.25,30.3,2018-08-15,ATLO,AMES NATL CORP,6021.0,165.0
3100110,30.9,30.15,2018-08-16,ATLO,AMES NATL CORP,6021.0,165.0
3100110,31.1,30.75,2018-08-17,ATLO,AMES NATL CORP,6021.0,165.0
3100110,30.7,31.3,2018-08-20,ATLO,AMES NATL CORP,6021.0,165.0
3100110,30.8,30.85,2018-08-21,ATLO,AMES NATL CORP,6021.0,165.0
3100110,30.75,31.0,2018-08-22,ATLO,AMES NATL CORP,6021.0,165.0
3100110,30.8,30.6,2018-08-23,ATLO,AMES NATL CORP,6021.0,165.0
3100110,30.75,30.9,2018-08-24,ATLO,AMES NATL CORP,6021.0,165.0
3100110,30.0,30.55,2018-08-27,ATLO,AMES NATL CORP,6021.0,165.0
3100110,29.95,30.0,2018-08-28,ATLO,AMES NATL CORP,6021.0,165.0
3100110,30.15,30.0,2018-08-29,ATLO,AMES NATL CORP,6021.0,165.0
3100110,29.95,30.125,2018-08-30,ATLO,AMES NATL CORP,6021.0,165.0
3100110,30.25,30.25,2018-08-31,ATLO,AMES NATL CORP,6021.0,165.0
3100110,29.95,30.05,2018-09-04,ATLO,AMES NATL CORP,6021.0,165.0
3100110,30.25,29.95,2018-09-05,ATLO,AMES NATL CORP,6021.0,165.0
3100110,30.55,30.1,2018-09-06,ATLO,AMES NATL CORP,6021.0,165.0
3100110,30.5,30.4,2018-09-07,ATLO,AMES NATL CORP,6021.0,165.0
3100110,29.2,30.625,2018-09-10,ATLO,AMES NATL CORP,6021.0,165.0
3100110,27.2,29.25,2018-09-11,ATLO,AMES NATL CORP,6021.0,165.0
3100110,27.4,27.6,2018-09-12,ATLO,AMES NATL CORP,6021.0,165.0
3100110,26.9,27.75,2018-09-13,ATLO,AMES NATL CORP,6021.0,165.0
3100110,27.0,27.1,2018-09-14,ATLO,AMES NATL CORP,6021.0,165.0
3100110,26.75,27.25,2018-09-17,ATLO,AMES NATL CORP,6021.0,165.0
3100110,26.6,26.8,2018-09-18,ATLO,AMES NATL CORP,6021.0,165.0
3100110,26.45,26.6,2018-09-19,ATLO,AMES NATL CORP,6021.0,165.0
3100110,27.1,26.7,2018-09-20,ATLO,AMES NATL CORP,6021.0,165.0
3100110,27.4,27.0,2018-09-21,ATLO,AMES NATL CORP,6021.0,165.0
3100110,26.95,27.25,2018-09-24,ATLO,AMES NATL CORP,6021.0,165.0
3100110,26.95,26.6,2018-09-25,ATLO,AMES NATL CORP,6021.0,165.0
3100110,27.4,27.0,2018-09-26,ATLO,AMES NATL CORP,6021.0,165.0
3100110,27.2,27.4,2018-09-27,ATLO,AMES NATL CORP,6021.0,165.0
3100110,27.25,27.3,2018-09-28,ATLO,AMES NATL CORP,6021.0,165.0
3100110,27.08,27.39,2018-10-01,ATLO,AMES NATL CORP,6021.0,165.0
3100110,27.32,27.09,2018-10-02,ATLO,AMES NATL CORP,6021.0,165.0
3100110,27.97,27.5,2018-10-03,ATLO,AMES NATL CORP,6021.0,165.0
3100110,28.32,27.84,2018-10-04,ATLO,AMES NATL CORP,6021.0,165.0
3100110,28.03,28.38,2018-10-05,ATLO,AMES NATL CORP,6021.0,165.0
3100110,28.22,28.18,2018-10-08,ATLO,AMES NATL CORP,6021.0,165.0
3100110,28.44,28.4,2018-10-09,ATLO,AMES NATL CORP,6021.0,165.0
3100110,27.9,28.5,2018-10-10,ATLO,AMES NATL CORP,6021.0,165.0
3100110,27.95,28.0,2018-10-11,ATLO,AMES NATL CORP,6021.0,165.0
3100110,27.41,28.28,2018-10-12,ATLO,AMES NATL CORP,6021.0,165.0
3100110,27.45,27.52,2018-10-15,ATLO,AMES NATL CORP,6021.0,165.0
3100110,27.72,27.59,2018-10-16,ATLO,AMES NATL CORP,6021.0,165.0
3100110,27.52,27.6,2018-10-17,ATLO,AMES NATL CORP,6021.0,165.0
3100110,27.9,27.53,2018-10-18,ATLO,AMES NATL CORP,6021.0,165.0
3100110,27.25,27.57,2018-10-19,ATLO,AMES NATL CORP,6021.0,165.0
3100110,27.03,27.3,2018-10-22,ATLO,AMES NATL CORP,6021.0,165.0
3100110,27.15,27.0,2018-10-23,ATLO,AMES NATL CORP,6021.0,165.0
3100110,26.7,27.0,2018-10-24,ATLO,AMES NATL CORP,6021.0,165.0
3100110,27.3,27.12,2018-10-25,ATLO,AMES NATL CORP,6021.0,165.0
3100110,26.96,27.49,2018-10-26,ATLO,AMES NATL CORP,6021.0,165.0
3100110,27.09,27.07,2018-10-29,ATLO,AMES NATL CORP,6021.0,165.0
3100110,28.2,26.93,2018-10-30,ATLO,AMES NATL CORP,6021.0,165.0
3100110,27.49,27.89,2018-10-31,ATLO,AMES NATL CORP,6021.0,165.0
3100110,27.32,27.32,2018-11-01,ATLO,AMES NATL CORP,6021.0,165.0
3100110,27.51,27.5,2018-11-02,ATLO,AMES NATL CORP,6021.0,165.0
3100110,27.13,27.52,2018-11-05,ATLO,AMES NATL CORP,6021.0,165.0
3100110,27.2,27.0,2018-11-06,ATLO,AMES NATL CORP,6021.0,165.0
3100110,27.24,27.25,2018-11-07,ATLO,AMES NATL CORP,6021.0,165.0
3100110,27.01,27.3147,2018-11-08,ATLO,AMES NATL CORP,6021.0,165.0
3100110,27.01,27.45,2018-11-09,ATLO,AMES NATL CORP,6021.0,165.0
3100110,27.53,27.4,2018-11-12,ATLO,AMES NATL CORP,6021.0,165.0
3100110,28.41,27.68,2018-11-13,ATLO,AMES NATL CORP,6021.0,165.0
3100110,27.64,28.4,2018-11-14,ATLO,AMES NATL CORP,6021.0,165.0
3100110,28.4,27.76,2018-11-15,ATLO,AMES NATL CORP,6021.0,165.0
3100110,28.18,28.27,2018-11-16,ATLO,AMES NATL CORP,6021.0,165.0
3100110,27.51,27.63,2018-11-19,ATLO,AMES NATL CORP,6021.0,165.0
3100110,27.23,27.41,2018-11-20,ATLO,AMES NATL CORP,6021.0,165.0
3100110,28.0,27.43,2018-11-21,ATLO,AMES NATL CORP,6021.0,165.0
3100110,28.29,27.42,2018-11-23,ATLO,AMES NATL CORP,6021.0,165.0
3100110,27.76,28.32,2018-11-26,ATLO,AMES NATL CORP,6021.0,165.0
3100110,27.78,27.62,2018-11-27,ATLO,AMES NATL CORP,6021.0,165.0
3100110,27.7,27.81,2018-11-28,ATLO,AMES NATL CORP,6021.0,165.0
3100110,27.81,27.71,2018-11-29,ATLO,AMES NATL CORP,6021.0,165.0
3100110,27.46,28.2,2018-11-30,ATLO,AMES NATL CORP,6021.0,165.0
3100110,27.8,27.79,2018-12-03,ATLO,AMES NATL CORP,6021.0,165.0
3100110,26.86,27.55,2018-12-04,ATLO,AMES NATL CORP,6021.0,165.0
3100110,27.65,26.87,2018-12-06,ATLO,AMES NATL CORP,6021.0,165.0
3100110,26.89,27.67,2018-12-07,ATLO,AMES NATL CORP,6021.0,165.0
3100110,26.54,26.73,2018-12-10,ATLO,AMES NATL CORP,6021.0,165.0
3100110,26.5,26.94,2018-12-11,ATLO,AMES NATL CORP,6021.0,165.0
3100110,26.68,26.4,2018-12-12,ATLO,AMES NATL CORP,6021.0,165.0
3100110,26.29,26.29,2018-12-13,ATLO,AMES NATL CORP,6021.0,165.0
3100110,25.7,26.09,2018-12-14,ATLO,AMES NATL CORP,6021.0,165.0
3100110,25.64,25.6,2018-12-17,ATLO,AMES NATL CORP,6021.0,165.0
3100110,25.87,25.66,2018-12-18,ATLO,AMES NATL CORP,6021.0,165.0
3100110,25.66,25.95,2018-12-19,ATLO,AMES NATL CORP,6021.0,165.0
3100110,25.42,25.6,2018-12-20,ATLO,AMES NATL CORP,6021.0,165.0
3100110,25.4,25.61,2018-12-21,ATLO,AMES NATL CORP,6021.0,165.0
3100110,24.9,25.4,2018-12-24,ATLO,AMES NATL CORP,6021.0,165.0
3100110,25.48,24.9,2018-12-26,ATLO,AMES NATL CORP,6021.0,165.0
3100110,25.12,25.32,2018-12-27,ATLO,AMES NATL CORP,6021.0,165.0
3100110,25.72,25.12,2018-12-28,ATLO,AMES NATL CORP,6021.0,165.0
3100110,25.42,25.64,2018-12-31,ATLO,AMES NATL CORP,6021.0,165.0
3100110,25.98,25.44,2019-01-02,ATLO,AMES NATL CORP,6021.0,165.0
3100110,25.41,25.97,2019-01-03,ATLO,AMES NATL CORP,6021.0,165.0
3100110,26.15,25.76,2019-01-04,ATLO,AMES NATL CORP,6021.0,165.0
3100110,26.14,26.15,2019-01-07,ATLO,AMES NATL CORP,6021.0,165.0
3100110,26.5,25.54,2019-01-08,ATLO,AMES NATL CORP,6021.0,165.0
3100110,26.64,26.34,2019-01-09,ATLO,AMES NATL CORP,6021.0,165.0
3100110,25.97,26.595,2019-01-10,ATLO,AMES NATL CORP,6021.0,165.0
3100110,26.54,25.97,2019-01-11,ATLO,AMES NATL CORP,6021.0,165.0
3100110,25.28,26.46,2019-01-14,ATLO,AMES NATL CORP,6021.0,165.0
3100110,25.58,25.607,2019-01-15,ATLO,AMES NATL CORP,6021.0,165.0
3100110,25.5,25.43,2019-01-16,ATLO,AMES NATL CORP,6021.0,165.0
3100110,25.37,25.3,2019-01-17,ATLO,AMES NATL CORP,6021.0,165.0
3100110,25.27,25.07,2019-01-18,ATLO,AMES NATL CORP,6021.0,165.0
3100110,24.9,25.33,2019-01-22,ATLO,AMES NATL CORP,6021.0,165.0
3100110,25.01,25.1,2019-01-23,ATLO,AMES NATL CORP,6021.0,165.0
3100110,25.18,25.16,2019-01-24,ATLO,AMES NATL CORP,6021.0,165.0
3100110,25.25,25.1,2019-01-25,ATLO,AMES NATL CORP,6021.0,165.0
3100110,25.11,25.16,2019-01-28,ATLO,AMES NATL CORP,6021.0,165.0
3100110,25.13,25.14,2019-01-29,ATLO,AMES NATL CORP,6021.0,165.0
3100110,25.2,25.16,2019-01-30,ATLO,AMES NATL CORP,6021.0,165.0
3100110,25.14,25.1783,2019-01-31,ATLO,AMES NATL CORP,6021.0,165.0
3100110,25.3,25.0366,2019-02-01,ATLO,AMES NATL CORP,6021.0,165.0
3100110,25.19,25.0674,2019-02-04,ATLO,AMES NATL CORP,6021.0,165.0
3100110,25.25,25.38,2019-02-05,ATLO,AMES NATL CORP,6021.0,165.0
3100110,25.01,25.4,2019-02-06,ATLO,AMES NATL CORP,6021.0,165.0
3100110,25.15,25.07,2019-02-07,ATLO,AMES NATL CORP,6021.0,165.0
3100110,25.16,25.24,2019-02-08,ATLO,AMES NATL CORP,6021.0,165.0
3100110,25.26,25.35,2019-02-11,ATLO,AMES NATL CORP,6021.0,165.0
3100110,25.62,25.5,2019-02-12,ATLO,AMES NATL CORP,6021.0,165.0
3100110,25.42,25.43,2019-02-13,ATLO,AMES NATL CORP,6021.0,165.0
3100110,25.44,25.56,2019-02-14,ATLO,AMES NATL CORP,6021.0,165.0
3100110,25.6,25.6,2019-02-15,ATLO,AMES NATL CORP,6021.0,165.0
3100110,26.02,25.635,2019-02-19,ATLO,AMES NATL CORP,6021.0,165.0
3100110,26.14,26.03,2019-02-20,ATLO,AMES NATL CORP,6021.0,165.0
3100110,26.62,26.26,2019-02-21,ATLO,AMES NATL CORP,6021.0,165.0
3100110,27.63,26.95,2019-02-22,ATLO,AMES NATL CORP,6021.0,165.0
3100110,27.63,27.7,2019-02-25,ATLO,AMES NATL CORP,6021.0,165.0
3100110,27.78,27.675,2019-02-26,ATLO,AMES NATL CORP,6021.0,165.0
3100110,27.72,26.8804,2019-02-27,ATLO,AMES NATL CORP,6021.0,165.0
3100110,27.83,28.0,2019-02-28,ATLO,AMES NATL CORP,6021.0,165.0
3100110,28.8,28.11,2019-03-01,ATLO,AMES NATL CORP,6021.0,165.0
3100110,29.13,28.8,2019-03-04,ATLO,AMES NATL CORP,6021.0,165.0
3100110,28.98,29.0,2019-03-05,ATLO,AMES NATL CORP,6021.0,165.0
3100110,28.76,28.84,2019-03-06,ATLO,AMES NATL CORP,6021.0,165.0
3100110,27.61,28.51,2019-03-07,ATLO,AMES NATL CORP,6021.0,165.0
3100110,27.61,27.6,2019-03-08,ATLO,AMES NATL CORP,6021.0,165.0
3100110,27.83,27.64,2019-03-11,ATLO,AMES NATL CORP,6021.0,165.0
3100110,27.76,27.83,2019-03-12,ATLO,AMES NATL CORP,6021.0,165.0
3100110,27.63,27.83,2019-03-13,ATLO,AMES NATL CORP,6021.0,165.0
3100110,27.82,27.56,2019-03-14,ATLO,AMES NATL CORP,6021.0,165.0
3100110,28.0,27.81,2019-03-15,ATLO,AMES NATL CORP,6021.0,165.0
3100110,27.9,28.01,2019-03-18,ATLO,AMES NATL CORP,6021.0,165.0
3100110,27.63,27.85,2019-03-19,ATLO,AMES NATL CORP,6021.0,165.0
3100110,27.22,27.6,2019-03-20,ATLO,AMES NATL CORP,6021.0,165.0
3100110,27.22,27.27,2019-03-21,ATLO,AMES NATL CORP,6021.0,165.0
3100110,26.5,27.45,2019-03-22,ATLO,AMES NATL CORP,6021.0,165.0
3100110,26.8,26.6245,2019-03-25,ATLO,AMES NATL CORP,6021.0,165.0
3100110,26.75,27.0245,2019-03-26,ATLO,AMES NATL CORP,6021.0,165.0
3100110,26.83,27.25,2019-03-27,ATLO,AMES NATL CORP,6021.0,165.0
3100110,26.95,26.647,2019-03-28,ATLO,AMES NATL CORP,6021.0,165.0
3100110,27.41,26.9,2019-03-29,ATLO,AMES NATL CORP,6021.0,165.0
3100110,27.63,27.42,2019-04-01,ATLO,AMES NATL CORP,6021.0,165.0
3100110,26.89,27.7,2019-04-02,ATLO,AMES NATL CORP,6021.0,165.0
3100110,26.24,27.03,2019-04-03,ATLO,AMES NATL CORP,6021.0,165.0
3100110,26.27,26.5,2019-04-04,ATLO,AMES NATL CORP,6021.0,165.0
3100110,26.29,26.34,2019-04-05,ATLO,AMES NATL CORP,6021.0,165.0
3100110,26.68,25.87,2019-04-08,ATLO,AMES NATL CORP,6021.0,165.0
3100110,26.04,26.56,2019-04-09,ATLO,AMES NATL CORP,6021.0,165.0
3100110,26.2,26.25,2019-04-10,ATLO,AMES NATL CORP,6021.0,165.0
3100110,26.31,26.9,2019-04-11,ATLO,AMES NATL CORP,6021.0,165.0
3100110,26.77,26.57,2019-04-12,ATLO,AMES NATL CORP,6021.0,165.0
3100110,26.75,26.77,2019-04-15,ATLO,AMES NATL CORP,6021.0,165.0
3100110,27.26,27.0,2019-04-16,ATLO,AMES NATL CORP,6021.0,165.0
3100110,27.56,27.22,2019-04-17,ATLO,AMES NATL CORP,6021.0,165.0
3100110,26.88,27.35,2019-04-18,ATLO,AMES NATL CORP,6021.0,165.0
3100110,26.8,26.8,2019-04-22,ATLO,AMES NATL CORP,6021.0,165.0
3100110,27.58,27.03,2019-04-23,ATLO,AMES NATL CORP,6021.0,165.0
3100110,27.53,27.59,2019-04-24,ATLO,AMES NATL CORP,6021.0,165.0
3100110,27.5,27.3,2019-04-25,ATLO,AMES NATL CORP,6021.0,165.0
3100110,27.49,27.5,2019-04-26,ATLO,AMES NATL CORP,6021.0,165.0
3100110,27.99,27.38,2019-04-29,ATLO,AMES NATL CORP,6021.0,165.0
3100110,28.25,27.97,2019-04-30,ATLO,AMES NATL CORP,6021.0,165.0
3100110,27.81,27.89,2019-05-01,ATLO,AMES NATL CORP,6021.0,165.0
3100110,27.37,26.8436,2019-05-02,ATLO,AMES NATL CORP,6021.0,165.0
3100110,27.7,27.68,2019-05-03,ATLO,AMES NATL CORP,6021.0,165.0
3100110,28.05,27.63,2019-05-06,ATLO,AMES NATL CORP,6021.0,165.0
3100110,28.1,27.98,2019-05-07,ATLO,AMES NATL CORP,6021.0,165.0
3100110,28.15,28.1,2019-05-08,ATLO,AMES NATL CORP,6021.0,165.0
3100110,28.3,28.14,2019-05-09,ATLO,AMES NATL CORP,6021.0,165.0
3100110,28.7,28.3616,2019-05-10,ATLO,AMES NATL CORP,6021.0,165.0
3100110,27.88,28.7,2019-05-13,ATLO,AMES NATL CORP,6021.0,165.0
3100110,28.67,28.855,2019-05-14,ATLO,AMES NATL CORP,6021.0,165.0
3100110,28.58,28.54,2019-05-15,ATLO,AMES NATL CORP,6021.0,165.0
3100110,27.9,28.3907,2019-05-16,ATLO,AMES NATL CORP,6021.0,165.0
3100110,27.39,27.65,2019-05-17,ATLO,AMES NATL CORP,6021.0,165.0
3100110,26.97,27.0,2019-05-20,ATLO,AMES NATL CORP,6021.0,165.0
3100110,27.2,27.354,2019-05-21,ATLO,AMES NATL CORP,6021.0,165.0
3100110,26.67,26.97,2019-05-22,ATLO,AMES NATL CORP,6021.0,165.0
3100110,26.43,26.07,2019-05-23,ATLO,AMES NATL CORP,6021.0,165.0
3100110,27.09,26.83,2019-05-24,ATLO,AMES NATL CORP,6021.0,165.0
3100110,26.62,26.92,2019-05-28,ATLO,AMES NATL CORP,6021.0,165.0
3100110,26.34,26.63,2019-05-29,ATLO,AMES NATL CORP,6021.0,165.0
3100110,26.59,26.65,2019-05-30,ATLO,AMES NATL CORP,6021.0,165.0
3100110,26.3,26.44,2019-05-31,ATLO,AMES NATL CORP,6021.0,165.0
3100110,27.1,26.5,2019-06-03,ATLO,AMES NATL CORP,6021.0,165.0
3100110,26.46,27.17,2019-06-04,ATLO,AMES NATL CORP,6021.0,165.0
3100110,25.79,26.4,2019-06-05,ATLO,AMES NATL CORP,6021.0,165.0
3100110,25.4,25.94,2019-06-06,ATLO,AMES NATL CORP,6021.0,165.0
3100110,25.6,25.68,2019-06-07,ATLO,AMES NATL CORP,6021.0,165.0
3100110,26.15,25.63,2019-06-10,ATLO,AMES NATL CORP,6021.0,165.0
3100110,26.25,26.09,2019-06-11,ATLO,AMES NATL CORP,6021.0,165.0
3100110,26.4,26.06,2019-06-12,ATLO,AMES NATL CORP,6021.0,165.0
3100110,26.3,26.55,2019-06-13,ATLO,AMES NATL CORP,6021.0,165.0
3100110,26.36,26.23,2019-06-14,ATLO,AMES NATL CORP,6021.0,165.0
3100110,26.76,26.58,2019-06-17,ATLO,AMES NATL CORP,6021.0,165.0
3100110,26.95,26.57,2019-06-18,ATLO,AMES NATL CORP,6021.0,165.0
3100110,26.99,26.8,2019-06-19,ATLO,AMES NATL CORP,6021.0,165.0
3100110,26.03,26.88,2019-06-20,ATLO,AMES NATL CORP,6021.0,165.0
3100110,27.0,25.87,2019-06-21,ATLO,AMES NATL CORP,6021.0,165.0
3100110,26.5,27.0,2019-06-24,ATLO,AMES NATL CORP,6021.0,165.0
3100110,26.33,26.78,2019-06-25,ATLO,AMES NATL CORP,6021.0,165.0
3100110,26.31,26.21,2019-06-26,ATLO,AMES NATL CORP,6021.0,165.0
3100110,27.25,26.45,2019-06-27,ATLO,AMES NATL CORP,6021.0,165.0
3100110,27.1,26.89,2019-06-28,ATLO,AMES NATL CORP,6021.0,165.0
3100110,26.9,27.48,2019-07-01,ATLO,AMES NATL CORP,6021.0,165.0
3100110,27.2,27.2,2019-07-02,ATLO,AMES NATL CORP,6021.0,165.0
3100110,26.78,27.197,2019-07-03,ATLO,AMES NATL CORP,6021.0,165.0
3100110,27.1,27.08,2019-07-05,ATLO,AMES NATL CORP,6021.0,165.0
3100110,27.11,27.04,2019-07-08,ATLO,AMES NATL CORP,6021.0,165.0
3100110,-26.93,,2019-07-09,ATLO,AMES NATL CORP,6021.0,165.0
3100110,27.09,27.14,2019-07-10,ATLO,AMES NATL CORP,6021.0,165.0
3100110,26.96,27.08,2019-07-11,ATLO,AMES NATL CORP,6021.0,165.0
3100110,26.81,27.28,2019-07-12,ATLO,AMES NATL CORP,6021.0,165.0
3100110,26.76,26.52,2019-07-15,ATLO,AMES NATL CORP,6021.0,165.0
3100110,26.78,26.91,2019-07-16,ATLO,AMES NATL CORP,6021.0,165.0
3100110,27.22,26.6837,2019-07-17,ATLO,AMES NATL CORP,6021.0,165.0
3100110,27.32,27.245,2019-07-18,ATLO,AMES NATL CORP,6021.0,165.0
3100110,27.2,27.08,2019-07-19,ATLO,AMES NATL CORP,6021.0,165.0
3100110,27.19,27.28,2019-07-22,ATLO,AMES NATL CORP,6021.0,165.0
3100110,27.38,27.2,2019-07-23,ATLO,AMES NATL CORP,6021.0,165.0
3100110,27.43,27.34,2019-07-24,ATLO,AMES NATL CORP,6021.0,165.0
3100110,27.59,27.64,2019-07-25,ATLO,AMES NATL CORP,6021.0,165.0
3100110,27.67,27.5,2019-07-26,ATLO,AMES NATL CORP,6021.0,165.0
3100110,27.6,27.51,2019-07-29,ATLO,AMES NATL CORP,6021.0,165.0
3100110,27.73,27.53,2019-07-30,ATLO,AMES NATL CORP,6021.0,165.0
3100110,27.31,27.54,2019-07-31,ATLO,AMES NATL CORP,6021.0,165.0
3100110,26.76,27.59,2019-08-01,ATLO,AMES NATL CORP,6021.0,165.0
3100110,26.77,26.63,2019-08-02,ATLO,AMES NATL CORP,6021.0,165.0
3100110,26.18,26.71,2019-08-05,ATLO,AMES NATL CORP,6021.0,165.0
3100110,26.26,26.47,2019-08-06,ATLO,AMES NATL CORP,6021.0,165.0
3100110,26.07,26.34,2019-08-07,ATLO,AMES NATL CORP,6021.0,165.0
3100110,25.99,25.92,2019-08-08,ATLO,AMES NATL CORP,6021.0,165.0
3100110,26.07,26.14,2019-08-09,ATLO,AMES NATL CORP,6021.0,165.0
3100110,26.22,26.07,2019-08-12,ATLO,AMES NATL CORP,6021.0,165.0
3100110,26.83,26.55,2019-08-13,ATLO,AMES NATL CORP,6021.0,165.0
3100110,26.0,26.58,2019-08-14,ATLO,AMES NATL CORP,6021.0,165.0
3100110,26.14,26.0,2019-08-15,ATLO,AMES NATL CORP,6021.0,165.0
3100110,26.56,26.24,2019-08-16,ATLO,AMES NATL CORP,6021.0,165.0
3100110,26.42,26.52,2019-08-19,ATLO,AMES NATL CORP,6021.0,165.0
3100110,26.2,26.08,2019-08-20,ATLO,AMES NATL CORP,6021.0,165.0
3100110,26.0,26.2,2019-08-21,ATLO,AMES NATL CORP,6021.0,165.0
3100110,26.06,25.85,2019-08-22,ATLO,AMES NATL CORP,6021.0,165.0
3100110,25.72,26.04,2019-08-23,ATLO,AMES NATL CORP,6021.0,165.0
3100110,26.4,25.77,2019-08-26,ATLO,AMES NATL CORP,6021.0,165.0
3100110,26.41,26.38,2019-08-27,ATLO,AMES NATL CORP,6021.0,165.0
3100110,27.0,26.41,2019-08-28,ATLO,AMES NATL CORP,6021.0,165.0
3100110,27.4,27.0,2019-08-29,ATLO,AMES NATL CORP,6021.0,165.0
3100110,26.47,27.31,2019-08-30,ATLO,AMES NATL CORP,6021.0,165.0
3100110,26.17,26.43,2019-09-03,ATLO,AMES NATL CORP,6021.0,165.0
3100110,26.72,26.39,2019-09-04,ATLO,AMES NATL CORP,6021.0,165.0
3100110,26.71,26.71,2019-09-05,ATLO,AMES NATL CORP,6021.0,165.0
3100110,26.5,27.0,2019-09-06,ATLO,AMES NATL CORP,6021.0,165.0
3100110,26.8,26.54,2019-09-09,ATLO,AMES NATL CORP,6021.0,165.0
3100110,27.68,26.81,2019-09-10,ATLO,AMES NATL CORP,6021.0,165.0
3100110,27.79,27.88,2019-09-11,ATLO,AMES NATL CORP,6021.0,165.0
3100110,28.0,27.55,2019-09-12,ATLO,AMES NATL CORP,6021.0,165.0
3100110,28.29,28.0,2019-09-13,ATLO,AMES NATL CORP,6021.0,165.0
3100110,28.02,28.04,2019-09-16,ATLO,AMES NATL CORP,6021.0,165.0
3100110,28.08,28.0,2019-09-17,ATLO,AMES NATL CORP,6021.0,165.0
3100110,28.83,28.2,2019-09-18,ATLO,AMES NATL CORP,6021.0,165.0
3100110,27.64,28.81,2019-09-19,ATLO,AMES NATL CORP,6021.0,165.0
3100110,28.97,27.83,2019-09-20,ATLO,AMES NATL CORP,6021.0,165.0
3100110,28.85,28.9,2019-09-23,ATLO,AMES NATL CORP,6021.0,165.0
3100110,27.93,28.77,2019-09-24,ATLO,AMES NATL CORP,6021.0,165.0
3100110,29.01,28.58,2019-09-25,ATLO,AMES NATL CORP,6021.0,165.0
3100110,28.74,28.9,2019-09-26,ATLO,AMES NATL CORP,6021.0,165.0
3100110,28.87,28.65,2019-09-27,ATLO,AMES NATL CORP,6021.0,165.0
3100110,28.61,29.09,2019-09-30,ATLO,AMES NATL CORP,6021.0,165.0
3100110,28.65,28.87,2019-10-01,ATLO,AMES NATL CORP,6021.0,165.0
3100110,27.87,28.5,2019-10-02,ATLO,AMES NATL CORP,6021.0,165.0
3100110,27.79,27.83,2019-10-03,ATLO,AMES NATL CORP,6021.0,165.0
3100110,27.69,27.645,2019-10-04,ATLO,AMES NATL CORP,6021.0,165.0
3100110,27.35,27.38,2019-10-07,ATLO,AMES NATL CORP,6021.0,165.0
3100110,27.19,27.37,2019-10-08,ATLO,AMES NATL CORP,6021.0,165.0
3100110,27.4,27.4,2019-10-09,ATLO,AMES NATL CORP,6021.0,165.0
3100110,27.51,27.43,2019-10-10,ATLO,AMES NATL CORP,6021.0,165.0
3100110,27.92,27.75,2019-10-11,ATLO,AMES NATL CORP,6021.0,165.0
3100110,27.42,27.86,2019-10-14,ATLO,AMES NATL CORP,6021.0,165.0
3100110,27.41,27.35,2019-10-15,ATLO,AMES NATL CORP,6021.0,165.0
3100110,27.46,27.41,2019-10-16,ATLO,AMES NATL CORP,6021.0,165.0
3100110,27.5,27.65,2019-10-17,ATLO,AMES NATL CORP,6021.0,165.0
3100110,27.5,27.36,2019-10-18,ATLO,AMES NATL CORP,6021.0,165.0
3100110,28.0,27.65,2019-10-21,ATLO,AMES NATL CORP,6021.0,165.0
3100110,27.63,27.92,2019-10-22,ATLO,AMES NATL CORP,6021.0,165.0
3100110,27.35,27.61,2019-10-23,ATLO,AMES NATL CORP,6021.0,165.0
3100110,27.23,27.43,2019-10-24,ATLO,AMES NATL CORP,6021.0,165.0
3100110,27.23,27.4,2019-10-25,ATLO,AMES NATL CORP,6021.0,165.0
3100110,27.85,27.2,2019-10-28,ATLO,AMES NATL CORP,6021.0,165.0
3100110,27.95,27.781,2019-10-29,ATLO,AMES NATL CORP,6021.0,165.0
3100110,28.16,28.24,2019-10-30,ATLO,AMES NATL CORP,6021.0,165.0
3100110,27.7,27.85,2019-10-31,ATLO,AMES NATL CORP,6021.0,165.0
3100110,27.5,27.68,2019-11-01,ATLO,AMES NATL CORP,6021.0,165.0
3100110,27.83,27.4,2019-11-04,ATLO,AMES NATL CORP,6021.0,165.0
3100110,28.7,27.86,2019-11-05,ATLO,AMES NATL CORP,6021.0,165.0
3100110,27.27,28.5,2019-11-06,ATLO,AMES NATL CORP,6021.0,165.0
3100110,27.3,27.44,2019-11-07,ATLO,AMES NATL CORP,6021.0,165.0
3100110,27.12,27.4779,2019-11-08,ATLO,AMES NATL CORP,6021.0,165.0
3100110,27.17,27.02,2019-11-11,ATLO,AMES NATL CORP,6021.0,165.0
3100110,27.19,27.22,2019-11-12,ATLO,AMES NATL CORP,6021.0,165.0
3100110,27.3,27.15,2019-11-13,ATLO,AMES NATL CORP,6021.0,165.0
3100110,27.48,27.28,2019-11-14,ATLO,AMES NATL CORP,6021.0,165.0
3100110,27.88,27.72,2019-11-15,ATLO,AMES NATL CORP,6021.0,165.0
3100110,28.12,27.88,2019-11-18,ATLO,AMES NATL CORP,6021.0,165.0
3100110,28.34,27.88,2019-11-19,ATLO,AMES NATL CORP,6021.0,165.0
3100110,28.02,28.15,2019-11-20,ATLO,AMES NATL CORP,6021.0,165.0
3100110,27.95,28.05,2019-11-21,ATLO,AMES NATL CORP,6021.0,165.0
3100110,27.75,28.15,2019-11-22,ATLO,AMES NATL CORP,6021.0,165.0
3100110,28.46,27.74,2019-11-25,ATLO,AMES NATL CORP,6021.0,165.0
3100110,27.87,28.6,2019-11-26,ATLO,AMES NATL CORP,6021.0,165.0
3100110,28.1,27.82,2019-11-27,ATLO,AMES NATL CORP,6021.0,165.0
3100110,28.19,28.19,2019-11-29,ATLO,AMES NATL CORP,6021.0,165.0
3100110,27.72,27.84,2019-12-02,ATLO,AMES NATL CORP,6021.0,165.0
3100110,27.75,27.5,2019-12-03,ATLO,AMES NATL CORP,6021.0,165.0
3100110,27.64,27.9,2019-12-04,ATLO,AMES NATL CORP,6021.0,165.0
3100110,27.57,27.57,2019-12-05,ATLO,AMES NATL CORP,6021.0,165.0
3100110,27.74,27.6,2019-12-06,ATLO,AMES NATL CORP,6021.0,165.0
3100110,27.74,27.8,2019-12-09,ATLO,AMES NATL CORP,6021.0,165.0
3100110,28.01,27.4,2019-12-10,ATLO,AMES NATL CORP,6021.0,165.0
3100110,28.36,28.06,2019-12-11,ATLO,AMES NATL CORP,6021.0,165.0
3100110,28.59,27.6521,2019-12-12,ATLO,AMES NATL CORP,6021.0,165.0
3100110,28.06,28.5,2019-12-13,ATLO,AMES NATL CORP,6021.0,165.0
3100110,27.97,28.41,2019-12-16,ATLO,AMES NATL CORP,6021.0,165.0
3100110,27.97,27.83,2019-12-17,ATLO,AMES NATL CORP,6021.0,165.0
3100110,27.86,28.14,2019-12-18,ATLO,AMES NATL CORP,6021.0,165.0
3100110,27.88,28.03,2019-12-19,ATLO,AMES NATL CORP,6021.0,165.0
3100110,28.12,27.98,2019-12-20,ATLO,AMES NATL CORP,6021.0,165.0
3100110,27.83,27.884,2019-12-23,ATLO,AMES NATL CORP,6021.0,165.0
3100110,27.78,28.02,2019-12-24,ATLO,AMES NATL CORP,6021.0,165.0
3100110,27.61,27.75,2019-12-26,ATLO,AMES NATL CORP,6021.0,165.0
3100110,27.87,27.89,2019-12-27,ATLO,AMES NATL CORP,6021.0,165.0
3100110,27.95,27.93,2019-12-30,ATLO,AMES NATL CORP,6021.0,165.0
3100110,28.06,27.99,2019-12-31,ATLO,AMES NATL CORP,6021.0,165.0
3100110,27.79,28.05,2020-01-02,ATLO,AMES NATL CORP,6021.0,165.0
3100110,26.8,27.47,2020-01-03,ATLO,AMES NATL CORP,6021.0,165.0
3100110,27.19,26.8,2020-01-06,ATLO,AMES NATL CORP,6021.0,165.0
3100110,27.2,27.15,2020-01-07,ATLO,AMES NATL CORP,6021.0,165.0
3100110,27.22,27.28,2020-01-08,ATLO,AMES NATL CORP,6021.0,165.0
3100110,27.4,27.3,2020-01-09,ATLO,AMES NATL CORP,6021.0,165.0
3100110,27.16,27.46,2020-01-10,ATLO,AMES NATL CORP,6021.0,165.0
3100110,27.2,27.42,2020-01-13,ATLO,AMES NATL CORP,6021.0,165.0
3100110,27.2,27.07,2020-01-14,ATLO,AMES NATL CORP,6021.0,165.0
3100110,27.23,27.15,2020-01-15,ATLO,AMES NATL CORP,6021.0,165.0
3100110,27.13,27.09,2020-01-16,ATLO,AMES NATL CORP,6021.0,165.0
3100110,27.13,27.2,2020-01-17,ATLO,AMES NATL CORP,6021.0,165.0
3100110,27.0,27.17,2020-01-21,ATLO,AMES NATL CORP,6021.0,165.0
3100110,27.03,26.9,2020-01-22,ATLO,AMES NATL CORP,6021.0,165.0
3100110,27.17,27.01,2020-01-23,ATLO,AMES NATL CORP,6021.0,165.0
3100110,27.1,27.0884,2020-01-24,ATLO,AMES NATL CORP,6021.0,165.0
3100110,26.95,26.92,2020-01-27,ATLO,AMES NATL CORP,6021.0,165.0
3100110,27.23,26.86,2020-01-28,ATLO,AMES NATL CORP,6021.0,165.0
3100110,27.09,27.11,2020-01-29,ATLO,AMES NATL CORP,6021.0,165.0
3100110,26.88,26.86,2020-01-30,ATLO,AMES NATL CORP,6021.0,165.0
3100110,26.68,26.75,2020-01-31,ATLO,AMES NATL CORP,6021.0,165.0
3100110,26.78,26.84,2020-02-03,ATLO,AMES NATL CORP,6021.0,165.0
3100110,26.72,26.74,2020-02-04,ATLO,AMES NATL CORP,6021.0,165.0
3100110,26.94,26.7,2020-02-05,ATLO,AMES NATL CORP,6021.0,165.0
3100110,26.96,26.98,2020-02-06,ATLO,AMES NATL CORP,6021.0,165.0
3100110,26.91,26.983,2020-02-07,ATLO,AMES NATL CORP,6021.0,165.0
3100110,27.0,26.86,2020-02-10,ATLO,AMES NATL CORP,6021.0,165.0
3100110,26.91,27.0,2020-02-11,ATLO,AMES NATL CORP,6021.0,165.0
3100110,26.9,27.0,2020-02-12,ATLO,AMES NATL CORP,6021.0,165.0
3100110,26.99,26.92,2020-02-13,ATLO,AMES NATL CORP,6021.0,165.0
3100110,27.11,27.0,2020-02-14,ATLO,AMES NATL CORP,6021.0,165.0
3100110,27.28,27.1,2020-02-18,ATLO,AMES NATL CORP,6021.0,165.0
3100110,26.95,27.17,2020-02-19,ATLO,AMES NATL CORP,6021.0,165.0
3100110,27.02,26.9,2020-02-20,ATLO,AMES NATL CORP,6021.0,165.0
3100110,26.875,27.08,2020-02-21,ATLO,AMES NATL CORP,6021.0,165.0
3100110,27.0,26.8,2020-02-24,ATLO,AMES NATL CORP,6021.0,165.0
3100110,26.88,26.92,2020-02-25,ATLO,AMES NATL CORP,6021.0,165.0
3100110,26.8,26.89,2020-02-26,ATLO,AMES NATL CORP,6021.0,165.0
3100110,26.5,26.46,2020-02-27,ATLO,AMES NATL CORP,6021.0,165.0
3100110,25.87,26.21,2020-02-28,ATLO,AMES NATL CORP,6021.0,165.0
3100110,26.45,25.85,2020-03-02,ATLO,AMES NATL CORP,6021.0,165.0
3100110,26.64,26.28,2020-03-03,ATLO,AMES NATL CORP,6021.0,165.0
3100110,26.83,26.81,2020-03-04,ATLO,AMES NATL CORP,6021.0,165.0
3100110,26.57,26.35,2020-03-05,ATLO,AMES NATL CORP,6021.0,165.0
3100110,25.88,26.11,2020-03-06,ATLO,AMES NATL CORP,6021.0,165.0
3100110,22.69,25.39,2020-03-09,ATLO,AMES NATL CORP,6021.0,165.0
3100110,22.95,23.22,2020-03-10,ATLO,AMES NATL CORP,6021.0,165.0
3100110,21.14,22.97,2020-03-11,ATLO,AMES NATL CORP,6021.0,165.0
3100110,18.8,19.41,2020-03-12,ATLO,AMES NATL CORP,6021.0,165.0
3100110,22.75,19.93,2020-03-13,ATLO,AMES NATL CORP,6021.0,165.0
3100110,18.0,21.67,2020-03-16,ATLO,AMES NATL CORP,6021.0,165.0
3100110,22.0,18.2,2020-03-17,ATLO,AMES NATL CORP,6021.0,165.0
3100110,20.5,20.7,2020-03-18,ATLO,AMES NATL CORP,6021.0,165.0
3100110,21.0,20.6,2020-03-19,ATLO,AMES NATL CORP,6021.0,165.0
3100110,18.9,20.87,2020-03-20,ATLO,AMES NATL CORP,6021.0,165.0
3100110,19.27,19.38,2020-03-23,ATLO,AMES NATL CORP,6021.0,165.0
3100110,20.7,21.2,2020-03-24,ATLO,AMES NATL CORP,6021.0,165.0
3100110,21.02,20.54,2020-03-25,ATLO,AMES NATL CORP,6021.0,165.0
3100110,21.5,21.1735,2020-03-26,ATLO,AMES NATL CORP,6021.0,165.0
3100110,19.96,21.0,2020-03-27,ATLO,AMES NATL CORP,6021.0,165.0
3100110,20.15,19.96,2020-03-30,ATLO,AMES NATL CORP,6021.0,165.0
3100110,20.45,19.77,2020-03-31,ATLO,AMES NATL CORP,6021.0,165.0
3100110,19.03,19.5,2020-04-01,ATLO,AMES NATL CORP,6021.0,165.0
3100110,18.69,19.0,2020-04-02,ATLO,AMES NATL CORP,6021.0,165.0
3100110,18.01,18.27,2020-04-03,ATLO,AMES NATL CORP,6021.0,165.0
3100110,20.22,18.8,2020-04-06,ATLO,AMES NATL CORP,6021.0,165.0
3100110,20.31,20.04,2020-04-07,ATLO,AMES NATL CORP,6021.0,165.0
3100110,20.45,20.36,2020-04-08,ATLO,AMES NATL CORP,6021.0,165.0
3100110,20.84,20.55,2020-04-09,ATLO,AMES NATL CORP,6021.0,165.0
3100110,20.44,20.84,2020-04-13,ATLO,AMES NATL CORP,6021.0,165.0
3100110,20.0,20.66,2020-04-14,ATLO,AMES NATL CORP,6021.0,165.0
3100110,19.1,20.0,2020-04-15,ATLO,AMES NATL CORP,6021.0,165.0
3100110,18.19,19.11,2020-04-16,ATLO,AMES NATL CORP,6021.0,165.0
3100110,19.31,18.64,2020-04-17,ATLO,AMES NATL CORP,6021.0,165.0
3100110,18.31,18.91,2020-04-20,ATLO,AMES NATL CORP,6021.0,165.0
3100110,18.3,18.28,2020-04-21,ATLO,AMES NATL CORP,6021.0,165.0
3100110,18.34,18.765,2020-04-22,ATLO,AMES NATL CORP,6021.0,165.0
3100110,18.6,18.18,2020-04-23,ATLO,AMES NATL CORP,6021.0,165.0
3100110,19.43,18.46,2020-04-24,ATLO,AMES NATL CORP,6021.0,165.0
3100110,20.36,19.57,2020-04-27,ATLO,AMES NATL CORP,6021.0,165.0
3100110,20.8,20.81,2020-04-28,ATLO,AMES NATL CORP,6021.0,165.0
3100110,23.15,21.51,2020-04-29,ATLO,AMES NATL CORP,6021.0,165.0
3100110,21.2,23.09,2020-04-30,ATLO,AMES NATL CORP,6021.0,165.0
3100110,19.93,20.56,2020-05-01,ATLO,AMES NATL CORP,6021.0,165.0
3100110,19.23,19.48,2020-05-04,ATLO,AMES NATL CORP,6021.0,165.0
3100110,18.64,19.77,2020-05-05,ATLO,AMES NATL CORP,6021.0,165.0
3100110,18.89,18.81,2020-05-06,ATLO,AMES NATL CORP,6021.0,165.0
3100110,18.78,19.01,2020-05-07,ATLO,AMES NATL CORP,6021.0,165.0
3100110,19.79,19.28,2020-05-08,ATLO,AMES NATL CORP,6021.0,165.0
3100110,18.96,19.54,2020-05-11,ATLO,AMES NATL CORP,6021.0,165.0
3100110,17.8,19.12,2020-05-12,ATLO,AMES NATL CORP,6021.0,165.0
3100110,17.98,18.02,2020-05-13,ATLO,AMES NATL CORP,6021.0,165.0
3100110,17.89,17.58,2020-05-14,ATLO,AMES NATL CORP,6021.0,165.0
3100110,18.2,18.09,2020-05-15,ATLO,AMES NATL CORP,6021.0,165.0
3100110,20.17,18.98,2020-05-18,ATLO,AMES NATL CORP,6021.0,165.0
3100110,18.58,19.97,2020-05-19,ATLO,AMES NATL CORP,6021.0,165.0
3100110,18.89,18.8,2020-05-20,ATLO,AMES NATL CORP,6021.0,165.0
3100110,19.59,19.122,2020-05-21,ATLO,AMES NATL CORP,6021.0,165.0
3100110,19.24,19.69,2020-05-22,ATLO,AMES NATL CORP,6021.0,165.0
3100110,19.86,19.94,2020-05-26,ATLO,AMES NATL CORP,6021.0,165.0
3100110,20.92,20.11,2020-05-27,ATLO,AMES NATL CORP,6021.0,165.0
3100110,19.93,21.13,2020-05-28,ATLO,AMES NATL CORP,6021.0,165.0
3100110,20.1,19.68,2020-05-29,ATLO,AMES NATL CORP,6021.0,165.0
3100110,19.35,19.99,2020-06-01,ATLO,AMES NATL CORP,6021.0,165.0
3100110,19.27,19.62,2020-06-02,ATLO,AMES NATL CORP,6021.0,165.0
3100110,20.21,19.72,2020-06-03,ATLO,AMES NATL CORP,6021.0,165.0
3100110,20.57,20.15,2020-06-04,ATLO,AMES NATL CORP,6021.0,165.0
3100110,21.0,20.8,2020-06-05,ATLO,AMES NATL CORP,6021.0,165.0
3100110,20.68,21.29,2020-06-08,ATLO,AMES NATL CORP,6021.0,165.0
3100110,20.05,20.27,2020-06-09,ATLO,AMES NATL CORP,6021.0,165.0
3100110,19.56,20.0,2020-06-10,ATLO,AMES NATL CORP,6021.0,165.0
3100110,18.27,19.0,2020-06-11,ATLO,AMES NATL CORP,6021.0,165.0
3100110,19.21,19.15,2020-06-12,ATLO,AMES NATL CORP,6021.0,165.0
3100110,19.76,18.53,2020-06-15,ATLO,AMES NATL CORP,6021.0,165.0
3100110,20.1,20.59,2020-06-16,ATLO,AMES NATL CORP,6021.0,165.0
3100110,19.92,19.82,2020-06-17,ATLO,AMES NATL CORP,6021.0,165.0
3100110,19.9,19.7,2020-06-18,ATLO,AMES NATL CORP,6021.0,165.0
3100110,19.99,19.95,2020-06-19,ATLO,AMES NATL CORP,6021.0,165.0
3100110,19.75,19.72,2020-06-22,ATLO,AMES NATL CORP,6021.0,165.0
3100110,19.9,19.65,2020-06-23,ATLO,AMES NATL CORP,6021.0,165.0
3100110,19.13,19.6,2020-06-24,ATLO,AMES NATL CORP,6021.0,165.0
3100110,19.58,19.01,2020-06-25,ATLO,AMES NATL CORP,6021.0,165.0
3100110,19.3,19.24,2020-06-26,ATLO,AMES NATL CORP,6021.0,165.0
3100110,19.62,19.3,2020-06-29,ATLO,AMES NATL CORP,6021.0,165.0
3100110,19.74,19.53,2020-06-30,ATLO,AMES NATL CORP,6021.0,165.0
3100110,19.58,19.44,2020-07-01,ATLO,AMES NATL CORP,6021.0,165.0
3100110,19.52,19.85,2020-07-02,ATLO,AMES NATL CORP,6021.0,165.0
3100110,19.58,19.74,2020-07-06,ATLO,AMES NATL CORP,6021.0,165.0
3100110,18.73,19.38,2020-07-07,ATLO,AMES NATL CORP,6021.0,165.0
3100110,18.51,18.67,2020-07-08,ATLO,AMES NATL CORP,6021.0,165.0
3100110,18.03,18.6,2020-07-09,ATLO,AMES NATL CORP,6021.0,165.0
3100110,18.78,18.03,2020-07-10,ATLO,AMES NATL CORP,6021.0,165.0
3100110,18.94,18.78,2020-07-13,ATLO,AMES NATL CORP,6021.0,165.0
3100110,18.83,18.85,2020-07-14,ATLO,AMES NATL CORP,6021.0,165.0
3100110,19.36,19.0,2020-07-15,ATLO,AMES NATL CORP,6021.0,165.0
3100110,18.85,19.36,2020-07-16,ATLO,AMES NATL CORP,6021.0,165.0
3100110,18.25,18.77,2020-07-17,ATLO,AMES NATL CORP,6021.0,165.0
3100110,18.75,18.56,2020-07-20,ATLO,AMES NATL CORP,6021.0,165.0
3100110,19.38,18.9,2020-07-21,ATLO,AMES NATL CORP,6021.0,165.0
3100110,19.23,19.04,2020-07-22,ATLO,AMES NATL CORP,6021.0,165.0
3100110,19.185,19.11,2020-07-23,ATLO,AMES NATL CORP,6021.0,165.0
3100110,19.05,19.18,2020-07-24,ATLO,AMES NATL CORP,6021.0,165.0
3100110,19.2,19.05,2020-07-27,ATLO,AMES NATL CORP,6021.0,165.0
3100110,19.26,19.12,2020-07-28,ATLO,AMES NATL CORP,6021.0,165.0
3100110,19.81,19.26,2020-07-29,ATLO,AMES NATL CORP,6021.0,165.0
3100110,19.15,19.33,2020-07-30,ATLO,AMES NATL CORP,6021.0,165.0
3100110,18.5,19.01,2020-07-31,ATLO,AMES NATL CORP,6021.0,165.0
3100110,18.94,18.87,2020-08-03,ATLO,AMES NATL CORP,6021.0,165.0
3100110,18.93,18.8,2020-08-04,ATLO,AMES NATL CORP,6021.0,165.0
3100110,18.97,18.94,2020-08-05,ATLO,AMES NATL CORP,6021.0,165.0
3100110,19.09,18.78,2020-08-06,ATLO,AMES NATL CORP,6021.0,165.0
3100110,19.74,19.0,2020-08-07,ATLO,AMES NATL CORP,6021.0,165.0
3100110,19.73,19.44,2020-08-10,ATLO,AMES NATL CORP,6021.0,165.0
3100110,19.47,19.96,2020-08-11,ATLO,AMES NATL CORP,6021.0,165.0
3100110,19.43,19.71,2020-08-12,ATLO,AMES NATL CORP,6021.0,165.0
3100110,18.99,19.28,2020-08-13,ATLO,AMES NATL CORP,6021.0,165.0
3100110,19.5,19.11,2020-08-14,ATLO,AMES NATL CORP,6021.0,165.0
3100110,19.56,19.5,2020-08-17,ATLO,AMES NATL CORP,6021.0,165.0
3100110,19.38,19.68,2020-08-18,ATLO,AMES NATL CORP,6021.0,165.0
3100110,19.84,19.5,2020-08-19,ATLO,AMES NATL CORP,6021.0,165.0
3100110,19.49,19.65,2020-08-20,ATLO,AMES NATL CORP,6021.0,165.0
3100110,19.51,19.42,2020-08-21,ATLO,AMES NATL CORP,6021.0,165.0
3100110,19.76,19.7,2020-08-24,ATLO,AMES NATL CORP,6021.0,165.0
3100110,19.71,19.9,2020-08-25,ATLO,AMES NATL CORP,6021.0,165.0
3100110,19.27,19.7,2020-08-26,ATLO,AMES NATL CORP,6021.0,165.0
3100110,20.01,19.47,2020-08-27,ATLO,AMES NATL CORP,6021.0,165.0
3100110,20.11,20.06,2020-08-28,ATLO,AMES NATL CORP,6021.0,165.0
3100110,19.95,20.01,2020-08-31,ATLO,AMES NATL CORP,6021.0,165.0
3100110,20.15,19.83,2020-09-01,ATLO,AMES NATL CORP,6021.0,165.0
3100110,20.42,20.1,2020-09-02,ATLO,AMES NATL CORP,6021.0,165.0
3100110,20.15,20.41,2020-09-03,ATLO,AMES NATL CORP,6021.0,165.0
3100110,19.8,20.15,2020-09-04,ATLO,AMES NATL CORP,6021.0,165.0
3100110,18.88,19.87,2020-09-08,ATLO,AMES NATL CORP,6021.0,165.0
3100110,18.72,19.09,2020-09-09,ATLO,AMES NATL CORP,6021.0,165.0
3100110,18.33,18.649,2020-09-10,ATLO,AMES NATL CORP,6021.0,165.0
3100110,18.58,18.35,2020-09-11,ATLO,AMES NATL CORP,6021.0,165.0
3100110,18.7,18.6,2020-09-14,ATLO,AMES NATL CORP,6021.0,165.0
3100110,18.64,18.67,2020-09-15,ATLO,AMES NATL CORP,6021.0,165.0
3100110,18.42,18.77,2020-09-16,ATLO,AMES NATL CORP,6021.0,165.0
3100110,18.09,18.15,2020-09-17,ATLO,AMES NATL CORP,6021.0,165.0
3100110,18.11,18.1,2020-09-18,ATLO,AMES NATL CORP,6021.0,165.0
3100110,17.94,18.0,2020-09-21,ATLO,AMES NATL CORP,6021.0,165.0
3100110,17.72,18.0,2020-09-22,ATLO,AMES NATL CORP,6021.0,165.0
3100110,16.87,17.64,2020-09-23,ATLO,AMES NATL CORP,6021.0,165.0
3100110,16.96,16.9,2020-09-24,ATLO,AMES NATL CORP,6021.0,165.0
3100110,17.39,16.83,2020-09-25,ATLO,AMES NATL CORP,6021.0,165.0
3100110,17.24,17.45,2020-09-28,ATLO,AMES NATL CORP,6021.0,165.0
3100110,16.91,16.87,2020-09-29,ATLO,AMES NATL CORP,6021.0,165.0
3100110,16.89,16.95,2020-09-30,ATLO,AMES NATL CORP,6021.0,165.0
3100110,16.81,16.952,2020-10-01,ATLO,AMES NATL CORP,6021.0,165.0
3100110,16.79,16.75,2020-10-02,ATLO,AMES NATL CORP,6021.0,165.0
3100110,17.26,16.8,2020-10-05,ATLO,AMES NATL CORP,6021.0,165.0
3100110,17.85,17.26,2020-10-06,ATLO,AMES NATL CORP,6021.0,165.0
3100110,18.34,18.13,2020-10-07,ATLO,AMES NATL CORP,6021.0,165.0
3100110,18.72,18.34,2020-10-08,ATLO,AMES NATL CORP,6021.0,165.0
3100110,18.78,18.0101,2020-10-09,ATLO,AMES NATL CORP,6021.0,165.0
3100110,18.73,18.77,2020-10-12,ATLO,AMES NATL CORP,6021.0,165.0
3100110,18.65,18.71,2020-10-13,ATLO,AMES NATL CORP,6021.0,165.0
3100110,18.43,17.74,2020-10-14,ATLO,AMES NATL CORP,6021.0,165.0
3100110,19.52,18.5,2020-10-15,ATLO,AMES NATL CORP,6021.0,165.0
3100110,20.02,19.39,2020-10-16,ATLO,AMES NATL CORP,6021.0,165.0
3100110,18.83,20.06,2020-10-19,ATLO,AMES NATL CORP,6021.0,165.0
3100110,18.9,19.18,2020-10-20,ATLO,AMES NATL CORP,6021.0,165.0
3100110,19.27,18.91,2020-10-21,ATLO,AMES NATL CORP,6021.0,165.0
3100110,20.01,19.44,2020-10-22,ATLO,AMES NATL CORP,6021.0,165.0
3100110,19.88,20.07,2020-10-23,ATLO,AMES NATL CORP,6021.0,165.0
3100110,19.82,19.69,2020-10-26,ATLO,AMES NATL CORP,6021.0,165.0
3100110,19.47,19.97,2020-10-27,ATLO,AMES NATL CORP,6021.0,165.0
3100110,19.17,19.18,2020-10-28,ATLO,AMES NATL CORP,6021.0,165.0
3100110,18.79,19.01,2020-10-29,ATLO,AMES NATL CORP,6021.0,165.0
3100110,19.3,18.89,2020-10-30,ATLO,AMES NATL CORP,6021.0,165.0
3100110,19.35,19.115,2020-11-02,ATLO,AMES NATL CORP,6021.0,165.0
3100110,19.59,19.5,2020-11-03,ATLO,AMES NATL CORP,6021.0,165.0
3100110,18.79,19.49,2020-11-04,ATLO,AMES NATL CORP,6021.0,165.0
3100110,19.21,18.78,2020-11-05,ATLO,AMES NATL CORP,6021.0,165.0
3100110,18.82,19.13,2020-11-06,ATLO,AMES NATL CORP,6021.0,165.0
3100110,19.88,19.15,2020-11-09,ATLO,AMES NATL CORP,6021.0,165.0
3100110,20.64,20.15,2020-11-10,ATLO,AMES NATL CORP,6021.0,165.0
3100110,20.52,21.06,2020-11-11,ATLO,AMES NATL CORP,6021.0,165.0
3100110,19.97,20.269,2020-11-12,ATLO,AMES NATL CORP,6021.0,165.0
3100110,20.38,20.23,2020-11-13,ATLO,AMES NATL CORP,6021.0,165.0
3100110,21.26,20.74,2020-11-16,ATLO,AMES NATL CORP,6021.0,165.0
3100110,21.18,21.2,2020-11-17,ATLO,AMES NATL CORP,6021.0,165.0
3100110,21.08,21.35,2020-11-18,ATLO,AMES NATL CORP,6021.0,165.0
3100110,21.08,20.82,2020-11-19,ATLO,AMES NATL CORP,6021.0,165.0
3100110,21.54,20.78,2020-11-20,ATLO,AMES NATL CORP,6021.0,165.0
3100110,21.59,21.74,2020-11-23,ATLO,AMES NATL CORP,6021.0,165.0
3100110,22.33,21.98,2020-11-24,ATLO,AMES NATL CORP,6021.0,165.0
3100110,22.29,22.04,2020-11-25,ATLO,AMES NATL CORP,6021.0,165.0
3100110,21.99,22.18,2020-11-27,ATLO,AMES NATL CORP,6021.0,165.0
3100110,21.51,22.34,2020-11-30,ATLO,AMES NATL CORP,6021.0,165.0
3100110,22.03,22.05,2020-12-01,ATLO,AMES NATL CORP,6021.0,165.0
3100110,21.53,22.16,2020-12-02,ATLO,AMES NATL CORP,6021.0,165.0
3100110,21.8,21.64,2020-12-03,ATLO,AMES NATL CORP,6021.0,165.0
3100110,22.03,22.07,2020-12-04,ATLO,AMES NATL CORP,6021.0,165.0
3100110,22.76,22.01,2020-12-07,ATLO,AMES NATL CORP,6021.0,165.0
3100110,23.22,22.8,2020-12-08,ATLO,AMES NATL CORP,6021.0,165.0
3100110,24.16,23.2,2020-12-09,ATLO,AMES NATL CORP,6021.0,165.0
3100110,24.57,24.1,2020-12-10,ATLO,AMES NATL CORP,6021.0,165.0
3100110,25.39,24.4,2020-12-11,ATLO,AMES NATL CORP,6021.0,165.0
3100110,25.23,25.49,2020-12-14,ATLO,AMES NATL CORP,6021.0,165.0
3100110,26.16,25.48,2020-12-15,ATLO,AMES NATL CORP,6021.0,165.0
3100110,26.36,26.37,2020-12-16,ATLO,AMES NATL CORP,6021.0,165.0
3100110,26.36,26.58,2020-12-17,ATLO,AMES NATL CORP,6021.0,165.0
3100110,25.09,26.5,2020-12-18,ATLO,AMES NATL CORP,6021.0,165.0
3100110,24.19,25.06,2020-12-21,ATLO,AMES NATL CORP,6021.0,165.0
3100110,24.98,24.19,2020-12-22,ATLO,AMES NATL CORP,6021.0,165.0
3100110,25.24,24.99,2020-12-23,ATLO,AMES NATL CORP,6021.0,165.0
3100110,24.92,25.05,2020-12-24,ATLO,AMES NATL CORP,6021.0,165.0
3100110,24.69,24.95,2020-12-28,ATLO,AMES NATL CORP,6021.0,165.0
3100110,23.9,24.65,2020-12-29,ATLO,AMES NATL CORP,6021.0,165.0
3100110,23.63,23.9,2020-12-30,ATLO,AMES NATL CORP,6021.0,165.0
3100110,24.02,23.72,2020-12-31,ATLO,AMES NATL CORP,6021.0,165.0
3100110,23.31,24.04,2021-01-04,ATLO,AMES NATL CORP,6021.0,165.0
3100110,23.37,23.23,2021-01-05,ATLO,AMES NATL CORP,6021.0,165.0
3100110,24.23,23.62,2021-01-06,ATLO,AMES NATL CORP,6021.0,165.0
3100110,24.15,24.44,2021-01-07,ATLO,AMES NATL CORP,6021.0,165.0
3100110,24.14,24.38,2021-01-08,ATLO,AMES NATL CORP,6021.0,165.0
3100110,23.85,24.15,2021-01-11,ATLO,AMES NATL CORP,6021.0,165.0
3100110,24.64,23.81,2021-01-12,ATLO,AMES NATL CORP,6021.0,165.0
3100110,25.2,24.5,2021-01-13,ATLO,AMES NATL CORP,6021.0,165.0
3100110,25.08,25.33,2021-01-14,ATLO,AMES NATL CORP,6021.0,165.0
3100110,24.91,24.99,2021-01-15,ATLO,AMES NATL CORP,6021.0,165.0
3100110,24.73,24.91,2021-01-19,ATLO,AMES NATL CORP,6021.0,165.0
3100110,24.32,24.7114,2021-01-20,ATLO,AMES NATL CORP,6021.0,165.0
3100110,24.05,24.22,2021-01-21,ATLO,AMES NATL CORP,6021.0,165.0
3100110,24.47,24.11,2021-01-22,ATLO,AMES NATL CORP,6021.0,165.0
3100110,24.25,24.17,2021-01-25,ATLO,AMES NATL CORP,6021.0,165.0
3100110,23.71,24.4,2021-01-26,ATLO,AMES NATL CORP,6021.0,165.0
3100110,23.35,23.6,2021-01-27,ATLO,AMES NATL CORP,6021.0,165.0
3100110,22.9,23.7,2021-01-28,ATLO,AMES NATL CORP,6021.0,165.0
3100110,22.51,22.9,2021-01-29,ATLO,AMES NATL CORP,6021.0,165.0
3100110,22.29,22.51,2021-02-01,ATLO,AMES NATL CORP,6021.0,165.0
3100110,22.75,22.57,2021-02-02,ATLO,AMES NATL CORP,6021.0,165.0
3100110,22.34,22.94,2021-02-03,ATLO,AMES NATL CORP,6021.0,165.0
3100110,23.39,22.46,2021-02-04,ATLO,AMES NATL CORP,6021.0,165.0
3100110,23.38,23.53,2021-02-05,ATLO,AMES NATL CORP,6021.0,165.0
3100110,23.03,23.38,2021-02-08,ATLO,AMES NATL CORP,6021.0,165.0
3100110,23.08,23.14,2021-02-09,ATLO,AMES NATL CORP,6021.0,165.0
3100110,22.9,23.05,2021-02-10,ATLO,AMES NATL CORP,6021.0,165.0
3100110,22.6,23.17,2021-02-11,ATLO,AMES NATL CORP,6021.0,165.0
3100110,22.49,22.52,2021-02-12,ATLO,AMES NATL CORP,6021.0,165.0
3100110,22.6,22.85,2021-02-16,ATLO,AMES NATL CORP,6021.0,165.0
3100110,22.6,22.62,2021-02-17,ATLO,AMES NATL CORP,6021.0,165.0
3100110,22.31,22.3,2021-02-18,ATLO,AMES NATL CORP,6021.0,165.0
3100110,22.48,22.3,2021-02-19,ATLO,AMES NATL CORP,6021.0,165.0
3100110,22.71,22.3,2021-02-22,ATLO,AMES NATL CORP,6021.0,165.0
3100110,23.31,22.88,2021-02-23,ATLO,AMES NATL CORP,6021.0,165.0
3100110,23.27,23.31,2021-02-24,ATLO,AMES NATL CORP,6021.0,165.0
3100110,23.37,23.27,2021-02-25,ATLO,AMES NATL CORP,6021.0,165.0
3100110,22.86,23.5,2021-02-26,ATLO,AMES NATL CORP,6021.0,165.0
3100110,23.15,23.16,2021-03-01,ATLO,AMES NATL CORP,6021.0,165.0
3100110,23.14,23.15,2021-03-02,ATLO,AMES NATL CORP,6021.0,165.0
3100110,23.99,23.321,2021-03-03,ATLO,AMES NATL CORP,6021.0,165.0
3100110,24.81,24.0,2021-03-04,ATLO,AMES NATL CORP,6021.0,165.0
3100110,25.88,24.99,2021-03-05,ATLO,AMES NATL CORP,6021.0,165.0
3100110,26.705,25.8,2021-03-08,ATLO,AMES NATL CORP,6021.0,165.0
3100110,27.22,26.87,2021-03-09,ATLO,AMES NATL CORP,6021.0,165.0
3100110,27.47,27.04,2021-03-10,ATLO,AMES NATL CORP,6021.0,165.0
3100110,27.15,27.64,2021-03-11,ATLO,AMES NATL CORP,6021.0,165.0
3100110,26.79,27.15,2021-03-12,ATLO,AMES NATL CORP,6021.0,165.0
3100110,26.14,26.91,2021-03-15,ATLO,AMES NATL CORP,6021.0,165.0
3100110,25.94,25.96,2021-03-16,ATLO,AMES NATL CORP,6021.0,165.0
3100110,26.37,25.8,2021-03-17,ATLO,AMES NATL CORP,6021.0,165.0
3100110,26.4,26.7,2021-03-18,ATLO,AMES NATL CORP,6021.0,165.0
3100110,26.99,26.35,2021-03-19,ATLO,AMES NATL CORP,6021.0,165.0
3100110,25.85,26.66,2021-03-22,ATLO,AMES NATL CORP,6021.0,165.0
3100110,25.75,25.59,2021-03-23,ATLO,AMES NATL CORP,6021.0,165.0
3100110,25.8,26.01,2021-03-24,ATLO,AMES NATL CORP,6021.0,165.0
3100110,26.11,25.85,2021-03-25,ATLO,AMES NATL CORP,6021.0,165.0
3100110,26.53,26.5,2021-03-26,ATLO,AMES NATL CORP,6021.0,165.0
3100110,25.75,26.51,2021-03-29,ATLO,AMES NATL CORP,6021.0,165.0
3100110,25.9,26.384,2021-03-30,ATLO,AMES NATL CORP,6021.0,165.0
3100110,25.58,26.1,2021-03-31,ATLO,AMES NATL CORP,6021.0,165.0
3100110,26.02,25.71,2021-04-01,ATLO,AMES NATL CORP,6021.0,165.0
3100110,25.75,26.12,2021-04-05,ATLO,AMES NATL CORP,6021.0,165.0
3100110,25.75,25.75,2021-04-06,ATLO,AMES NATL CORP,6021.0,165.0
3100110,25.4,25.51,2021-04-07,ATLO,AMES NATL CORP,6021.0,165.0
3100110,25.33,25.395,2021-04-08,ATLO,AMES NATL CORP,6021.0,165.0
3100110,25.55,25.53,2021-04-09,ATLO,AMES NATL CORP,6021.0,165.0
3100110,25.45,25.6,2021-04-12,ATLO,AMES NATL CORP,6021.0,165.0
3100110,25.4,25.32,2021-04-13,ATLO,AMES NATL CORP,6021.0,165.0
3100110,25.52,25.556,2021-04-14,ATLO,AMES NATL CORP,6021.0,165.0
3100110,25.59,25.42,2021-04-15,ATLO,AMES NATL CORP,6021.0,165.0
3100110,25.3,25.89,2021-04-16,ATLO,AMES NATL CORP,6021.0,165.0
3100110,25.3,25.3,2021-04-19,ATLO,AMES NATL CORP,6021.0,165.0
3100110,25.2,25.37,2021-04-20,ATLO,AMES NATL CORP,6021.0,165.0
3100110,25.3,25.21,2021-04-21,ATLO,AMES NATL CORP,6021.0,165.0
3100110,25.3,25.44,2021-04-22,ATLO,AMES NATL CORP,6021.0,165.0
3100110,25.34,25.54,2021-04-23,ATLO,AMES NATL CORP,6021.0,165.0
3100110,25.57,25.51,2021-04-26,ATLO,AMES NATL CORP,6021.0,165.0
3100110,25.3,25.8,2021-04-27,ATLO,AMES NATL CORP,6021.0,165.0
3100110,25.36,25.33,2021-04-28,ATLO,AMES NATL CORP,6021.0,165.0
3100110,25.33,25.26,2021-04-29,ATLO,AMES NATL CORP,6021.0,165.0
3100110,25.28,25.21,2021-04-30,ATLO,AMES NATL CORP,6021.0,165.0
3100110,25.53,25.195,2021-05-03,ATLO,AMES NATL CORP,6021.0,165.0
3100110,25.09,25.55,2021-05-04,ATLO,AMES NATL CORP,6021.0,165.0
3100110,25.22,25.23,2021-05-05,ATLO,AMES NATL CORP,6021.0,165.0
3100110,25.34,25.33,2021-05-06,ATLO,AMES NATL CORP,6021.0,165.0
3100110,25.32,25.11,2021-05-07,ATLO,AMES NATL CORP,6021.0,165.0
3100110,25.25,25.27,2021-05-10,ATLO,AMES NATL CORP,6021.0,165.0
3100110,25.2,25.0,2021-05-11,ATLO,AMES NATL CORP,6021.0,165.0
3100110,24.52,25.27,2021-05-12,ATLO,AMES NATL CORP,6021.0,165.0
3100110,25.75,24.63,2021-05-13,ATLO,AMES NATL CORP,6021.0,165.0
3100110,26.0,25.75,2021-05-14,ATLO,AMES NATL CORP,6021.0,165.0
3100110,25.82,25.88,2021-05-17,ATLO,AMES NATL CORP,6021.0,165.0
3100110,25.45,25.89,2021-05-18,ATLO,AMES NATL CORP,6021.0,165.0
3100110,25.38,25.38,2021-05-19,ATLO,AMES NATL CORP,6021.0,165.0
3100110,25.15,25.52,2021-05-20,ATLO,AMES NATL CORP,6021.0,165.0
3100110,25.37,25.3,2021-05-21,ATLO,AMES NATL CORP,6021.0,165.0
3100110,25.6,25.43,2021-05-24,ATLO,AMES NATL CORP,6021.0,165.0
3100110,24.87,25.78,2021-05-25,ATLO,AMES NATL CORP,6021.0,165.0
3100110,25.16,25.0,2021-05-26,ATLO,AMES NATL CORP,6021.0,165.0
3100110,25.43,25.33,2021-05-27,ATLO,AMES NATL CORP,6021.0,165.0
3100110,25.3,25.34,2021-05-28,ATLO,AMES NATL CORP,6021.0,165.0
3100110,25.7,25.47,2021-06-01,ATLO,AMES NATL CORP,6021.0,165.0
3100110,25.45,25.79,2021-06-02,ATLO,AMES NATL CORP,6021.0,165.0
3100110,25.52,25.31,2021-06-03,ATLO,AMES NATL CORP,6021.0,165.0
3100110,25.71,25.5,2021-06-04,ATLO,AMES NATL CORP,6021.0,165.0
3100110,25.34,25.75,2021-06-07,ATLO,AMES NATL CORP,6021.0,165.0
3100110,25.18,25.4,2021-06-08,ATLO,AMES NATL CORP,6021.0,165.0
3100110,25.16,25.18,2021-06-09,ATLO,AMES NATL CORP,6021.0,165.0
3100110,25.19,25.4401,2021-06-10,ATLO,AMES NATL CORP,6021.0,165.0
3100110,25.12,25.2,2021-06-11,ATLO,AMES NATL CORP,6021.0,165.0
3100110,24.97,25.03,2021-06-14,ATLO,AMES NATL CORP,6021.0,165.0
3100110,25.15,25.139,2021-06-15,ATLO,AMES NATL CORP,6021.0,165.0
3100110,25.15,25.04,2021-06-16,ATLO,AMES NATL CORP,6021.0,165.0
3100110,24.77,25.08,2021-06-17,ATLO,AMES NATL CORP,6021.0,165.0
3100110,24.67,24.8,2021-06-18,ATLO,AMES NATL CORP,6021.0,165.0
3100110,24.55,24.74,2021-06-21,ATLO,AMES NATL CORP,6021.0,165.0
3100110,24.85,24.55,2021-06-22,ATLO,AMES NATL CORP,6021.0,165.0
3100110,24.81,24.49,2021-06-23,ATLO,AMES NATL CORP,6021.0,165.0
3100110,24.96,24.89,2021-06-24,ATLO,AMES NATL CORP,6021.0,165.0
3100110,24.6,25.03,2021-06-25,ATLO,AMES NATL CORP,6021.0,165.0
3100110,24.69,24.7,2021-06-28,ATLO,AMES NATL CORP,6021.0,165.0
3100110,24.45,24.78,2021-06-29,ATLO,AMES NATL CORP,6021.0,165.0
3100110,24.51,24.5,2021-06-30,ATLO,AMES NATL CORP,6021.0,165.0
3100110,24.72,24.55,2021-07-01,ATLO,AMES NATL CORP,6021.0,165.0
3100110,24.58,24.75,2021-07-02,ATLO,AMES NATL CORP,6021.0,165.0
3100110,23.84,24.59,2021-07-06,ATLO,AMES NATL CORP,6021.0,165.0
3100110,23.7,23.86,2021-07-07,ATLO,AMES NATL CORP,6021.0,165.0
3100110,23.27,23.45,2021-07-08,ATLO,AMES NATL CORP,6021.0,165.0
3100110,23.84,23.45,2021-07-09,ATLO,AMES NATL CORP,6021.0,165.0
3100110,23.68,23.69,2021-07-12,ATLO,AMES NATL CORP,6021.0,165.0
3100110,23.66,23.59,2021-07-13,ATLO,AMES NATL CORP,6021.0,165.0
3100110,23.63,23.57,2021-07-14,ATLO,AMES NATL CORP,6021.0,165.0
3100110,24.0,23.65,2021-07-15,ATLO,AMES NATL CORP,6021.0,165.0
3100110,23.83,24.02,2021-07-16,ATLO,AMES NATL CORP,6021.0,165.0
3100110,23.25,23.75,2021-07-19,ATLO,AMES NATL CORP,6021.0,165.0
3100110,23.19,23.33,2021-07-20,ATLO,AMES NATL CORP,6021.0,165.0
3100110,23.32,23.42,2021-07-21,ATLO,AMES NATL CORP,6021.0,165.0
3100110,23.28,23.26,2021-07-22,ATLO,AMES NATL CORP,6021.0,165.0
3100110,23.44,23.45,2021-07-23,ATLO,AMES NATL CORP,6021.0,165.0
3100110,23.75,23.53,2021-07-26,ATLO,AMES NATL CORP,6021.0,165.0
3100110,23.62,23.63,2021-07-27,ATLO,AMES NATL CORP,6021.0,165.0
3100110,23.97,23.64,2021-07-28,ATLO,AMES NATL CORP,6021.0,165.0
3100110,23.59,23.86,2021-07-29,ATLO,AMES NATL CORP,6021.0,165.0
3100110,23.59,23.63,2021-07-30,ATLO,AMES NATL CORP,6021.0,165.0
3100110,23.69,23.74,2021-08-02,ATLO,AMES NATL CORP,6021.0,165.0
3100110,23.99,23.73,2021-08-03,ATLO,AMES NATL CORP,6021.0,165.0
3100110,23.69,23.84,2021-08-04,ATLO,AMES NATL CORP,6021.0,165.0
3100110,23.99,24.06,2021-08-05,ATLO,AMES NATL CORP,6021.0,165.0
3100110,24.12,24.26,2021-08-06,ATLO,AMES NATL CORP,6021.0,165.0
3100110,24.05,24.24,2021-08-09,ATLO,AMES NATL CORP,6021.0,165.0
3100110,23.83,24.09,2021-08-10,ATLO,AMES NATL CORP,6021.0,165.0
3100110,23.86,23.82,2021-08-11,ATLO,AMES NATL CORP,6021.0,165.0
3100110,24.06,23.77,2021-08-12,ATLO,AMES NATL CORP,6021.0,165.0
3100110,24.0,24.21,2021-08-13,ATLO,AMES NATL CORP,6021.0,165.0
3100110,23.78,23.86,2021-08-16,ATLO,AMES NATL CORP,6021.0,165.0
3100110,23.88,23.77,2021-08-17,ATLO,AMES NATL CORP,6021.0,165.0
3100110,23.6,23.79,2021-08-18,ATLO,AMES NATL CORP,6021.0,165.0
3100110,23.55,23.41,2021-08-19,ATLO,AMES NATL CORP,6021.0,165.0
3100110,23.53,23.62,2021-08-20,ATLO,AMES NATL CORP,6021.0,165.0
3100110,23.3,23.68,2021-08-23,ATLO,AMES NATL CORP,6021.0,165.0
3100110,23.53,23.55,2021-08-24,ATLO,AMES NATL CORP,6021.0,165.0
3100110,23.48,23.71,2021-08-25,ATLO,AMES NATL CORP,6021.0,165.0
3100110,23.44,23.65,2021-08-26,ATLO,AMES NATL CORP,6021.0,165.0
3100110,23.5,23.356,2021-08-27,ATLO,AMES NATL CORP,6021.0,165.0
3100110,23.48,23.5,2021-08-30,ATLO,AMES NATL CORP,6021.0,165.0
3100110,23.41,23.5,2021-08-31,ATLO,AMES NATL CORP,6021.0,165.0
3100110,23.69,23.696,2021-09-01,ATLO,AMES NATL CORP,6021.0,165.0
3100110,23.46,23.75,2021-09-02,ATLO,AMES NATL CORP,6021.0,165.0
3100110,23.41,23.45,2021-09-03,ATLO,AMES NATL CORP,6021.0,165.0
3100110,23.28,23.49,2021-09-07,ATLO,AMES NATL CORP,6021.0,165.0
3100110,23.21,23.16,2021-09-08,ATLO,AMES NATL CORP,6021.0,165.0
3100110,23.22,23.25,2021-09-09,ATLO,AMES NATL CORP,6021.0,165.0
3100110,23.06,23.23,2021-09-10,ATLO,AMES NATL CORP,6021.0,165.0
3100110,22.9,23.03,2021-09-13,ATLO,AMES NATL CORP,6021.0,165.0
3100110,23.51,23.0,2021-09-14,ATLO,AMES NATL CORP,6021.0,165.0
3100110,23.2,23.25,2021-09-15,ATLO,AMES NATL CORP,6021.0,165.0
3100110,23.21,23.2,2021-09-16,ATLO,AMES NATL CORP,6021.0,165.0
3100110,23.4,23.05,2021-09-17,ATLO,AMES NATL CORP,6021.0,165.0
3100110,23.24,23.2,2021-09-20,ATLO,AMES NATL CORP,6021.0,165.0
3100110,23.18,23.17,2021-09-21,ATLO,AMES NATL CORP,6021.0,165.0
3100110,23.09,23.08,2021-09-22,ATLO,AMES NATL CORP,6021.0,165.0
3100110,23.2,23.15,2021-09-23,ATLO,AMES NATL CORP,6021.0,165.0
3100110,23.4,23.14,2021-09-24,ATLO,AMES NATL CORP,6021.0,165.0
3100110,23.26,23.29,2021-09-27,ATLO,AMES NATL CORP,6021.0,165.0
3100110,23.25,23.26,2021-09-28,ATLO,AMES NATL CORP,6021.0,165.0
3100110,23.23,23.3999,2021-09-29,ATLO,AMES NATL CORP,6021.0,165.0
3100110,23.18,23.27,2021-09-30,ATLO,AMES NATL CORP,6021.0,165.0
3100110,23.15,23.25,2021-10-01,ATLO,AMES NATL CORP,6021.0,165.0
3100110,23.17,23.35,2021-10-04,ATLO,AMES NATL CORP,6021.0,165.0
3100110,23.35,23.33,2021-10-05,ATLO,AMES NATL CORP,6021.0,165.0
3100110,23.4,23.26,2021-10-06,ATLO,AMES NATL CORP,6021.0,165.0
3100110,23.59,23.37,2021-10-07,ATLO,AMES NATL CORP,6021.0,165.0
3100110,23.76,23.58,2021-10-08,ATLO,AMES NATL CORP,6021.0,165.0
3100110,23.51,23.85,2021-10-11,ATLO,AMES NATL CORP,6021.0,165.0
3100110,23.51,23.54,2021-10-12,ATLO,AMES NATL CORP,6021.0,165.0
3100110,23.51,23.5,2021-10-13,ATLO,AMES NATL CORP,6021.0,165.0
3100110,23.55,23.64,2021-10-14,ATLO,AMES NATL CORP,6021.0,165.0
3100110,23.51,23.6,2021-10-15,ATLO,AMES NATL CORP,6021.0,165.0
3100110,23.54,23.75,2021-10-18,ATLO,AMES NATL CORP,6021.0,165.0
3100110,23.55,23.52,2021-10-19,ATLO,AMES NATL CORP,6021.0,165.0
3100110,23.66,23.75,2021-10-20,ATLO,AMES NATL CORP,6021.0,165.0
3100110,23.64,23.58,2021-10-21,ATLO,AMES NATL CORP,6021.0,165.0
3100110,23.73,23.7,2021-10-22,ATLO,AMES NATL CORP,6021.0,165.0
3100110,23.58,23.73,2021-10-25,ATLO,AMES NATL CORP,6021.0,165.0
3100110,24.01,23.71,2021-10-26,ATLO,AMES NATL CORP,6021.0,165.0
3100110,24.22,24.27,2021-10-27,ATLO,AMES NATL CORP,6021.0,165.0
3100110,24.75,24.99,2021-10-28,ATLO,AMES NATL CORP,6021.0,165.0
3100110,24.72,24.4,2021-10-29,ATLO,AMES NATL CORP,6021.0,165.0
3100110,24.55,24.7,2021-11-01,ATLO,AMES NATL CORP,6021.0,165.0
3100110,24.49,24.52,2021-11-02,ATLO,AMES NATL CORP,6021.0,165.0
3100110,24.39,24.4,2021-11-03,ATLO,AMES NATL CORP,6021.0,165.0
3100110,24.15,24.37,2021-11-04,ATLO,AMES NATL CORP,6021.0,165.0
3100110,24.29,24.33,2021-11-05,ATLO,AMES NATL CORP,6021.0,165.0
3100110,24.55,24.26,2021-11-08,ATLO,AMES NATL CORP,6021.0,165.0
3100110,24.66,24.62,2021-11-09,ATLO,AMES NATL CORP,6021.0,165.0
3100110,24.88,24.65,2021-11-10,ATLO,AMES NATL CORP,6021.0,165.0
3100110,24.7,24.96,2021-11-11,ATLO,AMES NATL CORP,6021.0,165.0
3100110,24.76,24.64,2021-11-12,ATLO,AMES NATL CORP,6021.0,165.0
3100110,24.76,24.85,2021-11-15,ATLO,AMES NATL CORP,6021.0,165.0
3100110,24.58,24.79,2021-11-16,ATLO,AMES NATL CORP,6021.0,165.0
3100110,24.71,24.51,2021-11-17,ATLO,AMES NATL CORP,6021.0,165.0
3100110,24.84,24.79,2021-11-18,ATLO,AMES NATL CORP,6021.0,165.0
3100110,24.63,24.74,2021-11-19,ATLO,AMES NATL CORP,6021.0,165.0
3100110,24.66,24.63,2021-11-22,ATLO,AMES NATL CORP,6021.0,165.0
3100110,24.62,24.75,2021-11-23,ATLO,AMES NATL CORP,6021.0,165.0
3100110,24.76,24.65,2021-11-24,ATLO,AMES NATL CORP,6021.0,165.0
3100110,24.38,24.52,2021-11-26,ATLO,AMES NATL CORP,6021.0,165.0
3100110,24.52,24.41,2021-11-29,ATLO,AMES NATL CORP,6021.0,165.0
3100110,24.5,24.5,2021-11-30,ATLO,AMES NATL CORP,6021.0,165.0
3100110,24.18,24.5,2021-12-01,ATLO,AMES NATL CORP,6021.0,165.0
3100110,24.29,24.275,2021-12-02,ATLO,AMES NATL CORP,6021.0,165.0
3100110,24.21,24.25,2021-12-03,ATLO,AMES NATL CORP,6021.0,165.0
3100110,24.49,24.25,2021-12-06,ATLO,AMES NATL CORP,6021.0,165.0
3100110,24.39,24.5,2021-12-07,ATLO,AMES NATL CORP,6021.0,165.0
3100110,24.24,24.49,2021-12-08,ATLO,AMES NATL CORP,6021.0,165.0
3100110,24.28,24.23,2021-12-09,ATLO,AMES NATL CORP,6021.0,165.0
3100110,24.5,24.34,2021-12-10,ATLO,AMES NATL CORP,6021.0,165.0
3100110,24.3,24.5,2021-12-13,ATLO,AMES NATL CORP,6021.0,165.0
3100110,24.3,24.38,2021-12-14,ATLO,AMES NATL CORP,6021.0,165.0
3100110,24.31,24.27,2021-12-15,ATLO,AMES NATL CORP,6021.0,165.0
3100110,24.19,24.417,2021-12-16,ATLO,AMES NATL CORP,6021.0,165.0
3100110,23.91,24.01,2021-12-17,ATLO,AMES NATL CORP,6021.0,165.0
3100110,23.79,23.91,2021-12-20,ATLO,AMES NATL CORP,6021.0,165.0
3100110,23.7,23.6589,2021-12-21,ATLO,AMES NATL CORP,6021.0,165.0
3100110,23.89,23.85,2021-12-22,ATLO,AMES NATL CORP,6021.0,165.0
3100110,24.24,23.84,2021-12-23,ATLO,AMES NATL CORP,6021.0,165.0
3100110,24.4,24.3856,2021-12-27,ATLO,AMES NATL CORP,6021.0,165.0
3100110,24.41,24.31,2021-12-28,ATLO,AMES NATL CORP,6021.0,165.0
3100110,24.43,24.27,2021-12-29,ATLO,AMES NATL CORP,6021.0,165.0
3100110,24.43,24.33,2021-12-30,ATLO,AMES NATL CORP,6021.0,165.0
3100110,24.49,24.44,2021-12-31,ATLO,AMES NATL CORP,6021.0,165.0
3100110,24.3,24.48,2022-01-03,ATLO,AMES NATL CORP,6021.0,165.0
3100110,24.47,24.4054,2022-01-04,ATLO,AMES NATL CORP,6021.0,165.0
3100110,24.66,24.42,2022-01-05,ATLO,AMES NATL CORP,6021.0,165.0
3100110,24.8,24.68,2022-01-06,ATLO,AMES NATL CORP,6021.0,165.0
3100110,25.01,24.87,2022-01-07,ATLO,AMES NATL CORP,6021.0,165.0
3100110,25.01,24.895,2022-01-10,ATLO,AMES NATL CORP,6021.0,165.0
3100110,25.05,25.25,2022-01-11,ATLO,AMES NATL CORP,6021.0,165.0
3100110,24.71,25.02,2022-01-12,ATLO,AMES NATL CORP,6021.0,165.0
3100110,25.35,24.865,2022-01-13,ATLO,AMES NATL CORP,6021.0,165.0
3100110,25.1458,25.25,2022-01-14,ATLO,AMES NATL CORP,6021.0,165.0
3100110,25.26,25.03,2022-01-18,ATLO,AMES NATL CORP,6021.0,165.0
3100110,25.26,25.0878,2022-01-19,ATLO,AMES NATL CORP,6021.0,165.0
3100110,24.82,25.27,2022-01-20,ATLO,AMES NATL CORP,6021.0,165.0
3100110,24.83,25.04,2022-01-21,ATLO,AMES NATL CORP,6021.0,165.0
3100110,24.955,25.0,2022-01-24,ATLO,AMES NATL CORP,6021.0,165.0
3100110,24.88,24.95,2022-01-25,ATLO,AMES NATL CORP,6021.0,165.0
3100110,24.61,25.02,2022-01-26,ATLO,AMES NATL CORP,6021.0,165.0
3100110,24.655,24.72,2022-01-27,ATLO,AMES NATL CORP,6021.0,165.0
3100110,24.89,24.59,2022-01-28,ATLO,AMES NATL CORP,6021.0,165.0
3100110,24.33,24.83,2022-01-31,ATLO,AMES NATL CORP,6021.0,165.0
3100110,24.27,24.25,2022-02-01,ATLO,AMES NATL CORP,6021.0,165.0
3100110,24.68,24.336,2022-02-02,ATLO,AMES NATL CORP,6021.0,165.0
3100110,24.53,24.56,2022-02-03,ATLO,AMES NATL CORP,6021.0,165.0
3100110,24.45,24.1601,2022-02-04,ATLO,AMES NATL CORP,6021.0,165.0
3100110,24.35,24.5,2022-02-07,ATLO,AMES NATL CORP,6021.0,165.0
3100110,24.19,24.4,2022-02-08,ATLO,AMES NATL CORP,6021.0,165.0
3100110,24.22,24.37,2022-02-09,ATLO,AMES NATL CORP,6021.0,165.0
3100110,24.2,24.27,2022-02-10,ATLO,AMES NATL CORP,6021.0,165.0
3100110,24.26,24.62,2022-02-11,ATLO,AMES NATL CORP,6021.0,165.0
3100110,24.03,24.37,2022-02-14,ATLO,AMES NATL CORP,6021.0,165.0
3100110,24.22,24.35,2022-02-15,ATLO,AMES NATL CORP,6021.0,165.0
3100110,24.24,24.22,2022-02-16,ATLO,AMES NATL CORP,6021.0,165.0
3100110,24.115,24.1,2022-02-17,ATLO,AMES NATL CORP,6021.0,165.0
3100110,24.12,24.11,2022-02-18,ATLO,AMES NATL CORP,6021.0,165.0
3100110,24.05,24.1,2022-02-22,ATLO,AMES NATL CORP,6021.0,165.0
3100110,24.01,24.01,2022-02-23,ATLO,AMES NATL CORP,6021.0,165.0
3100110,23.85,23.84,2022-02-24,ATLO,AMES NATL CORP,6021.0,165.0
3100110,23.96,24.0,2022-02-25,ATLO,AMES NATL CORP,6021.0,165.0
3100110,23.96,24.0,2022-02-28,ATLO,AMES NATL CORP,6021.0,165.0
3100110,23.75,23.964,2022-03-01,ATLO,AMES NATL CORP,6021.0,165.0
3100110,23.94,23.8246,2022-03-02,ATLO,AMES NATL CORP,6021.0,165.0
3100110,24.01,23.97,2022-03-03,ATLO,AMES NATL CORP,6021.0,165.0
3100110,24.01,24.22,2022-03-04,ATLO,AMES NATL CORP,6021.0,165.0
3100110,23.75,23.831,2022-03-07,ATLO,AMES NATL CORP,6021.0,165.0
3100110,23.71,23.74,2022-03-08,ATLO,AMES NATL CORP,6021.0,165.0
3100110,23.82,23.9,2022-03-09,ATLO,AMES NATL CORP,6021.0,165.0
3100110,23.89,23.76,2022-03-10,ATLO,AMES NATL CORP,6021.0,165.0
3100110,23.88,23.79,2022-03-11,ATLO,AMES NATL CORP,6021.0,165.0
3100110,24.31,23.88,2022-03-14,ATLO,AMES NATL CORP,6021.0,165.0
3100110,24.2,24.69,2022-03-15,ATLO,AMES NATL CORP,6021.0,165.0
3100110,24.35,24.28,2022-03-16,ATLO,AMES NATL CORP,6021.0,165.0
3100110,24.65,24.35,2022-03-17,ATLO,AMES NATL CORP,6021.0,165.0
3100110,24.56,24.85,2022-03-18,ATLO,AMES NATL CORP,6021.0,165.0
3100110,24.6,24.85,2022-03-21,ATLO,AMES NATL CORP,6021.0,165.0
3100110,24.82,24.78,2022-03-22,ATLO,AMES NATL CORP,6021.0,165.0
3100110,24.83,24.86,2022-03-23,ATLO,AMES NATL CORP,6021.0,165.0
3100110,24.84,24.95,2022-03-24,ATLO,AMES NATL CORP,6021.0,165.0
3100110,24.89,24.898,2022-03-25,ATLO,AMES NATL CORP,6021.0,165.0
3100110,24.67,25.01,2022-03-28,ATLO,AMES NATL CORP,6021.0,165.0
3100110,24.79,24.95,2022-03-29,ATLO,AMES NATL CORP,6021.0,165.0
3100110,24.8,24.6501,2022-03-30,ATLO,AMES NATL CORP,6021.0,165.0
3100110,24.86,24.96,2022-03-31,ATLO,AMES NATL CORP,6021.0,165.0
3100110,24.81,24.8,2022-04-01,ATLO,AMES NATL CORP,6021.0,165.0
3100110,24.51,24.81,2022-04-04,ATLO,AMES NATL CORP,6021.0,165.0
3100110,24.4,24.6,2022-04-05,ATLO,AMES NATL CORP,6021.0,165.0
3100110,24.14,24.28,2022-04-06,ATLO,AMES NATL CORP,6021.0,165.0
3100110,24.12,24.06,2022-04-07,ATLO,AMES NATL CORP,6021.0,165.0
3100110,24.35,24.37,2022-04-08,ATLO,AMES NATL CORP,6021.0,165.0
3100110,24.32,24.11,2022-04-11,ATLO,AMES NATL CORP,6021.0,165.0
3100110,24.4,24.2501,2022-04-12,ATLO,AMES NATL CORP,6021.0,165.0
3100110,24.23,24.44,2022-04-13,ATLO,AMES NATL CORP,6021.0,165.0
3100110,24.3,24.36,2022-04-14,ATLO,AMES NATL CORP,6021.0,165.0
3100110,24.31,24.24,2022-04-18,ATLO,AMES NATL CORP,6021.0,165.0
3100110,24.25,24.56,2022-04-19,ATLO,AMES NATL CORP,6021.0,165.0
3100110,24.37,24.62,2022-04-20,ATLO,AMES NATL CORP,6021.0,165.0
3100110,24.61,24.635,2022-04-21,ATLO,AMES NATL CORP,6021.0,165.0
3100110,24.49,24.53,2022-04-22,ATLO,AMES NATL CORP,6021.0,165.0
3100110,24.0,24.69,2022-04-25,ATLO,AMES NATL CORP,6021.0,165.0
3100110,23.82,24.49,2022-04-26,ATLO,AMES NATL CORP,6021.0,165.0
3100110,23.72,23.98,2022-04-27,ATLO,AMES NATL CORP,6021.0,165.0
3100110,23.5,23.8,2022-04-28,ATLO,AMES NATL CORP,6021.0,165.0
3100110,23.4,23.5,2022-04-29,ATLO,AMES NATL CORP,6021.0,165.0
3100110,23.1,23.0302,2022-05-02,ATLO,AMES NATL CORP,6021.0,165.0
3100110,23.14,23.26,2022-05-03,ATLO,AMES NATL CORP,6021.0,165.0
3100110,23.29,23.15,2022-05-04,ATLO,AMES NATL CORP,6021.0,165.0
3100110,22.99,23.35,2022-05-05,ATLO,AMES NATL CORP,6021.0,165.0
3100110,23.35,23.15,2022-05-06,ATLO,AMES NATL CORP,6021.0,165.0
3100110,23.3,23.2,2022-05-09,ATLO,AMES NATL CORP,6021.0,165.0
3100110,23.12,23.28,2022-05-10,ATLO,AMES NATL CORP,6021.0,165.0
3100110,23.56,23.2,2022-05-11,ATLO,AMES NATL CORP,6021.0,165.0
3100110,22.96,23.29,2022-05-12,ATLO,AMES NATL CORP,6021.0,165.0
3100110,23.34,23.24,2022-05-13,ATLO,AMES NATL CORP,6021.0,165.0
3100110,23.02,23.16,2022-05-16,ATLO,AMES NATL CORP,6021.0,165.0
3100110,23.265,23.05,2022-05-17,ATLO,AMES NATL CORP,6021.0,165.0
3100110,22.96,23.01,2022-05-18,ATLO,AMES NATL CORP,6021.0,165.0
3100110,22.88,22.79,2022-05-19,ATLO,AMES NATL CORP,6021.0,165.0
3100110,22.72,22.85,2022-05-20,ATLO,AMES NATL CORP,6021.0,165.0
3100110,22.85,22.76,2022-05-23,ATLO,AMES NATL CORP,6021.0,165.0
3100110,22.8,22.73,2022-05-24,ATLO,AMES NATL CORP,6021.0,165.0
3100110,22.81,22.85,2022-05-25,ATLO,AMES NATL CORP,6021.0,165.0
3100110,22.76,22.87,2022-05-26,ATLO,AMES NATL CORP,6021.0,165.0
3100110,22.75,22.85,2022-05-27,ATLO,AMES NATL CORP,6021.0,165.0
3100110,22.78,22.79,2022-05-31,ATLO,AMES NATL CORP,6021.0,165.0
3100110,22.65,22.88,2022-06-01,ATLO,AMES NATL CORP,6021.0,165.0
3100110,22.73,22.66,2022-06-02,ATLO,AMES NATL CORP,6021.0,165.0
3100110,22.77,22.81,2022-06-03,ATLO,AMES NATL CORP,6021.0,165.0
3100110,23.05,22.8,2022-06-06,ATLO,AMES NATL CORP,6021.0,165.0
3100110,23.29,22.96,2022-06-07,ATLO,AMES NATL CORP,6021.0,165.0
3100110,23.25,23.29,2022-06-08,ATLO,AMES NATL CORP,6021.0,165.0
3100110,23.2,23.14,2022-06-09,ATLO,AMES NATL CORP,6021.0,165.0
3100110,23.03,23.03,2022-06-10,ATLO,AMES NATL CORP,6021.0,165.0
3100110,22.57,22.86,2022-06-13,ATLO,AMES NATL CORP,6021.0,165.0
3100110,22.37,22.54,2022-06-14,ATLO,AMES NATL CORP,6021.0,165.0
3100110,22.78,22.35,2022-06-15,ATLO,AMES NATL CORP,6021.0,165.0
3100110,22.84,22.85,2022-06-16,ATLO,AMES NATL CORP,6021.0,165.0
3100110,22.62,22.76,2022-06-17,ATLO,AMES NATL CORP,6021.0,165.0
3100110,22.66,22.9,2022-06-21,ATLO,AMES NATL CORP,6021.0,165.0
3100110,22.48,22.59,2022-06-22,ATLO,AMES NATL CORP,6021.0,165.0
3100110,22.4,22.47,2022-06-23,ATLO,AMES NATL CORP,6021.0,165.0
3100110,22.31,22.6,2022-06-24,ATLO,AMES NATL CORP,6021.0,165.0
3100110,22.22,22.33,2022-06-27,ATLO,AMES NATL CORP,6021.0,165.0
3100110,22.16,22.3,2022-06-28,ATLO,AMES NATL CORP,6021.0,165.0
3100110,22.06,22.32,2022-06-29,ATLO,AMES NATL CORP,6021.0,165.0
3100110,22.18,22.03,2022-06-30,ATLO,AMES NATL CORP,6021.0,165.0
3100110,22.2,22.07,2022-07-01,ATLO,AMES NATL CORP,6021.0,165.0
3100110,22.05,22.3,2022-07-05,ATLO,AMES NATL CORP,6021.0,165.0
3100110,22.15,22.2,2022-07-06,ATLO,AMES NATL CORP,6021.0,165.0
3100110,22.2,22.27,2022-07-07,ATLO,AMES NATL CORP,6021.0,165.0
3100110,22.4,22.15,2022-07-08,ATLO,AMES NATL CORP,6021.0,165.0
3100110,22.2,22.38,2022-07-11,ATLO,AMES NATL CORP,6021.0,165.0
3100110,22.1,22.45,2022-07-12,ATLO,AMES NATL CORP,6021.0,165.0
3100110,22.1,22.12,2022-07-13,ATLO,AMES NATL CORP,6021.0,165.0
3100110,22.0,22.08,2022-07-14,ATLO,AMES NATL CORP,6021.0,165.0
3100110,22.15,22.48,2022-07-15,ATLO,AMES NATL CORP,6021.0,165.0
3100110,22.13,22.24,2022-07-18,ATLO,AMES NATL CORP,6021.0,165.0
3100110,22.18,22.26,2022-07-19,ATLO,AMES NATL CORP,6021.0,165.0
3100110,22.2,22.19,2022-07-20,ATLO,AMES NATL CORP,6021.0,165.0
3100110,22.18,22.07,2022-07-21,ATLO,AMES NATL CORP,6021.0,165.0
3100110,22.17,22.25,2022-07-22,ATLO,AMES NATL CORP,6021.0,165.0
3100110,22.08,22.17,2022-07-25,ATLO,AMES NATL CORP,6021.0,165.0
3100110,22.1,22.11,2022-07-26,ATLO,AMES NATL CORP,6021.0,165.0
3100110,22.1,22.1,2022-07-27,ATLO,AMES NATL CORP,6021.0,165.0
3100110,22.11,22.09,2022-07-28,ATLO,AMES NATL CORP,6021.0,165.0
3100110,22.2,22.05,2022-07-29,ATLO,AMES NATL CORP,6021.0,165.0
3100110,22.26,22.0,2022-08-01,ATLO,AMES NATL CORP,6021.0,165.0
3100110,22.11,22.01,2022-08-02,ATLO,AMES NATL CORP,6021.0,165.0
3100110,22.06,22.06,2022-08-03,ATLO,AMES NATL CORP,6021.0,165.0
3100110,22.19,22.31,2022-08-04,ATLO,AMES NATL CORP,6021.0,165.0
3100110,22.14,22.02,2022-08-05,ATLO,AMES NATL CORP,6021.0,165.0
3100110,22.2,22.06,2022-08-08,ATLO,AMES NATL CORP,6021.0,165.0
3100110,22.11,22.2,2022-08-09,ATLO,AMES NATL CORP,6021.0,165.0
3100110,22.11,22.11,2022-08-10,ATLO,AMES NATL CORP,6021.0,165.0
3100110,22.16,22.19,2022-08-11,ATLO,AMES NATL CORP,6021.0,165.0
3100110,22.28,22.06,2022-08-12,ATLO,AMES NATL CORP,6021.0,165.0
3100110,22.26,22.41,2022-08-15,ATLO,AMES NATL CORP,6021.0,165.0
3100110,22.31,22.17,2022-08-16,ATLO,AMES NATL CORP,6021.0,165.0
3100110,22.21,22.305,2022-08-17,ATLO,AMES NATL CORP,6021.0,165.0
3100110,22.32,22.36,2022-08-18,ATLO,AMES NATL CORP,6021.0,165.0
3100110,22.2,22.2,2022-08-19,ATLO,AMES NATL CORP,6021.0,165.0
3100110,22.29,22.1,2022-08-22,ATLO,AMES NATL CORP,6021.0,165.0
3100110,22.24,22.16,2022-08-23,ATLO,AMES NATL CORP,6021.0,165.0
3100110,22.0,22.22,2022-08-24,ATLO,AMES NATL CORP,6021.0,165.0
3100110,21.99,22.06,2022-08-25,ATLO,AMES NATL CORP,6021.0,165.0
3100110,22.05,22.039,2022-08-26,ATLO,AMES NATL CORP,6021.0,165.0
3100110,21.95,22.01,2022-08-29,ATLO,AMES NATL CORP,6021.0,165.0
3100110,21.96,21.84,2022-08-30,ATLO,AMES NATL CORP,6021.0,165.0
3100110,21.86,22.0,2022-08-31,ATLO,AMES NATL CORP,6021.0,165.0
3100110,22.01,21.93,2022-09-01,ATLO,AMES NATL CORP,6021.0,165.0
3100110,21.94,22.03,2022-09-02,ATLO,AMES NATL CORP,6021.0,165.0
3100110,21.95,21.9,2022-09-06,ATLO,AMES NATL CORP,6021.0,165.0
3100110,22.0,22.013,2022-09-07,ATLO,AMES NATL CORP,6021.0,165.0
3100110,21.96,21.87,2022-09-08,ATLO,AMES NATL CORP,6021.0,165.0
3100110,22.1665,21.93,2022-09-09,ATLO,AMES NATL CORP,6021.0,165.0
3100110,22.06,22.12,2022-09-12,ATLO,AMES NATL CORP,6021.0,165.0
3100110,22.04,21.96,2022-09-13,ATLO,AMES NATL CORP,6021.0,165.0
3100110,22.25,22.18,2022-09-14,ATLO,AMES NATL CORP,6021.0,165.0
3100110,22.4,22.2,2022-09-15,ATLO,AMES NATL CORP,6021.0,165.0
3100110,22.18,22.9,2022-09-16,ATLO,AMES NATL CORP,6021.0,165.0
3100110,22.31,22.1,2022-09-19,ATLO,AMES NATL CORP,6021.0,165.0
3100110,22.26,22.3,2022-09-20,ATLO,AMES NATL CORP,6021.0,165.0
3100110,22.26,22.119,2022-09-21,ATLO,AMES NATL CORP,6021.0,165.0
3100110,22.26,22.19,2022-09-22,ATLO,AMES NATL CORP,6021.0,165.0
3100110,22.02,22.12,2022-09-23,ATLO,AMES NATL CORP,6021.0,165.0
3100110,22.01,21.94,2022-09-26,ATLO,AMES NATL CORP,6021.0,165.0
3100110,22.01,21.925,2022-09-27,ATLO,AMES NATL CORP,6021.0,165.0
3100110,22.02,22.01,2022-09-28,ATLO,AMES NATL CORP,6021.0,165.0
3100110,22.14,22.14,2022-09-29,ATLO,AMES NATL CORP,6021.0,165.0
3100110,22.18,22.235,2022-09-30,ATLO,AMES NATL CORP,6021.0,165.0
3100110,22.2,22.2,2022-10-03,ATLO,AMES NATL CORP,6021.0,165.0
3100110,22.51,22.39,2022-10-04,ATLO,AMES NATL CORP,6021.0,165.0
3100110,22.5,22.27,2022-10-05,ATLO,AMES NATL CORP,6021.0,165.0
3100110,22.36,22.26,2022-10-06,ATLO,AMES NATL CORP,6021.0,165.0
3100110,22.13,22.27,2022-10-07,ATLO,AMES NATL CORP,6021.0,165.0
3100110,22.15,22.2,2022-10-10,ATLO,AMES NATL CORP,6021.0,165.0
3100110,22.2,22.06,2022-10-11,ATLO,AMES NATL CORP,6021.0,165.0
3100110,22.18,22.1,2022-10-12,ATLO,AMES NATL CORP,6021.0,165.0
3100110,22.51,22.06,2022-10-13,ATLO,AMES NATL CORP,6021.0,165.0
3100110,22.51,22.49,2022-10-14,ATLO,AMES NATL CORP,6021.0,165.0
3100110,22.55,22.68,2022-10-17,ATLO,AMES NATL CORP,6021.0,165.0
3100110,22.54,22.6,2022-10-18,ATLO,AMES NATL CORP,6021.0,165.0
3100110,22.49,22.69,2022-10-19,ATLO,AMES NATL CORP,6021.0,165.0
3100110,22.54,22.41,2022-10-20,ATLO,AMES NATL CORP,6021.0,165.0
3100110,22.44,22.35,2022-10-21,ATLO,AMES NATL CORP,6021.0,165.0
3100110,22.48,22.55,2022-10-24,ATLO,AMES NATL CORP,6021.0,165.0
3100110,22.38,22.33,2022-10-25,ATLO,AMES NATL CORP,6021.0,165.0
3100110,22.4,22.38,2022-10-26,ATLO,AMES NATL CORP,6021.0,165.0
3100110,22.34,22.31,2022-10-27,ATLO,AMES NATL CORP,6021.0,165.0
3100110,22.4,22.33,2022-10-28,ATLO,AMES NATL CORP,6021.0,165.0
3100110,22.12,22.18,2022-10-31,ATLO,AMES NATL CORP,6021.0,165.0
3100110,22.09,22.12,2022-11-01,ATLO,AMES NATL CORP,6021.0,165.0
3100110,22.0,22.05,2022-11-02,ATLO,AMES NATL CORP,6021.0,165.0
3100110,22.35,22.18,2022-11-03,ATLO,AMES NATL CORP,6021.0,165.0
3100110,23.04,22.5,2022-11-04,ATLO,AMES NATL CORP,6021.0,165.0
3100110,22.59,22.92,2022-11-07,ATLO,AMES NATL CORP,6021.0,165.0
3100110,22.54,22.59,2022-11-08,ATLO,AMES NATL CORP,6021.0,165.0
3100110,22.64,22.52,2022-11-09,ATLO,AMES NATL CORP,6021.0,165.0
3100110,22.74,22.71,2022-11-10,ATLO,AMES NATL CORP,6021.0,165.0
3100110,22.59,22.81,2022-11-11,ATLO,AMES NATL CORP,6021.0,165.0
3100110,22.55,22.55,2022-11-14,ATLO,AMES NATL CORP,6021.0,165.0
3100110,22.6,22.99,2022-11-15,ATLO,AMES NATL CORP,6021.0,165.0
3100110,22.69,22.59,2022-11-16,ATLO,AMES NATL CORP,6021.0,165.0
3100110,22.66,22.65,2022-11-17,ATLO,AMES NATL CORP,6021.0,165.0
3100110,22.69,22.7,2022-11-18,ATLO,AMES NATL CORP,6021.0,165.0
3100110,22.71,22.79,2022-11-21,ATLO,AMES NATL CORP,6021.0,165.0
3100110,22.77,22.78,2022-11-22,ATLO,AMES NATL CORP,6021.0,165.0
3100110,22.8,22.86,2022-11-23,ATLO,AMES NATL CORP,6021.0,165.0
3100110,22.84,22.85,2022-11-25,ATLO,AMES NATL CORP,6021.0,165.0
3100110,22.65,22.88,2022-11-28,ATLO,AMES NATL CORP,6021.0,165.0
3100110,22.74,22.73,2022-11-29,ATLO,AMES NATL CORP,6021.0,165.0
3100110,22.9,22.82,2022-11-30,ATLO,AMES NATL CORP,6021.0,165.0
3100110,23.05,22.97,2022-12-01,ATLO,AMES NATL CORP,6021.0,165.0
3100110,23.39,23.08,2022-12-02,ATLO,AMES NATL CORP,6021.0,165.0
3100110,23.05,23.39,2022-12-05,ATLO,AMES NATL CORP,6021.0,165.0
3100110,23.01,23.15,2022-12-06,ATLO,AMES NATL CORP,6021.0,165.0
3100110,23.14,23.09,2022-12-07,ATLO,AMES NATL CORP,6021.0,165.0
3100110,23.19,23.1,2022-12-08,ATLO,AMES NATL CORP,6021.0,165.0
3100110,23.26,23.19,2022-12-09,ATLO,AMES NATL CORP,6021.0,165.0
3100110,23.27,23.31,2022-12-12,ATLO,AMES NATL CORP,6021.0,165.0
3100110,22.97,23.4,2022-12-13,ATLO,AMES NATL CORP,6021.0,165.0
3100110,22.88,23.13,2022-12-14,ATLO,AMES NATL CORP,6021.0,165.0
3100110,22.8,22.88,2022-12-15,ATLO,AMES NATL CORP,6021.0,165.0
3100110,22.67,22.7,2022-12-16,ATLO,AMES NATL CORP,6021.0,165.0
3100110,22.6,22.6,2022-12-19,ATLO,AMES NATL CORP,6021.0,165.0
3100110,22.84,22.6,2022-12-20,ATLO,AMES NATL CORP,6021.0,165.0
3100110,23.31,22.89,2022-12-21,ATLO,AMES NATL CORP,6021.0,165.0
3100110,23.3,23.33,2022-12-22,ATLO,AMES NATL CORP,6021.0,165.0
3100110,23.29,23.2451,2022-12-23,ATLO,AMES NATL CORP,6021.0,165.0
3100110,23.35,23.35,2022-12-27,ATLO,AMES NATL CORP,6021.0,165.0
3100110,23.35,23.45,2022-12-28,ATLO,AMES NATL CORP,6021.0,165.0
3100110,23.61,23.325,2022-12-29,ATLO,AMES NATL CORP,6021.0,165.0
3100110,23.61,23.68,2022-12-30,ATLO,AMES NATL CORP,6021.0,165.0
3100110,23.61,23.72,2023-01-03,ATLO,AMES NATL CORP,6021.0,165.0
3100110,23.72,23.72,2023-01-04,ATLO,AMES NATL CORP,6021.0,165.0
3100110,23.68,23.75,2023-01-05,ATLO,AMES NATL CORP,6021.0,165.0
3100110,23.85,23.76,2023-01-06,ATLO,AMES NATL CORP,6021.0,165.0
3100110,23.94,23.96,2023-01-09,ATLO,AMES NATL CORP,6021.0,165.0
3100110,23.91,23.85,2023-01-10,ATLO,AMES NATL CORP,6021.0,165.0
3100110,24.08,23.93,2023-01-11,ATLO,AMES NATL CORP,6021.0,165.0
3100110,24.24,24.14,2023-01-12,ATLO,AMES NATL CORP,6021.0,165.0
3100110,24.34,24.26,2023-01-13,ATLO,AMES NATL CORP,6021.0,165.0
3100110,24.2,24.175,2023-01-17,ATLO,AMES NATL CORP,6021.0,165.0
3100110,24.1,24.15,2023-01-18,ATLO,AMES NATL CORP,6021.0,165.0
3100110,23.98,24.05,2023-01-19,ATLO,AMES NATL CORP,6021.0,165.0
3100110,24.18,24.05,2023-01-20,ATLO,AMES NATL CORP,6021.0,165.0
3100110,24.07,24.028,2023-01-23,ATLO,AMES NATL CORP,6021.0,165.0
3100110,24.14,23.97,2023-01-24,ATLO,AMES NATL CORP,6021.0,165.0
3100110,24.22,24.0,2023-01-25,ATLO,AMES NATL CORP,6021.0,165.0
3100110,24.21,24.2999,2023-01-26,ATLO,AMES NATL CORP,6021.0,165.0
3100110,24.21,24.24,2023-01-27,ATLO,AMES NATL CORP,6021.0,165.0
3100110,24.2,24.05,2023-01-30,ATLO,AMES NATL CORP,6021.0,165.0
3100110,24.09,24.05,2023-01-31,ATLO,AMES NATL CORP,6021.0,165.0
3100110,24.2,24.0828,2023-02-01,ATLO,AMES NATL CORP,6021.0,165.0
3100110,24.29,24.2,2023-02-02,ATLO,AMES NATL CORP,6021.0,165.0
3100110,24.38,24.23,2023-02-03,ATLO,AMES NATL CORP,6021.0,165.0
3100110,24.45,24.39,2023-02-06,ATLO,AMES NATL CORP,6021.0,165.0
3100110,24.43,24.44,2023-02-07,ATLO,AMES NATL CORP,6021.0,165.0
3100110,24.37,24.5,2023-02-08,ATLO,AMES NATL CORP,6021.0,165.0
3100110,24.36,24.55,2023-02-09,ATLO,AMES NATL CORP,6021.0,165.0
3100110,24.3,24.22,2023-02-10,ATLO,AMES NATL CORP,6021.0,165.0
3100110,24.29,24.34,2023-02-13,ATLO,AMES NATL CORP,6021.0,165.0
3100110,24.165,24.345,2023-02-14,ATLO,AMES NATL CORP,6021.0,165.0
3100110,24.43,24.27,2023-02-15,ATLO,AMES NATL CORP,6021.0,165.0
3100110,24.33,24.4,2023-02-16,ATLO,AMES NATL CORP,6021.0,165.0
3100110,24.39,24.39,2023-02-17,ATLO,AMES NATL CORP,6021.0,165.0
3100110,24.84,24.85,2023-02-21,ATLO,AMES NATL CORP,6021.0,165.0
3100110,24.59,24.793,2023-02-22,ATLO,AMES NATL CORP,6021.0,165.0
3100110,24.54,24.63,2023-02-23,ATLO,AMES NATL CORP,6021.0,165.0
3100110,24.3,24.46,2023-02-24,ATLO,AMES NATL CORP,6021.0,165.0
3100110,24.27,24.395,2023-02-27,ATLO,AMES NATL CORP,6021.0,165.0
3100110,24.22,24.22,2023-02-28,ATLO,AMES NATL CORP,6021.0,165.0
3100110,24.22,24.33,2023-03-01,ATLO,AMES NATL CORP,6021.0,165.0
3100110,24.13,24.1,2023-03-02,ATLO,AMES NATL CORP,6021.0,165.0
3100110,24.13,24.15,2023-03-03,ATLO,AMES NATL CORP,6021.0,165.0
3100110,24.03,24.07,2023-03-06,ATLO,AMES NATL CORP,6021.0,165.0
3100110,23.9,24.01,2023-03-07,ATLO,AMES NATL CORP,6021.0,165.0
3100110,23.82,23.81,2023-03-08,ATLO,AMES NATL CORP,6021.0,165.0
3100110,23.41,23.965,2023-03-09,ATLO,AMES NATL CORP,6021.0,165.0
3100110,22.78,23.27,2023-03-10,ATLO,AMES NATL CORP,6021.0,165.0
3100110,21.22,22.6,2023-03-13,ATLO,AMES NATL CORP,6021.0,165.0
3100110,21.12,22.09,2023-03-14,ATLO,AMES NATL CORP,6021.0,165.0
3100110,20.82,21.01,2023-03-15,ATLO,AMES NATL CORP,6021.0,165.0
3100110,21.4,20.85,2023-03-16,ATLO,AMES NATL CORP,6021.0,165.0
3100110,21.07,21.38,2023-03-17,ATLO,AMES NATL CORP,6021.0,165.0
3100110,21.05,21.08,2023-03-20,ATLO,AMES NATL CORP,6021.0,165.0
3100110,21.22,21.23,2023-03-21,ATLO,AMES NATL CORP,6021.0,165.0
3100110,20.76,21.22,2023-03-22,ATLO,AMES NATL CORP,6021.0,165.0
3100110,20.55,20.75,2023-03-23,ATLO,AMES NATL CORP,6021.0,165.0
3100110,20.72,20.55,2023-03-24,ATLO,AMES NATL CORP,6021.0,165.0
3100110,20.82,20.91,2023-03-27,ATLO,AMES NATL CORP,6021.0,165.0
3100110,20.78,20.88,2023-03-28,ATLO,AMES NATL CORP,6021.0,165.0
3100110,20.63,20.87,2023-03-29,ATLO,AMES NATL CORP,6021.0,165.0
3100110,20.6,20.62,2023-03-30,ATLO,AMES NATL CORP,6021.0,165.0
3100110,20.8,20.61,2023-03-31,ATLO,AMES NATL CORP,6021.0,165.0
3100110,20.73,20.89,2023-04-03,ATLO,AMES NATL CORP,6021.0,165.0
3100110,20.35,20.71,2023-04-04,ATLO,AMES NATL CORP,6021.0,165.0
3100110,20.37,20.28,2023-04-05,ATLO,AMES NATL CORP,6021.0,165.0
3100110,20.31,20.46,2023-04-06,ATLO,AMES NATL CORP,6021.0,165.0
3100110,20.42,20.26,2023-04-10,ATLO,AMES NATL CORP,6021.0,165.0
3100110,20.31,20.39,2023-04-11,ATLO,AMES NATL CORP,6021.0,165.0
3100110,20.5,20.33,2023-04-12,ATLO,AMES NATL CORP,6021.0,165.0
3100110,20.42,20.43,2023-04-13,ATLO,AMES NATL CORP,6021.0,165.0
3100110,20.18,20.45,2023-04-14,ATLO,AMES NATL CORP,6021.0,165.0
3100110,20.24,20.22,2023-04-17,ATLO,AMES NATL CORP,6021.0,165.0
3100110,20.25,20.25,2023-04-18,ATLO,AMES NATL CORP,6021.0,165.0
3100110,20.11,20.34,2023-04-19,ATLO,AMES NATL CORP,6021.0,165.0
3100110,20.13,20.05,2023-04-20,ATLO,AMES NATL CORP,6021.0,165.0
3100110,20.02,20.07,2023-04-21,ATLO,AMES NATL CORP,6021.0,165.0
3100110,19.4,20.18,2023-04-24,ATLO,AMES NATL CORP,6021.0,165.0
3100110,18.49,19.48,2023-04-25,ATLO,AMES NATL CORP,6021.0,165.0
3100110,18.44,18.52,2023-04-26,ATLO,AMES NATL CORP,6021.0,165.0
3100110,18.83,18.5,2023-04-27,ATLO,AMES NATL CORP,6021.0,165.0
3100110,19.26,18.73,2023-04-28,ATLO,AMES NATL CORP,6021.0,165.0
3100110,18.96,19.17,2023-05-01,ATLO,AMES NATL CORP,6021.0,165.0
3100110,18.17,18.95,2023-05-02,ATLO,AMES NATL CORP,6021.0,165.0
3100110,18.25,18.2,2023-05-03,ATLO,AMES NATL CORP,6021.0,165.0
3100110,17.99,18.2,2023-05-04,ATLO,AMES NATL CORP,6021.0,165.0
3100110,18.35,18.0,2023-05-05,ATLO,AMES NATL CORP,6021.0,165.0
3100110,18.23,18.39,2023-05-08,ATLO,AMES NATL CORP,6021.0,165.0
3100110,18.02,18.18,2023-05-09,ATLO,AMES NATL CORP,6021.0,165.0
3100110,17.9,18.1,2023-05-10,ATLO,AMES NATL CORP,6021.0,165.0
3100110,17.89,17.89,2023-05-11,ATLO,AMES NATL CORP,6021.0,165.0
3100110,17.85,17.95,2023-05-12,ATLO,AMES NATL CORP,6021.0,165.0
3100110,17.89,18.0,2023-05-15,ATLO,AMES NATL CORP,6021.0,165.0
3100110,17.95,17.96,2023-05-16,ATLO,AMES NATL CORP,6021.0,165.0
3100110,18.0,18.14,2023-05-17,ATLO,AMES NATL CORP,6021.0,165.0
3100110,17.9,18.0,2023-05-18,ATLO,AMES NATL CORP,6021.0,165.0
3100110,17.805,17.9,2023-05-19,ATLO,AMES NATL CORP,6021.0,165.0
3100110,17.78,17.89,2023-05-22,ATLO,AMES NATL CORP,6021.0,165.0
3100110,18.02,17.87,2023-05-23,ATLO,AMES NATL CORP,6021.0,165.0
3100110,18.04,18.31,2023-05-24,ATLO,AMES NATL CORP,6021.0,165.0
3100110,18.15,18.01,2023-05-25,ATLO,AMES NATL CORP,6021.0,165.0
3100110,18.14,18.15,2023-05-26,ATLO,AMES NATL CORP,6021.0,165.0
3100110,18.12,18.215,2023-05-30,ATLO,AMES NATL CORP,6021.0,165.0
3100110,18.32,18.03,2023-05-31,ATLO,AMES NATL CORP,6021.0,165.0
3100110,18.25,18.1,2023-06-01,ATLO,AMES NATL CORP,6021.0,165.0
3100110,18.52,18.31,2023-06-02,ATLO,AMES NATL CORP,6021.0,165.0
3100110,18.47,18.52,2023-06-05,ATLO,AMES NATL CORP,6021.0,165.0
3100110,18.76,18.65,2023-06-06,ATLO,AMES NATL CORP,6021.0,165.0
3100110,19.03,18.89,2023-06-07,ATLO,AMES NATL CORP,6021.0,165.0
3100110,18.99,19.08,2023-06-08,ATLO,AMES NATL CORP,6021.0,165.0
3100110,19.01,19.13,2023-06-09,ATLO,AMES NATL CORP,6021.0,165.0
3100110,18.72,19.05,2023-06-12,ATLO,AMES NATL CORP,6021.0,165.0
3100110,18.8,18.8,2023-06-13,ATLO,AMES NATL CORP,6021.0,165.0
3100110,18.92,18.86,2023-06-14,ATLO,AMES NATL CORP,6021.0,165.0
3100110,18.88,18.9,2023-06-15,ATLO,AMES NATL CORP,6021.0,165.0
3100110,18.61,18.81,2023-06-16,ATLO,AMES NATL CORP,6021.0,165.0
3100110,18.45,18.67,2023-06-20,ATLO,AMES NATL CORP,6021.0,165.0
3100110,18.37,18.39,2023-06-21,ATLO,AMES NATL CORP,6021.0,165.0
3100110,18.24,18.31,2023-06-22,ATLO,AMES NATL CORP,6021.0,165.0
3100110,18.19,18.21,2023-06-23,ATLO,AMES NATL CORP,6021.0,165.0
3100110,18.15,18.17,2023-06-26,ATLO,AMES NATL CORP,6021.0,165.0
3100110,18.21,18.06,2023-06-27,ATLO,AMES NATL CORP,6021.0,165.0
3100110,18.11,18.12,2023-06-28,ATLO,AMES NATL CORP,6021.0,165.0
3100110,18.16,18.13,2023-06-29,ATLO,AMES NATL CORP,6021.0,165.0
3100110,18.03,18.16,2023-06-30,ATLO,AMES NATL CORP,6021.0,165.0
3100110,18.18,18.09,2023-07-03,ATLO,AMES NATL CORP,6021.0,165.0
3100110,17.91,18.05,2023-07-05,ATLO,AMES NATL CORP,6021.0,165.0
3100110,17.67,17.94,2023-07-06,ATLO,AMES NATL CORP,6021.0,165.0
3100110,18.33,17.62,2023-07-07,ATLO,AMES NATL CORP,6021.0,165.0
3100110,18.16,18.28,2023-07-10,ATLO,AMES NATL CORP,6021.0,165.0
3100110,17.88,18.12,2023-07-11,ATLO,AMES NATL CORP,6021.0,165.0
3100110,18.02,17.97,2023-07-12,ATLO,AMES NATL CORP,6021.0,165.0
3100110,18.38,18.0,2023-07-13,ATLO,AMES NATL CORP,6021.0,165.0
3100110,18.41,18.19,2023-07-14,ATLO,AMES NATL CORP,6021.0,165.0
3100110,18.53,18.44,2023-07-17,ATLO,AMES NATL CORP,6021.0,165.0
3100110,19.24,18.64,2023-07-18,ATLO,AMES NATL CORP,6021.0,165.0
3100110,19.63,19.28,2023-07-19,ATLO,AMES NATL CORP,6021.0,165.0
3100110,19.93,19.5,2023-07-20,ATLO,AMES NATL CORP,6021.0,165.0
3100110,19.56,19.99,2023-07-21,ATLO,AMES NATL CORP,6021.0,165.0
3100110,19.88,19.661,2023-07-24,ATLO,AMES NATL CORP,6021.0,165.0
3100110,20.06,19.89,2023-07-25,ATLO,AMES NATL CORP,6021.0,165.0
3100110,20.02,20.15,2023-07-26,ATLO,AMES NATL CORP,6021.0,165.0
3100110,19.58,20.0,2023-07-27,ATLO,AMES NATL CORP,6021.0,165.0
3100110,19.85,19.54,2023-07-28,ATLO,AMES NATL CORP,6021.0,165.0
3100110,19.26,19.47,2023-07-31,ATLO,AMES NATL CORP,6021.0,165.0
3100110,19.21,19.2,2023-08-01,ATLO,AMES NATL CORP,6021.0,165.0
3100110,19.69,19.21,2023-08-02,ATLO,AMES NATL CORP,6021.0,165.0
3100110,19.53,19.51,2023-08-03,ATLO,AMES NATL CORP,6021.0,165.0
3100110,19.32,19.82,2023-08-04,ATLO,AMES NATL CORP,6021.0,165.0
3100110,19.67,19.55,2023-08-07,ATLO,AMES NATL CORP,6021.0,165.0
3100110,19.35,19.54,2023-08-08,ATLO,AMES NATL CORP,6021.0,165.0
3100110,19.3,19.37,2023-08-09,ATLO,AMES NATL CORP,6021.0,165.0
3100110,19.07,19.35,2023-08-10,ATLO,AMES NATL CORP,6021.0,165.0
3100110,19.01,19.17,2023-08-11,ATLO,AMES NATL CORP,6021.0,165.0
3100110,18.97,19.01,2023-08-14,ATLO,AMES NATL CORP,6021.0,165.0
3100110,18.79,19.08,2023-08-15,ATLO,AMES NATL CORP,6021.0,165.0
3100110,18.38,18.73,2023-08-16,ATLO,AMES NATL CORP,6021.0,165.0
3100110,18.24,18.33,2023-08-17,ATLO,AMES NATL CORP,6021.0,165.0
3100110,18.41,18.09,2023-08-18,ATLO,AMES NATL CORP,6021.0,165.0
3100110,18.22,18.37,2023-08-21,ATLO,AMES NATL CORP,6021.0,165.0
3100110,17.91,18.16,2023-08-22,ATLO,AMES NATL CORP,6021.0,165.0
3100110,18.15,18.23,2023-08-23,ATLO,AMES NATL CORP,6021.0,165.0
3100110,18.11,18.11,2023-08-24,ATLO,AMES NATL CORP,6021.0,165.0
3100110,18.33,18.25,2023-08-25,ATLO,AMES NATL CORP,6021.0,165.0
3100110,18.22,18.2,2023-08-28,ATLO,AMES NATL CORP,6021.0,165.0
3100110,18.37,18.19,2023-08-29,ATLO,AMES NATL CORP,6021.0,165.0
3100110,18.05,18.263,2023-08-30,ATLO,AMES NATL CORP,6021.0,165.0
3100110,17.95,18.08,2023-08-31,ATLO,AMES NATL CORP,6021.0,165.0
3100110,18.22,18.11,2023-09-01,ATLO,AMES NATL CORP,6021.0,165.0
3100110,17.84,18.15,2023-09-05,ATLO,AMES NATL CORP,6021.0,165.0
3100110,17.88,17.9,2023-09-06,ATLO,AMES NATL CORP,6021.0,165.0
3100110,17.77,17.9,2023-09-07,ATLO,AMES NATL CORP,6021.0,165.0
3100110,17.87,17.88,2023-09-08,ATLO,AMES NATL CORP,6021.0,165.0
3100110,17.86,18.01,2023-09-11,ATLO,AMES NATL CORP,6021.0,165.0
3100110,17.93,17.76,2023-09-12,ATLO,AMES NATL CORP,6021.0,165.0
3100110,17.87,18.12,2023-09-13,ATLO,AMES NATL CORP,6021.0,165.0
3100110,17.79,18.1,2023-09-14,ATLO,AMES NATL CORP,6021.0,165.0
3100110,18.05,17.78,2023-09-15,ATLO,AMES NATL CORP,6021.0,165.0
3100110,17.58,18.06,2023-09-18,ATLO,AMES NATL CORP,6021.0,165.0
3100110,17.72,17.57,2023-09-19,ATLO,AMES NATL CORP,6021.0,165.0
3100110,17.5,17.72,2023-09-20,ATLO,AMES NATL CORP,6021.0,165.0
3100110,17.32,17.5,2023-09-21,ATLO,AMES NATL CORP,6021.0,165.0
3100110,17.34,17.33,2023-09-22,ATLO,AMES NATL CORP,6021.0,165.0
3100110,17.32,17.34,2023-09-25,ATLO,AMES NATL CORP,6021.0,165.0
3100110,16.91,17.25,2023-09-26,ATLO,AMES NATL CORP,6021.0,165.0
3100110,16.51,16.91,2023-09-27,ATLO,AMES NATL CORP,6021.0,165.0
3100110,16.55,16.56,2023-09-28,ATLO,AMES NATL CORP,6021.0,165.0
3100110,16.59,16.54,2023-09-29,ATLO,AMES NATL CORP,6021.0,165.0
3100110,16.57,16.69,2023-10-02,ATLO,AMES NATL CORP,6021.0,165.0
3100110,16.14,16.58,2023-10-03,ATLO,AMES NATL CORP,6021.0,165.0
3100110,15.98,16.16,2023-10-04,ATLO,AMES NATL CORP,6021.0,165.0
3100110,16.21,16.04,2023-10-05,ATLO,AMES NATL CORP,6021.0,165.0
3100110,16.19,16.09,2023-10-06,ATLO,AMES NATL CORP,6021.0,165.0
3100110,16.19,16.04,2023-10-09,ATLO,AMES NATL CORP,6021.0,165.0
3100110,16.17,16.22,2023-10-10,ATLO,AMES NATL CORP,6021.0,165.0
3100110,16.12,16.21,2023-10-11,ATLO,AMES NATL CORP,6021.0,165.0
3100110,15.95,16.03,2023-10-12,ATLO,AMES NATL CORP,6021.0,165.0
3100110,15.67,16.23,2023-10-13,ATLO,AMES NATL CORP,6021.0,165.0
3100110,15.69,15.65,2023-10-16,ATLO,AMES NATL CORP,6021.0,165.0
3100110,15.82,15.57,2023-10-17,ATLO,AMES NATL CORP,6021.0,165.0
3100110,15.81,15.76,2023-10-18,ATLO,AMES NATL CORP,6021.0,165.0
3100110,15.8,15.905,2023-10-19,ATLO,AMES NATL CORP,6021.0,165.0
3100110,15.34,15.91,2023-10-20,ATLO,AMES NATL CORP,6021.0,165.0
3100110,15.19,15.41,2023-10-23,ATLO,AMES NATL CORP,6021.0,165.0
3100110,15.1,15.32,2023-10-24,ATLO,AMES NATL CORP,6021.0,165.0
3100110,15.66,15.05,2023-10-25,ATLO,AMES NATL CORP,6021.0,165.0
3100110,16.18,15.72,2023-10-26,ATLO,AMES NATL CORP,6021.0,165.0
3100110,16.17,16.19,2023-10-27,ATLO,AMES NATL CORP,6021.0,165.0
3100110,17.04,16.45,2023-10-30,ATLO,AMES NATL CORP,6021.0,165.0
3100110,16.92,16.69,2023-10-31,ATLO,AMES NATL CORP,6021.0,165.0
3100110,16.99,16.84,2023-11-01,ATLO,AMES NATL CORP,6021.0,165.0
3100110,17.31,16.7,2023-11-02,ATLO,AMES NATL CORP,6021.0,165.0
3100110,17.81,17.46,2023-11-03,ATLO,AMES NATL CORP,6021.0,165.0
3100110,17.78,17.68,2023-11-06,ATLO,AMES NATL CORP,6021.0,165.0
3100110,17.8,17.78,2023-11-07,ATLO,AMES NATL CORP,6021.0,165.0
3100110,17.9,17.93,2023-11-08,ATLO,AMES NATL CORP,6021.0,165.0
3100110,17.78,17.819,2023-11-09,ATLO,AMES NATL CORP,6021.0,165.0
3100110,17.64,17.6,2023-11-10,ATLO,AMES NATL CORP,6021.0,165.0
3100110,17.79,17.67,2023-11-13,ATLO,AMES NATL CORP,6021.0,165.0
3100110,19.03,18.03,2023-11-14,ATLO,AMES NATL CORP,6021.0,165.0
3100110,19.2,19.73,2023-11-15,ATLO,AMES NATL CORP,6021.0,165.0
3100110,19.05,19.22,2023-11-16,ATLO,AMES NATL CORP,6021.0,165.0
3100110,19.41,19.18,2023-11-17,ATLO,AMES NATL CORP,6021.0,165.0
3100110,19.31,19.46,2023-11-20,ATLO,AMES NATL CORP,6021.0,165.0
3100110,18.6,19.04,2023-11-21,ATLO,AMES NATL CORP,6021.0,165.0
3100110,18.48,18.6,2023-11-22,ATLO,AMES NATL CORP,6021.0,165.0
3100110,18.67,18.31,2023-11-24,ATLO,AMES NATL CORP,6021.0,165.0
3100110,18.58,18.77,2023-11-27,ATLO,AMES NATL CORP,6021.0,165.0
3100110,17.98,18.36,2023-11-28,ATLO,AMES NATL CORP,6021.0,165.0
3100110,18.26,17.96,2023-11-29,ATLO,AMES NATL CORP,6021.0,165.0
3100110,18.48,18.37,2023-11-30,ATLO,AMES NATL CORP,6021.0,165.0
3100110,19.1,18.62,2023-12-01,ATLO,AMES NATL CORP,6021.0,165.0
3100110,19.68,19.08,2023-12-04,ATLO,AMES NATL CORP,6021.0,165.0
3100110,19.59,19.77,2023-12-05,ATLO,AMES NATL CORP,6021.0,165.0
3100110,19.68,19.7,2023-12-06,ATLO,AMES NATL CORP,6021.0,165.0
3100110,19.75,19.4,2023-12-07,ATLO,AMES NATL CORP,6021.0,165.0
3100110,19.88,19.495,2023-12-08,ATLO,AMES NATL CORP,6021.0,165.0
3100110,19.81,19.79,2023-12-11,ATLO,AMES NATL CORP,6021.0,165.0
3100110,19.54,19.8,2023-12-12,ATLO,AMES NATL CORP,6021.0,165.0
3100110,20.95,19.5,2023-12-13,ATLO,AMES NATL CORP,6021.0,165.0
3100110,21.4,21.16,2023-12-14,ATLO,AMES NATL CORP,6021.0,165.0
3100110,22.32,21.42,2023-12-15,ATLO,AMES NATL CORP,6021.0,165.0
3100110,21.45,22.32,2023-12-18,ATLO,AMES NATL CORP,6021.0,165.0
3100110,21.34,21.47,2023-12-19,ATLO,AMES NATL CORP,6021.0,165.0
3100110,21.59,21.1526,2023-12-20,ATLO,AMES NATL CORP,6021.0,165.0
3100110,21.69,21.1616,2023-12-21,ATLO,AMES NATL CORP,6021.0,165.0
3100110,22.17,21.87,2023-12-22,ATLO,AMES NATL CORP,6021.0,165.0
3100110,21.92,22.28,2023-12-26,ATLO,AMES NATL CORP,6021.0,165.0
3100110,21.82,21.3311,2023-12-27,ATLO,AMES NATL CORP,6021.0,165.0
3100110,21.87,21.58,2023-12-28,ATLO,AMES NATL CORP,6021.0,165.0
3100110,21.34,21.62,2023-12-29,ATLO,AMES NATL CORP,6021.0,165.0
