cusip,prc,openprc,date,htick,hcomnam,hsiccd,numshr
09250W10,20.29,19.82,2009-01-02,BME,BLACKROCK HEALTH SCIENCES TRUST,6282.0,228.0
09250W10,20.5,20.35,2009-01-05,BME,BLACKROCK HEALTH SCIENCES TRUST,6282.0,228.0
09250W10,20.9,20.75,2009-01-06,BME,BLACKROCK HEALTH SCIENCES TRUST,6282.0,228.0
09250W10,20.8,20.82,2009-01-07,BME,BLACKROCK HEALTH SCIENCES TRUST,6282.0,228.0
09250W10,20.96,20.82,2009-01-08,BME,BLACKROCK HEALTH SCIENCES TRUST,6282.0,228.0
09250W10,20.91,21.25,2009-01-09,BME,BLACKROCK HEALTH SCIENCES TRUST,6282.0,228.0
09250W10,20.7,20.7,2009-01-12,BME,BLACKROCK HEALTH SCIENCES TRUST,6282.0,228.0
09250W10,20.5,20.85,2009-01-13,BME,BLACKROCK HEALTH SCIENCES TRUST,6282.0,228.0
09250W10,19.95,20.5,2009-01-14,BME,BLACKROCK HEALTH SCIENCES TRUST,6282.0,228.0
09250W10,19.94,20.4,2009-01-15,BME,BLACKROCK HEALTH SCIENCES TRUST,6282.0,228.0
09250W10,20.53,20.05,2009-01-16,BME,BLACKROCK HEALTH SCIENCES TRUST,6282.0,228.0
09250W10,20.29,21.0,2009-01-20,BME,BLACKROCK HEALTH SCIENCES TRUST,6282.0,228.0
09250W10,20.29,20.3,2009-01-21,BME,BLACKROCK HEALTH SCIENCES TRUST,6282.0,228.0
09250W10,20.64,20.37,2009-01-22,BME,BLACKROCK HEALTH SCIENCES TRUST,6282.0,228.0
09250W10,20.4,20.9,2009-01-23,BME,BLACKROCK HEALTH SCIENCES TRUST,6282.0,228.0
09250W10,20.61,20.85,2009-01-26,BME,BLACKROCK HEALTH SCIENCES TRUST,6282.0,228.0
09250W10,21.15,20.67,2009-01-27,BME,BLACKROCK HEALTH SCIENCES TRUST,6282.0,228.0
09250W10,21.67,21.98,2009-01-28,BME,BLACKROCK HEALTH SCIENCES TRUST,6282.0,228.0
09250W10,21.4525,21.95,2009-01-29,BME,BLACKROCK HEALTH SCIENCES TRUST,6282.0,228.0
09250W10,21.24,21.37,2009-01-30,BME,BLACKROCK HEALTH SCIENCES TRUST,6282.0,228.0
09250W10,21.0,21.19,2009-02-02,BME,BLACKROCK HEALTH SCIENCES TRUST,6282.0,228.0
09250W10,21.4099,20.95,2009-02-03,BME,BLACKROCK HEALTH SCIENCES TRUST,6282.0,228.0
09250W10,21.35,21.53,2009-02-04,BME,BLACKROCK HEALTH SCIENCES TRUST,6282.0,228.0
09250W10,21.5116,21.32,2009-02-05,BME,BLACKROCK HEALTH SCIENCES TRUST,6282.0,228.0
09250W10,21.29,21.67,2009-02-06,BME,BLACKROCK HEALTH SCIENCES TRUST,6282.0,228.0
09250W10,21.2,21.43,2009-02-09,BME,BLACKROCK HEALTH SCIENCES TRUST,6282.0,228.0
09250W10,21.1,21.1,2009-02-10,BME,BLACKROCK HEALTH SCIENCES TRUST,6282.0,228.0
09250W10,20.86,21.1,2009-02-11,BME,BLACKROCK HEALTH SCIENCES TRUST,6282.0,228.0
09250W10,20.89,20.71,2009-02-12,BME,BLACKROCK HEALTH SCIENCES TRUST,6282.0,228.0
09250W10,20.66,20.99,2009-02-13,BME,BLACKROCK HEALTH SCIENCES TRUST,6282.0,228.0
09250W10,20.29,20.36,2009-02-17,BME,BLACKROCK HEALTH SCIENCES TRUST,6282.0,228.0
09250W10,20.17,20.39,2009-02-18,BME,BLACKROCK HEALTH SCIENCES TRUST,6282.0,228.0
09250W10,20.15,20.16,2009-02-19,BME,BLACKROCK HEALTH SCIENCES TRUST,6282.0,228.0
09250W10,19.8,19.85,2009-02-20,BME,BLACKROCK HEALTH SCIENCES TRUST,6282.0,228.0
09250W10,19.258,19.62,2009-02-23,BME,BLACKROCK HEALTH SCIENCES TRUST,6282.0,228.0
09250W10,19.584,19.16,2009-02-24,BME,BLACKROCK HEALTH SCIENCES TRUST,6282.0,228.0
09250W10,19.58,19.72,2009-02-25,BME,BLACKROCK HEALTH SCIENCES TRUST,6282.0,228.0
09250W10,18.94,19.53,2009-02-26,BME,BLACKROCK HEALTH SCIENCES TRUST,6282.0,228.0
09250W10,18.0607,18.55,2009-02-27,BME,BLACKROCK HEALTH SCIENCES TRUST,6282.0,228.0
09250W10,16.91,17.81,2009-03-02,BME,BLACKROCK HEALTH SCIENCES TRUST,6282.0,228.0
09250W10,17.0,16.91,2009-03-03,BME,BLACKROCK HEALTH SCIENCES TRUST,6282.0,228.0
09250W10,17.16,16.85,2009-03-04,BME,BLACKROCK HEALTH SCIENCES TRUST,6282.0,228.0
09250W10,16.3,16.8,2009-03-05,BME,BLACKROCK HEALTH SCIENCES TRUST,6282.0,228.0
09250W10,15.99,16.17,2009-03-06,BME,BLACKROCK HEALTH SCIENCES TRUST,6282.0,228.0
09250W10,16.21,15.9,2009-03-09,BME,BLACKROCK HEALTH SCIENCES TRUST,6282.0,228.0
09250W10,16.62,16.43,2009-03-10,BME,BLACKROCK HEALTH SCIENCES TRUST,6282.0,228.0
09250W10,16.77,16.82,2009-03-11,BME,BLACKROCK HEALTH SCIENCES TRUST,6282.0,228.0
09250W10,16.95,16.03,2009-03-12,BME,BLACKROCK HEALTH SCIENCES TRUST,6282.0,228.0
09250W10,17.63,17.3,2009-03-13,BME,BLACKROCK HEALTH SCIENCES TRUST,6282.0,228.0
09250W10,17.88,17.83,2009-03-16,BME,BLACKROCK HEALTH SCIENCES TRUST,6282.0,228.0
09250W10,17.99,18.06,2009-03-17,BME,BLACKROCK HEALTH SCIENCES TRUST,6282.0,228.0
09250W10,18.5,18.1,2009-03-18,BME,BLACKROCK HEALTH SCIENCES TRUST,6282.0,228.0
09250W10,18.16,18.5,2009-03-19,BME,BLACKROCK HEALTH SCIENCES TRUST,6282.0,228.0
09250W10,17.9,18.24,2009-03-20,BME,BLACKROCK HEALTH SCIENCES TRUST,6282.0,228.0
09250W10,18.35,18.3,2009-03-23,BME,BLACKROCK HEALTH SCIENCES TRUST,6282.0,228.0
09250W10,18.26,18.32,2009-03-24,BME,BLACKROCK HEALTH SCIENCES TRUST,6282.0,228.0
09250W10,18.19,18.46,2009-03-25,BME,BLACKROCK HEALTH SCIENCES TRUST,6282.0,228.0
09250W10,18.44,18.22,2009-03-26,BME,BLACKROCK HEALTH SCIENCES TRUST,6282.0,228.0
09250W10,18.66,18.54,2009-03-27,BME,BLACKROCK HEALTH SCIENCES TRUST,6282.0,228.0
09250W10,18.65,18.52,2009-03-30,BME,BLACKROCK HEALTH SCIENCES TRUST,6282.0,228.0
09250W10,18.73,19.0,2009-03-31,BME,BLACKROCK HEALTH SCIENCES TRUST,6282.0,228.0
09250W10,18.95,18.6,2009-04-01,BME,BLACKROCK HEALTH SCIENCES TRUST,6282.0,228.0
09250W10,19.15,19.2,2009-04-02,BME,BLACKROCK HEALTH SCIENCES TRUST,6282.0,228.0
09250W10,18.8399,19.39,2009-04-03,BME,BLACKROCK HEALTH SCIENCES TRUST,6282.0,228.0
09250W10,18.74,18.7,2009-04-06,BME,BLACKROCK HEALTH SCIENCES TRUST,6282.0,228.0
09250W10,18.78,18.56,2009-04-07,BME,BLACKROCK HEALTH SCIENCES TRUST,6282.0,228.0
09250W10,18.96,19.0,2009-04-08,BME,BLACKROCK HEALTH SCIENCES TRUST,6282.0,228.0
09250W10,19.0,19.43,2009-04-09,BME,BLACKROCK HEALTH SCIENCES TRUST,6282.0,228.0
09250W10,19.08,18.95,2009-04-13,BME,BLACKROCK HEALTH SCIENCES TRUST,6282.0,228.0
09250W10,19.05,19.05,2009-04-14,BME,BLACKROCK HEALTH SCIENCES TRUST,6282.0,228.0
09250W10,19.04,18.96,2009-04-15,BME,BLACKROCK HEALTH SCIENCES TRUST,6282.0,228.0
09250W10,19.2,19.04,2009-04-16,BME,BLACKROCK HEALTH SCIENCES TRUST,6282.0,228.0
09250W10,19.4619,19.3,2009-04-17,BME,BLACKROCK HEALTH SCIENCES TRUST,6282.0,228.0
09250W10,18.89,19.31,2009-04-20,BME,BLACKROCK HEALTH SCIENCES TRUST,6282.0,228.0
09250W10,18.98,18.74,2009-04-21,BME,BLACKROCK HEALTH SCIENCES TRUST,6282.0,228.0
09250W10,18.93,18.91,2009-04-22,BME,BLACKROCK HEALTH SCIENCES TRUST,6282.0,228.0
09250W10,18.87,19.3,2009-04-23,BME,BLACKROCK HEALTH SCIENCES TRUST,6282.0,228.0
09250W10,19.25,18.8,2009-04-24,BME,BLACKROCK HEALTH SCIENCES TRUST,6282.0,228.0
09250W10,19.46,19.36,2009-04-27,BME,BLACKROCK HEALTH SCIENCES TRUST,6282.0,228.0
09250W10,19.62,19.56,2009-04-28,BME,BLACKROCK HEALTH SCIENCES TRUST,6282.0,228.0
09250W10,20.56,19.77,2009-04-29,BME,BLACKROCK HEALTH SCIENCES TRUST,6282.0,228.0
09250W10,19.72,20.36,2009-04-30,BME,BLACKROCK HEALTH SCIENCES TRUST,6282.0,228.0
09250W10,19.67,19.61,2009-05-01,BME,BLACKROCK HEALTH SCIENCES TRUST,6282.0,228.0
09250W10,19.92,19.54,2009-05-04,BME,BLACKROCK HEALTH SCIENCES TRUST,6282.0,228.0
09250W10,19.71,19.97,2009-05-05,BME,BLACKROCK HEALTH SCIENCES TRUST,6282.0,228.0
09250W10,19.8181,20.2,2009-05-06,BME,BLACKROCK HEALTH SCIENCES TRUST,6282.0,228.0
09250W10,19.82,20.0,2009-05-07,BME,BLACKROCK HEALTH SCIENCES TRUST,6282.0,228.0
09250W10,20.45,20.12,2009-05-08,BME,BLACKROCK HEALTH SCIENCES TRUST,6282.0,228.0
09250W10,20.3,20.15,2009-05-11,BME,BLACKROCK HEALTH SCIENCES TRUST,6282.0,228.0
09250W10,20.33,20.38,2009-05-12,BME,BLACKROCK HEALTH SCIENCES TRUST,6282.0,228.0
09250W10,20.19,19.96,2009-05-13,BME,BLACKROCK HEALTH SCIENCES TRUST,6282.0,228.0
09250W10,20.3156,20.16,2009-05-14,BME,BLACKROCK HEALTH SCIENCES TRUST,6282.0,228.0
09250W10,19.9601,20.35,2009-05-15,BME,BLACKROCK HEALTH SCIENCES TRUST,6282.0,228.0
09250W10,20.2013,19.97,2009-05-18,BME,BLACKROCK HEALTH SCIENCES TRUST,6282.0,228.0
09250W10,20.14,20.33,2009-05-19,BME,BLACKROCK HEALTH SCIENCES TRUST,6282.0,228.0
09250W10,20.24,20.42,2009-05-20,BME,BLACKROCK HEALTH SCIENCES TRUST,6282.0,228.0
09250W10,19.9,20.13,2009-05-21,BME,BLACKROCK HEALTH SCIENCES TRUST,6282.0,228.0
09250W10,20.17,19.9,2009-05-22,BME,BLACKROCK HEALTH SCIENCES TRUST,6282.0,228.0
09250W10,20.56,20.2,2009-05-26,BME,BLACKROCK HEALTH SCIENCES TRUST,6282.0,228.0
09250W10,20.85,20.42,2009-05-27,BME,BLACKROCK HEALTH SCIENCES TRUST,6282.0,228.0
09250W10,20.9,21.05,2009-05-28,BME,BLACKROCK HEALTH SCIENCES TRUST,6282.0,228.0
09250W10,21.08,21.18,2009-05-29,BME,BLACKROCK HEALTH SCIENCES TRUST,6282.0,228.0
09250W10,21.41,21.45,2009-06-01,BME,BLACKROCK HEALTH SCIENCES TRUST,6282.0,228.0
09250W10,21.41,21.5,2009-06-02,BME,BLACKROCK HEALTH SCIENCES TRUST,6282.0,228.0
09250W10,21.1,21.41,2009-06-03,BME,BLACKROCK HEALTH SCIENCES TRUST,6282.0,228.0
09250W10,21.45,21.0,2009-06-04,BME,BLACKROCK HEALTH SCIENCES TRUST,6282.0,228.0
09250W10,21.36,21.4,2009-06-05,BME,BLACKROCK HEALTH SCIENCES TRUST,6282.0,228.0
09250W10,20.97,21.25,2009-06-08,BME,BLACKROCK HEALTH SCIENCES TRUST,6282.0,228.0
09250W10,20.85,20.91,2009-06-09,BME,BLACKROCK HEALTH SCIENCES TRUST,6282.0,228.0
09250W10,20.7,20.82,2009-06-10,BME,BLACKROCK HEALTH SCIENCES TRUST,6282.0,228.0
09250W10,20.59,20.71,2009-06-11,BME,BLACKROCK HEALTH SCIENCES TRUST,6282.0,228.0
09250W10,20.62,20.32,2009-06-12,BME,BLACKROCK HEALTH SCIENCES TRUST,6282.0,228.0
09250W10,20.25,20.52,2009-06-15,BME,BLACKROCK HEALTH SCIENCES TRUST,6282.0,228.0
09250W10,20.2,20.11,2009-06-16,BME,BLACKROCK HEALTH SCIENCES TRUST,6282.0,228.0
09250W10,20.55,20.02,2009-06-17,BME,BLACKROCK HEALTH SCIENCES TRUST,6282.0,228.0
09250W10,20.79,20.7,2009-06-18,BME,BLACKROCK HEALTH SCIENCES TRUST,6282.0,228.0
09250W10,20.9564,21.3,2009-06-19,BME,BLACKROCK HEALTH SCIENCES TRUST,6282.0,228.0
09250W10,20.43,20.75,2009-06-22,BME,BLACKROCK HEALTH SCIENCES TRUST,6282.0,228.0
09250W10,20.36,20.43,2009-06-23,BME,BLACKROCK HEALTH SCIENCES TRUST,6282.0,228.0
09250W10,20.56,20.31,2009-06-24,BME,BLACKROCK HEALTH SCIENCES TRUST,6282.0,228.0
09250W10,20.7092,20.66,2009-06-25,BME,BLACKROCK HEALTH SCIENCES TRUST,6282.0,228.0
09250W10,20.75,20.85,2009-06-26,BME,BLACKROCK HEALTH SCIENCES TRUST,6282.0,228.0
09250W10,20.78,20.67,2009-06-29,BME,BLACKROCK HEALTH SCIENCES TRUST,6282.0,228.0
09250W10,20.766,20.92,2009-06-30,BME,BLACKROCK HEALTH SCIENCES TRUST,6282.0,228.0
09250W10,21.24,20.74,2009-07-01,BME,BLACKROCK HEALTH SCIENCES TRUST,6282.0,228.0
09250W10,21.11,21.25,2009-07-02,BME,BLACKROCK HEALTH SCIENCES TRUST,6282.0,228.0
09250W10,20.898,21.0,2009-07-06,BME,BLACKROCK HEALTH SCIENCES TRUST,6282.0,228.0
09250W10,20.97,21.17,2009-07-07,BME,BLACKROCK HEALTH SCIENCES TRUST,6282.0,228.0
09250W10,21.15,21.15,2009-07-08,BME,BLACKROCK HEALTH SCIENCES TRUST,6282.0,228.0
09250W10,20.997,21.24,2009-07-09,BME,BLACKROCK HEALTH SCIENCES TRUST,6282.0,228.0
09250W10,20.831,20.72,2009-07-10,BME,BLACKROCK HEALTH SCIENCES TRUST,6282.0,228.0
09250W10,20.67,20.75,2009-07-13,BME,BLACKROCK HEALTH SCIENCES TRUST,6282.0,228.0
09250W10,20.85,20.48,2009-07-14,BME,BLACKROCK HEALTH SCIENCES TRUST,6282.0,228.0
09250W10,21.09,21.2,2009-07-15,BME,BLACKROCK HEALTH SCIENCES TRUST,6282.0,228.0
09250W10,21.07,20.88,2009-07-16,BME,BLACKROCK HEALTH SCIENCES TRUST,6282.0,228.0
09250W10,21.2,20.81,2009-07-17,BME,BLACKROCK HEALTH SCIENCES TRUST,6282.0,228.0
09250W10,21.34,21.2,2009-07-20,BME,BLACKROCK HEALTH SCIENCES TRUST,6282.0,228.0
09250W10,21.57,21.32,2009-07-21,BME,BLACKROCK HEALTH SCIENCES TRUST,6282.0,228.0
09250W10,21.92,21.4,2009-07-22,BME,BLACKROCK HEALTH SCIENCES TRUST,6282.0,228.0
09250W10,22.31,21.77,2009-07-23,BME,BLACKROCK HEALTH SCIENCES TRUST,6282.0,228.0
09250W10,22.124,22.4,2009-07-24,BME,BLACKROCK HEALTH SCIENCES TRUST,6282.0,228.0
09250W10,22.0,22.21,2009-07-27,BME,BLACKROCK HEALTH SCIENCES TRUST,6282.0,228.0
09250W10,22.48,22.0,2009-07-28,BME,BLACKROCK HEALTH SCIENCES TRUST,6282.0,228.0
09250W10,22.35,22.35,2009-07-29,BME,BLACKROCK HEALTH SCIENCES TRUST,6282.0,228.0
09250W10,22.4,22.5,2009-07-30,BME,BLACKROCK HEALTH SCIENCES TRUST,6282.0,228.0
09250W10,22.33,22.16,2009-07-31,BME,BLACKROCK HEALTH SCIENCES TRUST,6282.0,228.0
09250W10,22.5,22.33,2009-08-03,BME,BLACKROCK HEALTH SCIENCES TRUST,6282.0,228.0
09250W10,22.74,22.5,2009-08-04,BME,BLACKROCK HEALTH SCIENCES TRUST,6282.0,228.0
09250W10,23.01,22.54,2009-08-05,BME,BLACKROCK HEALTH SCIENCES TRUST,6282.0,228.0
09250W10,22.47,23.1,2009-08-06,BME,BLACKROCK HEALTH SCIENCES TRUST,6282.0,228.0
09250W10,23.2,22.56,2009-08-07,BME,BLACKROCK HEALTH SCIENCES TRUST,6282.0,228.0
09250W10,22.75,23.15,2009-08-10,BME,BLACKROCK HEALTH SCIENCES TRUST,6282.0,228.0
09250W10,22.49,22.6,2009-08-11,BME,BLACKROCK HEALTH SCIENCES TRUST,6282.0,228.0
09250W10,22.55,22.63,2009-08-12,BME,BLACKROCK HEALTH SCIENCES TRUST,6282.0,228.0
09250W10,22.35,22.43,2009-08-13,BME,BLACKROCK HEALTH SCIENCES TRUST,6282.0,228.0
09250W10,22.35,22.35,2009-08-14,BME,BLACKROCK HEALTH SCIENCES TRUST,6282.0,228.0
09250W10,22.25,22.0,2009-08-17,BME,BLACKROCK HEALTH SCIENCES TRUST,6282.0,228.0
09250W10,22.37,22.26,2009-08-18,BME,BLACKROCK HEALTH SCIENCES TRUST,6282.0,228.0
09250W10,22.891,22.09,2009-08-19,BME,BLACKROCK HEALTH SCIENCES TRUST,6282.0,228.0
09250W10,22.93,22.62,2009-08-20,BME,BLACKROCK HEALTH SCIENCES TRUST,6282.0,228.0
09250W10,23.61,23.27,2009-08-21,BME,BLACKROCK HEALTH SCIENCES TRUST,6282.0,228.0
09250W10,23.5,23.5,2009-08-24,BME,BLACKROCK HEALTH SCIENCES TRUST,6282.0,228.0
09250W10,23.63,23.5,2009-08-25,BME,BLACKROCK HEALTH SCIENCES TRUST,6282.0,228.0
09250W10,23.46,23.48,2009-08-26,BME,BLACKROCK HEALTH SCIENCES TRUST,6282.0,228.0
09250W10,23.14,23.27,2009-08-27,BME,BLACKROCK HEALTH SCIENCES TRUST,6282.0,228.0
09250W10,23.0,23.2,2009-08-28,BME,BLACKROCK HEALTH SCIENCES TRUST,6282.0,228.0
09250W10,22.9,22.91,2009-08-31,BME,BLACKROCK HEALTH SCIENCES TRUST,6282.0,228.0
09250W10,22.45,22.9,2009-09-01,BME,BLACKROCK HEALTH SCIENCES TRUST,6282.0,228.0
09250W10,22.22,22.23,2009-09-02,BME,BLACKROCK HEALTH SCIENCES TRUST,6282.0,228.0
09250W10,22.17,22.22,2009-09-03,BME,BLACKROCK HEALTH SCIENCES TRUST,6282.0,228.0
09250W10,22.34,22.17,2009-09-04,BME,BLACKROCK HEALTH SCIENCES TRUST,6282.0,228.0
09250W10,22.48,22.5,2009-09-08,BME,BLACKROCK HEALTH SCIENCES TRUST,6282.0,228.0
09250W10,22.53,22.35,2009-09-09,BME,BLACKROCK HEALTH SCIENCES TRUST,6282.0,228.0
09250W10,22.9,22.56,2009-09-10,BME,BLACKROCK HEALTH SCIENCES TRUST,6282.0,228.0
09250W10,22.62,22.24,2009-09-11,BME,BLACKROCK HEALTH SCIENCES TRUST,6282.0,228.0
09250W10,22.8,22.25,2009-09-14,BME,BLACKROCK HEALTH SCIENCES TRUST,6282.0,228.0
09250W10,22.8,22.95,2009-09-15,BME,BLACKROCK HEALTH SCIENCES TRUST,6282.0,228.0
09250W10,23.205,22.7,2009-09-16,BME,BLACKROCK HEALTH SCIENCES TRUST,6282.0,228.0
09250W10,23.29,22.99,2009-09-17,BME,BLACKROCK HEALTH SCIENCES TRUST,6282.0,228.0
09250W10,23.32,23.15,2009-09-18,BME,BLACKROCK HEALTH SCIENCES TRUST,6282.0,228.0
09250W10,23.1173,23.29,2009-09-21,BME,BLACKROCK HEALTH SCIENCES TRUST,6282.0,228.0
09250W10,23.37,23.02,2009-09-22,BME,BLACKROCK HEALTH SCIENCES TRUST,6282.0,228.0
09250W10,23.1607,23.32,2009-09-23,BME,BLACKROCK HEALTH SCIENCES TRUST,6282.0,228.0
09250W10,22.9408,23.16,2009-09-24,BME,BLACKROCK HEALTH SCIENCES TRUST,6282.0,228.0
09250W10,22.9201,22.83,2009-09-25,BME,BLACKROCK HEALTH SCIENCES TRUST,6282.0,228.0
09250W10,23.28,23.18,2009-09-28,BME,BLACKROCK HEALTH SCIENCES TRUST,6282.0,228.0
09250W10,23.44,23.23,2009-09-29,BME,BLACKROCK HEALTH SCIENCES TRUST,6282.0,228.0
09250W10,23.38,23.35,2009-09-30,BME,BLACKROCK HEALTH SCIENCES TRUST,6282.0,228.0
09250W10,23.273,23.11,2009-10-01,BME,BLACKROCK HEALTH SCIENCES TRUST,6282.0,228.0
09250W10,22.8,22.85,2009-10-02,BME,BLACKROCK HEALTH SCIENCES TRUST,6282.0,228.0
09250W10,22.85,22.72,2009-10-05,BME,BLACKROCK HEALTH SCIENCES TRUST,6282.0,228.0
09250W10,23.17,23.19,2009-10-06,BME,BLACKROCK HEALTH SCIENCES TRUST,6282.0,228.0
09250W10,23.4916,23.2,2009-10-07,BME,BLACKROCK HEALTH SCIENCES TRUST,6282.0,228.0
09250W10,23.61,23.11,2009-10-08,BME,BLACKROCK HEALTH SCIENCES TRUST,6282.0,228.0
09250W10,23.6,23.52,2009-10-09,BME,BLACKROCK HEALTH SCIENCES TRUST,6282.0,228.0
09250W10,23.9,23.72,2009-10-12,BME,BLACKROCK HEALTH SCIENCES TRUST,6282.0,228.0
09250W10,23.5201,23.9,2009-10-13,BME,BLACKROCK HEALTH SCIENCES TRUST,6282.0,228.0
09250W10,23.73,23.46,2009-10-14,BME,BLACKROCK HEALTH SCIENCES TRUST,6282.0,228.0
09250W10,23.72,23.9,2009-10-15,BME,BLACKROCK HEALTH SCIENCES TRUST,6282.0,228.0
09250W10,23.79,23.5,2009-10-16,BME,BLACKROCK HEALTH SCIENCES TRUST,6282.0,228.0
09250W10,23.79,23.86,2009-10-19,BME,BLACKROCK HEALTH SCIENCES TRUST,6282.0,228.0
09250W10,23.573,23.95,2009-10-20,BME,BLACKROCK HEALTH SCIENCES TRUST,6282.0,228.0
09250W10,23.886,23.93,2009-10-21,BME,BLACKROCK HEALTH SCIENCES TRUST,6282.0,228.0
09250W10,23.96,23.93,2009-10-22,BME,BLACKROCK HEALTH SCIENCES TRUST,6282.0,228.0
09250W10,23.59,23.93,2009-10-23,BME,BLACKROCK HEALTH SCIENCES TRUST,6282.0,228.0
09250W10,23.418,23.37,2009-10-26,BME,BLACKROCK HEALTH SCIENCES TRUST,6282.0,228.0
09250W10,23.37,23.3,2009-10-27,BME,BLACKROCK HEALTH SCIENCES TRUST,6282.0,228.0
09250W10,22.64,23.46,2009-10-28,BME,BLACKROCK HEALTH SCIENCES TRUST,6282.0,228.0
09250W10,23.0415,23.0,2009-10-29,BME,BLACKROCK HEALTH SCIENCES TRUST,6282.0,228.0
09250W10,22.61,23.0,2009-10-30,BME,BLACKROCK HEALTH SCIENCES TRUST,6282.0,228.0
09250W10,22.75,22.92,2009-11-02,BME,BLACKROCK HEALTH SCIENCES TRUST,6282.0,228.0
09250W10,23.09,22.29,2009-11-03,BME,BLACKROCK HEALTH SCIENCES TRUST,6282.0,228.0
09250W10,23.81,23.3,2009-11-04,BME,BLACKROCK HEALTH SCIENCES TRUST,6282.0,228.0
09250W10,24.0,23.96,2009-11-05,BME,BLACKROCK HEALTH SCIENCES TRUST,6282.0,228.0
09250W10,24.0,23.57,2009-11-06,BME,BLACKROCK HEALTH SCIENCES TRUST,6282.0,228.0
09250W10,24.42,24.27,2009-11-09,BME,BLACKROCK HEALTH SCIENCES TRUST,6282.0,228.0
09250W10,23.82,24.26,2009-11-10,BME,BLACKROCK HEALTH SCIENCES TRUST,6282.0,228.0
09250W10,24.21,23.84,2009-11-11,BME,BLACKROCK HEALTH SCIENCES TRUST,6282.0,228.0
09250W10,24.04,24.02,2009-11-12,BME,BLACKROCK HEALTH SCIENCES TRUST,6282.0,228.0
09250W10,24.2,24.04,2009-11-13,BME,BLACKROCK HEALTH SCIENCES TRUST,6282.0,228.0
09250W10,24.461,24.08,2009-11-16,BME,BLACKROCK HEALTH SCIENCES TRUST,6282.0,228.0
09250W10,24.42,25.37,2009-11-17,BME,BLACKROCK HEALTH SCIENCES TRUST,6282.0,228.0
09250W10,24.79,24.31,2009-11-18,BME,BLACKROCK HEALTH SCIENCES TRUST,6282.0,228.0
09250W10,24.42,24.77,2009-11-19,BME,BLACKROCK HEALTH SCIENCES TRUST,6282.0,228.0
09250W10,24.2544,24.07,2009-11-20,BME,BLACKROCK HEALTH SCIENCES TRUST,6282.0,228.0
09250W10,24.5085,24.74,2009-11-23,BME,BLACKROCK HEALTH SCIENCES TRUST,6282.0,228.0
09250W10,24.68,24.54,2009-11-24,BME,BLACKROCK HEALTH SCIENCES TRUST,6282.0,228.0
09250W10,25.0,24.69,2009-11-25,BME,BLACKROCK HEALTH SCIENCES TRUST,6282.0,228.0
09250W10,24.63,24.61,2009-11-27,BME,BLACKROCK HEALTH SCIENCES TRUST,6282.0,228.0
09250W10,24.77,24.7,2009-11-30,BME,BLACKROCK HEALTH SCIENCES TRUST,6282.0,228.0
09250W10,24.9499,24.87,2009-12-01,BME,BLACKROCK HEALTH SCIENCES TRUST,6282.0,228.0
09250W10,25.01,24.95,2009-12-02,BME,BLACKROCK HEALTH SCIENCES TRUST,6282.0,228.0
09250W10,24.89,25.01,2009-12-03,BME,BLACKROCK HEALTH SCIENCES TRUST,6282.0,228.0
09250W10,25.0,24.9,2009-12-04,BME,BLACKROCK HEALTH SCIENCES TRUST,6282.0,228.0
09250W10,25.2,25.05,2009-12-07,BME,BLACKROCK HEALTH SCIENCES TRUST,6282.0,228.0
09250W10,25.43,24.86,2009-12-08,BME,BLACKROCK HEALTH SCIENCES TRUST,6282.0,228.0
09250W10,25.36,25.42,2009-12-09,BME,BLACKROCK HEALTH SCIENCES TRUST,6282.0,228.0
09250W10,25.75,25.6,2009-12-10,BME,BLACKROCK HEALTH SCIENCES TRUST,6282.0,228.0
09250W10,25.77,25.84,2009-12-11,BME,BLACKROCK HEALTH SCIENCES TRUST,6282.0,228.0
09250W10,26.07,25.8,2009-12-14,BME,BLACKROCK HEALTH SCIENCES TRUST,6282.0,228.0
09250W10,26.37,25.96,2009-12-15,BME,BLACKROCK HEALTH SCIENCES TRUST,6282.0,228.0
09250W10,26.97,26.24,2009-12-16,BME,BLACKROCK HEALTH SCIENCES TRUST,6282.0,228.0
09250W10,26.5256,26.57,2009-12-17,BME,BLACKROCK HEALTH SCIENCES TRUST,6282.0,228.0
09250W10,25.72,26.25,2009-12-18,BME,BLACKROCK HEALTH SCIENCES TRUST,6282.0,228.0
09250W10,25.5,25.61,2009-12-21,BME,BLACKROCK HEALTH SCIENCES TRUST,6282.0,228.0
09250W10,26.0299,25.32,2009-12-22,BME,BLACKROCK HEALTH SCIENCES TRUST,6282.0,228.0
09250W10,26.06,25.88,2009-12-23,BME,BLACKROCK HEALTH SCIENCES TRUST,6282.0,228.0
09250W10,25.81,25.87,2009-12-24,BME,BLACKROCK HEALTH SCIENCES TRUST,6282.0,228.0
09250W10,25.4805,26.02,2009-12-28,BME,BLACKROCK HEALTH SCIENCES TRUST,6282.0,228.0
09250W10,25.65,25.37,2009-12-29,BME,BLACKROCK HEALTH SCIENCES TRUST,6282.0,228.0
09250W10,25.7036,25.65,2009-12-30,BME,BLACKROCK HEALTH SCIENCES TRUST,6282.0,228.0
09250W10,26.23,25.9,2009-12-31,BME,BLACKROCK HEALTH SCIENCES TRUST,6282.0,228.0
09250W10,26.4,26.62,2010-01-04,BME,BLACKROCK HEALTH SCIENCES TRUST,6282.0,228.0
09250W10,26.31,26.57,2010-01-05,BME,BLACKROCK HEALTH SCIENCES TRUST,6282.0,228.0
09250W10,26.62,26.22,2010-01-06,BME,BLACKROCK HEALTH SCIENCES TRUST,6282.0,228.0
09250W10,26.49,26.47,2010-01-07,BME,BLACKROCK HEALTH SCIENCES TRUST,6282.0,228.0
09250W10,26.5,26.49,2010-01-08,BME,BLACKROCK HEALTH SCIENCES TRUST,6282.0,228.0
09250W10,26.44,26.79,2010-01-11,BME,BLACKROCK HEALTH SCIENCES TRUST,6282.0,228.0
09250W10,26.1505,26.43,2010-01-12,BME,BLACKROCK HEALTH SCIENCES TRUST,6282.0,228.0
09250W10,26.1163,26.03,2010-01-13,BME,BLACKROCK HEALTH SCIENCES TRUST,6282.0,228.0
09250W10,26.45,26.32,2010-01-14,BME,BLACKROCK HEALTH SCIENCES TRUST,6282.0,228.0
09250W10,26.2,26.21,2010-01-15,BME,BLACKROCK HEALTH SCIENCES TRUST,6282.0,228.0
09250W10,27.2,26.25,2010-01-19,BME,BLACKROCK HEALTH SCIENCES TRUST,6282.0,228.0
09250W10,27.26,26.87,2010-01-20,BME,BLACKROCK HEALTH SCIENCES TRUST,6282.0,228.0
09250W10,27.1875,27.26,2010-01-21,BME,BLACKROCK HEALTH SCIENCES TRUST,6282.0,228.0
09250W10,27.18,27.07,2010-01-22,BME,BLACKROCK HEALTH SCIENCES TRUST,6282.0,228.0
09250W10,27.139,27.29,2010-01-25,BME,BLACKROCK HEALTH SCIENCES TRUST,6282.0,228.0
09250W10,26.794,26.88,2010-01-26,BME,BLACKROCK HEALTH SCIENCES TRUST,6282.0,228.0
09250W10,25.69,26.6,2010-01-27,BME,BLACKROCK HEALTH SCIENCES TRUST,6282.0,228.0
09250W10,25.65,25.54,2010-01-28,BME,BLACKROCK HEALTH SCIENCES TRUST,6282.0,228.0
09250W10,25.44,25.8,2010-01-29,BME,BLACKROCK HEALTH SCIENCES TRUST,6282.0,228.0
09250W10,25.625,25.75,2010-02-01,BME,BLACKROCK HEALTH SCIENCES TRUST,6282.0,228.0
09250W10,26.02,25.46,2010-02-02,BME,BLACKROCK HEALTH SCIENCES TRUST,6282.0,228.0
09250W10,26.36,26.25,2010-02-03,BME,BLACKROCK HEALTH SCIENCES TRUST,6282.0,228.0
09250W10,25.75,26.06,2010-02-04,BME,BLACKROCK HEALTH SCIENCES TRUST,6282.0,228.0
09250W10,24.8,25.57,2010-02-05,BME,BLACKROCK HEALTH SCIENCES TRUST,6282.0,228.0
09250W10,24.95,24.88,2010-02-08,BME,BLACKROCK HEALTH SCIENCES TRUST,6282.0,228.0
09250W10,25.0005,24.9,2010-02-09,BME,BLACKROCK HEALTH SCIENCES TRUST,6282.0,228.0
09250W10,24.9792,24.9,2010-02-10,BME,BLACKROCK HEALTH SCIENCES TRUST,6282.0,228.0
09250W10,25.04,24.58,2010-02-11,BME,BLACKROCK HEALTH SCIENCES TRUST,6282.0,228.0
09250W10,25.048,24.8,2010-02-12,BME,BLACKROCK HEALTH SCIENCES TRUST,6282.0,228.0
09250W10,25.33,25.44,2010-02-16,BME,BLACKROCK HEALTH SCIENCES TRUST,6282.0,228.0
09250W10,25.6566,25.3,2010-02-17,BME,BLACKROCK HEALTH SCIENCES TRUST,6282.0,228.0
09250W10,25.61,25.79,2010-02-18,BME,BLACKROCK HEALTH SCIENCES TRUST,6282.0,228.0
09250W10,25.65,25.38,2010-02-19,BME,BLACKROCK HEALTH SCIENCES TRUST,6282.0,228.0
09250W10,25.9,25.92,2010-02-22,BME,BLACKROCK HEALTH SCIENCES TRUST,6282.0,228.0
09250W10,25.708,26.0,2010-02-23,BME,BLACKROCK HEALTH SCIENCES TRUST,6282.0,228.0
09250W10,26.13,25.73,2010-02-24,BME,BLACKROCK HEALTH SCIENCES TRUST,6282.0,228.0
09250W10,25.8999,25.89,2010-02-25,BME,BLACKROCK HEALTH SCIENCES TRUST,6282.0,228.0
09250W10,26.17,25.87,2010-02-26,BME,BLACKROCK HEALTH SCIENCES TRUST,6282.0,228.0
09250W10,26.41,26.39,2010-03-01,BME,BLACKROCK HEALTH SCIENCES TRUST,6282.0,228.0
09250W10,26.53,26.5,2010-03-02,BME,BLACKROCK HEALTH SCIENCES TRUST,6282.0,228.0
09250W10,26.35,26.54,2010-03-03,BME,BLACKROCK HEALTH SCIENCES TRUST,6282.0,228.0
09250W10,26.2,26.37,2010-03-04,BME,BLACKROCK HEALTH SCIENCES TRUST,6282.0,228.0
09250W10,26.6799,26.25,2010-03-05,BME,BLACKROCK HEALTH SCIENCES TRUST,6282.0,228.0
09250W10,26.6,26.77,2010-03-08,BME,BLACKROCK HEALTH SCIENCES TRUST,6282.0,228.0
09250W10,26.43,26.5,2010-03-09,BME,BLACKROCK HEALTH SCIENCES TRUST,6282.0,228.0
09250W10,26.5362,26.29,2010-03-10,BME,BLACKROCK HEALTH SCIENCES TRUST,6282.0,228.0
09250W10,26.2,25.86,2010-03-11,BME,BLACKROCK HEALTH SCIENCES TRUST,6282.0,228.0
09250W10,26.24,26.44,2010-03-12,BME,BLACKROCK HEALTH SCIENCES TRUST,6282.0,228.0
09250W10,26.2704,26.13,2010-03-15,BME,BLACKROCK HEALTH SCIENCES TRUST,6282.0,228.0
09250W10,26.3099,26.28,2010-03-16,BME,BLACKROCK HEALTH SCIENCES TRUST,6282.0,228.0
09250W10,26.4199,26.32,2010-03-17,BME,BLACKROCK HEALTH SCIENCES TRUST,6282.0,228.0
09250W10,26.44,26.33,2010-03-18,BME,BLACKROCK HEALTH SCIENCES TRUST,6282.0,228.0
09250W10,26.424,26.36,2010-03-19,BME,BLACKROCK HEALTH SCIENCES TRUST,6282.0,228.0
09250W10,26.7134,26.26,2010-03-22,BME,BLACKROCK HEALTH SCIENCES TRUST,6282.0,228.0
09250W10,26.85,26.84,2010-03-23,BME,BLACKROCK HEALTH SCIENCES TRUST,6282.0,228.0
09250W10,26.7782,26.67,2010-03-24,BME,BLACKROCK HEALTH SCIENCES TRUST,6282.0,228.0
09250W10,26.6,26.8,2010-03-25,BME,BLACKROCK HEALTH SCIENCES TRUST,6282.0,228.0
09250W10,26.46,26.58,2010-03-26,BME,BLACKROCK HEALTH SCIENCES TRUST,6282.0,228.0
09250W10,26.5601,26.3,2010-03-29,BME,BLACKROCK HEALTH SCIENCES TRUST,6282.0,228.0
09250W10,26.57,26.45,2010-03-30,BME,BLACKROCK HEALTH SCIENCES TRUST,6282.0,228.0
09250W10,26.4301,26.57,2010-03-31,BME,BLACKROCK HEALTH SCIENCES TRUST,6282.0,228.0
09250W10,27.01,26.67,2010-04-01,BME,BLACKROCK HEALTH SCIENCES TRUST,6282.0,228.0
09250W10,27.1122,26.98,2010-04-05,BME,BLACKROCK HEALTH SCIENCES TRUST,6282.0,228.0
09250W10,27.29,27.12,2010-04-06,BME,BLACKROCK HEALTH SCIENCES TRUST,6282.0,228.0
09250W10,27.14,27.39,2010-04-07,BME,BLACKROCK HEALTH SCIENCES TRUST,6282.0,228.0
09250W10,27.306,27.14,2010-04-08,BME,BLACKROCK HEALTH SCIENCES TRUST,6282.0,228.0
09250W10,27.5,27.44,2010-04-09,BME,BLACKROCK HEALTH SCIENCES TRUST,6282.0,228.0
09250W10,27.386,27.44,2010-04-12,BME,BLACKROCK HEALTH SCIENCES TRUST,6282.0,228.0
09250W10,27.3,27.47,2010-04-13,BME,BLACKROCK HEALTH SCIENCES TRUST,6282.0,228.0
09250W10,27.08,27.35,2010-04-14,BME,BLACKROCK HEALTH SCIENCES TRUST,6282.0,228.0
09250W10,27.06,27.27,2010-04-15,BME,BLACKROCK HEALTH SCIENCES TRUST,6282.0,228.0
09250W10,26.82,27.14,2010-04-16,BME,BLACKROCK HEALTH SCIENCES TRUST,6282.0,228.0
09250W10,26.8,26.92,2010-04-19,BME,BLACKROCK HEALTH SCIENCES TRUST,6282.0,228.0
09250W10,27.0778,26.81,2010-04-20,BME,BLACKROCK HEALTH SCIENCES TRUST,6282.0,228.0
09250W10,27.15,27.19,2010-04-21,BME,BLACKROCK HEALTH SCIENCES TRUST,6282.0,228.0
09250W10,27.1,27.14,2010-04-22,BME,BLACKROCK HEALTH SCIENCES TRUST,6282.0,228.0
09250W10,27.2556,26.97,2010-04-23,BME,BLACKROCK HEALTH SCIENCES TRUST,6282.0,228.0
09250W10,26.88,27.34,2010-04-26,BME,BLACKROCK HEALTH SCIENCES TRUST,6282.0,228.0
09250W10,27.1,26.94,2010-04-27,BME,BLACKROCK HEALTH SCIENCES TRUST,6282.0,228.0
09250W10,27.1956,27.34,2010-04-28,BME,BLACKROCK HEALTH SCIENCES TRUST,6282.0,228.0
09250W10,27.41,27.35,2010-04-29,BME,BLACKROCK HEALTH SCIENCES TRUST,6282.0,228.0
09250W10,27.41,27.5,2010-04-30,BME,BLACKROCK HEALTH SCIENCES TRUST,6282.0,228.0
09250W10,27.13,27.3,2010-05-03,BME,BLACKROCK HEALTH SCIENCES TRUST,6282.0,228.0
09250W10,26.74,27.07,2010-05-04,BME,BLACKROCK HEALTH SCIENCES TRUST,6282.0,228.0
09250W10,27.051,26.41,2010-05-05,BME,BLACKROCK HEALTH SCIENCES TRUST,6282.0,228.0
09250W10,25.7,26.96,2010-05-06,BME,BLACKROCK HEALTH SCIENCES TRUST,6282.0,228.0
09250W10,25.0601,25.77,2010-05-07,BME,BLACKROCK HEALTH SCIENCES TRUST,6282.0,228.0
09250W10,25.25,24.25,2010-05-10,BME,BLACKROCK HEALTH SCIENCES TRUST,6282.0,228.0
09250W10,25.4,24.77,2010-05-11,BME,BLACKROCK HEALTH SCIENCES TRUST,6282.0,228.0
09250W10,26.03,25.68,2010-05-12,BME,BLACKROCK HEALTH SCIENCES TRUST,6282.0,228.0
09250W10,26.0,25.69,2010-05-13,BME,BLACKROCK HEALTH SCIENCES TRUST,6282.0,228.0
09250W10,25.51,26.31,2010-05-14,BME,BLACKROCK HEALTH SCIENCES TRUST,6282.0,228.0
09250W10,25.3,25.63,2010-05-17,BME,BLACKROCK HEALTH SCIENCES TRUST,6282.0,228.0
09250W10,25.2645,25.61,2010-05-18,BME,BLACKROCK HEALTH SCIENCES TRUST,6282.0,228.0
09250W10,25.0,25.29,2010-05-19,BME,BLACKROCK HEALTH SCIENCES TRUST,6282.0,228.0
09250W10,23.95,24.8,2010-05-20,BME,BLACKROCK HEALTH SCIENCES TRUST,6282.0,228.0
09250W10,23.64,23.29,2010-05-21,BME,BLACKROCK HEALTH SCIENCES TRUST,6282.0,228.0
09250W10,23.64,23.18,2010-05-24,BME,BLACKROCK HEALTH SCIENCES TRUST,6282.0,228.0
09250W10,23.45,23.47,2010-05-25,BME,BLACKROCK HEALTH SCIENCES TRUST,6282.0,228.0
09250W10,23.551,23.65,2010-05-26,BME,BLACKROCK HEALTH SCIENCES TRUST,6282.0,228.0
09250W10,24.1,23.8,2010-05-27,BME,BLACKROCK HEALTH SCIENCES TRUST,6282.0,228.0
09250W10,23.9901,24.26,2010-05-28,BME,BLACKROCK HEALTH SCIENCES TRUST,6282.0,228.0
09250W10,24.01,23.84,2010-06-01,BME,BLACKROCK HEALTH SCIENCES TRUST,6282.0,228.0
09250W10,24.3,23.84,2010-06-02,BME,BLACKROCK HEALTH SCIENCES TRUST,6282.0,228.0
09250W10,24.45,24.47,2010-06-03,BME,BLACKROCK HEALTH SCIENCES TRUST,6282.0,228.0
09250W10,23.95,24.0,2010-06-04,BME,BLACKROCK HEALTH SCIENCES TRUST,6282.0,228.0
09250W10,23.76,23.86,2010-06-07,BME,BLACKROCK HEALTH SCIENCES TRUST,6282.0,228.0
09250W10,23.7,23.9,2010-06-08,BME,BLACKROCK HEALTH SCIENCES TRUST,6282.0,228.0
09250W10,23.5764,23.94,2010-06-09,BME,BLACKROCK HEALTH SCIENCES TRUST,6282.0,228.0
09250W10,24.1501,23.93,2010-06-10,BME,BLACKROCK HEALTH SCIENCES TRUST,6282.0,228.0
09250W10,24.026,23.94,2010-06-11,BME,BLACKROCK HEALTH SCIENCES TRUST,6282.0,228.0
09250W10,24.43,24.38,2010-06-14,BME,BLACKROCK HEALTH SCIENCES TRUST,6282.0,228.0
09250W10,24.83,24.72,2010-06-15,BME,BLACKROCK HEALTH SCIENCES TRUST,6282.0,228.0
09250W10,24.8899,24.7,2010-06-16,BME,BLACKROCK HEALTH SCIENCES TRUST,6282.0,228.0
09250W10,24.91,25.07,2010-06-17,BME,BLACKROCK HEALTH SCIENCES TRUST,6282.0,228.0
09250W10,25.81,25.12,2010-06-18,BME,BLACKROCK HEALTH SCIENCES TRUST,6282.0,228.0
09250W10,25.26,25.77,2010-06-21,BME,BLACKROCK HEALTH SCIENCES TRUST,6282.0,228.0
09250W10,24.8799,25.29,2010-06-22,BME,BLACKROCK HEALTH SCIENCES TRUST,6282.0,228.0
09250W10,24.78,24.99,2010-06-23,BME,BLACKROCK HEALTH SCIENCES TRUST,6282.0,228.0
09250W10,24.55,24.94,2010-06-24,BME,BLACKROCK HEALTH SCIENCES TRUST,6282.0,228.0
09250W10,24.6301,24.79,2010-06-25,BME,BLACKROCK HEALTH SCIENCES TRUST,6282.0,228.0
09250W10,24.68,24.89,2010-06-28,BME,BLACKROCK HEALTH SCIENCES TRUST,6282.0,228.0
09250W10,23.98,24.65,2010-06-29,BME,BLACKROCK HEALTH SCIENCES TRUST,6282.0,228.0
09250W10,23.73,24.13,2010-06-30,BME,BLACKROCK HEALTH SCIENCES TRUST,6282.0,228.0
09250W10,23.66,23.69,2010-07-01,BME,BLACKROCK HEALTH SCIENCES TRUST,6282.0,228.0
09250W10,23.95,23.5,2010-07-02,BME,BLACKROCK HEALTH SCIENCES TRUST,6282.0,228.0
09250W10,23.9601,23.98,2010-07-06,BME,BLACKROCK HEALTH SCIENCES TRUST,6282.0,228.0
09250W10,24.1163,23.92,2010-07-07,BME,BLACKROCK HEALTH SCIENCES TRUST,6282.0,228.0
09250W10,24.51,24.36,2010-07-08,BME,BLACKROCK HEALTH SCIENCES TRUST,6282.0,228.0
09250W10,25.53,24.69,2010-07-09,BME,BLACKROCK HEALTH SCIENCES TRUST,6282.0,228.0
09250W10,25.15,25.63,2010-07-12,BME,BLACKROCK HEALTH SCIENCES TRUST,6282.0,228.0
09250W10,25.8,25.64,2010-07-13,BME,BLACKROCK HEALTH SCIENCES TRUST,6282.0,228.0
09250W10,25.15,25.74,2010-07-14,BME,BLACKROCK HEALTH SCIENCES TRUST,6282.0,228.0
09250W10,24.37,25.37,2010-07-15,BME,BLACKROCK HEALTH SCIENCES TRUST,6282.0,228.0
09250W10,23.9568,24.45,2010-07-16,BME,BLACKROCK HEALTH SCIENCES TRUST,6282.0,228.0
09250W10,23.9645,24.16,2010-07-19,BME,BLACKROCK HEALTH SCIENCES TRUST,6282.0,228.0
09250W10,23.96,23.88,2010-07-20,BME,BLACKROCK HEALTH SCIENCES TRUST,6282.0,228.0
09250W10,23.834,23.91,2010-07-21,BME,BLACKROCK HEALTH SCIENCES TRUST,6282.0,228.0
09250W10,24.05,24.45,2010-07-22,BME,BLACKROCK HEALTH SCIENCES TRUST,6282.0,228.0
09250W10,24.07,24.26,2010-07-23,BME,BLACKROCK HEALTH SCIENCES TRUST,6282.0,228.0
09250W10,24.39,24.15,2010-07-26,BME,BLACKROCK HEALTH SCIENCES TRUST,6282.0,228.0
09250W10,24.99,24.45,2010-07-27,BME,BLACKROCK HEALTH SCIENCES TRUST,6282.0,228.0
09250W10,24.6934,25.0,2010-07-28,BME,BLACKROCK HEALTH SCIENCES TRUST,6282.0,228.0
09250W10,24.68,24.99,2010-07-29,BME,BLACKROCK HEALTH SCIENCES TRUST,6282.0,228.0
09250W10,24.7911,24.58,2010-07-30,BME,BLACKROCK HEALTH SCIENCES TRUST,6282.0,228.0
09250W10,25.26,25.09,2010-08-02,BME,BLACKROCK HEALTH SCIENCES TRUST,6282.0,228.0
09250W10,24.9899,25.41,2010-08-03,BME,BLACKROCK HEALTH SCIENCES TRUST,6282.0,228.0
09250W10,24.91,24.94,2010-08-04,BME,BLACKROCK HEALTH SCIENCES TRUST,6282.0,228.0
09250W10,24.88,24.97,2010-08-05,BME,BLACKROCK HEALTH SCIENCES TRUST,6282.0,228.0
09250W10,24.8906,24.94,2010-08-06,BME,BLACKROCK HEALTH SCIENCES TRUST,6282.0,228.0
09250W10,25.0,25.08,2010-08-09,BME,BLACKROCK HEALTH SCIENCES TRUST,6282.0,228.0
09250W10,25.25,25.16,2010-08-10,BME,BLACKROCK HEALTH SCIENCES TRUST,6282.0,228.0
09250W10,24.66,25.1,2010-08-11,BME,BLACKROCK HEALTH SCIENCES TRUST,6282.0,228.0
09250W10,24.8,24.33,2010-08-12,BME,BLACKROCK HEALTH SCIENCES TRUST,6282.0,228.0
09250W10,24.8752,24.47,2010-08-13,BME,BLACKROCK HEALTH SCIENCES TRUST,6282.0,228.0
09250W10,24.8441,25.02,2010-08-16,BME,BLACKROCK HEALTH SCIENCES TRUST,6282.0,228.0
09250W10,24.99,25.39,2010-08-17,BME,BLACKROCK HEALTH SCIENCES TRUST,6282.0,228.0
09250W10,25.04,24.99,2010-08-18,BME,BLACKROCK HEALTH SCIENCES TRUST,6282.0,228.0
09250W10,24.76,25.18,2010-08-19,BME,BLACKROCK HEALTH SCIENCES TRUST,6282.0,228.0
09250W10,24.36,25.14,2010-08-20,BME,BLACKROCK HEALTH SCIENCES TRUST,6282.0,228.0
09250W10,24.72,24.66,2010-08-23,BME,BLACKROCK HEALTH SCIENCES TRUST,6282.0,228.0
09250W10,24.4885,24.74,2010-08-24,BME,BLACKROCK HEALTH SCIENCES TRUST,6282.0,228.0
09250W10,24.57,24.46,2010-08-25,BME,BLACKROCK HEALTH SCIENCES TRUST,6282.0,228.0
09250W10,24.43,24.6,2010-08-26,BME,BLACKROCK HEALTH SCIENCES TRUST,6282.0,228.0
09250W10,24.3795,24.57,2010-08-27,BME,BLACKROCK HEALTH SCIENCES TRUST,6282.0,228.0
09250W10,23.87,24.4,2010-08-30,BME,BLACKROCK HEALTH SCIENCES TRUST,6282.0,228.0
09250W10,23.7,23.88,2010-08-31,BME,BLACKROCK HEALTH SCIENCES TRUST,6282.0,228.0
09250W10,24.0799,23.74,2010-09-01,BME,BLACKROCK HEALTH SCIENCES TRUST,6282.0,228.0
09250W10,24.3049,24.32,2010-09-02,BME,BLACKROCK HEALTH SCIENCES TRUST,6282.0,228.0
09250W10,24.37,24.36,2010-09-03,BME,BLACKROCK HEALTH SCIENCES TRUST,6282.0,228.0
09250W10,24.3,24.39,2010-09-07,BME,BLACKROCK HEALTH SCIENCES TRUST,6282.0,228.0
09250W10,24.44,24.44,2010-09-08,BME,BLACKROCK HEALTH SCIENCES TRUST,6282.0,228.0
09250W10,24.7599,24.72,2010-09-09,BME,BLACKROCK HEALTH SCIENCES TRUST,6282.0,228.0
09250W10,24.98,24.99,2010-09-10,BME,BLACKROCK HEALTH SCIENCES TRUST,6282.0,228.0
09250W10,24.75,24.85,2010-09-13,BME,BLACKROCK HEALTH SCIENCES TRUST,6282.0,228.0
09250W10,24.77,24.86,2010-09-14,BME,BLACKROCK HEALTH SCIENCES TRUST,6282.0,228.0
09250W10,24.79,24.62,2010-09-15,BME,BLACKROCK HEALTH SCIENCES TRUST,6282.0,228.0
09250W10,24.655,24.84,2010-09-16,BME,BLACKROCK HEALTH SCIENCES TRUST,6282.0,228.0
09250W10,24.68,24.54,2010-09-17,BME,BLACKROCK HEALTH SCIENCES TRUST,6282.0,228.0
09250W10,24.98,24.9,2010-09-20,BME,BLACKROCK HEALTH SCIENCES TRUST,6282.0,228.0
09250W10,24.991,25.0,2010-09-21,BME,BLACKROCK HEALTH SCIENCES TRUST,6282.0,228.0
09250W10,24.9501,24.99,2010-09-22,BME,BLACKROCK HEALTH SCIENCES TRUST,6282.0,228.0
09250W10,24.91,24.95,2010-09-23,BME,BLACKROCK HEALTH SCIENCES TRUST,6282.0,228.0
09250W10,25.295,25.26,2010-09-24,BME,BLACKROCK HEALTH SCIENCES TRUST,6282.0,228.0
09250W10,25.1678,25.27,2010-09-27,BME,BLACKROCK HEALTH SCIENCES TRUST,6282.0,228.0
09250W10,25.51,25.3,2010-09-28,BME,BLACKROCK HEALTH SCIENCES TRUST,6282.0,228.0
09250W10,25.5,25.67,2010-09-29,BME,BLACKROCK HEALTH SCIENCES TRUST,6282.0,228.0
09250W10,25.4524,25.69,2010-09-30,BME,BLACKROCK HEALTH SCIENCES TRUST,6282.0,228.0
09250W10,25.6,25.62,2010-10-01,BME,BLACKROCK HEALTH SCIENCES TRUST,6282.0,228.0
09250W10,25.7,25.79,2010-10-04,BME,BLACKROCK HEALTH SCIENCES TRUST,6282.0,228.0
09250W10,27.05,25.97,2010-10-05,BME,BLACKROCK HEALTH SCIENCES TRUST,6282.0,228.0
09250W10,26.5,26.99,2010-10-06,BME,BLACKROCK HEALTH SCIENCES TRUST,6282.0,228.0
09250W10,26.3393,26.82,2010-10-07,BME,BLACKROCK HEALTH SCIENCES TRUST,6282.0,228.0
09250W10,26.7601,26.28,2010-10-08,BME,BLACKROCK HEALTH SCIENCES TRUST,6282.0,228.0
09250W10,26.75,26.99,2010-10-11,BME,BLACKROCK HEALTH SCIENCES TRUST,6282.0,228.0
09250W10,26.6,26.86,2010-10-12,BME,BLACKROCK HEALTH SCIENCES TRUST,6282.0,228.0
09250W10,26.39,26.68,2010-10-13,BME,BLACKROCK HEALTH SCIENCES TRUST,6282.0,228.0
09250W10,26.47,26.54,2010-10-14,BME,BLACKROCK HEALTH SCIENCES TRUST,6282.0,228.0
09250W10,26.71,26.71,2010-10-15,BME,BLACKROCK HEALTH SCIENCES TRUST,6282.0,228.0
09250W10,27.25,26.84,2010-10-18,BME,BLACKROCK HEALTH SCIENCES TRUST,6282.0,228.0
09250W10,26.924,27.12,2010-10-19,BME,BLACKROCK HEALTH SCIENCES TRUST,6282.0,228.0
09250W10,26.72,27.0,2010-10-20,BME,BLACKROCK HEALTH SCIENCES TRUST,6282.0,228.0
09250W10,26.69,26.95,2010-10-21,BME,BLACKROCK HEALTH SCIENCES TRUST,6282.0,228.0
09250W10,26.742,26.89,2010-10-22,BME,BLACKROCK HEALTH SCIENCES TRUST,6282.0,228.0
09250W10,26.89,26.99,2010-10-25,BME,BLACKROCK HEALTH SCIENCES TRUST,6282.0,228.0
09250W10,26.92,27.09,2010-10-26,BME,BLACKROCK HEALTH SCIENCES TRUST,6282.0,228.0
09250W10,27.15,27.06,2010-10-27,BME,BLACKROCK HEALTH SCIENCES TRUST,6282.0,228.0
09250W10,27.154,27.16,2010-10-28,BME,BLACKROCK HEALTH SCIENCES TRUST,6282.0,228.0
09250W10,27.14,27.28,2010-10-29,BME,BLACKROCK HEALTH SCIENCES TRUST,6282.0,228.0
09250W10,27.17,27.3,2010-11-01,BME,BLACKROCK HEALTH SCIENCES TRUST,6282.0,228.0
09250W10,27.463,27.46,2010-11-02,BME,BLACKROCK HEALTH SCIENCES TRUST,6282.0,228.0
09250W10,26.95,27.5,2010-11-03,BME,BLACKROCK HEALTH SCIENCES TRUST,6282.0,228.0
09250W10,27.04,27.32,2010-11-04,BME,BLACKROCK HEALTH SCIENCES TRUST,6282.0,228.0
09250W10,26.9844,27.07,2010-11-05,BME,BLACKROCK HEALTH SCIENCES TRUST,6282.0,228.0
09250W10,27.12,27.15,2010-11-08,BME,BLACKROCK HEALTH SCIENCES TRUST,6282.0,228.0
09250W10,27.29,27.29,2010-11-09,BME,BLACKROCK HEALTH SCIENCES TRUST,6282.0,228.0
09250W10,27.02,27.45,2010-11-10,BME,BLACKROCK HEALTH SCIENCES TRUST,6282.0,228.0
09250W10,26.72,27.12,2010-11-11,BME,BLACKROCK HEALTH SCIENCES TRUST,6282.0,228.0
09250W10,26.57,26.81,2010-11-12,BME,BLACKROCK HEALTH SCIENCES TRUST,6282.0,228.0
09250W10,26.45,26.75,2010-11-15,BME,BLACKROCK HEALTH SCIENCES TRUST,6282.0,228.0
09250W10,25.82,26.51,2010-11-16,BME,BLACKROCK HEALTH SCIENCES TRUST,6282.0,228.0
09250W10,26.2501,25.77,2010-11-17,BME,BLACKROCK HEALTH SCIENCES TRUST,6282.0,228.0
09250W10,26.1,26.67,2010-11-18,BME,BLACKROCK HEALTH SCIENCES TRUST,6282.0,228.0
09250W10,26.12,26.24,2010-11-19,BME,BLACKROCK HEALTH SCIENCES TRUST,6282.0,228.0
09250W10,26.16,26.25,2010-11-22,BME,BLACKROCK HEALTH SCIENCES TRUST,6282.0,228.0
09250W10,25.81,26.21,2010-11-23,BME,BLACKROCK HEALTH SCIENCES TRUST,6282.0,228.0
09250W10,26.38,25.81,2010-11-24,BME,BLACKROCK HEALTH SCIENCES TRUST,6282.0,228.0
09250W10,26.2499,26.43,2010-11-26,BME,BLACKROCK HEALTH SCIENCES TRUST,6282.0,228.0
09250W10,26.33,26.2,2010-11-29,BME,BLACKROCK HEALTH SCIENCES TRUST,6282.0,228.0
09250W10,26.09,26.06,2010-11-30,BME,BLACKROCK HEALTH SCIENCES TRUST,6282.0,228.0
09250W10,26.46,26.4,2010-12-01,BME,BLACKROCK HEALTH SCIENCES TRUST,6282.0,228.0
09250W10,26.78,26.59,2010-12-02,BME,BLACKROCK HEALTH SCIENCES TRUST,6282.0,228.0
09250W10,26.86,26.65,2010-12-03,BME,BLACKROCK HEALTH SCIENCES TRUST,6282.0,228.0
09250W10,26.892,26.96,2010-12-06,BME,BLACKROCK HEALTH SCIENCES TRUST,6282.0,228.0
09250W10,26.8978,27.01,2010-12-07,BME,BLACKROCK HEALTH SCIENCES TRUST,6282.0,228.0
09250W10,26.9,27.14,2010-12-08,BME,BLACKROCK HEALTH SCIENCES TRUST,6282.0,228.0
09250W10,26.894,26.9,2010-12-09,BME,BLACKROCK HEALTH SCIENCES TRUST,6282.0,228.0
09250W10,27.55,26.84,2010-12-10,BME,BLACKROCK HEALTH SCIENCES TRUST,6282.0,228.0
09250W10,27.47,27.7,2010-12-13,BME,BLACKROCK HEALTH SCIENCES TRUST,6282.0,228.0
09250W10,27.63,27.43,2010-12-14,BME,BLACKROCK HEALTH SCIENCES TRUST,6282.0,228.0
09250W10,27.75,27.66,2010-12-15,BME,BLACKROCK HEALTH SCIENCES TRUST,6282.0,228.0
09250W10,27.86,27.88,2010-12-16,BME,BLACKROCK HEALTH SCIENCES TRUST,6282.0,228.0
09250W10,26.97,26.55,2010-12-17,BME,BLACKROCK HEALTH SCIENCES TRUST,6282.0,228.0
09250W10,26.5548,27.13,2010-12-20,BME,BLACKROCK HEALTH SCIENCES TRUST,6282.0,228.0
09250W10,26.2,26.56,2010-12-21,BME,BLACKROCK HEALTH SCIENCES TRUST,6282.0,228.0
09250W10,25.93,26.1,2010-12-22,BME,BLACKROCK HEALTH SCIENCES TRUST,6282.0,228.0
09250W10,25.949,26.12,2010-12-23,BME,BLACKROCK HEALTH SCIENCES TRUST,6282.0,228.0
09250W10,26.07,25.9,2010-12-27,BME,BLACKROCK HEALTH SCIENCES TRUST,6282.0,228.0
09250W10,25.98,26.26,2010-12-28,BME,BLACKROCK HEALTH SCIENCES TRUST,6282.0,228.0
09250W10,25.97,26.0,2010-12-29,BME,BLACKROCK HEALTH SCIENCES TRUST,6282.0,228.0
09250W10,25.97,26.03,2010-12-30,BME,BLACKROCK HEALTH SCIENCES TRUST,6282.0,228.0
09250W10,26.2199,26.04,2010-12-31,BME,BLACKROCK HEALTH SCIENCES TRUST,6282.0,228.0
09250W10,26.7104,26.14,2011-01-03,BME,BLACKROCK HEALTH SCIENCES TRUST,6282.0,228.0
09250W10,26.93,26.94,2011-01-04,BME,BLACKROCK HEALTH SCIENCES TRUST,6282.0,228.0
09250W10,27.28,27.05,2011-01-05,BME,BLACKROCK HEALTH SCIENCES TRUST,6282.0,228.0
09250W10,27.11,27.28,2011-01-06,BME,BLACKROCK HEALTH SCIENCES TRUST,6282.0,228.0
09250W10,27.3122,26.78,2011-01-07,BME,BLACKROCK HEALTH SCIENCES TRUST,6282.0,228.0
09250W10,27.374,27.23,2011-01-10,BME,BLACKROCK HEALTH SCIENCES TRUST,6282.0,228.0
09250W10,27.5197,27.6,2011-01-11,BME,BLACKROCK HEALTH SCIENCES TRUST,6282.0,228.0
09250W10,27.29,27.57,2011-01-12,BME,BLACKROCK HEALTH SCIENCES TRUST,6282.0,228.0
09250W10,27.6,27.1,2011-01-13,BME,BLACKROCK HEALTH SCIENCES TRUST,6282.0,228.0
09250W10,27.47,27.45,2011-01-14,BME,BLACKROCK HEALTH SCIENCES TRUST,6282.0,228.0
09250W10,27.47,27.31,2011-01-18,BME,BLACKROCK HEALTH SCIENCES TRUST,6282.0,228.0
09250W10,27.5,27.57,2011-01-19,BME,BLACKROCK HEALTH SCIENCES TRUST,6282.0,228.0
09250W10,27.4,27.32,2011-01-20,BME,BLACKROCK HEALTH SCIENCES TRUST,6282.0,228.0
09250W10,27.27,27.59,2011-01-21,BME,BLACKROCK HEALTH SCIENCES TRUST,6282.0,228.0
09250W10,27.04,27.18,2011-01-24,BME,BLACKROCK HEALTH SCIENCES TRUST,6282.0,228.0
09250W10,27.0,27.07,2011-01-25,BME,BLACKROCK HEALTH SCIENCES TRUST,6282.0,228.0
09250W10,27.499,26.95,2011-01-26,BME,BLACKROCK HEALTH SCIENCES TRUST,6282.0,228.0
09250W10,27.1576,27.41,2011-01-27,BME,BLACKROCK HEALTH SCIENCES TRUST,6282.0,228.0
09250W10,26.5,27.25,2011-01-28,BME,BLACKROCK HEALTH SCIENCES TRUST,6282.0,228.0
09250W10,26.53,26.41,2011-01-31,BME,BLACKROCK HEALTH SCIENCES TRUST,6282.0,228.0
09250W10,26.83,26.56,2011-02-01,BME,BLACKROCK HEALTH SCIENCES TRUST,6282.0,228.0
09250W10,26.74,26.7,2011-02-02,BME,BLACKROCK HEALTH SCIENCES TRUST,6282.0,228.0
09250W10,27.05,26.64,2011-02-03,BME,BLACKROCK HEALTH SCIENCES TRUST,6282.0,228.0
09250W10,27.0,26.99,2011-02-04,BME,BLACKROCK HEALTH SCIENCES TRUST,6282.0,228.0
09250W10,26.9601,27.05,2011-02-07,BME,BLACKROCK HEALTH SCIENCES TRUST,6282.0,228.0
09250W10,26.89,26.93,2011-02-08,BME,BLACKROCK HEALTH SCIENCES TRUST,6282.0,228.0
09250W10,27.2189,26.81,2011-02-09,BME,BLACKROCK HEALTH SCIENCES TRUST,6282.0,228.0
09250W10,27.219,27.2,2011-02-10,BME,BLACKROCK HEALTH SCIENCES TRUST,6282.0,228.0
09250W10,27.27,27.2,2011-02-11,BME,BLACKROCK HEALTH SCIENCES TRUST,6282.0,228.0
09250W10,27.24,27.3,2011-02-14,BME,BLACKROCK HEALTH SCIENCES TRUST,6282.0,228.0
09250W10,27.02,27.12,2011-02-15,BME,BLACKROCK HEALTH SCIENCES TRUST,6282.0,228.0
09250W10,27.3981,27.02,2011-02-16,BME,BLACKROCK HEALTH SCIENCES TRUST,6282.0,228.0
09250W10,27.4886,27.3,2011-02-17,BME,BLACKROCK HEALTH SCIENCES TRUST,6282.0,228.0
09250W10,27.465,27.47,2011-02-18,BME,BLACKROCK HEALTH SCIENCES TRUST,6282.0,228.0
09250W10,27.186,27.2,2011-02-22,BME,BLACKROCK HEALTH SCIENCES TRUST,6282.0,228.0
09250W10,27.0701,27.28,2011-02-23,BME,BLACKROCK HEALTH SCIENCES TRUST,6282.0,228.0
09250W10,27.1298,27.25,2011-02-24,BME,BLACKROCK HEALTH SCIENCES TRUST,6282.0,228.0
09250W10,27.06,27.28,2011-02-25,BME,BLACKROCK HEALTH SCIENCES TRUST,6282.0,228.0
09250W10,27.144,27.13,2011-02-28,BME,BLACKROCK HEALTH SCIENCES TRUST,6282.0,228.0
09250W10,26.8801,27.08,2011-03-01,BME,BLACKROCK HEALTH SCIENCES TRUST,6282.0,228.0
09250W10,26.86,26.85,2011-03-02,BME,BLACKROCK HEALTH SCIENCES TRUST,6282.0,228.0
09250W10,27.07,26.9,2011-03-03,BME,BLACKROCK HEALTH SCIENCES TRUST,6282.0,228.0
09250W10,27.16,27.07,2011-03-04,BME,BLACKROCK HEALTH SCIENCES TRUST,6282.0,228.0
09250W10,27.07,26.74,2011-03-07,BME,BLACKROCK HEALTH SCIENCES TRUST,6282.0,228.0
09250W10,27.13,26.98,2011-03-08,BME,BLACKROCK HEALTH SCIENCES TRUST,6282.0,228.0
09250W10,27.274,27.01,2011-03-09,BME,BLACKROCK HEALTH SCIENCES TRUST,6282.0,228.0
09250W10,26.91,27.0,2011-03-10,BME,BLACKROCK HEALTH SCIENCES TRUST,6282.0,228.0
09250W10,26.74,26.66,2011-03-11,BME,BLACKROCK HEALTH SCIENCES TRUST,6282.0,228.0
09250W10,26.47,26.5,2011-03-14,BME,BLACKROCK HEALTH SCIENCES TRUST,6282.0,228.0
09250W10,26.2001,25.83,2011-03-15,BME,BLACKROCK HEALTH SCIENCES TRUST,6282.0,228.0
09250W10,25.75,26.12,2011-03-16,BME,BLACKROCK HEALTH SCIENCES TRUST,6282.0,228.0
09250W10,26.17,26.01,2011-03-17,BME,BLACKROCK HEALTH SCIENCES TRUST,6282.0,228.0
09250W10,26.2201,26.305,2011-03-18,BME,BLACKROCK HEALTH SCIENCES TRUST,6282.0,228.0
09250W10,26.47,26.59,2011-03-21,BME,BLACKROCK HEALTH SCIENCES TRUST,6282.0,228.0
09250W10,26.6,26.4,2011-03-22,BME,BLACKROCK HEALTH SCIENCES TRUST,6282.0,228.0
09250W10,26.41,26.44,2011-03-23,BME,BLACKROCK HEALTH SCIENCES TRUST,6282.0,228.0
09250W10,26.684,26.42,2011-03-24,BME,BLACKROCK HEALTH SCIENCES TRUST,6282.0,228.0
09250W10,26.84,26.72,2011-03-25,BME,BLACKROCK HEALTH SCIENCES TRUST,6282.0,228.0
09250W10,26.78,26.78,2011-03-28,BME,BLACKROCK HEALTH SCIENCES TRUST,6282.0,228.0
09250W10,27.12,26.62,2011-03-29,BME,BLACKROCK HEALTH SCIENCES TRUST,6282.0,228.0
09250W10,27.06,27.08,2011-03-30,BME,BLACKROCK HEALTH SCIENCES TRUST,6282.0,228.0
09250W10,26.92,27.11,2011-03-31,BME,BLACKROCK HEALTH SCIENCES TRUST,6282.0,228.0
09250W10,27.1553,27.02,2011-04-01,BME,BLACKROCK HEALTH SCIENCES TRUST,6282.0,228.0
09250W10,27.224,27.25,2011-04-04,BME,BLACKROCK HEALTH SCIENCES TRUST,6282.0,228.0
09250W10,27.11,27.03,2011-04-05,BME,BLACKROCK HEALTH SCIENCES TRUST,6282.0,228.0
09250W10,27.2201,27.17,2011-04-06,BME,BLACKROCK HEALTH SCIENCES TRUST,6282.0,228.0
09250W10,27.236,27.17,2011-04-07,BME,BLACKROCK HEALTH SCIENCES TRUST,6282.0,228.0
09250W10,27.2604,27.23,2011-04-08,BME,BLACKROCK HEALTH SCIENCES TRUST,6282.0,228.0
09250W10,27.49,27.38,2011-04-11,BME,BLACKROCK HEALTH SCIENCES TRUST,6282.0,228.0
09250W10,27.4168,27.28,2011-04-12,BME,BLACKROCK HEALTH SCIENCES TRUST,6282.0,228.0
09250W10,27.36,27.44,2011-04-13,BME,BLACKROCK HEALTH SCIENCES TRUST,6282.0,228.0
09250W10,27.51,27.38,2011-04-14,BME,BLACKROCK HEALTH SCIENCES TRUST,6282.0,228.0
09250W10,27.8,27.45,2011-04-15,BME,BLACKROCK HEALTH SCIENCES TRUST,6282.0,228.0
09250W10,27.362,27.73,2011-04-18,BME,BLACKROCK HEALTH SCIENCES TRUST,6282.0,228.0
09250W10,27.588,27.38,2011-04-19,BME,BLACKROCK HEALTH SCIENCES TRUST,6282.0,228.0
09250W10,27.77,27.78,2011-04-20,BME,BLACKROCK HEALTH SCIENCES TRUST,6282.0,228.0
09250W10,28.04,28.8,2011-04-21,BME,BLACKROCK HEALTH SCIENCES TRUST,6282.0,228.0
09250W10,28.01,28.21,2011-04-25,BME,BLACKROCK HEALTH SCIENCES TRUST,6282.0,228.0
09250W10,28.31,28.01,2011-04-26,BME,BLACKROCK HEALTH SCIENCES TRUST,6282.0,228.0
09250W10,28.4,28.19,2011-04-27,BME,BLACKROCK HEALTH SCIENCES TRUST,6282.0,228.0
09250W10,28.55,28.3,2011-04-28,BME,BLACKROCK HEALTH SCIENCES TRUST,6282.0,228.0
09250W10,28.43,28.49,2011-04-29,BME,BLACKROCK HEALTH SCIENCES TRUST,6282.0,228.0
09250W10,28.7132,28.45,2011-05-02,BME,BLACKROCK HEALTH SCIENCES TRUST,6282.0,228.0
09250W10,28.6,28.8,2011-05-03,BME,BLACKROCK HEALTH SCIENCES TRUST,6282.0,228.0
09250W10,28.54,28.52,2011-05-04,BME,BLACKROCK HEALTH SCIENCES TRUST,6282.0,228.0
09250W10,28.68,28.55,2011-05-05,BME,BLACKROCK HEALTH SCIENCES TRUST,6282.0,228.0
09250W10,28.61,28.94,2011-05-06,BME,BLACKROCK HEALTH SCIENCES TRUST,6282.0,228.0
09250W10,28.49,28.6,2011-05-09,BME,BLACKROCK HEALTH SCIENCES TRUST,6282.0,228.0
09250W10,28.7101,28.5335,2011-05-10,BME,BLACKROCK HEALTH SCIENCES TRUST,6282.0,228.0
09250W10,28.63,28.83,2011-05-11,BME,BLACKROCK HEALTH SCIENCES TRUST,6282.0,228.0
09250W10,28.71,28.47,2011-05-12,BME,BLACKROCK HEALTH SCIENCES TRUST,6282.0,228.0
09250W10,28.399,28.56,2011-05-13,BME,BLACKROCK HEALTH SCIENCES TRUST,6282.0,228.0
09250W10,28.3,28.28,2011-05-16,BME,BLACKROCK HEALTH SCIENCES TRUST,6282.0,228.0
09250W10,28.39,28.29,2011-05-17,BME,BLACKROCK HEALTH SCIENCES TRUST,6282.0,228.0
09250W10,28.61,28.33,2011-05-18,BME,BLACKROCK HEALTH SCIENCES TRUST,6282.0,228.0
09250W10,28.5,28.58,2011-05-19,BME,BLACKROCK HEALTH SCIENCES TRUST,6282.0,228.0
09250W10,28.5599,28.6,2011-05-20,BME,BLACKROCK HEALTH SCIENCES TRUST,6282.0,228.0
09250W10,28.65,28.5,2011-05-23,BME,BLACKROCK HEALTH SCIENCES TRUST,6282.0,228.0
09250W10,28.405,28.63,2011-05-24,BME,BLACKROCK HEALTH SCIENCES TRUST,6282.0,228.0
09250W10,28.5776,28.3,2011-05-25,BME,BLACKROCK HEALTH SCIENCES TRUST,6282.0,228.0
09250W10,28.35,28.5,2011-05-26,BME,BLACKROCK HEALTH SCIENCES TRUST,6282.0,228.0
09250W10,28.652,28.38,2011-05-27,BME,BLACKROCK HEALTH SCIENCES TRUST,6282.0,228.0
09250W10,29.1601,28.81,2011-05-31,BME,BLACKROCK HEALTH SCIENCES TRUST,6282.0,228.0
09250W10,28.8518,29.14,2011-06-01,BME,BLACKROCK HEALTH SCIENCES TRUST,6282.0,228.0
09250W10,28.74,28.86,2011-06-02,BME,BLACKROCK HEALTH SCIENCES TRUST,6282.0,228.0
09250W10,28.51,28.62,2011-06-03,BME,BLACKROCK HEALTH SCIENCES TRUST,6282.0,228.0
09250W10,28.15,28.39,2011-06-06,BME,BLACKROCK HEALTH SCIENCES TRUST,6282.0,228.0
09250W10,28.16,28.16,2011-06-07,BME,BLACKROCK HEALTH SCIENCES TRUST,6282.0,228.0
09250W10,28.22,28.27,2011-06-08,BME,BLACKROCK HEALTH SCIENCES TRUST,6282.0,228.0
09250W10,28.435,28.16,2011-06-09,BME,BLACKROCK HEALTH SCIENCES TRUST,6282.0,228.0
09250W10,28.34,28.27,2011-06-10,BME,BLACKROCK HEALTH SCIENCES TRUST,6282.0,228.0
09250W10,27.799,27.76,2011-06-13,BME,BLACKROCK HEALTH SCIENCES TRUST,6282.0,228.0
09250W10,28.065,28.0,2011-06-14,BME,BLACKROCK HEALTH SCIENCES TRUST,6282.0,228.0
09250W10,27.882,27.8,2011-06-15,BME,BLACKROCK HEALTH SCIENCES TRUST,6282.0,228.0
09250W10,27.81,28.0,2011-06-16,BME,BLACKROCK HEALTH SCIENCES TRUST,6282.0,228.0
09250W10,28.0287,27.95,2011-06-17,BME,BLACKROCK HEALTH SCIENCES TRUST,6282.0,228.0
09250W10,28.21,27.91,2011-06-20,BME,BLACKROCK HEALTH SCIENCES TRUST,6282.0,228.0
09250W10,28.65,28.2,2011-06-21,BME,BLACKROCK HEALTH SCIENCES TRUST,6282.0,228.0
09250W10,28.65,28.49,2011-06-22,BME,BLACKROCK HEALTH SCIENCES TRUST,6282.0,228.0
09250W10,28.52,28.63,2011-06-23,BME,BLACKROCK HEALTH SCIENCES TRUST,6282.0,228.0
09250W10,28.6599,28.6,2011-06-24,BME,BLACKROCK HEALTH SCIENCES TRUST,6282.0,228.0
09250W10,29.06,28.52,2011-06-27,BME,BLACKROCK HEALTH SCIENCES TRUST,6282.0,228.0
09250W10,28.95,28.99,2011-06-28,BME,BLACKROCK HEALTH SCIENCES TRUST,6282.0,228.0
09250W10,29.24,28.92,2011-06-29,BME,BLACKROCK HEALTH SCIENCES TRUST,6282.0,228.0
09250W10,29.82,29.25,2011-06-30,BME,BLACKROCK HEALTH SCIENCES TRUST,6282.0,228.0
09250W10,29.61,29.69,2011-07-01,BME,BLACKROCK HEALTH SCIENCES TRUST,6282.0,228.0
09250W10,29.6,29.46,2011-07-05,BME,BLACKROCK HEALTH SCIENCES TRUST,6282.0,228.0
09250W10,29.55,29.43,2011-07-06,BME,BLACKROCK HEALTH SCIENCES TRUST,6282.0,228.0
09250W10,29.37,29.65,2011-07-07,BME,BLACKROCK HEALTH SCIENCES TRUST,6282.0,228.0
09250W10,28.8,29.27,2011-07-08,BME,BLACKROCK HEALTH SCIENCES TRUST,6282.0,228.0
09250W10,28.1,28.79,2011-07-11,BME,BLACKROCK HEALTH SCIENCES TRUST,6282.0,228.0
09250W10,28.69,28.02,2011-07-12,BME,BLACKROCK HEALTH SCIENCES TRUST,6282.0,228.0
09250W10,28.5,28.59,2011-07-13,BME,BLACKROCK HEALTH SCIENCES TRUST,6282.0,228.0
09250W10,28.26,28.46,2011-07-14,BME,BLACKROCK HEALTH SCIENCES TRUST,6282.0,228.0
09250W10,28.29,28.28,2011-07-15,BME,BLACKROCK HEALTH SCIENCES TRUST,6282.0,228.0
09250W10,28.1958,28.1,2011-07-18,BME,BLACKROCK HEALTH SCIENCES TRUST,6282.0,228.0
09250W10,28.309,28.2,2011-07-19,BME,BLACKROCK HEALTH SCIENCES TRUST,6282.0,228.0
09250W10,28.4,28.35,2011-07-20,BME,BLACKROCK HEALTH SCIENCES TRUST,6282.0,228.0
09250W10,28.88,28.45,2011-07-21,BME,BLACKROCK HEALTH SCIENCES TRUST,6282.0,228.0
09250W10,28.8084,28.73,2011-07-22,BME,BLACKROCK HEALTH SCIENCES TRUST,6282.0,228.0
09250W10,28.6,28.7,2011-07-25,BME,BLACKROCK HEALTH SCIENCES TRUST,6282.0,228.0
09250W10,28.2,28.44,2011-07-26,BME,BLACKROCK HEALTH SCIENCES TRUST,6282.0,228.0
09250W10,27.53,28.08,2011-07-27,BME,BLACKROCK HEALTH SCIENCES TRUST,6282.0,228.0
09250W10,27.36,27.7,2011-07-28,BME,BLACKROCK HEALTH SCIENCES TRUST,6282.0,228.0
09250W10,26.87,27.13,2011-07-29,BME,BLACKROCK HEALTH SCIENCES TRUST,6282.0,228.0
09250W10,26.34,27.15,2011-08-01,BME,BLACKROCK HEALTH SCIENCES TRUST,6282.0,228.0
09250W10,25.98,26.24,2011-08-02,BME,BLACKROCK HEALTH SCIENCES TRUST,6282.0,228.0
09250W10,25.98,26.08,2011-08-03,BME,BLACKROCK HEALTH SCIENCES TRUST,6282.0,228.0
09250W10,24.93,25.99,2011-08-04,BME,BLACKROCK HEALTH SCIENCES TRUST,6282.0,228.0
09250W10,24.87,25.04,2011-08-05,BME,BLACKROCK HEALTH SCIENCES TRUST,6282.0,228.0
09250W10,23.5501,24.05,2011-08-08,BME,BLACKROCK HEALTH SCIENCES TRUST,6282.0,228.0
09250W10,23.96,23.48,2011-08-09,BME,BLACKROCK HEALTH SCIENCES TRUST,6282.0,228.0
09250W10,23.36,23.52,2011-08-10,BME,BLACKROCK HEALTH SCIENCES TRUST,6282.0,228.0
09250W10,24.26,23.33,2011-08-11,BME,BLACKROCK HEALTH SCIENCES TRUST,6282.0,228.0
09250W10,24.5598,24.31,2011-08-12,BME,BLACKROCK HEALTH SCIENCES TRUST,6282.0,228.0
09250W10,24.95,24.56,2011-08-15,BME,BLACKROCK HEALTH SCIENCES TRUST,6282.0,228.0
09250W10,25.0399,24.82,2011-08-16,BME,BLACKROCK HEALTH SCIENCES TRUST,6282.0,228.0
09250W10,24.98,25.04,2011-08-17,BME,BLACKROCK HEALTH SCIENCES TRUST,6282.0,228.0
09250W10,24.24,24.78,2011-08-18,BME,BLACKROCK HEALTH SCIENCES TRUST,6282.0,228.0
09250W10,24.2,24.11,2011-08-19,BME,BLACKROCK HEALTH SCIENCES TRUST,6282.0,228.0
09250W10,24.2,24.45,2011-08-22,BME,BLACKROCK HEALTH SCIENCES TRUST,6282.0,228.0
09250W10,24.75,24.01,2011-08-23,BME,BLACKROCK HEALTH SCIENCES TRUST,6282.0,228.0
09250W10,25.0,24.79,2011-08-24,BME,BLACKROCK HEALTH SCIENCES TRUST,6282.0,228.0
09250W10,24.68,24.99,2011-08-25,BME,BLACKROCK HEALTH SCIENCES TRUST,6282.0,228.0
09250W10,25.06,24.55,2011-08-26,BME,BLACKROCK HEALTH SCIENCES TRUST,6282.0,228.0
09250W10,25.62,25.12,2011-08-29,BME,BLACKROCK HEALTH SCIENCES TRUST,6282.0,228.0
09250W10,25.87,25.61,2011-08-30,BME,BLACKROCK HEALTH SCIENCES TRUST,6282.0,228.0
09250W10,25.99,25.88,2011-08-31,BME,BLACKROCK HEALTH SCIENCES TRUST,6282.0,228.0
09250W10,25.6504,25.84,2011-09-01,BME,BLACKROCK HEALTH SCIENCES TRUST,6282.0,228.0
09250W10,25.107,25.18,2011-09-02,BME,BLACKROCK HEALTH SCIENCES TRUST,6282.0,228.0
09250W10,24.98,24.49,2011-09-06,BME,BLACKROCK HEALTH SCIENCES TRUST,6282.0,228.0
09250W10,25.5,25.1,2011-09-07,BME,BLACKROCK HEALTH SCIENCES TRUST,6282.0,228.0
09250W10,25.35,25.27,2011-09-08,BME,BLACKROCK HEALTH SCIENCES TRUST,6282.0,228.0
09250W10,24.7265,25.11,2011-09-09,BME,BLACKROCK HEALTH SCIENCES TRUST,6282.0,228.0
09250W10,24.73,24.5,2011-09-12,BME,BLACKROCK HEALTH SCIENCES TRUST,6282.0,228.0
09250W10,24.58,24.45,2011-09-13,BME,BLACKROCK HEALTH SCIENCES TRUST,6282.0,228.0
09250W10,25.13,24.73,2011-09-14,BME,BLACKROCK HEALTH SCIENCES TRUST,6282.0,228.0
09250W10,25.16,25.15,2011-09-15,BME,BLACKROCK HEALTH SCIENCES TRUST,6282.0,228.0
09250W10,25.11,25.11,2011-09-16,BME,BLACKROCK HEALTH SCIENCES TRUST,6282.0,228.0
09250W10,25.3032,24.99,2011-09-19,BME,BLACKROCK HEALTH SCIENCES TRUST,6282.0,228.0
09250W10,25.04,25.32,2011-09-20,BME,BLACKROCK HEALTH SCIENCES TRUST,6282.0,228.0
09250W10,24.97,24.93,2011-09-21,BME,BLACKROCK HEALTH SCIENCES TRUST,6282.0,228.0
09250W10,24.1,24.34,2011-09-22,BME,BLACKROCK HEALTH SCIENCES TRUST,6282.0,228.0
09250W10,23.93,24.17,2011-09-23,BME,BLACKROCK HEALTH SCIENCES TRUST,6282.0,228.0
09250W10,24.28,24.25,2011-09-26,BME,BLACKROCK HEALTH SCIENCES TRUST,6282.0,228.0
09250W10,24.67,24.55,2011-09-27,BME,BLACKROCK HEALTH SCIENCES TRUST,6282.0,228.0
09250W10,24.29,24.64,2011-09-28,BME,BLACKROCK HEALTH SCIENCES TRUST,6282.0,228.0
09250W10,24.3501,24.46,2011-09-29,BME,BLACKROCK HEALTH SCIENCES TRUST,6282.0,228.0
09250W10,24.05,24.33,2011-09-30,BME,BLACKROCK HEALTH SCIENCES TRUST,6282.0,228.0
09250W10,23.458,24.0,2011-10-03,BME,BLACKROCK HEALTH SCIENCES TRUST,6282.0,228.0
09250W10,23.12,23.03,2011-10-04,BME,BLACKROCK HEALTH SCIENCES TRUST,6282.0,228.0
09250W10,23.64,23.24,2011-10-05,BME,BLACKROCK HEALTH SCIENCES TRUST,6282.0,228.0
09250W10,24.0,23.6,2011-10-06,BME,BLACKROCK HEALTH SCIENCES TRUST,6282.0,228.0
09250W10,24.01,23.93,2011-10-07,BME,BLACKROCK HEALTH SCIENCES TRUST,6282.0,228.0
09250W10,24.62,24.06,2011-10-10,BME,BLACKROCK HEALTH SCIENCES TRUST,6282.0,228.0
09250W10,24.81,24.86,2011-10-11,BME,BLACKROCK HEALTH SCIENCES TRUST,6282.0,228.0
09250W10,25.02,24.86,2011-10-12,BME,BLACKROCK HEALTH SCIENCES TRUST,6282.0,228.0
09250W10,25.08,24.76,2011-10-13,BME,BLACKROCK HEALTH SCIENCES TRUST,6282.0,228.0
09250W10,26.03,25.18,2011-10-14,BME,BLACKROCK HEALTH SCIENCES TRUST,6282.0,228.0
09250W10,26.22,25.85,2011-10-17,BME,BLACKROCK HEALTH SCIENCES TRUST,6282.0,228.0
09250W10,26.33,26.38,2011-10-18,BME,BLACKROCK HEALTH SCIENCES TRUST,6282.0,228.0
09250W10,26.68,26.29,2011-10-19,BME,BLACKROCK HEALTH SCIENCES TRUST,6282.0,228.0
09250W10,26.62,26.65,2011-10-20,BME,BLACKROCK HEALTH SCIENCES TRUST,6282.0,228.0
09250W10,26.16,26.8,2011-10-21,BME,BLACKROCK HEALTH SCIENCES TRUST,6282.0,228.0
09250W10,25.56,25.95,2011-10-24,BME,BLACKROCK HEALTH SCIENCES TRUST,6282.0,228.0
09250W10,25.77,25.44,2011-10-25,BME,BLACKROCK HEALTH SCIENCES TRUST,6282.0,228.0
09250W10,25.57,25.69,2011-10-26,BME,BLACKROCK HEALTH SCIENCES TRUST,6282.0,228.0
09250W10,26.31,25.75,2011-10-27,BME,BLACKROCK HEALTH SCIENCES TRUST,6282.0,228.0
09250W10,26.18,25.8,2011-10-28,BME,BLACKROCK HEALTH SCIENCES TRUST,6282.0,228.0
09250W10,25.81,25.7,2011-10-31,BME,BLACKROCK HEALTH SCIENCES TRUST,6282.0,228.0
09250W10,25.72,25.07,2011-11-01,BME,BLACKROCK HEALTH SCIENCES TRUST,6282.0,228.0
09250W10,25.93,25.73,2011-11-02,BME,BLACKROCK HEALTH SCIENCES TRUST,6282.0,228.0
09250W10,26.2,25.99,2011-11-03,BME,BLACKROCK HEALTH SCIENCES TRUST,6282.0,228.0
09250W10,26.3,26.8,2011-11-04,BME,BLACKROCK HEALTH SCIENCES TRUST,6282.0,228.0
09250W10,26.2,26.09,2011-11-07,BME,BLACKROCK HEALTH SCIENCES TRUST,6282.0,228.0
09250W10,26.37,26.17,2011-11-08,BME,BLACKROCK HEALTH SCIENCES TRUST,6282.0,228.0
09250W10,25.94,26.04,2011-11-09,BME,BLACKROCK HEALTH SCIENCES TRUST,6282.0,228.0
09250W10,25.92,25.9,2011-11-10,BME,BLACKROCK HEALTH SCIENCES TRUST,6282.0,228.0
09250W10,26.05,25.92,2011-11-11,BME,BLACKROCK HEALTH SCIENCES TRUST,6282.0,228.0
09250W10,26.0,26.5,2011-11-14,BME,BLACKROCK HEALTH SCIENCES TRUST,6282.0,228.0
09250W10,25.74,25.89,2011-11-15,BME,BLACKROCK HEALTH SCIENCES TRUST,6282.0,228.0
09250W10,25.7307,25.54,2011-11-16,BME,BLACKROCK HEALTH SCIENCES TRUST,6282.0,228.0
09250W10,25.31,25.52,2011-11-17,BME,BLACKROCK HEALTH SCIENCES TRUST,6282.0,228.0
09250W10,25.277,25.21,2011-11-18,BME,BLACKROCK HEALTH SCIENCES TRUST,6282.0,228.0
09250W10,24.94,25.2,2011-11-21,BME,BLACKROCK HEALTH SCIENCES TRUST,6282.0,228.0
09250W10,24.7,24.94,2011-11-22,BME,BLACKROCK HEALTH SCIENCES TRUST,6282.0,228.0
09250W10,24.576,24.45,2011-11-23,BME,BLACKROCK HEALTH SCIENCES TRUST,6282.0,228.0
09250W10,24.4155,24.38,2011-11-25,BME,BLACKROCK HEALTH SCIENCES TRUST,6282.0,228.0
09250W10,24.59,24.82,2011-11-28,BME,BLACKROCK HEALTH SCIENCES TRUST,6282.0,228.0
09250W10,24.82,24.77,2011-11-29,BME,BLACKROCK HEALTH SCIENCES TRUST,6282.0,228.0
09250W10,25.57,25.45,2011-11-30,BME,BLACKROCK HEALTH SCIENCES TRUST,6282.0,228.0
09250W10,25.56,25.51,2011-12-01,BME,BLACKROCK HEALTH SCIENCES TRUST,6282.0,228.0
09250W10,25.66,25.53,2011-12-02,BME,BLACKROCK HEALTH SCIENCES TRUST,6282.0,228.0
09250W10,25.39,25.7,2011-12-05,BME,BLACKROCK HEALTH SCIENCES TRUST,6282.0,228.0
09250W10,25.06,25.36,2011-12-06,BME,BLACKROCK HEALTH SCIENCES TRUST,6282.0,228.0
09250W10,25.39,25.12,2011-12-07,BME,BLACKROCK HEALTH SCIENCES TRUST,6282.0,228.0
09250W10,25.2608,25.28,2011-12-08,BME,BLACKROCK HEALTH SCIENCES TRUST,6282.0,228.0
09250W10,25.55,25.17,2011-12-09,BME,BLACKROCK HEALTH SCIENCES TRUST,6282.0,228.0
09250W10,25.75,25.49,2011-12-12,BME,BLACKROCK HEALTH SCIENCES TRUST,6282.0,228.0
09250W10,25.81,25.78,2011-12-13,BME,BLACKROCK HEALTH SCIENCES TRUST,6282.0,228.0
09250W10,25.91,25.9,2011-12-14,BME,BLACKROCK HEALTH SCIENCES TRUST,6282.0,228.0
09250W10,26.19,25.9,2011-12-15,BME,BLACKROCK HEALTH SCIENCES TRUST,6282.0,228.0
09250W10,25.63,24.93,2011-12-16,BME,BLACKROCK HEALTH SCIENCES TRUST,6282.0,228.0
09250W10,25.39,25.53,2011-12-19,BME,BLACKROCK HEALTH SCIENCES TRUST,6282.0,228.0
09250W10,25.51,25.51,2011-12-20,BME,BLACKROCK HEALTH SCIENCES TRUST,6282.0,228.0
09250W10,25.38,25.36,2011-12-21,BME,BLACKROCK HEALTH SCIENCES TRUST,6282.0,228.0
09250W10,25.21,25.58,2011-12-22,BME,BLACKROCK HEALTH SCIENCES TRUST,6282.0,228.0
09250W10,25.35,25.13,2011-12-23,BME,BLACKROCK HEALTH SCIENCES TRUST,6282.0,228.0
09250W10,25.52,25.41,2011-12-27,BME,BLACKROCK HEALTH SCIENCES TRUST,6282.0,228.0
09250W10,25.2728,25.39,2011-12-28,BME,BLACKROCK HEALTH SCIENCES TRUST,6282.0,228.0
09250W10,25.06,25.25,2011-12-29,BME,BLACKROCK HEALTH SCIENCES TRUST,6282.0,228.0
09250W10,25.13,25.28,2011-12-30,BME,BLACKROCK HEALTH SCIENCES TRUST,6282.0,228.0
09250W10,25.45,25.17,2012-01-03,BME,BLACKROCK HEALTH SCIENCES TRUST,6282.0,228.0
09250W10,25.53,25.0,2012-01-04,BME,BLACKROCK HEALTH SCIENCES TRUST,6282.0,228.0
09250W10,25.6,25.47,2012-01-05,BME,BLACKROCK HEALTH SCIENCES TRUST,6282.0,228.0
09250W10,25.83,25.46,2012-01-06,BME,BLACKROCK HEALTH SCIENCES TRUST,6282.0,228.0
09250W10,26.1594,25.99,2012-01-09,BME,BLACKROCK HEALTH SCIENCES TRUST,6282.0,228.0
09250W10,26.5,26.47,2012-01-10,BME,BLACKROCK HEALTH SCIENCES TRUST,6282.0,228.0
09250W10,26.63,26.64,2012-01-11,BME,BLACKROCK HEALTH SCIENCES TRUST,6282.0,228.0
09250W10,26.69,26.75,2012-01-12,BME,BLACKROCK HEALTH SCIENCES TRUST,6282.0,228.0
09250W10,26.59,26.74,2012-01-13,BME,BLACKROCK HEALTH SCIENCES TRUST,6282.0,228.0
09250W10,26.74,26.71,2012-01-17,BME,BLACKROCK HEALTH SCIENCES TRUST,6282.0,228.0
09250W10,26.75,26.71,2012-01-18,BME,BLACKROCK HEALTH SCIENCES TRUST,6282.0,228.0
09250W10,26.705,26.74,2012-01-19,BME,BLACKROCK HEALTH SCIENCES TRUST,6282.0,228.0
09250W10,27.1,26.74,2012-01-20,BME,BLACKROCK HEALTH SCIENCES TRUST,6282.0,228.0
09250W10,26.99,27.0,2012-01-23,BME,BLACKROCK HEALTH SCIENCES TRUST,6282.0,228.0
09250W10,27.0701,26.82,2012-01-24,BME,BLACKROCK HEALTH SCIENCES TRUST,6282.0,228.0
09250W10,27.18,27.0,2012-01-25,BME,BLACKROCK HEALTH SCIENCES TRUST,6282.0,228.0
09250W10,26.83,27.18,2012-01-26,BME,BLACKROCK HEALTH SCIENCES TRUST,6282.0,228.0
09250W10,26.95,26.95,2012-01-27,BME,BLACKROCK HEALTH SCIENCES TRUST,6282.0,228.0
09250W10,27.0999,26.7,2012-01-30,BME,BLACKROCK HEALTH SCIENCES TRUST,6282.0,228.0
09250W10,26.7,27.1,2012-01-31,BME,BLACKROCK HEALTH SCIENCES TRUST,6282.0,228.0
09250W10,26.95,26.7,2012-02-01,BME,BLACKROCK HEALTH SCIENCES TRUST,6282.0,228.0
09250W10,26.4,27.13,2012-02-02,BME,BLACKROCK HEALTH SCIENCES TRUST,6282.0,228.0
09250W10,26.49,26.46,2012-02-03,BME,BLACKROCK HEALTH SCIENCES TRUST,6282.0,228.0
09250W10,26.55,26.55,2012-02-06,BME,BLACKROCK HEALTH SCIENCES TRUST,6282.0,228.0
09250W10,26.92,26.56,2012-02-07,BME,BLACKROCK HEALTH SCIENCES TRUST,6282.0,228.0
09250W10,26.9744,26.81,2012-02-08,BME,BLACKROCK HEALTH SCIENCES TRUST,6282.0,228.0
09250W10,26.9,27.09,2012-02-09,BME,BLACKROCK HEALTH SCIENCES TRUST,6282.0,228.0
09250W10,26.99,26.65,2012-02-10,BME,BLACKROCK HEALTH SCIENCES TRUST,6282.0,228.0
09250W10,26.97,27.09,2012-02-13,BME,BLACKROCK HEALTH SCIENCES TRUST,6282.0,228.0
09250W10,27.098,26.87,2012-02-14,BME,BLACKROCK HEALTH SCIENCES TRUST,6282.0,228.0
09250W10,27.185,27.2,2012-02-15,BME,BLACKROCK HEALTH SCIENCES TRUST,6282.0,228.0
09250W10,27.3,27.19,2012-02-16,BME,BLACKROCK HEALTH SCIENCES TRUST,6282.0,228.0
09250W10,27.4,27.38,2012-02-17,BME,BLACKROCK HEALTH SCIENCES TRUST,6282.0,228.0
09250W10,27.256,27.34,2012-02-21,BME,BLACKROCK HEALTH SCIENCES TRUST,6282.0,228.0
09250W10,27.27,27.09,2012-02-22,BME,BLACKROCK HEALTH SCIENCES TRUST,6282.0,228.0
09250W10,27.2,27.26,2012-02-23,BME,BLACKROCK HEALTH SCIENCES TRUST,6282.0,228.0
09250W10,27.36,27.18,2012-02-24,BME,BLACKROCK HEALTH SCIENCES TRUST,6282.0,228.0
09250W10,27.24,27.19,2012-02-27,BME,BLACKROCK HEALTH SCIENCES TRUST,6282.0,228.0
09250W10,27.5,27.4,2012-02-28,BME,BLACKROCK HEALTH SCIENCES TRUST,6282.0,228.0
09250W10,26.61,27.44,2012-02-29,BME,BLACKROCK HEALTH SCIENCES TRUST,6282.0,228.0
09250W10,26.566,27.0,2012-03-01,BME,BLACKROCK HEALTH SCIENCES TRUST,6282.0,228.0
09250W10,26.6304,26.45,2012-03-02,BME,BLACKROCK HEALTH SCIENCES TRUST,6282.0,228.0
09250W10,26.63,26.66,2012-03-05,BME,BLACKROCK HEALTH SCIENCES TRUST,6282.0,228.0
09250W10,26.25,26.39,2012-03-06,BME,BLACKROCK HEALTH SCIENCES TRUST,6282.0,228.0
09250W10,26.37,26.27,2012-03-07,BME,BLACKROCK HEALTH SCIENCES TRUST,6282.0,228.0
09250W10,26.48,26.57,2012-03-08,BME,BLACKROCK HEALTH SCIENCES TRUST,6282.0,228.0
09250W10,26.75,26.55,2012-03-09,BME,BLACKROCK HEALTH SCIENCES TRUST,6282.0,228.0
09250W10,27.0,26.76,2012-03-12,BME,BLACKROCK HEALTH SCIENCES TRUST,6282.0,228.0
09250W10,27.18,26.88,2012-03-13,BME,BLACKROCK HEALTH SCIENCES TRUST,6282.0,228.0
09250W10,27.14,27.14,2012-03-14,BME,BLACKROCK HEALTH SCIENCES TRUST,6282.0,228.0
09250W10,27.17,27.18,2012-03-15,BME,BLACKROCK HEALTH SCIENCES TRUST,6282.0,228.0
09250W10,27.02,27.27,2012-03-16,BME,BLACKROCK HEALTH SCIENCES TRUST,6282.0,228.0
09250W10,26.685,27.05,2012-03-19,BME,BLACKROCK HEALTH SCIENCES TRUST,6282.0,228.0
09250W10,26.6,26.76,2012-03-20,BME,BLACKROCK HEALTH SCIENCES TRUST,6282.0,228.0
09250W10,27.0999,26.63,2012-03-21,BME,BLACKROCK HEALTH SCIENCES TRUST,6282.0,228.0
09250W10,26.88,26.75,2012-03-22,BME,BLACKROCK HEALTH SCIENCES TRUST,6282.0,228.0
09250W10,27.24,26.99,2012-03-23,BME,BLACKROCK HEALTH SCIENCES TRUST,6282.0,228.0
09250W10,27.5,27.21,2012-03-26,BME,BLACKROCK HEALTH SCIENCES TRUST,6282.0,228.0
09250W10,27.65,27.5,2012-03-27,BME,BLACKROCK HEALTH SCIENCES TRUST,6282.0,228.0
09250W10,27.42,27.6,2012-03-28,BME,BLACKROCK HEALTH SCIENCES TRUST,6282.0,228.0
09250W10,27.25,27.45,2012-03-29,BME,BLACKROCK HEALTH SCIENCES TRUST,6282.0,228.0
09250W10,27.47,27.48,2012-03-30,BME,BLACKROCK HEALTH SCIENCES TRUST,6282.0,228.0
09250W10,27.8,27.65,2012-04-02,BME,BLACKROCK HEALTH SCIENCES TRUST,6282.0,228.0
09250W10,27.84,27.63,2012-04-03,BME,BLACKROCK HEALTH SCIENCES TRUST,6282.0,228.0
09250W10,28.0,27.8,2012-04-04,BME,BLACKROCK HEALTH SCIENCES TRUST,6282.0,228.0
09250W10,27.86,27.9,2012-04-05,BME,BLACKROCK HEALTH SCIENCES TRUST,6282.0,228.0
09250W10,27.75,28.0,2012-04-09,BME,BLACKROCK HEALTH SCIENCES TRUST,6282.0,228.0
09250W10,27.402,27.6,2012-04-10,BME,BLACKROCK HEALTH SCIENCES TRUST,6282.0,228.0
09250W10,27.22,27.4,2012-04-11,BME,BLACKROCK HEALTH SCIENCES TRUST,6282.0,228.0
09250W10,27.12,27.32,2012-04-12,BME,BLACKROCK HEALTH SCIENCES TRUST,6282.0,228.0
09250W10,27.16,27.22,2012-04-13,BME,BLACKROCK HEALTH SCIENCES TRUST,6282.0,228.0
09250W10,26.95,27.29,2012-04-16,BME,BLACKROCK HEALTH SCIENCES TRUST,6282.0,228.0
09250W10,27.134,26.94,2012-04-17,BME,BLACKROCK HEALTH SCIENCES TRUST,6282.0,228.0
09250W10,27.2007,27.18,2012-04-18,BME,BLACKROCK HEALTH SCIENCES TRUST,6282.0,228.0
09250W10,27.07,26.98,2012-04-19,BME,BLACKROCK HEALTH SCIENCES TRUST,6282.0,228.0
09250W10,27.38,26.98,2012-04-20,BME,BLACKROCK HEALTH SCIENCES TRUST,6282.0,228.0
09250W10,27.44,27.39,2012-04-23,BME,BLACKROCK HEALTH SCIENCES TRUST,6282.0,228.0
09250W10,27.43,27.41,2012-04-24,BME,BLACKROCK HEALTH SCIENCES TRUST,6282.0,228.0
09250W10,27.64,27.66,2012-04-25,BME,BLACKROCK HEALTH SCIENCES TRUST,6282.0,228.0
09250W10,27.99,27.6,2012-04-26,BME,BLACKROCK HEALTH SCIENCES TRUST,6282.0,228.0
09250W10,27.965,27.88,2012-04-27,BME,BLACKROCK HEALTH SCIENCES TRUST,6282.0,228.0
09250W10,28.26,27.95,2012-04-30,BME,BLACKROCK HEALTH SCIENCES TRUST,6282.0,228.0
09250W10,28.13,28.22,2012-05-01,BME,BLACKROCK HEALTH SCIENCES TRUST,6282.0,228.0
09250W10,27.792,28.17,2012-05-02,BME,BLACKROCK HEALTH SCIENCES TRUST,6282.0,228.0
09250W10,27.63,27.79,2012-05-03,BME,BLACKROCK HEALTH SCIENCES TRUST,6282.0,228.0
09250W10,27.41,27.72,2012-05-04,BME,BLACKROCK HEALTH SCIENCES TRUST,6282.0,228.0
09250W10,27.25,27.41,2012-05-07,BME,BLACKROCK HEALTH SCIENCES TRUST,6282.0,228.0
09250W10,27.068,27.25,2012-05-08,BME,BLACKROCK HEALTH SCIENCES TRUST,6282.0,228.0
09250W10,27.01,27.05,2012-05-09,BME,BLACKROCK HEALTH SCIENCES TRUST,6282.0,228.0
09250W10,27.05,27.28,2012-05-10,BME,BLACKROCK HEALTH SCIENCES TRUST,6282.0,228.0
09250W10,26.97,27.0,2012-05-11,BME,BLACKROCK HEALTH SCIENCES TRUST,6282.0,228.0
09250W10,27.02,26.99,2012-05-14,BME,BLACKROCK HEALTH SCIENCES TRUST,6282.0,228.0
09250W10,26.85,27.02,2012-05-15,BME,BLACKROCK HEALTH SCIENCES TRUST,6282.0,228.0
09250W10,26.8311,26.88,2012-05-16,BME,BLACKROCK HEALTH SCIENCES TRUST,6282.0,228.0
09250W10,26.634,26.78,2012-05-17,BME,BLACKROCK HEALTH SCIENCES TRUST,6282.0,228.0
09250W10,26.44,26.64,2012-05-18,BME,BLACKROCK HEALTH SCIENCES TRUST,6282.0,228.0
09250W10,26.74,26.51,2012-05-21,BME,BLACKROCK HEALTH SCIENCES TRUST,6282.0,228.0
09250W10,26.9132,26.74,2012-05-22,BME,BLACKROCK HEALTH SCIENCES TRUST,6282.0,228.0
09250W10,26.36,26.94,2012-05-23,BME,BLACKROCK HEALTH SCIENCES TRUST,6282.0,228.0
09250W10,27.09,26.37,2012-05-24,BME,BLACKROCK HEALTH SCIENCES TRUST,6282.0,228.0
09250W10,27.7037,27.1,2012-05-25,BME,BLACKROCK HEALTH SCIENCES TRUST,6282.0,228.0
09250W10,27.46,27.51,2012-05-29,BME,BLACKROCK HEALTH SCIENCES TRUST,6282.0,228.0
09250W10,27.3179,27.5,2012-05-30,BME,BLACKROCK HEALTH SCIENCES TRUST,6282.0,228.0
09250W10,27.2105,27.34,2012-05-31,BME,BLACKROCK HEALTH SCIENCES TRUST,6282.0,228.0
09250W10,26.99,26.72,2012-06-01,BME,BLACKROCK HEALTH SCIENCES TRUST,6282.0,228.0
09250W10,27.0,27.04,2012-06-04,BME,BLACKROCK HEALTH SCIENCES TRUST,6282.0,228.0
09250W10,26.61,26.98,2012-06-05,BME,BLACKROCK HEALTH SCIENCES TRUST,6282.0,228.0
09250W10,27.3,26.82,2012-06-06,BME,BLACKROCK HEALTH SCIENCES TRUST,6282.0,228.0
09250W10,27.7,27.35,2012-06-07,BME,BLACKROCK HEALTH SCIENCES TRUST,6282.0,228.0
09250W10,27.5,27.75,2012-06-08,BME,BLACKROCK HEALTH SCIENCES TRUST,6282.0,228.0
09250W10,27.26,27.5,2012-06-11,BME,BLACKROCK HEALTH SCIENCES TRUST,6282.0,228.0
09250W10,27.2701,27.33,2012-06-12,BME,BLACKROCK HEALTH SCIENCES TRUST,6282.0,228.0
09250W10,26.86,27.0,2012-06-13,BME,BLACKROCK HEALTH SCIENCES TRUST,6282.0,228.0
09250W10,26.8465,26.91,2012-06-14,BME,BLACKROCK HEALTH SCIENCES TRUST,6282.0,228.0
09250W10,26.842,26.81,2012-06-15,BME,BLACKROCK HEALTH SCIENCES TRUST,6282.0,228.0
09250W10,27.0599,26.75,2012-06-18,BME,BLACKROCK HEALTH SCIENCES TRUST,6282.0,228.0
09250W10,27.6008,27.1,2012-06-19,BME,BLACKROCK HEALTH SCIENCES TRUST,6282.0,228.0
09250W10,27.66,27.65,2012-06-20,BME,BLACKROCK HEALTH SCIENCES TRUST,6282.0,228.0
09250W10,27.66,27.76,2012-06-21,BME,BLACKROCK HEALTH SCIENCES TRUST,6282.0,228.0
09250W10,27.79,27.66,2012-06-22,BME,BLACKROCK HEALTH SCIENCES TRUST,6282.0,228.0
09250W10,27.7501,27.8,2012-06-25,BME,BLACKROCK HEALTH SCIENCES TRUST,6282.0,228.0
09250W10,27.59,27.88,2012-06-26,BME,BLACKROCK HEALTH SCIENCES TRUST,6282.0,228.0
09250W10,27.51,27.7,2012-06-27,BME,BLACKROCK HEALTH SCIENCES TRUST,6282.0,228.0
09250W10,27.86,27.53,2012-06-28,BME,BLACKROCK HEALTH SCIENCES TRUST,6282.0,228.0
09250W10,28.82,28.86,2012-06-29,BME,BLACKROCK HEALTH SCIENCES TRUST,6282.0,228.0
09250W10,27.88,28.85,2012-07-02,BME,BLACKROCK HEALTH SCIENCES TRUST,6282.0,228.0
09250W10,27.99,27.87,2012-07-03,BME,BLACKROCK HEALTH SCIENCES TRUST,6282.0,228.0
09250W10,28.03,28.05,2012-07-05,BME,BLACKROCK HEALTH SCIENCES TRUST,6282.0,228.0
09250W10,27.9922,28.35,2012-07-06,BME,BLACKROCK HEALTH SCIENCES TRUST,6282.0,228.0
09250W10,27.8,27.8,2012-07-09,BME,BLACKROCK HEALTH SCIENCES TRUST,6282.0,228.0
09250W10,27.65,27.78,2012-07-10,BME,BLACKROCK HEALTH SCIENCES TRUST,6282.0,228.0
09250W10,27.661,27.55,2012-07-11,BME,BLACKROCK HEALTH SCIENCES TRUST,6282.0,228.0
09250W10,27.4,27.43,2012-07-12,BME,BLACKROCK HEALTH SCIENCES TRUST,6282.0,228.0
09250W10,27.81,27.6,2012-07-13,BME,BLACKROCK HEALTH SCIENCES TRUST,6282.0,228.0
09250W10,27.63,27.9,2012-07-16,BME,BLACKROCK HEALTH SCIENCES TRUST,6282.0,228.0
09250W10,27.858,27.63,2012-07-17,BME,BLACKROCK HEALTH SCIENCES TRUST,6282.0,228.0
09250W10,27.98,27.95,2012-07-18,BME,BLACKROCK HEALTH SCIENCES TRUST,6282.0,228.0
09250W10,28.09,28.21,2012-07-19,BME,BLACKROCK HEALTH SCIENCES TRUST,6282.0,228.0
09250W10,27.83,28.15,2012-07-20,BME,BLACKROCK HEALTH SCIENCES TRUST,6282.0,228.0
09250W10,27.556,27.54,2012-07-23,BME,BLACKROCK HEALTH SCIENCES TRUST,6282.0,228.0
09250W10,27.5699,27.6,2012-07-24,BME,BLACKROCK HEALTH SCIENCES TRUST,6282.0,228.0
09250W10,27.6099,27.48,2012-07-25,BME,BLACKROCK HEALTH SCIENCES TRUST,6282.0,228.0
09250W10,27.8865,27.71,2012-07-26,BME,BLACKROCK HEALTH SCIENCES TRUST,6282.0,228.0
09250W10,28.13,27.87,2012-07-27,BME,BLACKROCK HEALTH SCIENCES TRUST,6282.0,228.0
09250W10,28.38,28.36,2012-07-30,BME,BLACKROCK HEALTH SCIENCES TRUST,6282.0,228.0
09250W10,28.58,28.28,2012-07-31,BME,BLACKROCK HEALTH SCIENCES TRUST,6282.0,228.0
09250W10,28.65,28.58,2012-08-01,BME,BLACKROCK HEALTH SCIENCES TRUST,6282.0,228.0
09250W10,28.36,28.75,2012-08-02,BME,BLACKROCK HEALTH SCIENCES TRUST,6282.0,228.0
09250W10,28.47,28.63,2012-08-03,BME,BLACKROCK HEALTH SCIENCES TRUST,6282.0,228.0
09250W10,28.32,28.77,2012-08-06,BME,BLACKROCK HEALTH SCIENCES TRUST,6282.0,228.0
09250W10,27.62,28.25,2012-08-07,BME,BLACKROCK HEALTH SCIENCES TRUST,6282.0,228.0
09250W10,27.57,27.8,2012-08-08,BME,BLACKROCK HEALTH SCIENCES TRUST,6282.0,228.0
09250W10,27.72,27.42,2012-08-09,BME,BLACKROCK HEALTH SCIENCES TRUST,6282.0,228.0
09250W10,27.52,27.79,2012-08-10,BME,BLACKROCK HEALTH SCIENCES TRUST,6282.0,228.0
09250W10,27.49,27.55,2012-08-13,BME,BLACKROCK HEALTH SCIENCES TRUST,6282.0,228.0
09250W10,27.51,27.54,2012-08-14,BME,BLACKROCK HEALTH SCIENCES TRUST,6282.0,228.0
09250W10,27.6,27.6,2012-08-15,BME,BLACKROCK HEALTH SCIENCES TRUST,6282.0,228.0
09250W10,27.74,27.64,2012-08-16,BME,BLACKROCK HEALTH SCIENCES TRUST,6282.0,228.0
09250W10,27.7268,27.7,2012-08-17,BME,BLACKROCK HEALTH SCIENCES TRUST,6282.0,228.0
09250W10,27.54,27.63,2012-08-20,BME,BLACKROCK HEALTH SCIENCES TRUST,6282.0,228.0
09250W10,27.38,27.63,2012-08-21,BME,BLACKROCK HEALTH SCIENCES TRUST,6282.0,228.0
09250W10,27.23,27.53,2012-08-22,BME,BLACKROCK HEALTH SCIENCES TRUST,6282.0,228.0
09250W10,27.1788,27.27,2012-08-23,BME,BLACKROCK HEALTH SCIENCES TRUST,6282.0,228.0
09250W10,27.28,27.23,2012-08-24,BME,BLACKROCK HEALTH SCIENCES TRUST,6282.0,228.0
09250W10,27.27,27.28,2012-08-27,BME,BLACKROCK HEALTH SCIENCES TRUST,6282.0,228.0
09250W10,27.2872,27.32,2012-08-28,BME,BLACKROCK HEALTH SCIENCES TRUST,6282.0,228.0
09250W10,27.4,27.3,2012-08-29,BME,BLACKROCK HEALTH SCIENCES TRUST,6282.0,228.0
09250W10,27.28,27.38,2012-08-30,BME,BLACKROCK HEALTH SCIENCES TRUST,6282.0,228.0
09250W10,27.3401,27.32,2012-08-31,BME,BLACKROCK HEALTH SCIENCES TRUST,6282.0,228.0
09250W10,27.34,27.31,2012-09-04,BME,BLACKROCK HEALTH SCIENCES TRUST,6282.0,228.0
09250W10,27.3,27.3,2012-09-05,BME,BLACKROCK HEALTH SCIENCES TRUST,6282.0,228.0
09250W10,27.566,27.37,2012-09-06,BME,BLACKROCK HEALTH SCIENCES TRUST,6282.0,228.0
09250W10,27.59,27.63,2012-09-07,BME,BLACKROCK HEALTH SCIENCES TRUST,6282.0,228.0
09250W10,27.5917,27.59,2012-09-10,BME,BLACKROCK HEALTH SCIENCES TRUST,6282.0,228.0
09250W10,27.64,27.64,2012-09-11,BME,BLACKROCK HEALTH SCIENCES TRUST,6282.0,228.0
09250W10,27.3002,27.44,2012-09-12,BME,BLACKROCK HEALTH SCIENCES TRUST,6282.0,228.0
09250W10,27.5378,27.28,2012-09-13,BME,BLACKROCK HEALTH SCIENCES TRUST,6282.0,228.0
09250W10,27.5848,27.39,2012-09-14,BME,BLACKROCK HEALTH SCIENCES TRUST,6282.0,228.0
09250W10,27.6565,27.42,2012-09-17,BME,BLACKROCK HEALTH SCIENCES TRUST,6282.0,228.0
09250W10,27.67,27.51,2012-09-18,BME,BLACKROCK HEALTH SCIENCES TRUST,6282.0,228.0
09250W10,27.8781,27.65,2012-09-19,BME,BLACKROCK HEALTH SCIENCES TRUST,6282.0,228.0
09250W10,27.85,27.89,2012-09-20,BME,BLACKROCK HEALTH SCIENCES TRUST,6282.0,228.0
09250W10,28.0399,27.84,2012-09-21,BME,BLACKROCK HEALTH SCIENCES TRUST,6282.0,228.0
09250W10,28.04,28.16,2012-09-24,BME,BLACKROCK HEALTH SCIENCES TRUST,6282.0,228.0
09250W10,28.26,28.13,2012-09-25,BME,BLACKROCK HEALTH SCIENCES TRUST,6282.0,228.0
09250W10,28.16,28.2,2012-09-26,BME,BLACKROCK HEALTH SCIENCES TRUST,6282.0,228.0
09250W10,28.4,28.18,2012-09-27,BME,BLACKROCK HEALTH SCIENCES TRUST,6282.0,228.0
09250W10,28.52,28.5,2012-09-28,BME,BLACKROCK HEALTH SCIENCES TRUST,6282.0,228.0
09250W10,28.57,28.53,2012-10-01,BME,BLACKROCK HEALTH SCIENCES TRUST,6282.0,228.0
09250W10,28.73,28.48,2012-10-02,BME,BLACKROCK HEALTH SCIENCES TRUST,6282.0,228.0
09250W10,28.96,28.78,2012-10-03,BME,BLACKROCK HEALTH SCIENCES TRUST,6282.0,228.0
09250W10,29.051,29.2,2012-10-04,BME,BLACKROCK HEALTH SCIENCES TRUST,6282.0,228.0
09250W10,28.79,28.98,2012-10-05,BME,BLACKROCK HEALTH SCIENCES TRUST,6282.0,228.0
09250W10,28.81,28.82,2012-10-08,BME,BLACKROCK HEALTH SCIENCES TRUST,6282.0,228.0
09250W10,28.76,28.76,2012-10-09,BME,BLACKROCK HEALTH SCIENCES TRUST,6282.0,228.0
09250W10,28.4,28.8,2012-10-10,BME,BLACKROCK HEALTH SCIENCES TRUST,6282.0,228.0
09250W10,28.78,28.6,2012-10-11,BME,BLACKROCK HEALTH SCIENCES TRUST,6282.0,228.0
09250W10,28.64,28.78,2012-10-12,BME,BLACKROCK HEALTH SCIENCES TRUST,6282.0,228.0
09250W10,28.8601,28.9,2012-10-15,BME,BLACKROCK HEALTH SCIENCES TRUST,6282.0,228.0
09250W10,28.98,28.82,2012-10-16,BME,BLACKROCK HEALTH SCIENCES TRUST,6282.0,228.0
09250W10,29.04,29.05,2012-10-17,BME,BLACKROCK HEALTH SCIENCES TRUST,6282.0,228.0
09250W10,28.88,29.07,2012-10-18,BME,BLACKROCK HEALTH SCIENCES TRUST,6282.0,228.0
09250W10,28.67,28.87,2012-10-19,BME,BLACKROCK HEALTH SCIENCES TRUST,6282.0,228.0
09250W10,28.35,28.6,2012-10-22,BME,BLACKROCK HEALTH SCIENCES TRUST,6282.0,228.0
09250W10,28.02,28.27,2012-10-23,BME,BLACKROCK HEALTH SCIENCES TRUST,6282.0,228.0
09250W10,28.24,27.99,2012-10-24,BME,BLACKROCK HEALTH SCIENCES TRUST,6282.0,228.0
09250W10,27.95,28.32,2012-10-25,BME,BLACKROCK HEALTH SCIENCES TRUST,6282.0,228.0
09250W10,28.02,28.1,2012-10-26,BME,BLACKROCK HEALTH SCIENCES TRUST,6282.0,228.0
09250W10,27.83,27.9,2012-10-31,BME,BLACKROCK HEALTH SCIENCES TRUST,6282.0,228.0
09250W10,28.13,27.99,2012-11-01,BME,BLACKROCK HEALTH SCIENCES TRUST,6282.0,228.0
09250W10,28.01,28.28,2012-11-02,BME,BLACKROCK HEALTH SCIENCES TRUST,6282.0,228.0
09250W10,27.81,27.83,2012-11-05,BME,BLACKROCK HEALTH SCIENCES TRUST,6282.0,228.0
09250W10,27.7299,27.81,2012-11-06,BME,BLACKROCK HEALTH SCIENCES TRUST,6282.0,228.0
09250W10,27.41,27.5,2012-11-07,BME,BLACKROCK HEALTH SCIENCES TRUST,6282.0,228.0
09250W10,27.75,27.39,2012-11-08,BME,BLACKROCK HEALTH SCIENCES TRUST,6282.0,228.0
09250W10,27.73,27.5,2012-11-09,BME,BLACKROCK HEALTH SCIENCES TRUST,6282.0,228.0
09250W10,27.7028,27.63,2012-11-12,BME,BLACKROCK HEALTH SCIENCES TRUST,6282.0,228.0
09250W10,28.16,27.7,2012-11-13,BME,BLACKROCK HEALTH SCIENCES TRUST,6282.0,228.0
09250W10,28.03,28.3,2012-11-14,BME,BLACKROCK HEALTH SCIENCES TRUST,6282.0,228.0
09250W10,26.41,27.87,2012-11-15,BME,BLACKROCK HEALTH SCIENCES TRUST,6282.0,228.0
09250W10,26.86,26.6,2012-11-16,BME,BLACKROCK HEALTH SCIENCES TRUST,6282.0,228.0
09250W10,27.17,27.01,2012-11-19,BME,BLACKROCK HEALTH SCIENCES TRUST,6282.0,228.0
09250W10,27.18,27.21,2012-11-20,BME,BLACKROCK HEALTH SCIENCES TRUST,6282.0,228.0
09250W10,27.36,27.19,2012-11-21,BME,BLACKROCK HEALTH SCIENCES TRUST,6282.0,228.0
09250W10,27.6763,27.4,2012-11-23,BME,BLACKROCK HEALTH SCIENCES TRUST,6282.0,228.0
09250W10,28.06,27.7,2012-11-26,BME,BLACKROCK HEALTH SCIENCES TRUST,6282.0,228.0
09250W10,28.3301,28.2,2012-11-27,BME,BLACKROCK HEALTH SCIENCES TRUST,6282.0,228.0
09250W10,28.22,28.4,2012-11-28,BME,BLACKROCK HEALTH SCIENCES TRUST,6282.0,228.0
09250W10,28.5,28.69,2012-11-29,BME,BLACKROCK HEALTH SCIENCES TRUST,6282.0,228.0
09250W10,28.13,28.66,2012-11-30,BME,BLACKROCK HEALTH SCIENCES TRUST,6282.0,228.0
09250W10,27.88,28.07,2012-12-03,BME,BLACKROCK HEALTH SCIENCES TRUST,6282.0,228.0
09250W10,28.1,27.85,2012-12-04,BME,BLACKROCK HEALTH SCIENCES TRUST,6282.0,228.0
09250W10,28.14,27.95,2012-12-05,BME,BLACKROCK HEALTH SCIENCES TRUST,6282.0,228.0
09250W10,28.27,27.91,2012-12-06,BME,BLACKROCK HEALTH SCIENCES TRUST,6282.0,228.0
09250W10,28.27,28.56,2012-12-07,BME,BLACKROCK HEALTH SCIENCES TRUST,6282.0,228.0
09250W10,28.58,28.44,2012-12-10,BME,BLACKROCK HEALTH SCIENCES TRUST,6282.0,228.0
09250W10,28.91,28.75,2012-12-11,BME,BLACKROCK HEALTH SCIENCES TRUST,6282.0,228.0
09250W10,29.06,29.07,2012-12-12,BME,BLACKROCK HEALTH SCIENCES TRUST,6282.0,228.0
09250W10,29.52,29.17,2012-12-13,BME,BLACKROCK HEALTH SCIENCES TRUST,6282.0,228.0
09250W10,29.37,29.51,2012-12-14,BME,BLACKROCK HEALTH SCIENCES TRUST,6282.0,228.0
09250W10,29.4,29.55,2012-12-17,BME,BLACKROCK HEALTH SCIENCES TRUST,6282.0,228.0
09250W10,29.9849,29.51,2012-12-18,BME,BLACKROCK HEALTH SCIENCES TRUST,6282.0,228.0
09250W10,28.53,29.15,2012-12-19,BME,BLACKROCK HEALTH SCIENCES TRUST,6282.0,228.0
09250W10,28.22,28.82,2012-12-20,BME,BLACKROCK HEALTH SCIENCES TRUST,6282.0,228.0
09250W10,27.93,28.04,2012-12-21,BME,BLACKROCK HEALTH SCIENCES TRUST,6282.0,228.0
09250W10,27.81,27.72,2012-12-24,BME,BLACKROCK HEALTH SCIENCES TRUST,6282.0,228.0
09250W10,28.06,28.12,2012-12-26,BME,BLACKROCK HEALTH SCIENCES TRUST,6282.0,228.0
09250W10,27.76,28.24,2012-12-27,BME,BLACKROCK HEALTH SCIENCES TRUST,6282.0,228.0
09250W10,27.5,27.86,2012-12-28,BME,BLACKROCK HEALTH SCIENCES TRUST,6282.0,228.0
09250W10,28.02,27.9,2012-12-31,BME,BLACKROCK HEALTH SCIENCES TRUST,6282.0,228.0
09250W10,29.15,28.51,2013-01-02,BME,BLACKROCK HEALTH SCIENCES TRUST,6282.0,228.0
09250W10,29.48,28.79,2013-01-03,BME,BLACKROCK HEALTH SCIENCES TRUST,6282.0,228.0
09250W10,29.13,29.38,2013-01-04,BME,BLACKROCK HEALTH SCIENCES TRUST,6282.0,228.0
09250W10,29.85,29.22,2013-01-07,BME,BLACKROCK HEALTH SCIENCES TRUST,6282.0,228.0
09250W10,29.27,29.71,2013-01-08,BME,BLACKROCK HEALTH SCIENCES TRUST,6282.0,228.0
09250W10,29.4335,29.19,2013-01-09,BME,BLACKROCK HEALTH SCIENCES TRUST,6282.0,228.0
09250W10,29.88,29.8,2013-01-10,BME,BLACKROCK HEALTH SCIENCES TRUST,6282.0,228.0
09250W10,29.95,29.69,2013-01-11,BME,BLACKROCK HEALTH SCIENCES TRUST,6282.0,228.0
09250W10,29.86,29.95,2013-01-14,BME,BLACKROCK HEALTH SCIENCES TRUST,6282.0,228.0
09250W10,29.52,29.94,2013-01-15,BME,BLACKROCK HEALTH SCIENCES TRUST,6282.0,228.0
09250W10,29.23,29.36,2013-01-16,BME,BLACKROCK HEALTH SCIENCES TRUST,6282.0,228.0
09250W10,29.42,29.48,2013-01-17,BME,BLACKROCK HEALTH SCIENCES TRUST,6282.0,228.0
09250W10,29.8364,29.66,2013-01-18,BME,BLACKROCK HEALTH SCIENCES TRUST,6282.0,228.0
09250W10,30.18,29.9,2013-01-22,BME,BLACKROCK HEALTH SCIENCES TRUST,6282.0,228.0
09250W10,30.24,30.46,2013-01-23,BME,BLACKROCK HEALTH SCIENCES TRUST,6282.0,228.0
09250W10,30.45,30.7,2013-01-24,BME,BLACKROCK HEALTH SCIENCES TRUST,6282.0,228.0
09250W10,30.79,30.65,2013-01-25,BME,BLACKROCK HEALTH SCIENCES TRUST,6282.0,228.0
09250W10,30.8,30.75,2013-01-28,BME,BLACKROCK HEALTH SCIENCES TRUST,6282.0,228.0
09250W10,29.85,30.98,2013-01-29,BME,BLACKROCK HEALTH SCIENCES TRUST,6282.0,228.0
09250W10,29.67,29.62,2013-01-30,BME,BLACKROCK HEALTH SCIENCES TRUST,6282.0,228.0
09250W10,29.79,29.83,2013-01-31,BME,BLACKROCK HEALTH SCIENCES TRUST,6282.0,228.0
09250W10,29.6101,29.81,2013-02-01,BME,BLACKROCK HEALTH SCIENCES TRUST,6282.0,228.0
09250W10,29.91,29.73,2013-02-04,BME,BLACKROCK HEALTH SCIENCES TRUST,6282.0,228.0
09250W10,30.0,29.91,2013-02-05,BME,BLACKROCK HEALTH SCIENCES TRUST,6282.0,228.0
09250W10,29.85,29.95,2013-02-06,BME,BLACKROCK HEALTH SCIENCES TRUST,6282.0,228.0
09250W10,29.83,30.13,2013-02-07,BME,BLACKROCK HEALTH SCIENCES TRUST,6282.0,228.0
09250W10,30.21,29.99,2013-02-08,BME,BLACKROCK HEALTH SCIENCES TRUST,6282.0,228.0
09250W10,30.17,30.06,2013-02-11,BME,BLACKROCK HEALTH SCIENCES TRUST,6282.0,228.0
09250W10,30.01,30.28,2013-02-12,BME,BLACKROCK HEALTH SCIENCES TRUST,6282.0,228.0
09250W10,30.07,30.35,2013-02-13,BME,BLACKROCK HEALTH SCIENCES TRUST,6282.0,228.0
09250W10,30.39,30.32,2013-02-14,BME,BLACKROCK HEALTH SCIENCES TRUST,6282.0,228.0
09250W10,30.4,30.62,2013-02-15,BME,BLACKROCK HEALTH SCIENCES TRUST,6282.0,228.0
09250W10,30.69,30.55,2013-02-19,BME,BLACKROCK HEALTH SCIENCES TRUST,6282.0,228.0
09250W10,30.76,30.67,2013-02-20,BME,BLACKROCK HEALTH SCIENCES TRUST,6282.0,228.0
09250W10,29.91,30.54,2013-02-21,BME,BLACKROCK HEALTH SCIENCES TRUST,6282.0,228.0
09250W10,30.36,30.1,2013-02-22,BME,BLACKROCK HEALTH SCIENCES TRUST,6282.0,228.0
09250W10,30.4588,30.43,2013-02-25,BME,BLACKROCK HEALTH SCIENCES TRUST,6282.0,228.0
09250W10,30.95,30.39,2013-02-26,BME,BLACKROCK HEALTH SCIENCES TRUST,6282.0,228.0
09250W10,31.16,31.1,2013-02-27,BME,BLACKROCK HEALTH SCIENCES TRUST,6282.0,228.0
09250W10,30.56,31.27,2013-02-28,BME,BLACKROCK HEALTH SCIENCES TRUST,6282.0,228.0
09250W10,31.1723,30.6,2013-03-01,BME,BLACKROCK HEALTH SCIENCES TRUST,6282.0,228.0
09250W10,31.8099,31.38,2013-03-04,BME,BLACKROCK HEALTH SCIENCES TRUST,6282.0,228.0
09250W10,31.92,31.81,2013-03-05,BME,BLACKROCK HEALTH SCIENCES TRUST,6282.0,228.0
09250W10,31.82,32.0,2013-03-06,BME,BLACKROCK HEALTH SCIENCES TRUST,6282.0,228.0
09250W10,31.35,32.0,2013-03-07,BME,BLACKROCK HEALTH SCIENCES TRUST,6282.0,228.0
09250W10,31.14,31.37,2013-03-08,BME,BLACKROCK HEALTH SCIENCES TRUST,6282.0,228.0
09250W10,31.23,30.98,2013-03-11,BME,BLACKROCK HEALTH SCIENCES TRUST,6282.0,228.0
09250W10,31.16,31.06,2013-03-12,BME,BLACKROCK HEALTH SCIENCES TRUST,6282.0,228.0
09250W10,30.96,30.65,2013-03-13,BME,BLACKROCK HEALTH SCIENCES TRUST,6282.0,228.0
09250W10,30.66,31.33,2013-03-14,BME,BLACKROCK HEALTH SCIENCES TRUST,6282.0,228.0
09250W10,30.64,30.53,2013-03-15,BME,BLACKROCK HEALTH SCIENCES TRUST,6282.0,228.0
09250W10,30.07,30.58,2013-03-18,BME,BLACKROCK HEALTH SCIENCES TRUST,6282.0,228.0
09250W10,30.28,30.11,2013-03-19,BME,BLACKROCK HEALTH SCIENCES TRUST,6282.0,228.0
09250W10,30.25,30.5,2013-03-20,BME,BLACKROCK HEALTH SCIENCES TRUST,6282.0,228.0
09250W10,30.309,30.2,2013-03-21,BME,BLACKROCK HEALTH SCIENCES TRUST,6282.0,228.0
09250W10,30.55,30.35,2013-03-22,BME,BLACKROCK HEALTH SCIENCES TRUST,6282.0,228.0
09250W10,30.86,30.74,2013-03-25,BME,BLACKROCK HEALTH SCIENCES TRUST,6282.0,228.0
09250W10,31.0,31.03,2013-03-26,BME,BLACKROCK HEALTH SCIENCES TRUST,6282.0,228.0
09250W10,30.98,30.77,2013-03-27,BME,BLACKROCK HEALTH SCIENCES TRUST,6282.0,228.0
09250W10,31.02,31.38,2013-03-28,BME,BLACKROCK HEALTH SCIENCES TRUST,6282.0,228.0
09250W10,30.99,30.86,2013-04-01,BME,BLACKROCK HEALTH SCIENCES TRUST,6282.0,228.0
09250W10,31.03,31.25,2013-04-02,BME,BLACKROCK HEALTH SCIENCES TRUST,6282.0,228.0
09250W10,30.9,31.23,2013-04-03,BME,BLACKROCK HEALTH SCIENCES TRUST,6282.0,228.0
09250W10,30.88,31.09,2013-04-04,BME,BLACKROCK HEALTH SCIENCES TRUST,6282.0,228.0
09250W10,30.48,30.55,2013-04-05,BME,BLACKROCK HEALTH SCIENCES TRUST,6282.0,228.0
09250W10,30.43,30.4,2013-04-08,BME,BLACKROCK HEALTH SCIENCES TRUST,6282.0,228.0
09250W10,30.7199,30.6,2013-04-09,BME,BLACKROCK HEALTH SCIENCES TRUST,6282.0,228.0
09250W10,30.9,30.87,2013-04-10,BME,BLACKROCK HEALTH SCIENCES TRUST,6282.0,228.0
09250W10,31.0499,31.08,2013-04-11,BME,BLACKROCK HEALTH SCIENCES TRUST,6282.0,228.0
09250W10,31.01,31.2,2013-04-12,BME,BLACKROCK HEALTH SCIENCES TRUST,6282.0,228.0
09250W10,30.72,31.11,2013-04-15,BME,BLACKROCK HEALTH SCIENCES TRUST,6282.0,228.0
09250W10,31.06,30.88,2013-04-16,BME,BLACKROCK HEALTH SCIENCES TRUST,6282.0,228.0
09250W10,30.9,30.95,2013-04-17,BME,BLACKROCK HEALTH SCIENCES TRUST,6282.0,228.0
09250W10,30.6,31.0,2013-04-18,BME,BLACKROCK HEALTH SCIENCES TRUST,6282.0,228.0
09250W10,30.6,30.52,2013-04-19,BME,BLACKROCK HEALTH SCIENCES TRUST,6282.0,228.0
09250W10,30.99,30.85,2013-04-22,BME,BLACKROCK HEALTH SCIENCES TRUST,6282.0,228.0
09250W10,31.38,31.22,2013-04-23,BME,BLACKROCK HEALTH SCIENCES TRUST,6282.0,228.0
09250W10,31.34,31.4,2013-04-24,BME,BLACKROCK HEALTH SCIENCES TRUST,6282.0,228.0
09250W10,30.62,31.34,2013-04-25,BME,BLACKROCK HEALTH SCIENCES TRUST,6282.0,228.0
09250W10,30.91,30.64,2013-04-26,BME,BLACKROCK HEALTH SCIENCES TRUST,6282.0,228.0
09250W10,31.11,30.96,2013-04-29,BME,BLACKROCK HEALTH SCIENCES TRUST,6282.0,228.0
09250W10,31.22,31.02,2013-04-30,BME,BLACKROCK HEALTH SCIENCES TRUST,6282.0,228.0
09250W10,30.89,31.02,2013-05-01,BME,BLACKROCK HEALTH SCIENCES TRUST,6282.0,228.0
09250W10,31.03,30.85,2013-05-02,BME,BLACKROCK HEALTH SCIENCES TRUST,6282.0,228.0
09250W10,31.2,31.36,2013-05-03,BME,BLACKROCK HEALTH SCIENCES TRUST,6282.0,228.0
09250W10,31.13,31.35,2013-05-06,BME,BLACKROCK HEALTH SCIENCES TRUST,6282.0,228.0
09250W10,31.06,31.17,2013-05-07,BME,BLACKROCK HEALTH SCIENCES TRUST,6282.0,228.0
09250W10,30.95,31.06,2013-05-08,BME,BLACKROCK HEALTH SCIENCES TRUST,6282.0,228.0
09250W10,31.1206,31.08,2013-05-09,BME,BLACKROCK HEALTH SCIENCES TRUST,6282.0,228.0
09250W10,31.38,31.04,2013-05-10,BME,BLACKROCK HEALTH SCIENCES TRUST,6282.0,228.0
09250W10,31.74,31.22,2013-05-13,BME,BLACKROCK HEALTH SCIENCES TRUST,6282.0,228.0
09250W10,32.08,31.81,2013-05-14,BME,BLACKROCK HEALTH SCIENCES TRUST,6282.0,228.0
09250W10,32.24,31.89,2013-05-15,BME,BLACKROCK HEALTH SCIENCES TRUST,6282.0,228.0
09250W10,32.07,32.12,2013-05-16,BME,BLACKROCK HEALTH SCIENCES TRUST,6282.0,228.0
09250W10,32.31,32.01,2013-05-17,BME,BLACKROCK HEALTH SCIENCES TRUST,6282.0,228.0
09250W10,32.45,32.15,2013-05-20,BME,BLACKROCK HEALTH SCIENCES TRUST,6282.0,228.0
09250W10,32.4,32.45,2013-05-21,BME,BLACKROCK HEALTH SCIENCES TRUST,6282.0,228.0
09250W10,32.35,32.6,2013-05-22,BME,BLACKROCK HEALTH SCIENCES TRUST,6282.0,228.0
09250W10,31.94,32.15,2013-05-23,BME,BLACKROCK HEALTH SCIENCES TRUST,6282.0,228.0
09250W10,31.89,31.93,2013-05-24,BME,BLACKROCK HEALTH SCIENCES TRUST,6282.0,228.0
09250W10,32.37,32.35,2013-05-28,BME,BLACKROCK HEALTH SCIENCES TRUST,6282.0,228.0
09250W10,32.07,32.33,2013-05-29,BME,BLACKROCK HEALTH SCIENCES TRUST,6282.0,228.0
09250W10,32.15,32.03,2013-05-30,BME,BLACKROCK HEALTH SCIENCES TRUST,6282.0,228.0
09250W10,31.93,32.22,2013-05-31,BME,BLACKROCK HEALTH SCIENCES TRUST,6282.0,228.0
09250W10,31.44,32.1,2013-06-03,BME,BLACKROCK HEALTH SCIENCES TRUST,6282.0,228.0
09250W10,31.12,31.54,2013-06-04,BME,BLACKROCK HEALTH SCIENCES TRUST,6282.0,228.0
09250W10,30.75,30.97,2013-06-05,BME,BLACKROCK HEALTH SCIENCES TRUST,6282.0,228.0
09250W10,30.79,30.76,2013-06-06,BME,BLACKROCK HEALTH SCIENCES TRUST,6282.0,228.0
09250W10,31.26,30.95,2013-06-07,BME,BLACKROCK HEALTH SCIENCES TRUST,6282.0,228.0
09250W10,31.58,31.4,2013-06-10,BME,BLACKROCK HEALTH SCIENCES TRUST,6282.0,228.0
09250W10,31.79,31.48,2013-06-11,BME,BLACKROCK HEALTH SCIENCES TRUST,6282.0,228.0
09250W10,31.42,31.65,2013-06-12,BME,BLACKROCK HEALTH SCIENCES TRUST,6282.0,228.0
09250W10,31.38,31.27,2013-06-13,BME,BLACKROCK HEALTH SCIENCES TRUST,6282.0,228.0
09250W10,31.39,31.2,2013-06-14,BME,BLACKROCK HEALTH SCIENCES TRUST,6282.0,228.0
09250W10,31.73,31.36,2013-06-17,BME,BLACKROCK HEALTH SCIENCES TRUST,6282.0,228.0
09250W10,31.7,31.87,2013-06-18,BME,BLACKROCK HEALTH SCIENCES TRUST,6282.0,228.0
09250W10,31.32,31.83,2013-06-19,BME,BLACKROCK HEALTH SCIENCES TRUST,6282.0,228.0
09250W10,30.46,31.3,2013-06-20,BME,BLACKROCK HEALTH SCIENCES TRUST,6282.0,228.0
09250W10,30.03,30.38,2013-06-21,BME,BLACKROCK HEALTH SCIENCES TRUST,6282.0,228.0
09250W10,29.2621,29.66,2013-06-24,BME,BLACKROCK HEALTH SCIENCES TRUST,6282.0,228.0
09250W10,29.95,29.62,2013-06-25,BME,BLACKROCK HEALTH SCIENCES TRUST,6282.0,228.0
09250W10,30.21,30.25,2013-06-26,BME,BLACKROCK HEALTH SCIENCES TRUST,6282.0,228.0
09250W10,30.8,30.5,2013-06-27,BME,BLACKROCK HEALTH SCIENCES TRUST,6282.0,228.0
09250W10,31.07,31.14,2013-06-28,BME,BLACKROCK HEALTH SCIENCES TRUST,6282.0,228.0
09250W10,31.31,31.35,2013-07-01,BME,BLACKROCK HEALTH SCIENCES TRUST,6282.0,228.0
09250W10,31.2728,31.4,2013-07-02,BME,BLACKROCK HEALTH SCIENCES TRUST,6282.0,228.0
09250W10,31.3919,31.06,2013-07-03,BME,BLACKROCK HEALTH SCIENCES TRUST,6282.0,228.0
09250W10,31.8484,31.65,2013-07-05,BME,BLACKROCK HEALTH SCIENCES TRUST,6282.0,228.0
09250W10,32.14,32.14,2013-07-08,BME,BLACKROCK HEALTH SCIENCES TRUST,6282.0,228.0
09250W10,32.18,32.33,2013-07-09,BME,BLACKROCK HEALTH SCIENCES TRUST,6282.0,228.0
09250W10,32.2,32.1,2013-07-10,BME,BLACKROCK HEALTH SCIENCES TRUST,6282.0,228.0
09250W10,32.95,32.23,2013-07-11,BME,BLACKROCK HEALTH SCIENCES TRUST,6282.0,228.0
09250W10,32.9,33.05,2013-07-12,BME,BLACKROCK HEALTH SCIENCES TRUST,6282.0,228.0
09250W10,33.1501,33.13,2013-07-15,BME,BLACKROCK HEALTH SCIENCES TRUST,6282.0,228.0
09250W10,32.51,33.07,2013-07-16,BME,BLACKROCK HEALTH SCIENCES TRUST,6282.0,228.0
09250W10,32.5252,32.51,2013-07-17,BME,BLACKROCK HEALTH SCIENCES TRUST,6282.0,228.0
09250W10,32.85,32.75,2013-07-18,BME,BLACKROCK HEALTH SCIENCES TRUST,6282.0,228.0
09250W10,33.0801,32.57,2013-07-19,BME,BLACKROCK HEALTH SCIENCES TRUST,6282.0,228.0
09250W10,33.75,33.3,2013-07-22,BME,BLACKROCK HEALTH SCIENCES TRUST,6282.0,228.0
09250W10,34.03,33.64,2013-07-23,BME,BLACKROCK HEALTH SCIENCES TRUST,6282.0,228.0
09250W10,33.84,34.23,2013-07-24,BME,BLACKROCK HEALTH SCIENCES TRUST,6282.0,228.0
09250W10,33.75,34.0,2013-07-25,BME,BLACKROCK HEALTH SCIENCES TRUST,6282.0,228.0
09250W10,34.13,33.92,2013-07-26,BME,BLACKROCK HEALTH SCIENCES TRUST,6282.0,228.0
09250W10,33.81,34.25,2013-07-29,BME,BLACKROCK HEALTH SCIENCES TRUST,6282.0,228.0
09250W10,33.61,34.05,2013-07-30,BME,BLACKROCK HEALTH SCIENCES TRUST,6282.0,228.0
09250W10,33.32,33.85,2013-07-31,BME,BLACKROCK HEALTH SCIENCES TRUST,6282.0,228.0
09250W10,33.45,33.22,2013-08-01,BME,BLACKROCK HEALTH SCIENCES TRUST,6282.0,228.0
09250W10,33.45,33.33,2013-08-02,BME,BLACKROCK HEALTH SCIENCES TRUST,6282.0,228.0
09250W10,33.571,33.65,2013-08-05,BME,BLACKROCK HEALTH SCIENCES TRUST,6282.0,228.0
09250W10,33.66,33.77,2013-08-06,BME,BLACKROCK HEALTH SCIENCES TRUST,6282.0,228.0
09250W10,33.1299,33.49,2013-08-07,BME,BLACKROCK HEALTH SCIENCES TRUST,6282.0,228.0
09250W10,33.44,32.98,2013-08-08,BME,BLACKROCK HEALTH SCIENCES TRUST,6282.0,228.0
09250W10,33.5,33.55,2013-08-09,BME,BLACKROCK HEALTH SCIENCES TRUST,6282.0,228.0
09250W10,33.2416,33.16,2013-08-12,BME,BLACKROCK HEALTH SCIENCES TRUST,6282.0,228.0
09250W10,33.43,33.47,2013-08-13,BME,BLACKROCK HEALTH SCIENCES TRUST,6282.0,228.0
09250W10,33.2227,33.63,2013-08-14,BME,BLACKROCK HEALTH SCIENCES TRUST,6282.0,228.0
09250W10,32.6801,32.92,2013-08-15,BME,BLACKROCK HEALTH SCIENCES TRUST,6282.0,228.0
09250W10,32.309,32.44,2013-08-16,BME,BLACKROCK HEALTH SCIENCES TRUST,6282.0,228.0
09250W10,32.192,32.2,2013-08-19,BME,BLACKROCK HEALTH SCIENCES TRUST,6282.0,228.0
09250W10,32.2432,32.1,2013-08-20,BME,BLACKROCK HEALTH SCIENCES TRUST,6282.0,228.0
09250W10,32.3299,32.3,2013-08-21,BME,BLACKROCK HEALTH SCIENCES TRUST,6282.0,228.0
09250W10,32.8,32.33,2013-08-22,BME,BLACKROCK HEALTH SCIENCES TRUST,6282.0,228.0
09250W10,32.966,32.6,2013-08-23,BME,BLACKROCK HEALTH SCIENCES TRUST,6282.0,228.0
09250W10,32.87,32.86,2013-08-26,BME,BLACKROCK HEALTH SCIENCES TRUST,6282.0,228.0
09250W10,32.65,32.47,2013-08-27,BME,BLACKROCK HEALTH SCIENCES TRUST,6282.0,228.0
09250W10,32.49,32.48,2013-08-28,BME,BLACKROCK HEALTH SCIENCES TRUST,6282.0,228.0
09250W10,32.4,32.25,2013-08-29,BME,BLACKROCK HEALTH SCIENCES TRUST,6282.0,228.0
09250W10,32.52,32.27,2013-08-30,BME,BLACKROCK HEALTH SCIENCES TRUST,6282.0,228.0
09250W10,32.41,32.52,2013-09-03,BME,BLACKROCK HEALTH SCIENCES TRUST,6282.0,228.0
09250W10,33.06,32.6,2013-09-04,BME,BLACKROCK HEALTH SCIENCES TRUST,6282.0,228.0
09250W10,33.81,33.35,2013-09-05,BME,BLACKROCK HEALTH SCIENCES TRUST,6282.0,228.0
09250W10,34.13,33.52,2013-09-06,BME,BLACKROCK HEALTH SCIENCES TRUST,6282.0,228.0
09250W10,34.61,34.37,2013-09-09,BME,BLACKROCK HEALTH SCIENCES TRUST,6282.0,228.0
09250W10,34.032,34.85,2013-09-10,BME,BLACKROCK HEALTH SCIENCES TRUST,6282.0,228.0
09250W10,34.06,34.28,2013-09-11,BME,BLACKROCK HEALTH SCIENCES TRUST,6282.0,228.0
09250W10,33.81,33.9,2013-09-12,BME,BLACKROCK HEALTH SCIENCES TRUST,6282.0,228.0
09250W10,33.7142,33.69,2013-09-13,BME,BLACKROCK HEALTH SCIENCES TRUST,6282.0,228.0
09250W10,33.94,34.14,2013-09-16,BME,BLACKROCK HEALTH SCIENCES TRUST,6282.0,228.0
09250W10,34.37,33.93,2013-09-17,BME,BLACKROCK HEALTH SCIENCES TRUST,6282.0,228.0
09250W10,34.7988,34.37,2013-09-18,BME,BLACKROCK HEALTH SCIENCES TRUST,6282.0,228.0
09250W10,34.76,34.72,2013-09-19,BME,BLACKROCK HEALTH SCIENCES TRUST,6282.0,228.0
09250W10,34.51,34.73,2013-09-20,BME,BLACKROCK HEALTH SCIENCES TRUST,6282.0,228.0
09250W10,33.99,34.68,2013-09-23,BME,BLACKROCK HEALTH SCIENCES TRUST,6282.0,228.0
09250W10,34.01,34.22,2013-09-24,BME,BLACKROCK HEALTH SCIENCES TRUST,6282.0,228.0
09250W10,33.59,34.17,2013-09-25,BME,BLACKROCK HEALTH SCIENCES TRUST,6282.0,228.0
09250W10,33.45,33.47,2013-09-26,BME,BLACKROCK HEALTH SCIENCES TRUST,6282.0,228.0
09250W10,33.44,33.25,2013-09-27,BME,BLACKROCK HEALTH SCIENCES TRUST,6282.0,228.0
09250W10,32.6,33.43,2013-09-30,BME,BLACKROCK HEALTH SCIENCES TRUST,6282.0,228.0
09250W10,33.26,32.73,2013-10-01,BME,BLACKROCK HEALTH SCIENCES TRUST,6282.0,228.0
09250W10,33.2,33.21,2013-10-02,BME,BLACKROCK HEALTH SCIENCES TRUST,6282.0,228.0
09250W10,33.0,33.11,2013-10-03,BME,BLACKROCK HEALTH SCIENCES TRUST,6282.0,228.0
09250W10,33.2499,32.91,2013-10-04,BME,BLACKROCK HEALTH SCIENCES TRUST,6282.0,228.0
09250W10,32.85,32.95,2013-10-07,BME,BLACKROCK HEALTH SCIENCES TRUST,6282.0,228.0
09250W10,32.25,32.81,2013-10-08,BME,BLACKROCK HEALTH SCIENCES TRUST,6282.0,228.0
09250W10,31.91,32.25,2013-10-09,BME,BLACKROCK HEALTH SCIENCES TRUST,6282.0,228.0
09250W10,32.37,32.38,2013-10-10,BME,BLACKROCK HEALTH SCIENCES TRUST,6282.0,228.0
09250W10,32.47,32.21,2013-10-11,BME,BLACKROCK HEALTH SCIENCES TRUST,6282.0,228.0
09250W10,32.56,32.17,2013-10-14,BME,BLACKROCK HEALTH SCIENCES TRUST,6282.0,228.0
09250W10,32.39,32.63,2013-10-15,BME,BLACKROCK HEALTH SCIENCES TRUST,6282.0,228.0
09250W10,32.99,32.42,2013-10-16,BME,BLACKROCK HEALTH SCIENCES TRUST,6282.0,228.0
09250W10,33.65,32.82,2013-10-17,BME,BLACKROCK HEALTH SCIENCES TRUST,6282.0,228.0
09250W10,33.41,33.59,2013-10-18,BME,BLACKROCK HEALTH SCIENCES TRUST,6282.0,228.0
09250W10,33.332,33.56,2013-10-21,BME,BLACKROCK HEALTH SCIENCES TRUST,6282.0,228.0
09250W10,33.55,33.25,2013-10-22,BME,BLACKROCK HEALTH SCIENCES TRUST,6282.0,228.0
09250W10,33.31,33.29,2013-10-23,BME,BLACKROCK HEALTH SCIENCES TRUST,6282.0,228.0
09250W10,33.575,33.49,2013-10-24,BME,BLACKROCK HEALTH SCIENCES TRUST,6282.0,228.0
09250W10,33.638,33.47,2013-10-25,BME,BLACKROCK HEALTH SCIENCES TRUST,6282.0,228.0
09250W10,33.65,33.48,2013-10-28,BME,BLACKROCK HEALTH SCIENCES TRUST,6282.0,228.0
09250W10,33.82,33.74,2013-10-29,BME,BLACKROCK HEALTH SCIENCES TRUST,6282.0,228.0
09250W10,33.59,33.76,2013-10-30,BME,BLACKROCK HEALTH SCIENCES TRUST,6282.0,228.0
09250W10,33.55,33.72,2013-10-31,BME,BLACKROCK HEALTH SCIENCES TRUST,6282.0,228.0
09250W10,33.61,33.35,2013-11-01,BME,BLACKROCK HEALTH SCIENCES TRUST,6282.0,228.0
09250W10,33.7,33.61,2013-11-04,BME,BLACKROCK HEALTH SCIENCES TRUST,6282.0,228.0
09250W10,33.7399,33.46,2013-11-05,BME,BLACKROCK HEALTH SCIENCES TRUST,6282.0,228.0
09250W10,33.48,33.7,2013-11-06,BME,BLACKROCK HEALTH SCIENCES TRUST,6282.0,228.0
09250W10,33.11,33.68,2013-11-07,BME,BLACKROCK HEALTH SCIENCES TRUST,6282.0,228.0
09250W10,33.38,33.0,2013-11-08,BME,BLACKROCK HEALTH SCIENCES TRUST,6282.0,228.0
09250W10,33.366,33.37,2013-11-11,BME,BLACKROCK HEALTH SCIENCES TRUST,6282.0,228.0
09250W10,33.3,33.16,2013-11-12,BME,BLACKROCK HEALTH SCIENCES TRUST,6282.0,228.0
09250W10,33.39,33.2,2013-11-13,BME,BLACKROCK HEALTH SCIENCES TRUST,6282.0,228.0
09250W10,33.69,33.33,2013-11-14,BME,BLACKROCK HEALTH SCIENCES TRUST,6282.0,228.0
09250W10,33.7299,33.55,2013-11-15,BME,BLACKROCK HEALTH SCIENCES TRUST,6282.0,228.0
09250W10,33.67,33.67,2013-11-18,BME,BLACKROCK HEALTH SCIENCES TRUST,6282.0,228.0
09250W10,33.48,33.67,2013-11-19,BME,BLACKROCK HEALTH SCIENCES TRUST,6282.0,228.0
09250W10,33.44,33.6,2013-11-20,BME,BLACKROCK HEALTH SCIENCES TRUST,6282.0,228.0
09250W10,33.66,33.51,2013-11-21,BME,BLACKROCK HEALTH SCIENCES TRUST,6282.0,228.0
09250W10,34.04,33.63,2013-11-22,BME,BLACKROCK HEALTH SCIENCES TRUST,6282.0,228.0
09250W10,34.2592,34.02,2013-11-25,BME,BLACKROCK HEALTH SCIENCES TRUST,6282.0,228.0
09250W10,34.1699,34.64,2013-11-26,BME,BLACKROCK HEALTH SCIENCES TRUST,6282.0,228.0
09250W10,34.2299,34.1,2013-11-27,BME,BLACKROCK HEALTH SCIENCES TRUST,6282.0,228.0
09250W10,34.15,34.16,2013-11-29,BME,BLACKROCK HEALTH SCIENCES TRUST,6282.0,228.0
09250W10,34.19,33.8,2013-12-02,BME,BLACKROCK HEALTH SCIENCES TRUST,6282.0,228.0
09250W10,33.9924,34.31,2013-12-03,BME,BLACKROCK HEALTH SCIENCES TRUST,6282.0,228.0
09250W10,33.96,33.8,2013-12-04,BME,BLACKROCK HEALTH SCIENCES TRUST,6282.0,228.0
09250W10,33.88,33.99,2013-12-05,BME,BLACKROCK HEALTH SCIENCES TRUST,6282.0,228.0
09250W10,34.16,34.1,2013-12-06,BME,BLACKROCK HEALTH SCIENCES TRUST,6282.0,228.0
09250W10,34.14,34.18,2013-12-09,BME,BLACKROCK HEALTH SCIENCES TRUST,6282.0,228.0
09250W10,34.43,34.22,2013-12-10,BME,BLACKROCK HEALTH SCIENCES TRUST,6282.0,228.0
09250W10,34.12,34.45,2013-12-11,BME,BLACKROCK HEALTH SCIENCES TRUST,6282.0,228.0
09250W10,33.995,34.0,2013-12-12,BME,BLACKROCK HEALTH SCIENCES TRUST,6282.0,228.0
09250W10,34.05,33.95,2013-12-13,BME,BLACKROCK HEALTH SCIENCES TRUST,6282.0,228.0
09250W10,34.47,34.34,2013-12-16,BME,BLACKROCK HEALTH SCIENCES TRUST,6282.0,228.0
09250W10,34.6843,34.66,2013-12-17,BME,BLACKROCK HEALTH SCIENCES TRUST,6282.0,228.0
09250W10,33.2,32.25,2013-12-18,BME,BLACKROCK HEALTH SCIENCES TRUST,6282.0,228.0
09250W10,32.95,33.0,2013-12-19,BME,BLACKROCK HEALTH SCIENCES TRUST,6282.0,228.0
09250W10,33.11,33.0,2013-12-20,BME,BLACKROCK HEALTH SCIENCES TRUST,6282.0,228.0
09250W10,34.1,33.4,2013-12-23,BME,BLACKROCK HEALTH SCIENCES TRUST,6282.0,228.0
09250W10,34.09,34.0,2013-12-24,BME,BLACKROCK HEALTH SCIENCES TRUST,6282.0,228.0
09250W10,34.7,34.38,2013-12-26,BME,BLACKROCK HEALTH SCIENCES TRUST,6282.0,228.0
09250W10,34.5,34.87,2013-12-27,BME,BLACKROCK HEALTH SCIENCES TRUST,6282.0,228.0
09250W10,34.67,34.36,2013-12-30,BME,BLACKROCK HEALTH SCIENCES TRUST,6282.0,228.0
09250W10,35.44,34.96,2013-12-31,BME,BLACKROCK HEALTH SCIENCES TRUST,6282.0,228.0
09250W10,34.93,35.17,2014-01-02,BME,BLACKROCK HEALTH SCIENCES TRUST,6282.0,228.0
09250W10,34.8428,34.84,2014-01-03,BME,BLACKROCK HEALTH SCIENCES TRUST,6282.0,228.0
09250W10,34.536,34.8,2014-01-06,BME,BLACKROCK HEALTH SCIENCES TRUST,6282.0,228.0
09250W10,34.74,34.85,2014-01-07,BME,BLACKROCK HEALTH SCIENCES TRUST,6282.0,228.0
09250W10,35.15,34.94,2014-01-08,BME,BLACKROCK HEALTH SCIENCES TRUST,6282.0,228.0
09250W10,35.12,35.15,2014-01-09,BME,BLACKROCK HEALTH SCIENCES TRUST,6282.0,228.0
09250W10,35.3,35.33,2014-01-10,BME,BLACKROCK HEALTH SCIENCES TRUST,6282.0,228.0
09250W10,35.24,35.4,2014-01-13,BME,BLACKROCK HEALTH SCIENCES TRUST,6282.0,228.0
09250W10,35.49,35.39,2014-01-14,BME,BLACKROCK HEALTH SCIENCES TRUST,6282.0,228.0
09250W10,35.17,35.55,2014-01-15,BME,BLACKROCK HEALTH SCIENCES TRUST,6282.0,228.0
09250W10,35.19,35.15,2014-01-16,BME,BLACKROCK HEALTH SCIENCES TRUST,6282.0,228.0
09250W10,35.61,35.4,2014-01-17,BME,BLACKROCK HEALTH SCIENCES TRUST,6282.0,228.0
09250W10,36.55,35.98,2014-01-21,BME,BLACKROCK HEALTH SCIENCES TRUST,6282.0,228.0
09250W10,36.75,36.5,2014-01-22,BME,BLACKROCK HEALTH SCIENCES TRUST,6282.0,228.0
09250W10,36.36,36.92,2014-01-23,BME,BLACKROCK HEALTH SCIENCES TRUST,6282.0,228.0
09250W10,35.97,36.07,2014-01-24,BME,BLACKROCK HEALTH SCIENCES TRUST,6282.0,228.0
09250W10,35.7,36.14,2014-01-27,BME,BLACKROCK HEALTH SCIENCES TRUST,6282.0,228.0
09250W10,36.31,36.19,2014-01-28,BME,BLACKROCK HEALTH SCIENCES TRUST,6282.0,228.0
09250W10,34.62,36.0,2014-01-29,BME,BLACKROCK HEALTH SCIENCES TRUST,6282.0,228.0
09250W10,35.0,35.05,2014-01-30,BME,BLACKROCK HEALTH SCIENCES TRUST,6282.0,228.0
09250W10,34.88,34.95,2014-01-31,BME,BLACKROCK HEALTH SCIENCES TRUST,6282.0,228.0
09250W10,34.02,34.8,2014-02-03,BME,BLACKROCK HEALTH SCIENCES TRUST,6282.0,228.0
09250W10,34.24,34.25,2014-02-04,BME,BLACKROCK HEALTH SCIENCES TRUST,6282.0,228.0
09250W10,35.02,34.37,2014-02-05,BME,BLACKROCK HEALTH SCIENCES TRUST,6282.0,228.0
09250W10,35.3,34.94,2014-02-06,BME,BLACKROCK HEALTH SCIENCES TRUST,6282.0,228.0
09250W10,36.52,35.97,2014-02-07,BME,BLACKROCK HEALTH SCIENCES TRUST,6282.0,228.0
09250W10,35.74,37.25,2014-02-10,BME,BLACKROCK HEALTH SCIENCES TRUST,6282.0,228.0
09250W10,36.05,35.86,2014-02-11,BME,BLACKROCK HEALTH SCIENCES TRUST,6282.0,228.0
09250W10,36.5624,36.38,2014-02-12,BME,BLACKROCK HEALTH SCIENCES TRUST,6282.0,228.0
09250W10,37.55,36.75,2014-02-13,BME,BLACKROCK HEALTH SCIENCES TRUST,6282.0,228.0
09250W10,37.89,37.96,2014-02-14,BME,BLACKROCK HEALTH SCIENCES TRUST,6282.0,228.0
09250W10,38.566,37.83,2014-02-18,BME,BLACKROCK HEALTH SCIENCES TRUST,6282.0,228.0
09250W10,38.41,38.92,2014-02-19,BME,BLACKROCK HEALTH SCIENCES TRUST,6282.0,228.0
09250W10,37.95,38.45,2014-02-20,BME,BLACKROCK HEALTH SCIENCES TRUST,6282.0,228.0
09250W10,38.28,38.21,2014-02-21,BME,BLACKROCK HEALTH SCIENCES TRUST,6282.0,228.0
09250W10,39.11,39.07,2014-02-24,BME,BLACKROCK HEALTH SCIENCES TRUST,6282.0,228.0
09250W10,39.11,39.03,2014-02-25,BME,BLACKROCK HEALTH SCIENCES TRUST,6282.0,228.0
09250W10,39.03,39.5,2014-02-26,BME,BLACKROCK HEALTH SCIENCES TRUST,6282.0,228.0
09250W10,38.89,38.8,2014-02-27,BME,BLACKROCK HEALTH SCIENCES TRUST,6282.0,228.0
09250W10,38.53,38.75,2014-02-28,BME,BLACKROCK HEALTH SCIENCES TRUST,6282.0,228.0
09250W10,38.31,38.28,2014-03-03,BME,BLACKROCK HEALTH SCIENCES TRUST,6282.0,228.0
09250W10,38.91,38.74,2014-03-04,BME,BLACKROCK HEALTH SCIENCES TRUST,6282.0,228.0
09250W10,39.47,38.83,2014-03-05,BME,BLACKROCK HEALTH SCIENCES TRUST,6282.0,228.0
09250W10,39.38,39.95,2014-03-06,BME,BLACKROCK HEALTH SCIENCES TRUST,6282.0,228.0
09250W10,38.44,39.37,2014-03-07,BME,BLACKROCK HEALTH SCIENCES TRUST,6282.0,228.0
09250W10,38.62,38.94,2014-03-10,BME,BLACKROCK HEALTH SCIENCES TRUST,6282.0,228.0
09250W10,38.9,38.47,2014-03-11,BME,BLACKROCK HEALTH SCIENCES TRUST,6282.0,228.0
09250W10,38.01,38.43,2014-03-12,BME,BLACKROCK HEALTH SCIENCES TRUST,6282.0,228.0
09250W10,37.74,38.36,2014-03-13,BME,BLACKROCK HEALTH SCIENCES TRUST,6282.0,228.0
09250W10,37.8799,37.55,2014-03-14,BME,BLACKROCK HEALTH SCIENCES TRUST,6282.0,228.0
09250W10,38.3279,37.97,2014-03-17,BME,BLACKROCK HEALTH SCIENCES TRUST,6282.0,228.0
09250W10,38.33,38.75,2014-03-18,BME,BLACKROCK HEALTH SCIENCES TRUST,6282.0,228.0
09250W10,38.4777,38.4,2014-03-19,BME,BLACKROCK HEALTH SCIENCES TRUST,6282.0,228.0
09250W10,38.3599,38.27,2014-03-20,BME,BLACKROCK HEALTH SCIENCES TRUST,6282.0,228.0
09250W10,37.9,38.3,2014-03-21,BME,BLACKROCK HEALTH SCIENCES TRUST,6282.0,228.0
09250W10,36.21,37.89,2014-03-24,BME,BLACKROCK HEALTH SCIENCES TRUST,6282.0,228.0
09250W10,36.51,36.22,2014-03-25,BME,BLACKROCK HEALTH SCIENCES TRUST,6282.0,228.0
09250W10,36.88,36.89,2014-03-26,BME,BLACKROCK HEALTH SCIENCES TRUST,6282.0,228.0
09250W10,36.6569,36.8,2014-03-27,BME,BLACKROCK HEALTH SCIENCES TRUST,6282.0,228.0
09250W10,36.88,36.58,2014-03-28,BME,BLACKROCK HEALTH SCIENCES TRUST,6282.0,228.0
09250W10,37.02,37.3,2014-03-31,BME,BLACKROCK HEALTH SCIENCES TRUST,6282.0,228.0
09250W10,37.8999,37.1,2014-04-01,BME,BLACKROCK HEALTH SCIENCES TRUST,6282.0,228.0
09250W10,37.756,38.14,2014-04-02,BME,BLACKROCK HEALTH SCIENCES TRUST,6282.0,228.0
09250W10,37.03,37.95,2014-04-03,BME,BLACKROCK HEALTH SCIENCES TRUST,6282.0,228.0
09250W10,35.56,36.97,2014-04-04,BME,BLACKROCK HEALTH SCIENCES TRUST,6282.0,228.0
09250W10,35.025,35.8,2014-04-07,BME,BLACKROCK HEALTH SCIENCES TRUST,6282.0,228.0
09250W10,34.9532,34.86,2014-04-08,BME,BLACKROCK HEALTH SCIENCES TRUST,6282.0,228.0
09250W10,35.81,35.0,2014-04-09,BME,BLACKROCK HEALTH SCIENCES TRUST,6282.0,228.0
09250W10,35.07,35.6,2014-04-10,BME,BLACKROCK HEALTH SCIENCES TRUST,6282.0,228.0
09250W10,34.77,34.97,2014-04-11,BME,BLACKROCK HEALTH SCIENCES TRUST,6282.0,228.0
09250W10,34.89,34.85,2014-04-14,BME,BLACKROCK HEALTH SCIENCES TRUST,6282.0,228.0
09250W10,34.91,34.9,2014-04-15,BME,BLACKROCK HEALTH SCIENCES TRUST,6282.0,228.0
09250W10,35.34,35.06,2014-04-16,BME,BLACKROCK HEALTH SCIENCES TRUST,6282.0,228.0
09250W10,34.93,35.18,2014-04-17,BME,BLACKROCK HEALTH SCIENCES TRUST,6282.0,228.0
09250W10,35.0915,35.03,2014-04-21,BME,BLACKROCK HEALTH SCIENCES TRUST,6282.0,228.0
09250W10,35.9,35.25,2014-04-22,BME,BLACKROCK HEALTH SCIENCES TRUST,6282.0,228.0
09250W10,36.48,35.88,2014-04-23,BME,BLACKROCK HEALTH SCIENCES TRUST,6282.0,228.0
09250W10,37.0,36.69,2014-04-24,BME,BLACKROCK HEALTH SCIENCES TRUST,6282.0,228.0
09250W10,36.69,37.04,2014-04-25,BME,BLACKROCK HEALTH SCIENCES TRUST,6282.0,228.0
09250W10,36.66,36.84,2014-04-28,BME,BLACKROCK HEALTH SCIENCES TRUST,6282.0,228.0
09250W10,36.16,36.8,2014-04-29,BME,BLACKROCK HEALTH SCIENCES TRUST,6282.0,228.0
09250W10,35.556,36.1,2014-04-30,BME,BLACKROCK HEALTH SCIENCES TRUST,6282.0,228.0
09250W10,35.56,35.5,2014-05-01,BME,BLACKROCK HEALTH SCIENCES TRUST,6282.0,228.0
09250W10,35.99,35.5,2014-05-02,BME,BLACKROCK HEALTH SCIENCES TRUST,6282.0,228.0
09250W10,35.9694,35.6,2014-05-05,BME,BLACKROCK HEALTH SCIENCES TRUST,6282.0,228.0
09250W10,35.5,35.7,2014-05-06,BME,BLACKROCK HEALTH SCIENCES TRUST,6282.0,228.0
09250W10,35.66,35.82,2014-05-07,BME,BLACKROCK HEALTH SCIENCES TRUST,6282.0,228.0
09250W10,35.28,35.62,2014-05-08,BME,BLACKROCK HEALTH SCIENCES TRUST,6282.0,228.0
09250W10,35.35,35.28,2014-05-09,BME,BLACKROCK HEALTH SCIENCES TRUST,6282.0,228.0
09250W10,36.0192,35.6,2014-05-12,BME,BLACKROCK HEALTH SCIENCES TRUST,6282.0,228.0
09250W10,36.215,36.0,2014-05-13,BME,BLACKROCK HEALTH SCIENCES TRUST,6282.0,228.0
09250W10,35.97,36.27,2014-05-14,BME,BLACKROCK HEALTH SCIENCES TRUST,6282.0,228.0
09250W10,35.658,35.72,2014-05-15,BME,BLACKROCK HEALTH SCIENCES TRUST,6282.0,228.0
09250W10,36.29,35.68,2014-05-16,BME,BLACKROCK HEALTH SCIENCES TRUST,6282.0,228.0
09250W10,37.085,35.97,2014-05-19,BME,BLACKROCK HEALTH SCIENCES TRUST,6282.0,228.0
09250W10,37.08,36.87,2014-05-20,BME,BLACKROCK HEALTH SCIENCES TRUST,6282.0,228.0
09250W10,37.37,37.35,2014-05-21,BME,BLACKROCK HEALTH SCIENCES TRUST,6282.0,228.0
09250W10,37.449,37.37,2014-05-22,BME,BLACKROCK HEALTH SCIENCES TRUST,6282.0,228.0
09250W10,37.612,37.43,2014-05-23,BME,BLACKROCK HEALTH SCIENCES TRUST,6282.0,228.0
09250W10,37.84,37.62,2014-05-27,BME,BLACKROCK HEALTH SCIENCES TRUST,6282.0,228.0
09250W10,37.338,37.98,2014-05-28,BME,BLACKROCK HEALTH SCIENCES TRUST,6282.0,228.0
09250W10,36.84,37.32,2014-05-29,BME,BLACKROCK HEALTH SCIENCES TRUST,6282.0,228.0
09250W10,36.54,36.825,2014-05-30,BME,BLACKROCK HEALTH SCIENCES TRUST,6282.0,228.0
09250W10,36.1018,36.38,2014-06-02,BME,BLACKROCK HEALTH SCIENCES TRUST,6282.0,228.0
09250W10,37.15,36.47,2014-06-03,BME,BLACKROCK HEALTH SCIENCES TRUST,6282.0,228.0
09250W10,37.24,37.39,2014-06-04,BME,BLACKROCK HEALTH SCIENCES TRUST,6282.0,228.0
09250W10,37.225,37.43,2014-06-05,BME,BLACKROCK HEALTH SCIENCES TRUST,6282.0,228.0
09250W10,37.21,37.18,2014-06-06,BME,BLACKROCK HEALTH SCIENCES TRUST,6282.0,228.0
09250W10,36.78,37.04,2014-06-09,BME,BLACKROCK HEALTH SCIENCES TRUST,6282.0,228.0
09250W10,36.43,36.6,2014-06-10,BME,BLACKROCK HEALTH SCIENCES TRUST,6282.0,228.0
09250W10,36.26,36.48,2014-06-11,BME,BLACKROCK HEALTH SCIENCES TRUST,6282.0,228.0
09250W10,35.36,35.6,2014-06-12,BME,BLACKROCK HEALTH SCIENCES TRUST,6282.0,228.0
09250W10,35.27,35.29,2014-06-13,BME,BLACKROCK HEALTH SCIENCES TRUST,6282.0,228.0
09250W10,35.26,35.42,2014-06-16,BME,BLACKROCK HEALTH SCIENCES TRUST,6282.0,228.0
09250W10,35.8449,35.13,2014-06-17,BME,BLACKROCK HEALTH SCIENCES TRUST,6282.0,228.0
09250W10,35.83,35.97,2014-06-18,BME,BLACKROCK HEALTH SCIENCES TRUST,6282.0,228.0
09250W10,35.8904,35.68,2014-06-19,BME,BLACKROCK HEALTH SCIENCES TRUST,6282.0,228.0
09250W10,36.2,35.6101,2014-06-20,BME,BLACKROCK HEALTH SCIENCES TRUST,6282.0,228.0
09250W10,36.24,36.26,2014-06-23,BME,BLACKROCK HEALTH SCIENCES TRUST,6282.0,228.0
09250W10,36.3325,36.25,2014-06-24,BME,BLACKROCK HEALTH SCIENCES TRUST,6282.0,228.0
09250W10,36.19,36.48,2014-06-25,BME,BLACKROCK HEALTH SCIENCES TRUST,6282.0,228.0
09250W10,36.28,36.1,2014-06-26,BME,BLACKROCK HEALTH SCIENCES TRUST,6282.0,228.0
09250W10,36.4,36.35,2014-06-27,BME,BLACKROCK HEALTH SCIENCES TRUST,6282.0,228.0
09250W10,36.73,36.7,2014-06-30,BME,BLACKROCK HEALTH SCIENCES TRUST,6282.0,228.0
09250W10,36.7331,36.8,2014-07-01,BME,BLACKROCK HEALTH SCIENCES TRUST,6282.0,228.0
09250W10,36.7115,36.7,2014-07-02,BME,BLACKROCK HEALTH SCIENCES TRUST,6282.0,228.0
09250W10,36.53,36.59,2014-07-03,BME,BLACKROCK HEALTH SCIENCES TRUST,6282.0,228.0
09250W10,36.25,36.33,2014-07-07,BME,BLACKROCK HEALTH SCIENCES TRUST,6282.0,228.0
09250W10,35.81,36.48,2014-07-08,BME,BLACKROCK HEALTH SCIENCES TRUST,6282.0,228.0
09250W10,36.26,35.74,2014-07-09,BME,BLACKROCK HEALTH SCIENCES TRUST,6282.0,228.0
09250W10,36.279,35.78,2014-07-10,BME,BLACKROCK HEALTH SCIENCES TRUST,6282.0,228.0
09250W10,35.99,36.16,2014-07-11,BME,BLACKROCK HEALTH SCIENCES TRUST,6282.0,228.0
09250W10,36.349,36.0,2014-07-14,BME,BLACKROCK HEALTH SCIENCES TRUST,6282.0,228.0
09250W10,36.38,36.37,2014-07-15,BME,BLACKROCK HEALTH SCIENCES TRUST,6282.0,228.0
09250W10,36.34,36.75,2014-07-16,BME,BLACKROCK HEALTH SCIENCES TRUST,6282.0,228.0
09250W10,36.12,36.25,2014-07-17,BME,BLACKROCK HEALTH SCIENCES TRUST,6282.0,228.0
09250W10,36.1117,36.2,2014-07-18,BME,BLACKROCK HEALTH SCIENCES TRUST,6282.0,228.0
09250W10,35.92,35.95,2014-07-21,BME,BLACKROCK HEALTH SCIENCES TRUST,6282.0,228.0
09250W10,35.93,35.88,2014-07-22,BME,BLACKROCK HEALTH SCIENCES TRUST,6282.0,228.0
09250W10,36.3,36.0,2014-07-23,BME,BLACKROCK HEALTH SCIENCES TRUST,6282.0,228.0
09250W10,36.42,36.34,2014-07-24,BME,BLACKROCK HEALTH SCIENCES TRUST,6282.0,228.0
09250W10,36.49,36.49,2014-07-25,BME,BLACKROCK HEALTH SCIENCES TRUST,6282.0,228.0
09250W10,36.11,36.38,2014-07-28,BME,BLACKROCK HEALTH SCIENCES TRUST,6282.0,228.0
09250W10,36.09,36.25,2014-07-29,BME,BLACKROCK HEALTH SCIENCES TRUST,6282.0,228.0
09250W10,36.55,35.99,2014-07-30,BME,BLACKROCK HEALTH SCIENCES TRUST,6282.0,228.0
09250W10,35.99,36.5,2014-07-31,BME,BLACKROCK HEALTH SCIENCES TRUST,6282.0,228.0
09250W10,35.81,35.81,2014-08-01,BME,BLACKROCK HEALTH SCIENCES TRUST,6282.0,228.0
09250W10,36.04,35.94,2014-08-04,BME,BLACKROCK HEALTH SCIENCES TRUST,6282.0,228.0
09250W10,35.83,36.0,2014-08-05,BME,BLACKROCK HEALTH SCIENCES TRUST,6282.0,228.0
09250W10,35.92,35.87,2014-08-06,BME,BLACKROCK HEALTH SCIENCES TRUST,6282.0,228.0
09250W10,35.652,36.11,2014-08-07,BME,BLACKROCK HEALTH SCIENCES TRUST,6282.0,228.0
09250W10,35.62,35.99,2014-08-08,BME,BLACKROCK HEALTH SCIENCES TRUST,6282.0,228.0
09250W10,35.83,35.57,2014-08-11,BME,BLACKROCK HEALTH SCIENCES TRUST,6282.0,228.0
09250W10,35.57,36.0,2014-08-12,BME,BLACKROCK HEALTH SCIENCES TRUST,6282.0,228.0
09250W10,36.0649,35.75,2014-08-13,BME,BLACKROCK HEALTH SCIENCES TRUST,6282.0,228.0
09250W10,36.36,36.11,2014-08-14,BME,BLACKROCK HEALTH SCIENCES TRUST,6282.0,228.0
09250W10,36.5408,36.4,2014-08-15,BME,BLACKROCK HEALTH SCIENCES TRUST,6282.0,228.0
09250W10,36.73,36.56,2014-08-18,BME,BLACKROCK HEALTH SCIENCES TRUST,6282.0,228.0
09250W10,36.94,36.76,2014-08-19,BME,BLACKROCK HEALTH SCIENCES TRUST,6282.0,228.0
09250W10,36.67,36.81,2014-08-20,BME,BLACKROCK HEALTH SCIENCES TRUST,6282.0,228.0
09250W10,36.61,36.85,2014-08-21,BME,BLACKROCK HEALTH SCIENCES TRUST,6282.0,228.0
09250W10,36.36,36.8,2014-08-22,BME,BLACKROCK HEALTH SCIENCES TRUST,6282.0,228.0
09250W10,36.53,36.36,2014-08-25,BME,BLACKROCK HEALTH SCIENCES TRUST,6282.0,228.0
09250W10,36.8,36.45,2014-08-26,BME,BLACKROCK HEALTH SCIENCES TRUST,6282.0,228.0
09250W10,37.09,36.99,2014-08-27,BME,BLACKROCK HEALTH SCIENCES TRUST,6282.0,228.0
09250W10,37.13,36.87,2014-08-28,BME,BLACKROCK HEALTH SCIENCES TRUST,6282.0,228.0
09250W10,37.55,37.43,2014-08-29,BME,BLACKROCK HEALTH SCIENCES TRUST,6282.0,228.0
09250W10,37.28,37.69,2014-09-02,BME,BLACKROCK HEALTH SCIENCES TRUST,6282.0,228.0
09250W10,37.29,37.66,2014-09-03,BME,BLACKROCK HEALTH SCIENCES TRUST,6282.0,228.0
09250W10,37.06,37.04,2014-09-04,BME,BLACKROCK HEALTH SCIENCES TRUST,6282.0,228.0
09250W10,37.2799,37.01,2014-09-05,BME,BLACKROCK HEALTH SCIENCES TRUST,6282.0,228.0
09250W10,37.41,37.15,2014-09-08,BME,BLACKROCK HEALTH SCIENCES TRUST,6282.0,228.0
09250W10,37.26,37.27,2014-09-09,BME,BLACKROCK HEALTH SCIENCES TRUST,6282.0,228.0
09250W10,37.65,37.21,2014-09-10,BME,BLACKROCK HEALTH SCIENCES TRUST,6282.0,228.0
09250W10,37.87,37.57,2014-09-11,BME,BLACKROCK HEALTH SCIENCES TRUST,6282.0,228.0
09250W10,37.76,37.43,2014-09-12,BME,BLACKROCK HEALTH SCIENCES TRUST,6282.0,228.0
09250W10,37.56,37.69,2014-09-15,BME,BLACKROCK HEALTH SCIENCES TRUST,6282.0,228.0
09250W10,37.965,37.64,2014-09-16,BME,BLACKROCK HEALTH SCIENCES TRUST,6282.0,228.0
09250W10,37.9238,37.99,2014-09-17,BME,BLACKROCK HEALTH SCIENCES TRUST,6282.0,228.0
09250W10,38.33,38.14,2014-09-18,BME,BLACKROCK HEALTH SCIENCES TRUST,6282.0,228.0
09250W10,38.25,38.23,2014-09-19,BME,BLACKROCK HEALTH SCIENCES TRUST,6282.0,228.0
09250W10,37.97,38.29,2014-09-22,BME,BLACKROCK HEALTH SCIENCES TRUST,6282.0,228.0
09250W10,37.96,37.77,2014-09-23,BME,BLACKROCK HEALTH SCIENCES TRUST,6282.0,228.0
09250W10,38.3799,37.9,2014-09-24,BME,BLACKROCK HEALTH SCIENCES TRUST,6282.0,228.0
09250W10,37.84,38.19,2014-09-25,BME,BLACKROCK HEALTH SCIENCES TRUST,6282.0,228.0
09250W10,38.27,37.84,2014-09-26,BME,BLACKROCK HEALTH SCIENCES TRUST,6282.0,228.0
09250W10,38.29,38.09,2014-09-29,BME,BLACKROCK HEALTH SCIENCES TRUST,6282.0,228.0
09250W10,38.38,38.51,2014-09-30,BME,BLACKROCK HEALTH SCIENCES TRUST,6282.0,228.0
09250W10,37.78,38.17,2014-10-01,BME,BLACKROCK HEALTH SCIENCES TRUST,6282.0,228.0
09250W10,38.12,37.74,2014-10-02,BME,BLACKROCK HEALTH SCIENCES TRUST,6282.0,228.0
09250W10,38.89,38.46,2014-10-03,BME,BLACKROCK HEALTH SCIENCES TRUST,6282.0,228.0
09250W10,39.08,38.89,2014-10-06,BME,BLACKROCK HEALTH SCIENCES TRUST,6282.0,228.0
09250W10,38.7,38.98,2014-10-07,BME,BLACKROCK HEALTH SCIENCES TRUST,6282.0,228.0
09250W10,38.61,38.71,2014-10-08,BME,BLACKROCK HEALTH SCIENCES TRUST,6282.0,228.0
09250W10,38.161,38.68,2014-10-09,BME,BLACKROCK HEALTH SCIENCES TRUST,6282.0,228.0
09250W10,37.1,38.17,2014-10-10,BME,BLACKROCK HEALTH SCIENCES TRUST,6282.0,228.0
09250W10,36.05,36.83,2014-10-13,BME,BLACKROCK HEALTH SCIENCES TRUST,6282.0,228.0
09250W10,35.81,35.98,2014-10-14,BME,BLACKROCK HEALTH SCIENCES TRUST,6282.0,228.0
09250W10,36.01,35.5,2014-10-15,BME,BLACKROCK HEALTH SCIENCES TRUST,6282.0,228.0
09250W10,37.15,35.83,2014-10-16,BME,BLACKROCK HEALTH SCIENCES TRUST,6282.0,228.0
09250W10,37.75,37.5,2014-10-17,BME,BLACKROCK HEALTH SCIENCES TRUST,6282.0,228.0
09250W10,38.0528,37.52,2014-10-20,BME,BLACKROCK HEALTH SCIENCES TRUST,6282.0,228.0
09250W10,38.99,38.4,2014-10-21,BME,BLACKROCK HEALTH SCIENCES TRUST,6282.0,228.0
09250W10,39.48,38.99,2014-10-22,BME,BLACKROCK HEALTH SCIENCES TRUST,6282.0,228.0
09250W10,39.33,39.49,2014-10-23,BME,BLACKROCK HEALTH SCIENCES TRUST,6282.0,228.0
09250W10,39.5701,39.23,2014-10-24,BME,BLACKROCK HEALTH SCIENCES TRUST,6282.0,228.0
09250W10,39.7199,39.9,2014-10-27,BME,BLACKROCK HEALTH SCIENCES TRUST,6282.0,228.0
09250W10,39.16,39.75,2014-10-28,BME,BLACKROCK HEALTH SCIENCES TRUST,6282.0,228.0
09250W10,39.7,39.31,2014-10-29,BME,BLACKROCK HEALTH SCIENCES TRUST,6282.0,228.0
09250W10,40.0,39.75,2014-10-30,BME,BLACKROCK HEALTH SCIENCES TRUST,6282.0,228.0
09250W10,41.3333,40.26,2014-10-31,BME,BLACKROCK HEALTH SCIENCES TRUST,6282.0,228.0
09250W10,41.13,41.35,2014-11-03,BME,BLACKROCK HEALTH SCIENCES TRUST,6282.0,228.0
09250W10,41.33,40.87,2014-11-04,BME,BLACKROCK HEALTH SCIENCES TRUST,6282.0,228.0
09250W10,41.91,41.39,2014-11-05,BME,BLACKROCK HEALTH SCIENCES TRUST,6282.0,228.0
09250W10,41.767,41.88,2014-11-06,BME,BLACKROCK HEALTH SCIENCES TRUST,6282.0,228.0
09250W10,42.17,41.99,2014-11-07,BME,BLACKROCK HEALTH SCIENCES TRUST,6282.0,228.0
09250W10,42.46,42.88,2014-11-10,BME,BLACKROCK HEALTH SCIENCES TRUST,6282.0,228.0
09250W10,42.0801,42.73,2014-11-11,BME,BLACKROCK HEALTH SCIENCES TRUST,6282.0,228.0
09250W10,42.67,42.0,2014-11-12,BME,BLACKROCK HEALTH SCIENCES TRUST,6282.0,228.0
09250W10,42.75,42.97,2014-11-13,BME,BLACKROCK HEALTH SCIENCES TRUST,6282.0,228.0
09250W10,42.0379,42.48,2014-11-14,BME,BLACKROCK HEALTH SCIENCES TRUST,6282.0,228.0
09250W10,41.7539,42.25,2014-11-17,BME,BLACKROCK HEALTH SCIENCES TRUST,6282.0,228.0
09250W10,43.67,41.93,2014-11-18,BME,BLACKROCK HEALTH SCIENCES TRUST,6282.0,228.0
09250W10,42.53,43.9,2014-11-19,BME,BLACKROCK HEALTH SCIENCES TRUST,6282.0,228.0
09250W10,42.07,42.51,2014-11-20,BME,BLACKROCK HEALTH SCIENCES TRUST,6282.0,228.0
09250W10,43.1,42.65,2014-11-21,BME,BLACKROCK HEALTH SCIENCES TRUST,6282.0,228.0
09250W10,43.85,43.13,2014-11-24,BME,BLACKROCK HEALTH SCIENCES TRUST,6282.0,228.0
09250W10,44.233,44.12,2014-11-25,BME,BLACKROCK HEALTH SCIENCES TRUST,6282.0,228.0
09250W10,44.97,44.33,2014-11-26,BME,BLACKROCK HEALTH SCIENCES TRUST,6282.0,228.0
09250W10,46.41,44.73,2014-11-28,BME,BLACKROCK HEALTH SCIENCES TRUST,6282.0,228.0
09250W10,44.85,46.4,2014-12-01,BME,BLACKROCK HEALTH SCIENCES TRUST,6282.0,228.0
09250W10,43.89,44.8,2014-12-02,BME,BLACKROCK HEALTH SCIENCES TRUST,6282.0,228.0
09250W10,44.12,43.8,2014-12-03,BME,BLACKROCK HEALTH SCIENCES TRUST,6282.0,228.0
09250W10,43.46,44.35,2014-12-04,BME,BLACKROCK HEALTH SCIENCES TRUST,6282.0,228.0
09250W10,42.95,43.53,2014-12-05,BME,BLACKROCK HEALTH SCIENCES TRUST,6282.0,228.0
09250W10,42.88,42.94,2014-12-08,BME,BLACKROCK HEALTH SCIENCES TRUST,6282.0,228.0
09250W10,41.84,42.35,2014-12-09,BME,BLACKROCK HEALTH SCIENCES TRUST,6282.0,228.0
09250W10,42.45,42.0,2014-12-10,BME,BLACKROCK HEALTH SCIENCES TRUST,6282.0,228.0
09250W10,43.86,42.74,2014-12-11,BME,BLACKROCK HEALTH SCIENCES TRUST,6282.0,228.0
09250W10,43.0781,43.38,2014-12-12,BME,BLACKROCK HEALTH SCIENCES TRUST,6282.0,228.0
09250W10,41.95,43.08,2014-12-15,BME,BLACKROCK HEALTH SCIENCES TRUST,6282.0,228.0
09250W10,41.27,41.75,2014-12-16,BME,BLACKROCK HEALTH SCIENCES TRUST,6282.0,228.0
09250W10,41.27,41.39,2014-12-17,BME,BLACKROCK HEALTH SCIENCES TRUST,6282.0,228.0
09250W10,42.04,39.66,2014-12-18,BME,BLACKROCK HEALTH SCIENCES TRUST,6282.0,228.0
09250W10,41.27,42.04,2014-12-19,BME,BLACKROCK HEALTH SCIENCES TRUST,6282.0,228.0
09250W10,40.8,41.56,2014-12-22,BME,BLACKROCK HEALTH SCIENCES TRUST,6282.0,228.0
09250W10,40.34,40.89,2014-12-23,BME,BLACKROCK HEALTH SCIENCES TRUST,6282.0,228.0
09250W10,41.3195,40.2,2014-12-24,BME,BLACKROCK HEALTH SCIENCES TRUST,6282.0,228.0
09250W10,42.48,41.84,2014-12-26,BME,BLACKROCK HEALTH SCIENCES TRUST,6282.0,228.0
09250W10,42.06,42.23,2014-12-29,BME,BLACKROCK HEALTH SCIENCES TRUST,6282.0,228.0
09250W10,42.97,42.27,2014-12-30,BME,BLACKROCK HEALTH SCIENCES TRUST,6282.0,228.0
09250W10,42.7,43.76,2014-12-31,BME,BLACKROCK HEALTH SCIENCES TRUST,6282.0,228.0
09250W10,42.23,43.22,2015-01-02,BME,BLACKROCK HEALTH SCIENCES TRUST,6282.0,228.0
09250W10,40.87,42.1,2015-01-05,BME,BLACKROCK HEALTH SCIENCES TRUST,6282.0,228.0
09250W10,40.79,40.92,2015-01-06,BME,BLACKROCK HEALTH SCIENCES TRUST,6282.0,228.0
09250W10,41.45,41.03,2015-01-07,BME,BLACKROCK HEALTH SCIENCES TRUST,6282.0,228.0
09250W10,41.81,42.0,2015-01-08,BME,BLACKROCK HEALTH SCIENCES TRUST,6282.0,228.0
09250W10,42.21,42.0,2015-01-09,BME,BLACKROCK HEALTH SCIENCES TRUST,6282.0,228.0
09250W10,40.4,42.25,2015-01-12,BME,BLACKROCK HEALTH SCIENCES TRUST,6282.0,228.0
09250W10,40.54,40.51,2015-01-13,BME,BLACKROCK HEALTH SCIENCES TRUST,6282.0,228.0
09250W10,40.51,40.46,2015-01-14,BME,BLACKROCK HEALTH SCIENCES TRUST,6282.0,228.0
09250W10,40.5,40.59,2015-01-15,BME,BLACKROCK HEALTH SCIENCES TRUST,6282.0,228.0
09250W10,40.5,40.8476,2015-01-16,BME,BLACKROCK HEALTH SCIENCES TRUST,6282.0,228.0
09250W10,40.4,40.59,2015-01-20,BME,BLACKROCK HEALTH SCIENCES TRUST,6282.0,228.0
09250W10,40.32,40.35,2015-01-21,BME,BLACKROCK HEALTH SCIENCES TRUST,6282.0,228.0
09250W10,40.39,40.69,2015-01-22,BME,BLACKROCK HEALTH SCIENCES TRUST,6282.0,228.0
09250W10,40.651,40.28,2015-01-23,BME,BLACKROCK HEALTH SCIENCES TRUST,6282.0,228.0
09250W10,40.88,40.79,2015-01-26,BME,BLACKROCK HEALTH SCIENCES TRUST,6282.0,228.0
09250W10,40.99,40.69,2015-01-27,BME,BLACKROCK HEALTH SCIENCES TRUST,6282.0,228.0
09250W10,40.908,40.89,2015-01-28,BME,BLACKROCK HEALTH SCIENCES TRUST,6282.0,228.0
09250W10,41.48,40.9,2015-01-29,BME,BLACKROCK HEALTH SCIENCES TRUST,6282.0,228.0
09250W10,41.619,41.33,2015-01-30,BME,BLACKROCK HEALTH SCIENCES TRUST,6282.0,228.0
09250W10,41.05,41.6,2015-02-02,BME,BLACKROCK HEALTH SCIENCES TRUST,6282.0,228.0
09250W10,41.02,41.16,2015-02-03,BME,BLACKROCK HEALTH SCIENCES TRUST,6282.0,228.0
09250W10,40.52,40.97,2015-02-04,BME,BLACKROCK HEALTH SCIENCES TRUST,6282.0,228.0
09250W10,41.28,40.62,2015-02-05,BME,BLACKROCK HEALTH SCIENCES TRUST,6282.0,228.0
09250W10,40.37,41.29,2015-02-06,BME,BLACKROCK HEALTH SCIENCES TRUST,6282.0,228.0
09250W10,40.51,40.26,2015-02-09,BME,BLACKROCK HEALTH SCIENCES TRUST,6282.0,228.0
09250W10,40.26,40.4,2015-02-10,BME,BLACKROCK HEALTH SCIENCES TRUST,6282.0,228.0
09250W10,40.68,40.29,2015-02-11,BME,BLACKROCK HEALTH SCIENCES TRUST,6282.0,228.0
09250W10,40.47,40.7,2015-02-12,BME,BLACKROCK HEALTH SCIENCES TRUST,6282.0,228.0
09250W10,40.2,40.49,2015-02-13,BME,BLACKROCK HEALTH SCIENCES TRUST,6282.0,228.0
09250W10,40.13,40.34,2015-02-17,BME,BLACKROCK HEALTH SCIENCES TRUST,6282.0,228.0
09250W10,39.89,40.26,2015-02-18,BME,BLACKROCK HEALTH SCIENCES TRUST,6282.0,228.0
09250W10,39.53,39.75,2015-02-19,BME,BLACKROCK HEALTH SCIENCES TRUST,6282.0,228.0
09250W10,40.2299,39.54,2015-02-20,BME,BLACKROCK HEALTH SCIENCES TRUST,6282.0,228.0
09250W10,41.27,40.49,2015-02-23,BME,BLACKROCK HEALTH SCIENCES TRUST,6282.0,228.0
09250W10,41.93,41.43,2015-02-24,BME,BLACKROCK HEALTH SCIENCES TRUST,6282.0,228.0
09250W10,42.07,41.72,2015-02-25,BME,BLACKROCK HEALTH SCIENCES TRUST,6282.0,228.0
09250W10,42.47,41.81,2015-02-26,BME,BLACKROCK HEALTH SCIENCES TRUST,6282.0,228.0
09250W10,42.31,42.68,2015-02-27,BME,BLACKROCK HEALTH SCIENCES TRUST,6282.0,228.0
09250W10,42.88,42.44,2015-03-02,BME,BLACKROCK HEALTH SCIENCES TRUST,6282.0,228.0
09250W10,42.84,42.57,2015-03-03,BME,BLACKROCK HEALTH SCIENCES TRUST,6282.0,228.0
09250W10,42.9999,42.97,2015-03-04,BME,BLACKROCK HEALTH SCIENCES TRUST,6282.0,228.0
09250W10,44.0,43.24,2015-03-05,BME,BLACKROCK HEALTH SCIENCES TRUST,6282.0,228.0
09250W10,43.43,44.14,2015-03-06,BME,BLACKROCK HEALTH SCIENCES TRUST,6282.0,228.0
09250W10,43.3,43.61,2015-03-09,BME,BLACKROCK HEALTH SCIENCES TRUST,6282.0,228.0
09250W10,43.02,43.16,2015-03-10,BME,BLACKROCK HEALTH SCIENCES TRUST,6282.0,228.0
09250W10,43.23,43.12,2015-03-11,BME,BLACKROCK HEALTH SCIENCES TRUST,6282.0,228.0
09250W10,44.06,43.02,2015-03-12,BME,BLACKROCK HEALTH SCIENCES TRUST,6282.0,228.0
09250W10,44.13,44.4,2015-03-13,BME,BLACKROCK HEALTH SCIENCES TRUST,6282.0,228.0
09250W10,43.01,44.14,2015-03-16,BME,BLACKROCK HEALTH SCIENCES TRUST,6282.0,228.0
09250W10,42.82,43.14,2015-03-17,BME,BLACKROCK HEALTH SCIENCES TRUST,6282.0,228.0
09250W10,42.67,42.65,2015-03-18,BME,BLACKROCK HEALTH SCIENCES TRUST,6282.0,228.0
09250W10,42.61,42.78,2015-03-19,BME,BLACKROCK HEALTH SCIENCES TRUST,6282.0,228.0
09250W10,43.3,42.99,2015-03-20,BME,BLACKROCK HEALTH SCIENCES TRUST,6282.0,228.0
09250W10,43.22,43.2,2015-03-23,BME,BLACKROCK HEALTH SCIENCES TRUST,6282.0,228.0
09250W10,43.46,43.2,2015-03-24,BME,BLACKROCK HEALTH SCIENCES TRUST,6282.0,228.0
09250W10,42.98,43.42,2015-03-25,BME,BLACKROCK HEALTH SCIENCES TRUST,6282.0,228.0
09250W10,42.8,42.73,2015-03-26,BME,BLACKROCK HEALTH SCIENCES TRUST,6282.0,228.0
09250W10,42.74,42.91,2015-03-27,BME,BLACKROCK HEALTH SCIENCES TRUST,6282.0,228.0
09250W10,43.25,43.06,2015-03-30,BME,BLACKROCK HEALTH SCIENCES TRUST,6282.0,228.0
09250W10,43.0,43.37,2015-03-31,BME,BLACKROCK HEALTH SCIENCES TRUST,6282.0,228.0
09250W10,42.32,43.16,2015-04-01,BME,BLACKROCK HEALTH SCIENCES TRUST,6282.0,228.0
09250W10,43.07,42.5,2015-04-02,BME,BLACKROCK HEALTH SCIENCES TRUST,6282.0,228.0
09250W10,42.38,42.34,2015-04-06,BME,BLACKROCK HEALTH SCIENCES TRUST,6282.0,228.0
09250W10,43.01,42.71,2015-04-07,BME,BLACKROCK HEALTH SCIENCES TRUST,6282.0,228.0
09250W10,43.13,42.91,2015-04-08,BME,BLACKROCK HEALTH SCIENCES TRUST,6282.0,228.0
09250W10,43.81,43.23,2015-04-09,BME,BLACKROCK HEALTH SCIENCES TRUST,6282.0,228.0
09250W10,44.21,44.24,2015-04-10,BME,BLACKROCK HEALTH SCIENCES TRUST,6282.0,228.0
09250W10,44.23,44.01,2015-04-13,BME,BLACKROCK HEALTH SCIENCES TRUST,6282.0,228.0
09250W10,43.82,44.46,2015-04-14,BME,BLACKROCK HEALTH SCIENCES TRUST,6282.0,228.0
09250W10,43.14,43.85,2015-04-15,BME,BLACKROCK HEALTH SCIENCES TRUST,6282.0,228.0
09250W10,42.72,43.26,2015-04-16,BME,BLACKROCK HEALTH SCIENCES TRUST,6282.0,228.0
09250W10,42.46,42.743,2015-04-17,BME,BLACKROCK HEALTH SCIENCES TRUST,6282.0,228.0
09250W10,42.71,42.96,2015-04-20,BME,BLACKROCK HEALTH SCIENCES TRUST,6282.0,228.0
09250W10,42.98,43.0,2015-04-21,BME,BLACKROCK HEALTH SCIENCES TRUST,6282.0,228.0
09250W10,42.75,42.99,2015-04-22,BME,BLACKROCK HEALTH SCIENCES TRUST,6282.0,228.0
09250W10,43.085,42.78,2015-04-23,BME,BLACKROCK HEALTH SCIENCES TRUST,6282.0,228.0
09250W10,42.95,43.22,2015-04-24,BME,BLACKROCK HEALTH SCIENCES TRUST,6282.0,228.0
09250W10,42.3,43.0,2015-04-27,BME,BLACKROCK HEALTH SCIENCES TRUST,6282.0,228.0
09250W10,41.81,42.27,2015-04-28,BME,BLACKROCK HEALTH SCIENCES TRUST,6282.0,228.0
09250W10,41.67,41.76,2015-04-29,BME,BLACKROCK HEALTH SCIENCES TRUST,6282.0,228.0
09250W10,40.9666,41.65,2015-04-30,BME,BLACKROCK HEALTH SCIENCES TRUST,6282.0,228.0
09250W10,40.93,40.85,2015-05-01,BME,BLACKROCK HEALTH SCIENCES TRUST,6282.0,228.0
09250W10,41.44,41.38,2015-05-04,BME,BLACKROCK HEALTH SCIENCES TRUST,6282.0,228.0
09250W10,41.084,41.38,2015-05-05,BME,BLACKROCK HEALTH SCIENCES TRUST,6282.0,228.0
09250W10,41.29,41.31,2015-05-06,BME,BLACKROCK HEALTH SCIENCES TRUST,6282.0,228.0
09250W10,41.25,41.36,2015-05-07,BME,BLACKROCK HEALTH SCIENCES TRUST,6282.0,228.0
09250W10,41.455,41.66,2015-05-08,BME,BLACKROCK HEALTH SCIENCES TRUST,6282.0,228.0
09250W10,41.5411,41.47,2015-05-11,BME,BLACKROCK HEALTH SCIENCES TRUST,6282.0,228.0
09250W10,41.37,41.39,2015-05-12,BME,BLACKROCK HEALTH SCIENCES TRUST,6282.0,228.0
09250W10,41.47,41.48,2015-05-13,BME,BLACKROCK HEALTH SCIENCES TRUST,6282.0,228.0
09250W10,41.99,41.76,2015-05-14,BME,BLACKROCK HEALTH SCIENCES TRUST,6282.0,228.0
09250W10,42.35,42.02,2015-05-15,BME,BLACKROCK HEALTH SCIENCES TRUST,6282.0,228.0
09250W10,42.64,42.35,2015-05-18,BME,BLACKROCK HEALTH SCIENCES TRUST,6282.0,228.0
09250W10,43.84,42.76,2015-05-19,BME,BLACKROCK HEALTH SCIENCES TRUST,6282.0,228.0
09250W10,43.88,43.96,2015-05-20,BME,BLACKROCK HEALTH SCIENCES TRUST,6282.0,228.0
09250W10,44.04,43.95,2015-05-21,BME,BLACKROCK HEALTH SCIENCES TRUST,6282.0,228.0
09250W10,43.44,43.65,2015-05-22,BME,BLACKROCK HEALTH SCIENCES TRUST,6282.0,228.0
09250W10,43.63,43.34,2015-05-26,BME,BLACKROCK HEALTH SCIENCES TRUST,6282.0,228.0
09250W10,44.44,44.0,2015-05-27,BME,BLACKROCK HEALTH SCIENCES TRUST,6282.0,228.0
09250W10,44.1,44.5,2015-05-28,BME,BLACKROCK HEALTH SCIENCES TRUST,6282.0,228.0
09250W10,44.05,44.27,2015-05-29,BME,BLACKROCK HEALTH SCIENCES TRUST,6282.0,228.0
09250W10,44.0,44.39,2015-06-01,BME,BLACKROCK HEALTH SCIENCES TRUST,6282.0,228.0
09250W10,43.7,43.97,2015-06-02,BME,BLACKROCK HEALTH SCIENCES TRUST,6282.0,228.0
09250W10,43.41,43.61,2015-06-03,BME,BLACKROCK HEALTH SCIENCES TRUST,6282.0,228.0
09250W10,42.798,43.22,2015-06-04,BME,BLACKROCK HEALTH SCIENCES TRUST,6282.0,228.0
09250W10,42.2,42.52,2015-06-05,BME,BLACKROCK HEALTH SCIENCES TRUST,6282.0,228.0
09250W10,42.2095,42.34,2015-06-08,BME,BLACKROCK HEALTH SCIENCES TRUST,6282.0,228.0
09250W10,42.84,42.44,2015-06-09,BME,BLACKROCK HEALTH SCIENCES TRUST,6282.0,228.0
09250W10,44.5,43.02,2015-06-10,BME,BLACKROCK HEALTH SCIENCES TRUST,6282.0,228.0
09250W10,44.43,44.64,2015-06-11,BME,BLACKROCK HEALTH SCIENCES TRUST,6282.0,228.0
09250W10,43.72,44.08,2015-06-12,BME,BLACKROCK HEALTH SCIENCES TRUST,6282.0,228.0
09250W10,43.68,43.54,2015-06-15,BME,BLACKROCK HEALTH SCIENCES TRUST,6282.0,228.0
09250W10,44.05,43.9,2015-06-16,BME,BLACKROCK HEALTH SCIENCES TRUST,6282.0,228.0
09250W10,43.58,43.96,2015-06-17,BME,BLACKROCK HEALTH SCIENCES TRUST,6282.0,228.0
09250W10,44.1899,43.63,2015-06-18,BME,BLACKROCK HEALTH SCIENCES TRUST,6282.0,228.0
09250W10,44.06,44.0,2015-06-19,BME,BLACKROCK HEALTH SCIENCES TRUST,6282.0,228.0
09250W10,43.93,44.5,2015-06-22,BME,BLACKROCK HEALTH SCIENCES TRUST,6282.0,228.0
09250W10,44.27,43.91,2015-06-23,BME,BLACKROCK HEALTH SCIENCES TRUST,6282.0,228.0
09250W10,43.41,43.91,2015-06-24,BME,BLACKROCK HEALTH SCIENCES TRUST,6282.0,228.0
09250W10,43.46,43.78,2015-06-25,BME,BLACKROCK HEALTH SCIENCES TRUST,6282.0,228.0
09250W10,43.13,43.68,2015-06-26,BME,BLACKROCK HEALTH SCIENCES TRUST,6282.0,228.0
09250W10,41.67,42.95,2015-06-29,BME,BLACKROCK HEALTH SCIENCES TRUST,6282.0,228.0
09250W10,42.8,42.0,2015-06-30,BME,BLACKROCK HEALTH SCIENCES TRUST,6282.0,228.0
09250W10,43.33,42.97,2015-07-01,BME,BLACKROCK HEALTH SCIENCES TRUST,6282.0,228.0
09250W10,43.3723,43.53,2015-07-02,BME,BLACKROCK HEALTH SCIENCES TRUST,6282.0,228.0
09250W10,43.69,43.2,2015-07-06,BME,BLACKROCK HEALTH SCIENCES TRUST,6282.0,228.0
09250W10,43.14,43.89,2015-07-07,BME,BLACKROCK HEALTH SCIENCES TRUST,6282.0,228.0
09250W10,42.0901,43.03,2015-07-08,BME,BLACKROCK HEALTH SCIENCES TRUST,6282.0,228.0
09250W10,42.29,42.33,2015-07-09,BME,BLACKROCK HEALTH SCIENCES TRUST,6282.0,228.0
09250W10,43.14,42.76,2015-07-10,BME,BLACKROCK HEALTH SCIENCES TRUST,6282.0,228.0
09250W10,44.03,42.93,2015-07-13,BME,BLACKROCK HEALTH SCIENCES TRUST,6282.0,228.0
09250W10,44.51,44.16,2015-07-14,BME,BLACKROCK HEALTH SCIENCES TRUST,6282.0,228.0
09250W10,45.0599,44.56,2015-07-15,BME,BLACKROCK HEALTH SCIENCES TRUST,6282.0,228.0
09250W10,45.56,45.19,2015-07-16,BME,BLACKROCK HEALTH SCIENCES TRUST,6282.0,228.0
09250W10,45.54,45.83,2015-07-17,BME,BLACKROCK HEALTH SCIENCES TRUST,6282.0,228.0
09250W10,45.77,45.86,2015-07-20,BME,BLACKROCK HEALTH SCIENCES TRUST,6282.0,228.0
09250W10,46.11,45.64,2015-07-21,BME,BLACKROCK HEALTH SCIENCES TRUST,6282.0,228.0
09250W10,47.19,46.05,2015-07-22,BME,BLACKROCK HEALTH SCIENCES TRUST,6282.0,228.0
09250W10,46.03,47.0,2015-07-23,BME,BLACKROCK HEALTH SCIENCES TRUST,6282.0,228.0
09250W10,44.24,45.7,2015-07-24,BME,BLACKROCK HEALTH SCIENCES TRUST,6282.0,228.0
09250W10,43.7,44.24,2015-07-27,BME,BLACKROCK HEALTH SCIENCES TRUST,6282.0,228.0
09250W10,44.48,43.66,2015-07-28,BME,BLACKROCK HEALTH SCIENCES TRUST,6282.0,228.0
09250W10,44.545,44.73,2015-07-29,BME,BLACKROCK HEALTH SCIENCES TRUST,6282.0,228.0
09250W10,44.32,44.14,2015-07-30,BME,BLACKROCK HEALTH SCIENCES TRUST,6282.0,228.0
09250W10,44.64,44.76,2015-07-31,BME,BLACKROCK HEALTH SCIENCES TRUST,6282.0,228.0
09250W10,44.85,44.83,2015-08-03,BME,BLACKROCK HEALTH SCIENCES TRUST,6282.0,228.0
09250W10,46.6,45.25,2015-08-04,BME,BLACKROCK HEALTH SCIENCES TRUST,6282.0,228.0
09250W10,47.11,47.3,2015-08-05,BME,BLACKROCK HEALTH SCIENCES TRUST,6282.0,228.0
09250W10,46.7,49.91,2015-08-06,BME,BLACKROCK HEALTH SCIENCES TRUST,6282.0,228.0
09250W10,45.77,46.61,2015-08-07,BME,BLACKROCK HEALTH SCIENCES TRUST,6282.0,228.0
09250W10,45.74,46.53,2015-08-10,BME,BLACKROCK HEALTH SCIENCES TRUST,6282.0,228.0
09250W10,46.88,45.68,2015-08-11,BME,BLACKROCK HEALTH SCIENCES TRUST,6282.0,228.0
09250W10,46.32,46.51,2015-08-12,BME,BLACKROCK HEALTH SCIENCES TRUST,6282.0,228.0
09250W10,47.13,46.64,2015-08-13,BME,BLACKROCK HEALTH SCIENCES TRUST,6282.0,228.0
09250W10,47.2,47.6,2015-08-14,BME,BLACKROCK HEALTH SCIENCES TRUST,6282.0,228.0
09250W10,47.45,47.15,2015-08-17,BME,BLACKROCK HEALTH SCIENCES TRUST,6282.0,228.0
09250W10,47.36,47.46,2015-08-18,BME,BLACKROCK HEALTH SCIENCES TRUST,6282.0,228.0
09250W10,47.33,47.02,2015-08-19,BME,BLACKROCK HEALTH SCIENCES TRUST,6282.0,228.0
09250W10,46.1349,47.24,2015-08-20,BME,BLACKROCK HEALTH SCIENCES TRUST,6282.0,228.0
09250W10,44.2901,45.57,2015-08-21,BME,BLACKROCK HEALTH SCIENCES TRUST,6282.0,228.0
09250W10,42.5305,43.53,2015-08-24,BME,BLACKROCK HEALTH SCIENCES TRUST,6282.0,228.0
09250W10,45.3,43.5,2015-08-25,BME,BLACKROCK HEALTH SCIENCES TRUST,6282.0,228.0
09250W10,45.0001,45.35,2015-08-26,BME,BLACKROCK HEALTH SCIENCES TRUST,6282.0,228.0
09250W10,44.54,45.38,2015-08-27,BME,BLACKROCK HEALTH SCIENCES TRUST,6282.0,228.0
09250W10,46.91,44.5,2015-08-28,BME,BLACKROCK HEALTH SCIENCES TRUST,6282.0,228.0
09250W10,46.485,46.5,2015-08-31,BME,BLACKROCK HEALTH SCIENCES TRUST,6282.0,228.0
09250W10,46.77,45.5,2015-09-01,BME,BLACKROCK HEALTH SCIENCES TRUST,6282.0,228.0
09250W10,45.66,46.74,2015-09-02,BME,BLACKROCK HEALTH SCIENCES TRUST,6282.0,228.0
09250W10,42.6,46.2,2015-09-03,BME,BLACKROCK HEALTH SCIENCES TRUST,6282.0,228.0
09250W10,42.82,42.45,2015-09-04,BME,BLACKROCK HEALTH SCIENCES TRUST,6282.0,228.0
09250W10,42.27,43.7,2015-09-08,BME,BLACKROCK HEALTH SCIENCES TRUST,6282.0,228.0
09250W10,42.59,43.74,2015-09-09,BME,BLACKROCK HEALTH SCIENCES TRUST,6282.0,228.0
09250W10,42.65,42.6,2015-09-10,BME,BLACKROCK HEALTH SCIENCES TRUST,6282.0,228.0
09250W10,42.39,42.43,2015-09-11,BME,BLACKROCK HEALTH SCIENCES TRUST,6282.0,228.0
09250W10,42.7,42.69,2015-09-14,BME,BLACKROCK HEALTH SCIENCES TRUST,6282.0,228.0
09250W10,42.7201,42.62,2015-09-15,BME,BLACKROCK HEALTH SCIENCES TRUST,6282.0,228.0
09250W10,42.79,43.1,2015-09-16,BME,BLACKROCK HEALTH SCIENCES TRUST,6282.0,228.0
09250W10,44.7,42.65,2015-09-17,BME,BLACKROCK HEALTH SCIENCES TRUST,6282.0,228.0
09250W10,44.45,44.34,2015-09-18,BME,BLACKROCK HEALTH SCIENCES TRUST,6282.0,228.0
09250W10,43.3,44.94,2015-09-21,BME,BLACKROCK HEALTH SCIENCES TRUST,6282.0,228.0
09250W10,42.84,43.03,2015-09-22,BME,BLACKROCK HEALTH SCIENCES TRUST,6282.0,228.0
09250W10,41.95,42.45,2015-09-23,BME,BLACKROCK HEALTH SCIENCES TRUST,6282.0,228.0
09250W10,40.81,41.95,2015-09-24,BME,BLACKROCK HEALTH SCIENCES TRUST,6282.0,228.0
09250W10,39.9,41.16,2015-09-25,BME,BLACKROCK HEALTH SCIENCES TRUST,6282.0,228.0
09250W10,36.5692,39.85,2015-09-28,BME,BLACKROCK HEALTH SCIENCES TRUST,6282.0,228.0
09250W10,37.195,36.61,2015-09-29,BME,BLACKROCK HEALTH SCIENCES TRUST,6282.0,228.0
09250W10,37.56,37.7,2015-09-30,BME,BLACKROCK HEALTH SCIENCES TRUST,6282.0,228.0
09250W10,39.5,37.97,2015-10-01,BME,BLACKROCK HEALTH SCIENCES TRUST,6282.0,228.0
09250W10,40.2,39.11,2015-10-02,BME,BLACKROCK HEALTH SCIENCES TRUST,6282.0,228.0
09250W10,40.23,41.1,2015-10-05,BME,BLACKROCK HEALTH SCIENCES TRUST,6282.0,228.0
09250W10,39.4399,40.04,2015-10-06,BME,BLACKROCK HEALTH SCIENCES TRUST,6282.0,228.0
09250W10,39.67,39.41,2015-10-07,BME,BLACKROCK HEALTH SCIENCES TRUST,6282.0,228.0
09250W10,39.67,39.3,2015-10-08,BME,BLACKROCK HEALTH SCIENCES TRUST,6282.0,228.0
09250W10,39.69,39.83,2015-10-09,BME,BLACKROCK HEALTH SCIENCES TRUST,6282.0,228.0
09250W10,40.4985,40.01,2015-10-12,BME,BLACKROCK HEALTH SCIENCES TRUST,6282.0,228.0
09250W10,40.25,40.24,2015-10-13,BME,BLACKROCK HEALTH SCIENCES TRUST,6282.0,228.0
09250W10,40.03,40.58,2015-10-14,BME,BLACKROCK HEALTH SCIENCES TRUST,6282.0,228.0
09250W10,40.1821,40.35,2015-10-15,BME,BLACKROCK HEALTH SCIENCES TRUST,6282.0,228.0
09250W10,40.91,40.39,2015-10-16,BME,BLACKROCK HEALTH SCIENCES TRUST,6282.0,228.0
09250W10,40.77,40.62,2015-10-19,BME,BLACKROCK HEALTH SCIENCES TRUST,6282.0,228.0
09250W10,40.21,40.57,2015-10-20,BME,BLACKROCK HEALTH SCIENCES TRUST,6282.0,228.0
09250W10,39.27,40.46,2015-10-21,BME,BLACKROCK HEALTH SCIENCES TRUST,6282.0,228.0
09250W10,38.19,39.62,2015-10-22,BME,BLACKROCK HEALTH SCIENCES TRUST,6282.0,228.0
09250W10,39.61,38.61,2015-10-23,BME,BLACKROCK HEALTH SCIENCES TRUST,6282.0,228.0
09250W10,39.69,39.7,2015-10-26,BME,BLACKROCK HEALTH SCIENCES TRUST,6282.0,228.0
09250W10,40.91,39.96,2015-10-27,BME,BLACKROCK HEALTH SCIENCES TRUST,6282.0,228.0
09250W10,40.805,41.08,2015-10-28,BME,BLACKROCK HEALTH SCIENCES TRUST,6282.0,228.0
09250W10,40.92,40.85,2015-10-29,BME,BLACKROCK HEALTH SCIENCES TRUST,6282.0,228.0
09250W10,41.09,41.2,2015-10-30,BME,BLACKROCK HEALTH SCIENCES TRUST,6282.0,228.0
09250W10,43.27,41.59,2015-11-02,BME,BLACKROCK HEALTH SCIENCES TRUST,6282.0,228.0
09250W10,42.85,43.27,2015-11-03,BME,BLACKROCK HEALTH SCIENCES TRUST,6282.0,228.0
09250W10,42.26,42.85,2015-11-04,BME,BLACKROCK HEALTH SCIENCES TRUST,6282.0,228.0
09250W10,42.1201,42.5,2015-11-05,BME,BLACKROCK HEALTH SCIENCES TRUST,6282.0,228.0
09250W10,42.11,42.34,2015-11-06,BME,BLACKROCK HEALTH SCIENCES TRUST,6282.0,228.0
09250W10,42.01,41.98,2015-11-09,BME,BLACKROCK HEALTH SCIENCES TRUST,6282.0,228.0
09250W10,42.14,42.22,2015-11-10,BME,BLACKROCK HEALTH SCIENCES TRUST,6282.0,228.0
09250W10,42.407,42.25,2015-11-11,BME,BLACKROCK HEALTH SCIENCES TRUST,6282.0,228.0
09250W10,41.11,41.83,2015-11-12,BME,BLACKROCK HEALTH SCIENCES TRUST,6282.0,228.0
09250W10,40.61,40.97,2015-11-13,BME,BLACKROCK HEALTH SCIENCES TRUST,6282.0,228.0
09250W10,40.53,40.26,2015-11-16,BME,BLACKROCK HEALTH SCIENCES TRUST,6282.0,228.0
09250W10,40.42,40.49,2015-11-17,BME,BLACKROCK HEALTH SCIENCES TRUST,6282.0,228.0
09250W10,40.66,40.59,2015-11-18,BME,BLACKROCK HEALTH SCIENCES TRUST,6282.0,228.0
09250W10,40.59,40.5,2015-11-19,BME,BLACKROCK HEALTH SCIENCES TRUST,6282.0,228.0
09250W10,41.13,40.81,2015-11-20,BME,BLACKROCK HEALTH SCIENCES TRUST,6282.0,228.0
09250W10,40.89,41.12,2015-11-23,BME,BLACKROCK HEALTH SCIENCES TRUST,6282.0,228.0
09250W10,41.35,40.85,2015-11-24,BME,BLACKROCK HEALTH SCIENCES TRUST,6282.0,228.0
09250W10,42.45,41.35,2015-11-25,BME,BLACKROCK HEALTH SCIENCES TRUST,6282.0,228.0
09250W10,42.85,42.49,2015-11-27,BME,BLACKROCK HEALTH SCIENCES TRUST,6282.0,228.0
09250W10,42.33,42.62,2015-11-30,BME,BLACKROCK HEALTH SCIENCES TRUST,6282.0,228.0
09250W10,42.6,42.54,2015-12-01,BME,BLACKROCK HEALTH SCIENCES TRUST,6282.0,228.0
09250W10,43.0,42.87,2015-12-02,BME,BLACKROCK HEALTH SCIENCES TRUST,6282.0,228.0
09250W10,42.02,43.09,2015-12-03,BME,BLACKROCK HEALTH SCIENCES TRUST,6282.0,228.0
09250W10,42.17,42.18,2015-12-04,BME,BLACKROCK HEALTH SCIENCES TRUST,6282.0,228.0
09250W10,41.68,41.87,2015-12-07,BME,BLACKROCK HEALTH SCIENCES TRUST,6282.0,228.0
09250W10,42.8,42.64,2015-12-08,BME,BLACKROCK HEALTH SCIENCES TRUST,6282.0,228.0
09250W10,42.69,42.92,2015-12-09,BME,BLACKROCK HEALTH SCIENCES TRUST,6282.0,228.0
09250W10,42.5,42.8,2015-12-10,BME,BLACKROCK HEALTH SCIENCES TRUST,6282.0,228.0
09250W10,42.26,42.2,2015-12-11,BME,BLACKROCK HEALTH SCIENCES TRUST,6282.0,228.0
09250W10,41.52,42.3,2015-12-14,BME,BLACKROCK HEALTH SCIENCES TRUST,6282.0,228.0
09250W10,42.36,41.96,2015-12-15,BME,BLACKROCK HEALTH SCIENCES TRUST,6282.0,228.0
09250W10,40.59,38.35,2015-12-16,BME,BLACKROCK HEALTH SCIENCES TRUST,6282.0,228.0
09250W10,39.51,40.27,2015-12-17,BME,BLACKROCK HEALTH SCIENCES TRUST,6282.0,228.0
09250W10,38.23,39.45,2015-12-18,BME,BLACKROCK HEALTH SCIENCES TRUST,6282.0,228.0
09250W10,37.66,38.3,2015-12-21,BME,BLACKROCK HEALTH SCIENCES TRUST,6282.0,228.0
09250W10,37.87,37.65,2015-12-22,BME,BLACKROCK HEALTH SCIENCES TRUST,6282.0,228.0
09250W10,38.24,38.36,2015-12-23,BME,BLACKROCK HEALTH SCIENCES TRUST,6282.0,228.0
09250W10,37.99,38.58,2015-12-24,BME,BLACKROCK HEALTH SCIENCES TRUST,6282.0,228.0
09250W10,39.83,39.0,2015-12-28,BME,BLACKROCK HEALTH SCIENCES TRUST,6282.0,228.0
09250W10,39.29,39.92,2015-12-29,BME,BLACKROCK HEALTH SCIENCES TRUST,6282.0,228.0
09250W10,39.02,39.47,2015-12-30,BME,BLACKROCK HEALTH SCIENCES TRUST,6282.0,228.0
09250W10,39.35,39.55,2015-12-31,BME,BLACKROCK HEALTH SCIENCES TRUST,6282.0,228.0
09250W10,39.12,38.52,2016-01-04,BME,BLACKROCK HEALTH SCIENCES TRUST,6282.0,228.0
09250W10,39.1768,39.59,2016-01-05,BME,BLACKROCK HEALTH SCIENCES TRUST,6282.0,228.0
09250W10,38.87,39.0,2016-01-06,BME,BLACKROCK HEALTH SCIENCES TRUST,6282.0,228.0
09250W10,38.01,38.47,2016-01-07,BME,BLACKROCK HEALTH SCIENCES TRUST,6282.0,228.0
09250W10,38.51,38.15,2016-01-08,BME,BLACKROCK HEALTH SCIENCES TRUST,6282.0,228.0
09250W10,37.91,38.55,2016-01-11,BME,BLACKROCK HEALTH SCIENCES TRUST,6282.0,228.0
09250W10,38.27,38.05,2016-01-12,BME,BLACKROCK HEALTH SCIENCES TRUST,6282.0,228.0
09250W10,38.29,38.1,2016-01-13,BME,BLACKROCK HEALTH SCIENCES TRUST,6282.0,228.0
09250W10,37.61,38.3,2016-01-14,BME,BLACKROCK HEALTH SCIENCES TRUST,6282.0,228.0
09250W10,36.73,36.88,2016-01-15,BME,BLACKROCK HEALTH SCIENCES TRUST,6282.0,228.0
09250W10,37.01,38.5,2016-01-19,BME,BLACKROCK HEALTH SCIENCES TRUST,6282.0,228.0
09250W10,35.03,36.51,2016-01-20,BME,BLACKROCK HEALTH SCIENCES TRUST,6282.0,228.0
09250W10,34.52,35.0,2016-01-21,BME,BLACKROCK HEALTH SCIENCES TRUST,6282.0,228.0
09250W10,36.33,34.64,2016-01-22,BME,BLACKROCK HEALTH SCIENCES TRUST,6282.0,228.0
09250W10,35.38,35.6,2016-01-25,BME,BLACKROCK HEALTH SCIENCES TRUST,6282.0,228.0
09250W10,36.28,35.38,2016-01-26,BME,BLACKROCK HEALTH SCIENCES TRUST,6282.0,228.0
09250W10,35.68,36.92,2016-01-27,BME,BLACKROCK HEALTH SCIENCES TRUST,6282.0,228.0
09250W10,34.87,35.58,2016-01-28,BME,BLACKROCK HEALTH SCIENCES TRUST,6282.0,228.0
09250W10,35.51,35.14,2016-01-29,BME,BLACKROCK HEALTH SCIENCES TRUST,6282.0,228.0
09250W10,35.37,35.49,2016-02-01,BME,BLACKROCK HEALTH SCIENCES TRUST,6282.0,228.0
09250W10,34.97,35.18,2016-02-02,BME,BLACKROCK HEALTH SCIENCES TRUST,6282.0,228.0
09250W10,35.01,35.05,2016-02-03,BME,BLACKROCK HEALTH SCIENCES TRUST,6282.0,228.0
09250W10,34.77,34.81,2016-02-04,BME,BLACKROCK HEALTH SCIENCES TRUST,6282.0,228.0
09250W10,33.86,34.5,2016-02-05,BME,BLACKROCK HEALTH SCIENCES TRUST,6282.0,228.0
09250W10,32.85,33.0,2016-02-08,BME,BLACKROCK HEALTH SCIENCES TRUST,6282.0,228.0
09250W10,32.04,32.38,2016-02-09,BME,BLACKROCK HEALTH SCIENCES TRUST,6282.0,228.0
09250W10,32.75,32.01,2016-02-10,BME,BLACKROCK HEALTH SCIENCES TRUST,6282.0,228.0
09250W10,31.6,32.5,2016-02-11,BME,BLACKROCK HEALTH SCIENCES TRUST,6282.0,228.0
09250W10,32.13,31.19,2016-02-12,BME,BLACKROCK HEALTH SCIENCES TRUST,6282.0,228.0
09250W10,33.3,32.76,2016-02-16,BME,BLACKROCK HEALTH SCIENCES TRUST,6282.0,228.0
09250W10,34.2058,33.21,2016-02-17,BME,BLACKROCK HEALTH SCIENCES TRUST,6282.0,228.0
09250W10,33.4501,33.93,2016-02-18,BME,BLACKROCK HEALTH SCIENCES TRUST,6282.0,228.0
09250W10,32.95,33.19,2016-02-19,BME,BLACKROCK HEALTH SCIENCES TRUST,6282.0,228.0
09250W10,33.19,33.28,2016-02-22,BME,BLACKROCK HEALTH SCIENCES TRUST,6282.0,228.0
09250W10,34.02,32.99,2016-02-23,BME,BLACKROCK HEALTH SCIENCES TRUST,6282.0,228.0
09250W10,34.53,33.93,2016-02-24,BME,BLACKROCK HEALTH SCIENCES TRUST,6282.0,228.0
09250W10,34.99,34.88,2016-02-25,BME,BLACKROCK HEALTH SCIENCES TRUST,6282.0,228.0
09250W10,35.04,35.15,2016-02-26,BME,BLACKROCK HEALTH SCIENCES TRUST,6282.0,228.0
09250W10,34.85,35.15,2016-02-29,BME,BLACKROCK HEALTH SCIENCES TRUST,6282.0,228.0
09250W10,35.22,34.83,2016-03-01,BME,BLACKROCK HEALTH SCIENCES TRUST,6282.0,228.0
09250W10,35.42,35.39,2016-03-02,BME,BLACKROCK HEALTH SCIENCES TRUST,6282.0,228.0
09250W10,35.0301,35.42,2016-03-03,BME,BLACKROCK HEALTH SCIENCES TRUST,6282.0,228.0
09250W10,34.945,35.02,2016-03-04,BME,BLACKROCK HEALTH SCIENCES TRUST,6282.0,228.0
09250W10,35.38,34.64,2016-03-07,BME,BLACKROCK HEALTH SCIENCES TRUST,6282.0,228.0
09250W10,36.34,35.25,2016-03-08,BME,BLACKROCK HEALTH SCIENCES TRUST,6282.0,228.0
09250W10,36.0,35.86,2016-03-09,BME,BLACKROCK HEALTH SCIENCES TRUST,6282.0,228.0
09250W10,35.95,36.14,2016-03-10,BME,BLACKROCK HEALTH SCIENCES TRUST,6282.0,228.0
09250W10,35.92,35.97,2016-03-11,BME,BLACKROCK HEALTH SCIENCES TRUST,6282.0,228.0
09250W10,35.27,35.76,2016-03-14,BME,BLACKROCK HEALTH SCIENCES TRUST,6282.0,228.0
09250W10,34.9837,35.21,2016-03-15,BME,BLACKROCK HEALTH SCIENCES TRUST,6282.0,228.0
09250W10,34.41,34.57,2016-03-16,BME,BLACKROCK HEALTH SCIENCES TRUST,6282.0,228.0
09250W10,34.36,34.35,2016-03-17,BME,BLACKROCK HEALTH SCIENCES TRUST,6282.0,228.0
09250W10,34.66,34.1,2016-03-18,BME,BLACKROCK HEALTH SCIENCES TRUST,6282.0,228.0
09250W10,35.28,34.06,2016-03-21,BME,BLACKROCK HEALTH SCIENCES TRUST,6282.0,228.0
09250W10,35.61,34.99,2016-03-22,BME,BLACKROCK HEALTH SCIENCES TRUST,6282.0,228.0
09250W10,35.24,35.3,2016-03-23,BME,BLACKROCK HEALTH SCIENCES TRUST,6282.0,228.0
09250W10,34.66,35.01,2016-03-24,BME,BLACKROCK HEALTH SCIENCES TRUST,6282.0,228.0
09250W10,34.81,34.43,2016-03-28,BME,BLACKROCK HEALTH SCIENCES TRUST,6282.0,228.0
09250W10,34.98,34.53,2016-03-29,BME,BLACKROCK HEALTH SCIENCES TRUST,6282.0,228.0
09250W10,35.4,34.95,2016-03-30,BME,BLACKROCK HEALTH SCIENCES TRUST,6282.0,228.0
09250W10,35.46,35.5,2016-03-31,BME,BLACKROCK HEALTH SCIENCES TRUST,6282.0,228.0
09250W10,35.94,35.03,2016-04-01,BME,BLACKROCK HEALTH SCIENCES TRUST,6282.0,228.0
09250W10,36.0699,35.54,2016-04-04,BME,BLACKROCK HEALTH SCIENCES TRUST,6282.0,228.0
09250W10,35.32,35.64,2016-04-05,BME,BLACKROCK HEALTH SCIENCES TRUST,6282.0,228.0
09250W10,36.95,35.25,2016-04-06,BME,BLACKROCK HEALTH SCIENCES TRUST,6282.0,228.0
09250W10,36.68,36.6,2016-04-07,BME,BLACKROCK HEALTH SCIENCES TRUST,6282.0,228.0
09250W10,37.3,36.6,2016-04-08,BME,BLACKROCK HEALTH SCIENCES TRUST,6282.0,228.0
09250W10,37.49,37.09,2016-04-11,BME,BLACKROCK HEALTH SCIENCES TRUST,6282.0,228.0
09250W10,37.22,37.32,2016-04-12,BME,BLACKROCK HEALTH SCIENCES TRUST,6282.0,228.0
09250W10,37.2,37.4,2016-04-13,BME,BLACKROCK HEALTH SCIENCES TRUST,6282.0,228.0
09250W10,36.94,37.48,2016-04-14,BME,BLACKROCK HEALTH SCIENCES TRUST,6282.0,228.0
09250W10,36.76,36.68,2016-04-15,BME,BLACKROCK HEALTH SCIENCES TRUST,6282.0,228.0
09250W10,36.85,36.17,2016-04-18,BME,BLACKROCK HEALTH SCIENCES TRUST,6282.0,228.0
09250W10,36.72,36.72,2016-04-19,BME,BLACKROCK HEALTH SCIENCES TRUST,6282.0,228.0
09250W10,37.44,36.94,2016-04-20,BME,BLACKROCK HEALTH SCIENCES TRUST,6282.0,228.0
09250W10,37.4099,37.29,2016-04-21,BME,BLACKROCK HEALTH SCIENCES TRUST,6282.0,228.0
09250W10,37.33,37.18,2016-04-22,BME,BLACKROCK HEALTH SCIENCES TRUST,6282.0,228.0
09250W10,37.31,37.01,2016-04-25,BME,BLACKROCK HEALTH SCIENCES TRUST,6282.0,228.0
09250W10,37.29,37.38,2016-04-26,BME,BLACKROCK HEALTH SCIENCES TRUST,6282.0,228.0
09250W10,37.34,37.12,2016-04-27,BME,BLACKROCK HEALTH SCIENCES TRUST,6282.0,228.0
09250W10,36.92,37.18,2016-04-28,BME,BLACKROCK HEALTH SCIENCES TRUST,6282.0,228.0
09250W10,36.64,36.91,2016-04-29,BME,BLACKROCK HEALTH SCIENCES TRUST,6282.0,228.0
09250W10,36.81,36.86,2016-05-02,BME,BLACKROCK HEALTH SCIENCES TRUST,6282.0,228.0
09250W10,36.47,36.48,2016-05-03,BME,BLACKROCK HEALTH SCIENCES TRUST,6282.0,228.0
09250W10,36.01,36.48,2016-05-04,BME,BLACKROCK HEALTH SCIENCES TRUST,6282.0,228.0
09250W10,36.56,36.0,2016-05-05,BME,BLACKROCK HEALTH SCIENCES TRUST,6282.0,228.0
09250W10,36.19,36.65,2016-05-06,BME,BLACKROCK HEALTH SCIENCES TRUST,6282.0,228.0
09250W10,36.51,36.5125,2016-05-09,BME,BLACKROCK HEALTH SCIENCES TRUST,6282.0,228.0
09250W10,37.05,36.81,2016-05-10,BME,BLACKROCK HEALTH SCIENCES TRUST,6282.0,228.0
09250W10,36.96,37.02,2016-05-11,BME,BLACKROCK HEALTH SCIENCES TRUST,6282.0,228.0
09250W10,36.79,36.9,2016-05-12,BME,BLACKROCK HEALTH SCIENCES TRUST,6282.0,228.0
09250W10,36.77,36.6,2016-05-13,BME,BLACKROCK HEALTH SCIENCES TRUST,6282.0,228.0
09250W10,36.91,36.97,2016-05-16,BME,BLACKROCK HEALTH SCIENCES TRUST,6282.0,228.0
09250W10,37.05,36.86,2016-05-17,BME,BLACKROCK HEALTH SCIENCES TRUST,6282.0,228.0
09250W10,37.29,37.04,2016-05-18,BME,BLACKROCK HEALTH SCIENCES TRUST,6282.0,228.0
09250W10,36.9651,37.17,2016-05-19,BME,BLACKROCK HEALTH SCIENCES TRUST,6282.0,228.0
09250W10,37.9,36.83,2016-05-20,BME,BLACKROCK HEALTH SCIENCES TRUST,6282.0,228.0
09250W10,37.59,37.84,2016-05-23,BME,BLACKROCK HEALTH SCIENCES TRUST,6282.0,228.0
09250W10,37.99,37.84,2016-05-24,BME,BLACKROCK HEALTH SCIENCES TRUST,6282.0,228.0
09250W10,38.2499,38.23,2016-05-25,BME,BLACKROCK HEALTH SCIENCES TRUST,6282.0,228.0
09250W10,37.26,37.91,2016-05-26,BME,BLACKROCK HEALTH SCIENCES TRUST,6282.0,228.0
09250W10,37.71,37.48,2016-05-27,BME,BLACKROCK HEALTH SCIENCES TRUST,6282.0,228.0
09250W10,38.06,37.52,2016-05-31,BME,BLACKROCK HEALTH SCIENCES TRUST,6282.0,228.0
09250W10,36.9,37.76,2016-06-01,BME,BLACKROCK HEALTH SCIENCES TRUST,6282.0,228.0
09250W10,36.28,36.64,2016-06-02,BME,BLACKROCK HEALTH SCIENCES TRUST,6282.0,228.0
09250W10,36.48,36.01,2016-06-03,BME,BLACKROCK HEALTH SCIENCES TRUST,6282.0,228.0
09250W10,37.05,36.6,2016-06-06,BME,BLACKROCK HEALTH SCIENCES TRUST,6282.0,228.0
09250W10,36.59,36.8,2016-06-07,BME,BLACKROCK HEALTH SCIENCES TRUST,6282.0,228.0
09250W10,36.8,36.65,2016-06-08,BME,BLACKROCK HEALTH SCIENCES TRUST,6282.0,228.0
09250W10,36.29,36.65,2016-06-09,BME,BLACKROCK HEALTH SCIENCES TRUST,6282.0,228.0
09250W10,35.23,36.34,2016-06-10,BME,BLACKROCK HEALTH SCIENCES TRUST,6282.0,228.0
09250W10,35.18,35.15,2016-06-13,BME,BLACKROCK HEALTH SCIENCES TRUST,6282.0,228.0
09250W10,35.03,34.98,2016-06-14,BME,BLACKROCK HEALTH SCIENCES TRUST,6282.0,228.0
09250W10,35.3,34.96,2016-06-15,BME,BLACKROCK HEALTH SCIENCES TRUST,6282.0,228.0
09250W10,35.01,35.05,2016-06-16,BME,BLACKROCK HEALTH SCIENCES TRUST,6282.0,228.0
09250W10,34.96,35.0,2016-06-17,BME,BLACKROCK HEALTH SCIENCES TRUST,6282.0,228.0
09250W10,35.24,34.86,2016-06-20,BME,BLACKROCK HEALTH SCIENCES TRUST,6282.0,228.0
09250W10,35.31,35.26,2016-06-21,BME,BLACKROCK HEALTH SCIENCES TRUST,6282.0,228.0
09250W10,36.04,35.56,2016-06-22,BME,BLACKROCK HEALTH SCIENCES TRUST,6282.0,228.0
09250W10,35.73,36.05,2016-06-23,BME,BLACKROCK HEALTH SCIENCES TRUST,6282.0,228.0
09250W10,34.88,34.78,2016-06-24,BME,BLACKROCK HEALTH SCIENCES TRUST,6282.0,228.0
09250W10,34.47,34.8,2016-06-27,BME,BLACKROCK HEALTH SCIENCES TRUST,6282.0,228.0
09250W10,35.95,35.01,2016-06-28,BME,BLACKROCK HEALTH SCIENCES TRUST,6282.0,228.0
09250W10,35.51,35.93,2016-06-29,BME,BLACKROCK HEALTH SCIENCES TRUST,6282.0,228.0
09250W10,35.62,35.77,2016-06-30,BME,BLACKROCK HEALTH SCIENCES TRUST,6282.0,228.0
09250W10,35.88,35.21,2016-07-01,BME,BLACKROCK HEALTH SCIENCES TRUST,6282.0,228.0
09250W10,35.66,35.55,2016-07-05,BME,BLACKROCK HEALTH SCIENCES TRUST,6282.0,228.0
09250W10,36.06,35.77,2016-07-06,BME,BLACKROCK HEALTH SCIENCES TRUST,6282.0,228.0
09250W10,35.89,36.1,2016-07-07,BME,BLACKROCK HEALTH SCIENCES TRUST,6282.0,228.0
09250W10,36.09,36.06,2016-07-08,BME,BLACKROCK HEALTH SCIENCES TRUST,6282.0,228.0
09250W10,36.03,35.94,2016-07-11,BME,BLACKROCK HEALTH SCIENCES TRUST,6282.0,228.0
09250W10,36.24,36.57,2016-07-12,BME,BLACKROCK HEALTH SCIENCES TRUST,6282.0,228.0
09250W10,35.73,36.25,2016-07-13,BME,BLACKROCK HEALTH SCIENCES TRUST,6282.0,228.0
09250W10,35.71,35.9,2016-07-14,BME,BLACKROCK HEALTH SCIENCES TRUST,6282.0,228.0
09250W10,35.48,35.84,2016-07-15,BME,BLACKROCK HEALTH SCIENCES TRUST,6282.0,228.0
09250W10,35.45,35.28,2016-07-18,BME,BLACKROCK HEALTH SCIENCES TRUST,6282.0,228.0
09250W10,35.32,35.46,2016-07-19,BME,BLACKROCK HEALTH SCIENCES TRUST,6282.0,228.0
09250W10,35.9,35.21,2016-07-20,BME,BLACKROCK HEALTH SCIENCES TRUST,6282.0,228.0
09250W10,35.93,35.68,2016-07-21,BME,BLACKROCK HEALTH SCIENCES TRUST,6282.0,228.0
09250W10,35.73,35.8,2016-07-22,BME,BLACKROCK HEALTH SCIENCES TRUST,6282.0,228.0
09250W10,35.81,35.85,2016-07-25,BME,BLACKROCK HEALTH SCIENCES TRUST,6282.0,228.0
09250W10,35.61,35.61,2016-07-26,BME,BLACKROCK HEALTH SCIENCES TRUST,6282.0,228.0
09250W10,35.79,35.75,2016-07-27,BME,BLACKROCK HEALTH SCIENCES TRUST,6282.0,228.0
09250W10,36.03,35.63,2016-07-28,BME,BLACKROCK HEALTH SCIENCES TRUST,6282.0,228.0
09250W10,36.1,36.23,2016-07-29,BME,BLACKROCK HEALTH SCIENCES TRUST,6282.0,228.0
09250W10,36.23,36.11,2016-08-01,BME,BLACKROCK HEALTH SCIENCES TRUST,6282.0,228.0
09250W10,36.1099,36.08,2016-08-02,BME,BLACKROCK HEALTH SCIENCES TRUST,6282.0,228.0
09250W10,36.07,36.0,2016-08-03,BME,BLACKROCK HEALTH SCIENCES TRUST,6282.0,228.0
09250W10,35.68,36.24,2016-08-04,BME,BLACKROCK HEALTH SCIENCES TRUST,6282.0,228.0
09250W10,35.91,35.79,2016-08-05,BME,BLACKROCK HEALTH SCIENCES TRUST,6282.0,228.0
09250W10,35.7,35.74,2016-08-08,BME,BLACKROCK HEALTH SCIENCES TRUST,6282.0,228.0
09250W10,35.85,35.67,2016-08-09,BME,BLACKROCK HEALTH SCIENCES TRUST,6282.0,228.0
09250W10,35.42,36.0,2016-08-10,BME,BLACKROCK HEALTH SCIENCES TRUST,6282.0,228.0
09250W10,35.3,35.32,2016-08-11,BME,BLACKROCK HEALTH SCIENCES TRUST,6282.0,228.0
09250W10,35.45,35.25,2016-08-12,BME,BLACKROCK HEALTH SCIENCES TRUST,6282.0,228.0
09250W10,35.7201,35.45,2016-08-15,BME,BLACKROCK HEALTH SCIENCES TRUST,6282.0,228.0
09250W10,35.52,35.84,2016-08-16,BME,BLACKROCK HEALTH SCIENCES TRUST,6282.0,228.0
09250W10,35.61,35.68,2016-08-17,BME,BLACKROCK HEALTH SCIENCES TRUST,6282.0,228.0
09250W10,35.36,35.63,2016-08-18,BME,BLACKROCK HEALTH SCIENCES TRUST,6282.0,228.0
09250W10,35.35,35.3,2016-08-19,BME,BLACKROCK HEALTH SCIENCES TRUST,6282.0,228.0
09250W10,35.54,35.31,2016-08-22,BME,BLACKROCK HEALTH SCIENCES TRUST,6282.0,228.0
09250W10,35.3,35.42,2016-08-23,BME,BLACKROCK HEALTH SCIENCES TRUST,6282.0,228.0
09250W10,35.21,35.26,2016-08-24,BME,BLACKROCK HEALTH SCIENCES TRUST,6282.0,228.0
09250W10,34.68,35.08,2016-08-25,BME,BLACKROCK HEALTH SCIENCES TRUST,6282.0,228.0
09250W10,35.0201,34.86,2016-08-26,BME,BLACKROCK HEALTH SCIENCES TRUST,6282.0,228.0
09250W10,34.88,34.88,2016-08-29,BME,BLACKROCK HEALTH SCIENCES TRUST,6282.0,228.0
09250W10,34.65,34.73,2016-08-30,BME,BLACKROCK HEALTH SCIENCES TRUST,6282.0,228.0
09250W10,34.78,34.79,2016-08-31,BME,BLACKROCK HEALTH SCIENCES TRUST,6282.0,228.0
09250W10,34.5,34.82,2016-09-01,BME,BLACKROCK HEALTH SCIENCES TRUST,6282.0,228.0
09250W10,34.43,34.51,2016-09-02,BME,BLACKROCK HEALTH SCIENCES TRUST,6282.0,228.0
09250W10,34.66,34.43,2016-09-06,BME,BLACKROCK HEALTH SCIENCES TRUST,6282.0,228.0
09250W10,34.66,35.0,2016-09-07,BME,BLACKROCK HEALTH SCIENCES TRUST,6282.0,228.0
09250W10,34.96,34.63,2016-09-08,BME,BLACKROCK HEALTH SCIENCES TRUST,6282.0,228.0
09250W10,34.5,34.86,2016-09-09,BME,BLACKROCK HEALTH SCIENCES TRUST,6282.0,228.0
09250W10,34.63,34.42,2016-09-12,BME,BLACKROCK HEALTH SCIENCES TRUST,6282.0,228.0
09250W10,34.33,34.44,2016-09-13,BME,BLACKROCK HEALTH SCIENCES TRUST,6282.0,228.0
09250W10,34.61,34.36,2016-09-14,BME,BLACKROCK HEALTH SCIENCES TRUST,6282.0,228.0
09250W10,34.59,34.66,2016-09-15,BME,BLACKROCK HEALTH SCIENCES TRUST,6282.0,228.0
09250W10,34.7,34.78,2016-09-16,BME,BLACKROCK HEALTH SCIENCES TRUST,6282.0,228.0
09250W10,34.71,34.77,2016-09-19,BME,BLACKROCK HEALTH SCIENCES TRUST,6282.0,228.0
09250W10,34.63,34.73,2016-09-20,BME,BLACKROCK HEALTH SCIENCES TRUST,6282.0,228.0
09250W10,35.1,34.71,2016-09-21,BME,BLACKROCK HEALTH SCIENCES TRUST,6282.0,228.0
09250W10,35.3299,34.94,2016-09-22,BME,BLACKROCK HEALTH SCIENCES TRUST,6282.0,228.0
09250W10,35.39,35.28,2016-09-23,BME,BLACKROCK HEALTH SCIENCES TRUST,6282.0,228.0
09250W10,34.63,35.18,2016-09-26,BME,BLACKROCK HEALTH SCIENCES TRUST,6282.0,228.0
09250W10,35.13,34.81,2016-09-27,BME,BLACKROCK HEALTH SCIENCES TRUST,6282.0,228.0
09250W10,35.1,35.13,2016-09-28,BME,BLACKROCK HEALTH SCIENCES TRUST,6282.0,228.0
09250W10,34.24,35.21,2016-09-29,BME,BLACKROCK HEALTH SCIENCES TRUST,6282.0,228.0
09250W10,34.36,34.45,2016-09-30,BME,BLACKROCK HEALTH SCIENCES TRUST,6282.0,228.0
09250W10,34.53,34.41,2016-10-03,BME,BLACKROCK HEALTH SCIENCES TRUST,6282.0,228.0
09250W10,34.48,34.56,2016-10-04,BME,BLACKROCK HEALTH SCIENCES TRUST,6282.0,228.0
09250W10,34.59,34.36,2016-10-05,BME,BLACKROCK HEALTH SCIENCES TRUST,6282.0,228.0
09250W10,34.49,34.6,2016-10-06,BME,BLACKROCK HEALTH SCIENCES TRUST,6282.0,228.0
09250W10,34.4101,34.48,2016-10-07,BME,BLACKROCK HEALTH SCIENCES TRUST,6282.0,228.0
09250W10,34.71,34.64,2016-10-10,BME,BLACKROCK HEALTH SCIENCES TRUST,6282.0,228.0
09250W10,33.96,34.56,2016-10-11,BME,BLACKROCK HEALTH SCIENCES TRUST,6282.0,228.0
09250W10,33.39,33.81,2016-10-12,BME,BLACKROCK HEALTH SCIENCES TRUST,6282.0,228.0
09250W10,33.23,33.2,2016-10-13,BME,BLACKROCK HEALTH SCIENCES TRUST,6282.0,228.0
09250W10,33.43,33.48,2016-10-14,BME,BLACKROCK HEALTH SCIENCES TRUST,6282.0,228.0
09250W10,32.82,33.26,2016-10-17,BME,BLACKROCK HEALTH SCIENCES TRUST,6282.0,228.0
09250W10,33.03,32.9,2016-10-18,BME,BLACKROCK HEALTH SCIENCES TRUST,6282.0,228.0
09250W10,33.43,33.05,2016-10-19,BME,BLACKROCK HEALTH SCIENCES TRUST,6282.0,228.0
09250W10,33.2501,33.26,2016-10-20,BME,BLACKROCK HEALTH SCIENCES TRUST,6282.0,228.0
09250W10,33.88,33.35,2016-10-21,BME,BLACKROCK HEALTH SCIENCES TRUST,6282.0,228.0
09250W10,33.84,33.77,2016-10-24,BME,BLACKROCK HEALTH SCIENCES TRUST,6282.0,228.0
09250W10,33.28,33.7,2016-10-25,BME,BLACKROCK HEALTH SCIENCES TRUST,6282.0,228.0
09250W10,33.28,33.26,2016-10-26,BME,BLACKROCK HEALTH SCIENCES TRUST,6282.0,228.0
09250W10,32.84,33.47,2016-10-27,BME,BLACKROCK HEALTH SCIENCES TRUST,6282.0,228.0
09250W10,32.7,32.67,2016-10-28,BME,BLACKROCK HEALTH SCIENCES TRUST,6282.0,228.0
09250W10,32.74,33.05,2016-10-31,BME,BLACKROCK HEALTH SCIENCES TRUST,6282.0,228.0
09250W10,31.7,32.65,2016-11-01,BME,BLACKROCK HEALTH SCIENCES TRUST,6282.0,228.0
09250W10,31.38,31.57,2016-11-02,BME,BLACKROCK HEALTH SCIENCES TRUST,6282.0,228.0
09250W10,30.96,31.38,2016-11-03,BME,BLACKROCK HEALTH SCIENCES TRUST,6282.0,228.0
09250W10,31.03,31.04,2016-11-04,BME,BLACKROCK HEALTH SCIENCES TRUST,6282.0,228.0
09250W10,31.82,31.49,2016-11-07,BME,BLACKROCK HEALTH SCIENCES TRUST,6282.0,228.0
09250W10,32.19,31.93,2016-11-08,BME,BLACKROCK HEALTH SCIENCES TRUST,6282.0,228.0
09250W10,34.57,33.0,2016-11-09,BME,BLACKROCK HEALTH SCIENCES TRUST,6282.0,228.0
09250W10,35.83,34.18,2016-11-10,BME,BLACKROCK HEALTH SCIENCES TRUST,6282.0,228.0
09250W10,35.7,35.48,2016-11-11,BME,BLACKROCK HEALTH SCIENCES TRUST,6282.0,228.0
09250W10,36.18,36.03,2016-11-14,BME,BLACKROCK HEALTH SCIENCES TRUST,6282.0,228.0
09250W10,35.79,36.4,2016-11-15,BME,BLACKROCK HEALTH SCIENCES TRUST,6282.0,228.0
09250W10,35.55,35.41,2016-11-16,BME,BLACKROCK HEALTH SCIENCES TRUST,6282.0,228.0
09250W10,35.1,35.82,2016-11-17,BME,BLACKROCK HEALTH SCIENCES TRUST,6282.0,228.0
09250W10,34.97,35.38,2016-11-18,BME,BLACKROCK HEALTH SCIENCES TRUST,6282.0,228.0
09250W10,34.18,34.99,2016-11-21,BME,BLACKROCK HEALTH SCIENCES TRUST,6282.0,228.0
09250W10,34.77,34.25,2016-11-22,BME,BLACKROCK HEALTH SCIENCES TRUST,6282.0,228.0
09250W10,33.73,34.5,2016-11-23,BME,BLACKROCK HEALTH SCIENCES TRUST,6282.0,228.0
09250W10,34.45,34.01,2016-11-25,BME,BLACKROCK HEALTH SCIENCES TRUST,6282.0,228.0
09250W10,33.65,34.12,2016-11-28,BME,BLACKROCK HEALTH SCIENCES TRUST,6282.0,228.0
09250W10,34.42,33.92,2016-11-29,BME,BLACKROCK HEALTH SCIENCES TRUST,6282.0,228.0
09250W10,34.08,34.22,2016-11-30,BME,BLACKROCK HEALTH SCIENCES TRUST,6282.0,228.0
09250W10,34.76,33.9,2016-12-01,BME,BLACKROCK HEALTH SCIENCES TRUST,6282.0,228.0
09250W10,34.85,34.44,2016-12-02,BME,BLACKROCK HEALTH SCIENCES TRUST,6282.0,228.0
09250W10,34.61,34.85,2016-12-05,BME,BLACKROCK HEALTH SCIENCES TRUST,6282.0,228.0
09250W10,34.38,34.51,2016-12-06,BME,BLACKROCK HEALTH SCIENCES TRUST,6282.0,228.0
09250W10,33.58,34.32,2016-12-07,BME,BLACKROCK HEALTH SCIENCES TRUST,6282.0,228.0
09250W10,33.01,33.26,2016-12-08,BME,BLACKROCK HEALTH SCIENCES TRUST,6282.0,228.0
09250W10,33.18,33.45,2016-12-09,BME,BLACKROCK HEALTH SCIENCES TRUST,6282.0,228.0
09250W10,33.38,33.42,2016-12-12,BME,BLACKROCK HEALTH SCIENCES TRUST,6282.0,228.0
09250W10,33.7164,33.2,2016-12-13,BME,BLACKROCK HEALTH SCIENCES TRUST,6282.0,228.0
09250W10,33.74,33.83,2016-12-14,BME,BLACKROCK HEALTH SCIENCES TRUST,6282.0,228.0
09250W10,33.25,32.96,2016-12-15,BME,BLACKROCK HEALTH SCIENCES TRUST,6282.0,228.0
09250W10,32.35,33.35,2016-12-16,BME,BLACKROCK HEALTH SCIENCES TRUST,6282.0,228.0
09250W10,32.2399,32.62,2016-12-19,BME,BLACKROCK HEALTH SCIENCES TRUST,6282.0,228.0
09250W10,31.55,32.26,2016-12-20,BME,BLACKROCK HEALTH SCIENCES TRUST,6282.0,228.0
09250W10,31.9473,31.56,2016-12-21,BME,BLACKROCK HEALTH SCIENCES TRUST,6282.0,228.0
09250W10,32.1,31.9,2016-12-22,BME,BLACKROCK HEALTH SCIENCES TRUST,6282.0,228.0
09250W10,32.06,31.85,2016-12-23,BME,BLACKROCK HEALTH SCIENCES TRUST,6282.0,228.0
09250W10,32.43,32.23,2016-12-27,BME,BLACKROCK HEALTH SCIENCES TRUST,6282.0,228.0
09250W10,31.61,32.63,2016-12-28,BME,BLACKROCK HEALTH SCIENCES TRUST,6282.0,228.0
09250W10,31.72,31.88,2016-12-29,BME,BLACKROCK HEALTH SCIENCES TRUST,6282.0,228.0
09250W10,31.75,31.99,2016-12-30,BME,BLACKROCK HEALTH SCIENCES TRUST,6282.0,228.0
09250W10,32.35,31.77,2017-01-03,BME,BLACKROCK HEALTH SCIENCES TRUST,6282.0,228.0
09250W10,32.72,32.65,2017-01-04,BME,BLACKROCK HEALTH SCIENCES TRUST,6282.0,228.0
09250W10,32.78,32.93,2017-01-05,BME,BLACKROCK HEALTH SCIENCES TRUST,6282.0,228.0
09250W10,32.8548,33.0,2017-01-06,BME,BLACKROCK HEALTH SCIENCES TRUST,6282.0,228.0
09250W10,33.195,33.11,2017-01-09,BME,BLACKROCK HEALTH SCIENCES TRUST,6282.0,228.0
09250W10,33.42,33.4,2017-01-10,BME,BLACKROCK HEALTH SCIENCES TRUST,6282.0,228.0
09250W10,33.58,33.57,2017-01-11,BME,BLACKROCK HEALTH SCIENCES TRUST,6282.0,228.0
09250W10,33.33,33.51,2017-01-12,BME,BLACKROCK HEALTH SCIENCES TRUST,6282.0,228.0
09250W10,33.65,33.32,2017-01-13,BME,BLACKROCK HEALTH SCIENCES TRUST,6282.0,228.0
09250W10,32.88,33.48,2017-01-17,BME,BLACKROCK HEALTH SCIENCES TRUST,6282.0,228.0
09250W10,32.66,32.79,2017-01-18,BME,BLACKROCK HEALTH SCIENCES TRUST,6282.0,228.0
09250W10,32.34,32.62,2017-01-19,BME,BLACKROCK HEALTH SCIENCES TRUST,6282.0,228.0
09250W10,32.67,32.25,2017-01-20,BME,BLACKROCK HEALTH SCIENCES TRUST,6282.0,228.0
09250W10,32.57,32.49,2017-01-23,BME,BLACKROCK HEALTH SCIENCES TRUST,6282.0,228.0
09250W10,32.51,32.51,2017-01-24,BME,BLACKROCK HEALTH SCIENCES TRUST,6282.0,228.0
09250W10,32.69,32.5,2017-01-25,BME,BLACKROCK HEALTH SCIENCES TRUST,6282.0,228.0
09250W10,33.04,32.98,2017-01-26,BME,BLACKROCK HEALTH SCIENCES TRUST,6282.0,228.0
09250W10,32.86,32.87,2017-01-27,BME,BLACKROCK HEALTH SCIENCES TRUST,6282.0,228.0
09250W10,32.68,32.6,2017-01-30,BME,BLACKROCK HEALTH SCIENCES TRUST,6282.0,228.0
09250W10,33.12,32.8,2017-01-31,BME,BLACKROCK HEALTH SCIENCES TRUST,6282.0,228.0
09250W10,33.05,32.94,2017-02-01,BME,BLACKROCK HEALTH SCIENCES TRUST,6282.0,228.0
09250W10,33.3932,33.13,2017-02-02,BME,BLACKROCK HEALTH SCIENCES TRUST,6282.0,228.0
09250W10,33.44,33.51,2017-02-03,BME,BLACKROCK HEALTH SCIENCES TRUST,6282.0,228.0
09250W10,33.26,33.24,2017-02-06,BME,BLACKROCK HEALTH SCIENCES TRUST,6282.0,228.0
09250W10,33.17,33.31,2017-02-07,BME,BLACKROCK HEALTH SCIENCES TRUST,6282.0,228.0
09250W10,32.61,33.0,2017-02-08,BME,BLACKROCK HEALTH SCIENCES TRUST,6282.0,228.0
09250W10,33.27,32.65,2017-02-09,BME,BLACKROCK HEALTH SCIENCES TRUST,6282.0,228.0
09250W10,33.46,33.12,2017-02-10,BME,BLACKROCK HEALTH SCIENCES TRUST,6282.0,228.0
09250W10,33.15,33.29,2017-02-13,BME,BLACKROCK HEALTH SCIENCES TRUST,6282.0,228.0
09250W10,33.49,33.26,2017-02-14,BME,BLACKROCK HEALTH SCIENCES TRUST,6282.0,228.0
09250W10,33.951,33.59,2017-02-15,BME,BLACKROCK HEALTH SCIENCES TRUST,6282.0,228.0
09250W10,33.44,33.95,2017-02-16,BME,BLACKROCK HEALTH SCIENCES TRUST,6282.0,228.0
09250W10,33.7,33.71,2017-02-17,BME,BLACKROCK HEALTH SCIENCES TRUST,6282.0,228.0
09250W10,33.86,33.75,2017-02-21,BME,BLACKROCK HEALTH SCIENCES TRUST,6282.0,228.0
09250W10,33.6,33.81,2017-02-22,BME,BLACKROCK HEALTH SCIENCES TRUST,6282.0,228.0
09250W10,33.79,33.82,2017-02-23,BME,BLACKROCK HEALTH SCIENCES TRUST,6282.0,228.0
09250W10,33.85,33.7,2017-02-24,BME,BLACKROCK HEALTH SCIENCES TRUST,6282.0,228.0
09250W10,34.29,34.05,2017-02-27,BME,BLACKROCK HEALTH SCIENCES TRUST,6282.0,228.0
09250W10,34.2,34.26,2017-02-28,BME,BLACKROCK HEALTH SCIENCES TRUST,6282.0,228.0
09250W10,34.5592,34.5,2017-03-01,BME,BLACKROCK HEALTH SCIENCES TRUST,6282.0,228.0
09250W10,34.39,34.37,2017-03-02,BME,BLACKROCK HEALTH SCIENCES TRUST,6282.0,228.0
09250W10,34.48,34.3,2017-03-03,BME,BLACKROCK HEALTH SCIENCES TRUST,6282.0,228.0
09250W10,34.43,34.35,2017-03-06,BME,BLACKROCK HEALTH SCIENCES TRUST,6282.0,228.0
09250W10,34.11,34.52,2017-03-07,BME,BLACKROCK HEALTH SCIENCES TRUST,6282.0,228.0
09250W10,34.34,34.14,2017-03-08,BME,BLACKROCK HEALTH SCIENCES TRUST,6282.0,228.0
09250W10,34.4,34.49,2017-03-09,BME,BLACKROCK HEALTH SCIENCES TRUST,6282.0,228.0
09250W10,34.4,34.36,2017-03-10,BME,BLACKROCK HEALTH SCIENCES TRUST,6282.0,228.0
09250W10,34.21,34.32,2017-03-13,BME,BLACKROCK HEALTH SCIENCES TRUST,6282.0,228.0
09250W10,34.26,34.1,2017-03-14,BME,BLACKROCK HEALTH SCIENCES TRUST,6282.0,228.0
09250W10,34.49,34.42,2017-03-15,BME,BLACKROCK HEALTH SCIENCES TRUST,6282.0,228.0
09250W10,34.29,34.79,2017-03-16,BME,BLACKROCK HEALTH SCIENCES TRUST,6282.0,228.0
09250W10,34.34,34.42,2017-03-17,BME,BLACKROCK HEALTH SCIENCES TRUST,6282.0,228.0
09250W10,34.63,34.37,2017-03-20,BME,BLACKROCK HEALTH SCIENCES TRUST,6282.0,228.0
09250W10,34.2,34.6,2017-03-21,BME,BLACKROCK HEALTH SCIENCES TRUST,6282.0,228.0
09250W10,34.1608,34.12,2017-03-22,BME,BLACKROCK HEALTH SCIENCES TRUST,6282.0,228.0
09250W10,34.2,34.12,2017-03-23,BME,BLACKROCK HEALTH SCIENCES TRUST,6282.0,228.0
09250W10,33.76,34.21,2017-03-24,BME,BLACKROCK HEALTH SCIENCES TRUST,6282.0,228.0
09250W10,33.96,33.52,2017-03-27,BME,BLACKROCK HEALTH SCIENCES TRUST,6282.0,228.0
09250W10,34.38,34.05,2017-03-28,BME,BLACKROCK HEALTH SCIENCES TRUST,6282.0,228.0
09250W10,34.51,34.48,2017-03-29,BME,BLACKROCK HEALTH SCIENCES TRUST,6282.0,228.0
09250W10,34.58,34.53,2017-03-30,BME,BLACKROCK HEALTH SCIENCES TRUST,6282.0,228.0
09250W10,34.59,34.64,2017-03-31,BME,BLACKROCK HEALTH SCIENCES TRUST,6282.0,228.0
09250W10,35.16,34.6,2017-04-03,BME,BLACKROCK HEALTH SCIENCES TRUST,6282.0,228.0
09250W10,34.7,35.19,2017-04-04,BME,BLACKROCK HEALTH SCIENCES TRUST,6282.0,228.0
09250W10,34.28,34.72,2017-04-05,BME,BLACKROCK HEALTH SCIENCES TRUST,6282.0,228.0
09250W10,34.1592,34.42,2017-04-06,BME,BLACKROCK HEALTH SCIENCES TRUST,6282.0,228.0
09250W10,34.2196,34.16,2017-04-07,BME,BLACKROCK HEALTH SCIENCES TRUST,6282.0,228.0
09250W10,34.37,34.41,2017-04-10,BME,BLACKROCK HEALTH SCIENCES TRUST,6282.0,228.0
09250W10,34.03,34.36,2017-04-11,BME,BLACKROCK HEALTH SCIENCES TRUST,6282.0,228.0
09250W10,33.99,33.96,2017-04-12,BME,BLACKROCK HEALTH SCIENCES TRUST,6282.0,228.0
09250W10,34.21,33.98,2017-04-13,BME,BLACKROCK HEALTH SCIENCES TRUST,6282.0,228.0
09250W10,34.17,34.32,2017-04-17,BME,BLACKROCK HEALTH SCIENCES TRUST,6282.0,228.0
09250W10,33.9,34.06,2017-04-18,BME,BLACKROCK HEALTH SCIENCES TRUST,6282.0,228.0
09250W10,33.93,33.97,2017-04-19,BME,BLACKROCK HEALTH SCIENCES TRUST,6282.0,228.0
09250W10,34.26,34.06,2017-04-20,BME,BLACKROCK HEALTH SCIENCES TRUST,6282.0,228.0
09250W10,34.18,34.24,2017-04-21,BME,BLACKROCK HEALTH SCIENCES TRUST,6282.0,228.0
09250W10,34.4,34.46,2017-04-24,BME,BLACKROCK HEALTH SCIENCES TRUST,6282.0,228.0
09250W10,34.65,34.7,2017-04-25,BME,BLACKROCK HEALTH SCIENCES TRUST,6282.0,228.0
09250W10,34.99,34.68,2017-04-26,BME,BLACKROCK HEALTH SCIENCES TRUST,6282.0,228.0
09250W10,34.8,35.02,2017-04-27,BME,BLACKROCK HEALTH SCIENCES TRUST,6282.0,228.0
09250W10,34.99,34.99,2017-04-28,BME,BLACKROCK HEALTH SCIENCES TRUST,6282.0,228.0
09250W10,35.15,35.24,2017-05-01,BME,BLACKROCK HEALTH SCIENCES TRUST,6282.0,228.0
09250W10,35.49,35.2,2017-05-02,BME,BLACKROCK HEALTH SCIENCES TRUST,6282.0,228.0
09250W10,35.37,35.56,2017-05-03,BME,BLACKROCK HEALTH SCIENCES TRUST,6282.0,228.0
09250W10,35.35,35.52,2017-05-04,BME,BLACKROCK HEALTH SCIENCES TRUST,6282.0,228.0
09250W10,35.41,35.4,2017-05-05,BME,BLACKROCK HEALTH SCIENCES TRUST,6282.0,228.0
09250W10,35.0,35.34,2017-05-08,BME,BLACKROCK HEALTH SCIENCES TRUST,6282.0,228.0
09250W10,34.93,35.16,2017-05-09,BME,BLACKROCK HEALTH SCIENCES TRUST,6282.0,228.0
09250W10,34.85,34.83,2017-05-10,BME,BLACKROCK HEALTH SCIENCES TRUST,6282.0,228.0
09250W10,34.55,34.75,2017-05-11,BME,BLACKROCK HEALTH SCIENCES TRUST,6282.0,228.0
09250W10,34.86,34.76,2017-05-12,BME,BLACKROCK HEALTH SCIENCES TRUST,6282.0,228.0
09250W10,34.87,34.75,2017-05-15,BME,BLACKROCK HEALTH SCIENCES TRUST,6282.0,228.0
09250W10,34.666,34.81,2017-05-16,BME,BLACKROCK HEALTH SCIENCES TRUST,6282.0,228.0
09250W10,34.42,34.45,2017-05-17,BME,BLACKROCK HEALTH SCIENCES TRUST,6282.0,228.0
09250W10,34.57,34.43,2017-05-18,BME,BLACKROCK HEALTH SCIENCES TRUST,6282.0,228.0
09250W10,34.51,34.63,2017-05-19,BME,BLACKROCK HEALTH SCIENCES TRUST,6282.0,228.0
09250W10,34.8,34.48,2017-05-22,BME,BLACKROCK HEALTH SCIENCES TRUST,6282.0,228.0
09250W10,34.99,34.94,2017-05-23,BME,BLACKROCK HEALTH SCIENCES TRUST,6282.0,228.0
09250W10,34.966,34.97,2017-05-24,BME,BLACKROCK HEALTH SCIENCES TRUST,6282.0,228.0
09250W10,34.967,35.02,2017-05-25,BME,BLACKROCK HEALTH SCIENCES TRUST,6282.0,228.0
09250W10,35.03,35.11,2017-05-26,BME,BLACKROCK HEALTH SCIENCES TRUST,6282.0,228.0
09250W10,34.66,34.95,2017-05-30,BME,BLACKROCK HEALTH SCIENCES TRUST,6282.0,228.0
09250W10,34.97,34.91,2017-05-31,BME,BLACKROCK HEALTH SCIENCES TRUST,6282.0,228.0
09250W10,35.36,34.98,2017-06-01,BME,BLACKROCK HEALTH SCIENCES TRUST,6282.0,228.0
09250W10,35.76,35.66,2017-06-02,BME,BLACKROCK HEALTH SCIENCES TRUST,6282.0,228.0
09250W10,35.16,35.75,2017-06-05,BME,BLACKROCK HEALTH SCIENCES TRUST,6282.0,228.0
09250W10,35.2914,35.09,2017-06-06,BME,BLACKROCK HEALTH SCIENCES TRUST,6282.0,228.0
09250W10,35.21,35.33,2017-06-07,BME,BLACKROCK HEALTH SCIENCES TRUST,6282.0,228.0
09250W10,35.2,35.23,2017-06-08,BME,BLACKROCK HEALTH SCIENCES TRUST,6282.0,228.0
09250W10,35.44,35.39,2017-06-09,BME,BLACKROCK HEALTH SCIENCES TRUST,6282.0,228.0
09250W10,35.321,35.44,2017-06-12,BME,BLACKROCK HEALTH SCIENCES TRUST,6282.0,228.0
09250W10,35.14,35.38,2017-06-13,BME,BLACKROCK HEALTH SCIENCES TRUST,6282.0,228.0
09250W10,35.3201,35.2,2017-06-14,BME,BLACKROCK HEALTH SCIENCES TRUST,6282.0,228.0
09250W10,35.26,35.3,2017-06-15,BME,BLACKROCK HEALTH SCIENCES TRUST,6282.0,228.0
09250W10,35.3505,35.45,2017-06-16,BME,BLACKROCK HEALTH SCIENCES TRUST,6282.0,228.0
09250W10,35.56,35.25,2017-06-19,BME,BLACKROCK HEALTH SCIENCES TRUST,6282.0,228.0
09250W10,35.91,35.65,2017-06-20,BME,BLACKROCK HEALTH SCIENCES TRUST,6282.0,228.0
09250W10,36.36,35.95,2017-06-21,BME,BLACKROCK HEALTH SCIENCES TRUST,6282.0,228.0
09250W10,36.4,36.55,2017-06-22,BME,BLACKROCK HEALTH SCIENCES TRUST,6282.0,228.0
09250W10,36.25,36.6,2017-06-23,BME,BLACKROCK HEALTH SCIENCES TRUST,6282.0,228.0
09250W10,36.38,36.26,2017-06-26,BME,BLACKROCK HEALTH SCIENCES TRUST,6282.0,228.0
09250W10,36.16,36.46,2017-06-27,BME,BLACKROCK HEALTH SCIENCES TRUST,6282.0,228.0
09250W10,36.42,36.19,2017-06-28,BME,BLACKROCK HEALTH SCIENCES TRUST,6282.0,228.0
09250W10,36.54,36.73,2017-06-29,BME,BLACKROCK HEALTH SCIENCES TRUST,6282.0,228.0
09250W10,36.65,36.55,2017-06-30,BME,BLACKROCK HEALTH SCIENCES TRUST,6282.0,228.0
09250W10,36.89,36.64,2017-07-03,BME,BLACKROCK HEALTH SCIENCES TRUST,6282.0,228.0
09250W10,37.248,36.85,2017-07-05,BME,BLACKROCK HEALTH SCIENCES TRUST,6282.0,228.0
09250W10,36.59,37.18,2017-07-06,BME,BLACKROCK HEALTH SCIENCES TRUST,6282.0,228.0
09250W10,36.81,36.72,2017-07-07,BME,BLACKROCK HEALTH SCIENCES TRUST,6282.0,228.0
09250W10,36.77,36.96,2017-07-10,BME,BLACKROCK HEALTH SCIENCES TRUST,6282.0,228.0
09250W10,36.66,36.56,2017-07-11,BME,BLACKROCK HEALTH SCIENCES TRUST,6282.0,228.0
09250W10,36.9248,37.0,2017-07-12,BME,BLACKROCK HEALTH SCIENCES TRUST,6282.0,228.0
09250W10,36.94,37.09,2017-07-13,BME,BLACKROCK HEALTH SCIENCES TRUST,6282.0,228.0
09250W10,37.16,37.06,2017-07-14,BME,BLACKROCK HEALTH SCIENCES TRUST,6282.0,228.0
09250W10,37.03,37.0,2017-07-17,BME,BLACKROCK HEALTH SCIENCES TRUST,6282.0,228.0
09250W10,37.21,37.1,2017-07-18,BME,BLACKROCK HEALTH SCIENCES TRUST,6282.0,228.0
09250W10,37.05,37.24,2017-07-19,BME,BLACKROCK HEALTH SCIENCES TRUST,6282.0,228.0
09250W10,37.325,37.19,2017-07-20,BME,BLACKROCK HEALTH SCIENCES TRUST,6282.0,228.0
09250W10,37.59,37.23,2017-07-21,BME,BLACKROCK HEALTH SCIENCES TRUST,6282.0,228.0
09250W10,37.63,37.59,2017-07-24,BME,BLACKROCK HEALTH SCIENCES TRUST,6282.0,228.0
09250W10,37.22,37.9,2017-07-25,BME,BLACKROCK HEALTH SCIENCES TRUST,6282.0,228.0
09250W10,37.0,37.35,2017-07-26,BME,BLACKROCK HEALTH SCIENCES TRUST,6282.0,228.0
09250W10,36.27,37.04,2017-07-27,BME,BLACKROCK HEALTH SCIENCES TRUST,6282.0,228.0
09250W10,36.67,36.5,2017-07-28,BME,BLACKROCK HEALTH SCIENCES TRUST,6282.0,228.0
09250W10,36.75,36.76,2017-07-31,BME,BLACKROCK HEALTH SCIENCES TRUST,6282.0,228.0
09250W10,37.3,36.83,2017-08-01,BME,BLACKROCK HEALTH SCIENCES TRUST,6282.0,228.0
09250W10,37.18,37.03,2017-08-02,BME,BLACKROCK HEALTH SCIENCES TRUST,6282.0,228.0
09250W10,37.06,37.51,2017-08-03,BME,BLACKROCK HEALTH SCIENCES TRUST,6282.0,228.0
09250W10,36.53,37.11,2017-08-04,BME,BLACKROCK HEALTH SCIENCES TRUST,6282.0,228.0
09250W10,36.9,36.88,2017-08-07,BME,BLACKROCK HEALTH SCIENCES TRUST,6282.0,228.0
09250W10,36.25,36.85,2017-08-08,BME,BLACKROCK HEALTH SCIENCES TRUST,6282.0,228.0
09250W10,35.85,36.14,2017-08-09,BME,BLACKROCK HEALTH SCIENCES TRUST,6282.0,228.0
09250W10,35.24,35.72,2017-08-10,BME,BLACKROCK HEALTH SCIENCES TRUST,6282.0,228.0
09250W10,34.86,34.62,2017-08-11,BME,BLACKROCK HEALTH SCIENCES TRUST,6282.0,228.0
09250W10,35.76,35.14,2017-08-14,BME,BLACKROCK HEALTH SCIENCES TRUST,6282.0,228.0
09250W10,35.71,35.81,2017-08-15,BME,BLACKROCK HEALTH SCIENCES TRUST,6282.0,228.0
09250W10,35.73,35.74,2017-08-16,BME,BLACKROCK HEALTH SCIENCES TRUST,6282.0,228.0
09250W10,35.16,35.67,2017-08-17,BME,BLACKROCK HEALTH SCIENCES TRUST,6282.0,228.0
09250W10,35.49,35.37,2017-08-18,BME,BLACKROCK HEALTH SCIENCES TRUST,6282.0,228.0
09250W10,35.5,35.51,2017-08-21,BME,BLACKROCK HEALTH SCIENCES TRUST,6282.0,228.0
09250W10,35.7,35.44,2017-08-22,BME,BLACKROCK HEALTH SCIENCES TRUST,6282.0,228.0
09250W10,35.58,35.57,2017-08-23,BME,BLACKROCK HEALTH SCIENCES TRUST,6282.0,228.0
09250W10,35.77,35.61,2017-08-24,BME,BLACKROCK HEALTH SCIENCES TRUST,6282.0,228.0
09250W10,35.56,35.88,2017-08-25,BME,BLACKROCK HEALTH SCIENCES TRUST,6282.0,228.0
09250W10,35.76,35.66,2017-08-28,BME,BLACKROCK HEALTH SCIENCES TRUST,6282.0,228.0
09250W10,35.7,35.56,2017-08-29,BME,BLACKROCK HEALTH SCIENCES TRUST,6282.0,228.0
09250W10,35.7,35.78,2017-08-30,BME,BLACKROCK HEALTH SCIENCES TRUST,6282.0,228.0
09250W10,35.97,35.74,2017-08-31,BME,BLACKROCK HEALTH SCIENCES TRUST,6282.0,228.0
09250W10,36.17,36.1,2017-09-01,BME,BLACKROCK HEALTH SCIENCES TRUST,6282.0,228.0
09250W10,36.12,36.17,2017-09-05,BME,BLACKROCK HEALTH SCIENCES TRUST,6282.0,228.0
09250W10,36.04,36.22,2017-09-06,BME,BLACKROCK HEALTH SCIENCES TRUST,6282.0,228.0
09250W10,36.71,36.34,2017-09-07,BME,BLACKROCK HEALTH SCIENCES TRUST,6282.0,228.0
09250W10,36.31,36.66,2017-09-08,BME,BLACKROCK HEALTH SCIENCES TRUST,6282.0,228.0
09250W10,36.3892,36.61,2017-09-11,BME,BLACKROCK HEALTH SCIENCES TRUST,6282.0,228.0
09250W10,36.49,36.39,2017-09-12,BME,BLACKROCK HEALTH SCIENCES TRUST,6282.0,228.0
09250W10,36.52,36.42,2017-09-13,BME,BLACKROCK HEALTH SCIENCES TRUST,6282.0,228.0
09250W10,36.0,36.3,2017-09-14,BME,BLACKROCK HEALTH SCIENCES TRUST,6282.0,228.0
09250W10,36.4167,36.17,2017-09-15,BME,BLACKROCK HEALTH SCIENCES TRUST,6282.0,228.0
09250W10,36.74,37.49,2017-09-18,BME,BLACKROCK HEALTH SCIENCES TRUST,6282.0,228.0
09250W10,36.22,36.82,2017-09-19,BME,BLACKROCK HEALTH SCIENCES TRUST,6282.0,228.0
09250W10,36.3,36.29,2017-09-20,BME,BLACKROCK HEALTH SCIENCES TRUST,6282.0,228.0
09250W10,36.28,36.5,2017-09-21,BME,BLACKROCK HEALTH SCIENCES TRUST,6282.0,228.0
09250W10,36.05,36.21,2017-09-22,BME,BLACKROCK HEALTH SCIENCES TRUST,6282.0,228.0
09250W10,35.93,36.06,2017-09-25,BME,BLACKROCK HEALTH SCIENCES TRUST,6282.0,228.0
09250W10,36.02,35.97,2017-09-26,BME,BLACKROCK HEALTH SCIENCES TRUST,6282.0,228.0
09250W10,36.02,36.1,2017-09-27,BME,BLACKROCK HEALTH SCIENCES TRUST,6282.0,228.0
09250W10,36.16,36.18,2017-09-28,BME,BLACKROCK HEALTH SCIENCES TRUST,6282.0,228.0
09250W10,36.46,36.33,2017-09-29,BME,BLACKROCK HEALTH SCIENCES TRUST,6282.0,228.0
09250W10,36.76,36.5,2017-10-02,BME,BLACKROCK HEALTH SCIENCES TRUST,6282.0,228.0
09250W10,36.87,36.85,2017-10-03,BME,BLACKROCK HEALTH SCIENCES TRUST,6282.0,228.0
09250W10,36.97,36.75,2017-10-04,BME,BLACKROCK HEALTH SCIENCES TRUST,6282.0,228.0
09250W10,36.79,36.91,2017-10-05,BME,BLACKROCK HEALTH SCIENCES TRUST,6282.0,228.0
09250W10,36.82,36.9,2017-10-06,BME,BLACKROCK HEALTH SCIENCES TRUST,6282.0,228.0
09250W10,37.12,37.01,2017-10-09,BME,BLACKROCK HEALTH SCIENCES TRUST,6282.0,228.0
09250W10,36.93,37.05,2017-10-10,BME,BLACKROCK HEALTH SCIENCES TRUST,6282.0,228.0
09250W10,37.05,36.93,2017-10-11,BME,BLACKROCK HEALTH SCIENCES TRUST,6282.0,228.0
09250W10,36.97,37.05,2017-10-12,BME,BLACKROCK HEALTH SCIENCES TRUST,6282.0,228.0
09250W10,36.7,36.9,2017-10-13,BME,BLACKROCK HEALTH SCIENCES TRUST,6282.0,228.0
09250W10,36.6699,36.75,2017-10-16,BME,BLACKROCK HEALTH SCIENCES TRUST,6282.0,228.0
09250W10,36.8,36.67,2017-10-17,BME,BLACKROCK HEALTH SCIENCES TRUST,6282.0,228.0
09250W10,36.72,36.86,2017-10-18,BME,BLACKROCK HEALTH SCIENCES TRUST,6282.0,228.0
09250W10,36.65,36.6,2017-10-19,BME,BLACKROCK HEALTH SCIENCES TRUST,6282.0,228.0
09250W10,36.45,36.64,2017-10-20,BME,BLACKROCK HEALTH SCIENCES TRUST,6282.0,228.0
09250W10,36.38,36.52,2017-10-23,BME,BLACKROCK HEALTH SCIENCES TRUST,6282.0,228.0
09250W10,36.27,36.31,2017-10-24,BME,BLACKROCK HEALTH SCIENCES TRUST,6282.0,228.0
09250W10,35.95,36.25,2017-10-25,BME,BLACKROCK HEALTH SCIENCES TRUST,6282.0,228.0
09250W10,35.44,35.81,2017-10-26,BME,BLACKROCK HEALTH SCIENCES TRUST,6282.0,228.0
09250W10,35.82,35.45,2017-10-27,BME,BLACKROCK HEALTH SCIENCES TRUST,6282.0,228.0
09250W10,36.03,36.03,2017-10-30,BME,BLACKROCK HEALTH SCIENCES TRUST,6282.0,228.0
09250W10,36.0,36.03,2017-10-31,BME,BLACKROCK HEALTH SCIENCES TRUST,6282.0,228.0
09250W10,36.08,36.02,2017-11-01,BME,BLACKROCK HEALTH SCIENCES TRUST,6282.0,228.0
09250W10,36.03,36.0,2017-11-02,BME,BLACKROCK HEALTH SCIENCES TRUST,6282.0,228.0
09250W10,36.1,36.1,2017-11-03,BME,BLACKROCK HEALTH SCIENCES TRUST,6282.0,228.0
09250W10,36.09,36.19,2017-11-06,BME,BLACKROCK HEALTH SCIENCES TRUST,6282.0,228.0
09250W10,36.24,36.18,2017-11-07,BME,BLACKROCK HEALTH SCIENCES TRUST,6282.0,228.0
09250W10,36.24,36.19,2017-11-08,BME,BLACKROCK HEALTH SCIENCES TRUST,6282.0,228.0
09250W10,35.23,36.1,2017-11-09,BME,BLACKROCK HEALTH SCIENCES TRUST,6282.0,228.0
09250W10,35.83,35.48,2017-11-10,BME,BLACKROCK HEALTH SCIENCES TRUST,6282.0,228.0
09250W10,35.12,35.63,2017-11-13,BME,BLACKROCK HEALTH SCIENCES TRUST,6282.0,228.0
09250W10,34.64,34.82,2017-11-14,BME,BLACKROCK HEALTH SCIENCES TRUST,6282.0,228.0
09250W10,34.9891,34.52,2017-11-15,BME,BLACKROCK HEALTH SCIENCES TRUST,6282.0,228.0
09250W10,35.15,34.9,2017-11-16,BME,BLACKROCK HEALTH SCIENCES TRUST,6282.0,228.0
09250W10,35.41,35.03,2017-11-17,BME,BLACKROCK HEALTH SCIENCES TRUST,6282.0,228.0
09250W10,35.58,35.45,2017-11-20,BME,BLACKROCK HEALTH SCIENCES TRUST,6282.0,228.0
09250W10,35.84,35.68,2017-11-21,BME,BLACKROCK HEALTH SCIENCES TRUST,6282.0,228.0
09250W10,35.66,35.85,2017-11-22,BME,BLACKROCK HEALTH SCIENCES TRUST,6282.0,228.0
09250W10,35.89,35.87,2017-11-24,BME,BLACKROCK HEALTH SCIENCES TRUST,6282.0,228.0
09250W10,35.8284,35.89,2017-11-27,BME,BLACKROCK HEALTH SCIENCES TRUST,6282.0,228.0
09250W10,36.23,36.12,2017-11-28,BME,BLACKROCK HEALTH SCIENCES TRUST,6282.0,228.0
09250W10,35.88,35.99,2017-11-29,BME,BLACKROCK HEALTH SCIENCES TRUST,6282.0,228.0
09250W10,36.3,36.08,2017-11-30,BME,BLACKROCK HEALTH SCIENCES TRUST,6282.0,228.0
09250W10,36.26,36.36,2017-12-01,BME,BLACKROCK HEALTH SCIENCES TRUST,6282.0,228.0
09250W10,36.24,36.34,2017-12-04,BME,BLACKROCK HEALTH SCIENCES TRUST,6282.0,228.0
09250W10,36.07,36.17,2017-12-05,BME,BLACKROCK HEALTH SCIENCES TRUST,6282.0,228.0
09250W10,35.69,36.01,2017-12-06,BME,BLACKROCK HEALTH SCIENCES TRUST,6282.0,228.0
09250W10,35.79,35.64,2017-12-07,BME,BLACKROCK HEALTH SCIENCES TRUST,6282.0,228.0
09250W10,36.09,35.87,2017-12-08,BME,BLACKROCK HEALTH SCIENCES TRUST,6282.0,228.0
09250W10,35.98,36.27,2017-12-11,BME,BLACKROCK HEALTH SCIENCES TRUST,6282.0,228.0
09250W10,35.82,35.89,2017-12-12,BME,BLACKROCK HEALTH SCIENCES TRUST,6282.0,228.0
09250W10,36.48,35.78,2017-12-13,BME,BLACKROCK HEALTH SCIENCES TRUST,6282.0,228.0
09250W10,36.1002,36.38,2017-12-14,BME,BLACKROCK HEALTH SCIENCES TRUST,6282.0,228.0
09250W10,36.2,36.04,2017-12-15,BME,BLACKROCK HEALTH SCIENCES TRUST,6282.0,228.0
09250W10,36.0,36.25,2017-12-18,BME,BLACKROCK HEALTH SCIENCES TRUST,6282.0,228.0
09250W10,35.69,35.87,2017-12-19,BME,BLACKROCK HEALTH SCIENCES TRUST,6282.0,228.0
09250W10,36.1699,36.09,2017-12-20,BME,BLACKROCK HEALTH SCIENCES TRUST,6282.0,228.0
09250W10,36.24,36.21,2017-12-21,BME,BLACKROCK HEALTH SCIENCES TRUST,6282.0,228.0
09250W10,36.265,36.22,2017-12-22,BME,BLACKROCK HEALTH SCIENCES TRUST,6282.0,228.0
09250W10,35.871,36.21,2017-12-26,BME,BLACKROCK HEALTH SCIENCES TRUST,6282.0,228.0
09250W10,36.12,36.0,2017-12-27,BME,BLACKROCK HEALTH SCIENCES TRUST,6282.0,228.0
09250W10,36.15,36.24,2017-12-28,BME,BLACKROCK HEALTH SCIENCES TRUST,6282.0,228.0
09250W10,36.5,36.31,2017-12-29,BME,BLACKROCK HEALTH SCIENCES TRUST,6282.0,228.0
09250W10,36.44,36.38,2018-01-02,BME,BLACKROCK HEALTH SCIENCES TRUST,6282.0,228.0
09250W10,36.62,36.5,2018-01-03,BME,BLACKROCK HEALTH SCIENCES TRUST,6282.0,228.0
09250W10,36.51,36.75,2018-01-04,BME,BLACKROCK HEALTH SCIENCES TRUST,6282.0,228.0
09250W10,36.5,36.74,2018-01-05,BME,BLACKROCK HEALTH SCIENCES TRUST,6282.0,228.0
09250W10,36.61,36.42,2018-01-08,BME,BLACKROCK HEALTH SCIENCES TRUST,6282.0,228.0
09250W10,36.84,36.75,2018-01-09,BME,BLACKROCK HEALTH SCIENCES TRUST,6282.0,228.0
09250W10,36.68,36.84,2018-01-10,BME,BLACKROCK HEALTH SCIENCES TRUST,6282.0,228.0
09250W10,36.625,36.6,2018-01-11,BME,BLACKROCK HEALTH SCIENCES TRUST,6282.0,228.0
09250W10,36.58,36.43,2018-01-12,BME,BLACKROCK HEALTH SCIENCES TRUST,6282.0,228.0
09250W10,36.59,36.76,2018-01-16,BME,BLACKROCK HEALTH SCIENCES TRUST,6282.0,228.0
09250W10,36.61,36.61,2018-01-17,BME,BLACKROCK HEALTH SCIENCES TRUST,6282.0,228.0
09250W10,36.58,36.7,2018-01-18,BME,BLACKROCK HEALTH SCIENCES TRUST,6282.0,228.0
09250W10,36.7,36.76,2018-01-19,BME,BLACKROCK HEALTH SCIENCES TRUST,6282.0,228.0
09250W10,36.96,36.75,2018-01-22,BME,BLACKROCK HEALTH SCIENCES TRUST,6282.0,228.0
09250W10,36.9,36.99,2018-01-23,BME,BLACKROCK HEALTH SCIENCES TRUST,6282.0,228.0
09250W10,36.9,37.02,2018-01-24,BME,BLACKROCK HEALTH SCIENCES TRUST,6282.0,228.0
09250W10,36.9999,36.94,2018-01-25,BME,BLACKROCK HEALTH SCIENCES TRUST,6282.0,228.0
09250W10,37.23,37.15,2018-01-26,BME,BLACKROCK HEALTH SCIENCES TRUST,6282.0,228.0
09250W10,37.23,37.15,2018-01-29,BME,BLACKROCK HEALTH SCIENCES TRUST,6282.0,228.0
09250W10,36.64,37.01,2018-01-30,BME,BLACKROCK HEALTH SCIENCES TRUST,6282.0,228.0
09250W10,36.21,36.64,2018-01-31,BME,BLACKROCK HEALTH SCIENCES TRUST,6282.0,228.0
09250W10,36.01,36.02,2018-02-01,BME,BLACKROCK HEALTH SCIENCES TRUST,6282.0,228.0
09250W10,35.51,35.98,2018-02-02,BME,BLACKROCK HEALTH SCIENCES TRUST,6282.0,228.0
09250W10,33.7,35.45,2018-02-05,BME,BLACKROCK HEALTH SCIENCES TRUST,6282.0,228.0
09250W10,34.15,33.54,2018-02-06,BME,BLACKROCK HEALTH SCIENCES TRUST,6282.0,228.0
09250W10,34.43,34.01,2018-02-07,BME,BLACKROCK HEALTH SCIENCES TRUST,6282.0,228.0
09250W10,33.46,34.43,2018-02-08,BME,BLACKROCK HEALTH SCIENCES TRUST,6282.0,228.0
09250W10,33.42,33.5,2018-02-09,BME,BLACKROCK HEALTH SCIENCES TRUST,6282.0,228.0
09250W10,33.86,33.56,2018-02-12,BME,BLACKROCK HEALTH SCIENCES TRUST,6282.0,228.0
09250W10,33.61,33.86,2018-02-13,BME,BLACKROCK HEALTH SCIENCES TRUST,6282.0,228.0
09250W10,34.16,33.57,2018-02-14,BME,BLACKROCK HEALTH SCIENCES TRUST,6282.0,228.0
09250W10,34.5,34.45,2018-02-15,BME,BLACKROCK HEALTH SCIENCES TRUST,6282.0,228.0
09250W10,34.86,34.5,2018-02-16,BME,BLACKROCK HEALTH SCIENCES TRUST,6282.0,228.0
09250W10,34.52,34.72,2018-02-20,BME,BLACKROCK HEALTH SCIENCES TRUST,6282.0,228.0
09250W10,34.67,34.66,2018-02-21,BME,BLACKROCK HEALTH SCIENCES TRUST,6282.0,228.0
09250W10,34.51,34.81,2018-02-22,BME,BLACKROCK HEALTH SCIENCES TRUST,6282.0,228.0
09250W10,34.85,34.5,2018-02-23,BME,BLACKROCK HEALTH SCIENCES TRUST,6282.0,228.0
09250W10,35.68,35.09,2018-02-26,BME,BLACKROCK HEALTH SCIENCES TRUST,6282.0,228.0
09250W10,35.41,35.85,2018-02-27,BME,BLACKROCK HEALTH SCIENCES TRUST,6282.0,228.0
09250W10,35.11,35.69,2018-02-28,BME,BLACKROCK HEALTH SCIENCES TRUST,6282.0,228.0
09250W10,34.85,35.14,2018-03-01,BME,BLACKROCK HEALTH SCIENCES TRUST,6282.0,228.0
09250W10,35.05,34.85,2018-03-02,BME,BLACKROCK HEALTH SCIENCES TRUST,6282.0,228.0
09250W10,35.48,35.2,2018-03-05,BME,BLACKROCK HEALTH SCIENCES TRUST,6282.0,228.0
09250W10,35.62,35.77,2018-03-06,BME,BLACKROCK HEALTH SCIENCES TRUST,6282.0,228.0
09250W10,35.55,35.59,2018-03-07,BME,BLACKROCK HEALTH SCIENCES TRUST,6282.0,228.0
09250W10,35.74,35.62,2018-03-08,BME,BLACKROCK HEALTH SCIENCES TRUST,6282.0,228.0
09250W10,36.5,35.76,2018-03-09,BME,BLACKROCK HEALTH SCIENCES TRUST,6282.0,228.0
09250W10,36.22,36.51,2018-03-12,BME,BLACKROCK HEALTH SCIENCES TRUST,6282.0,228.0
09250W10,36.21,36.35,2018-03-13,BME,BLACKROCK HEALTH SCIENCES TRUST,6282.0,228.0
09250W10,35.93,36.24,2018-03-14,BME,BLACKROCK HEALTH SCIENCES TRUST,6282.0,228.0
09250W10,35.86,36.1,2018-03-15,BME,BLACKROCK HEALTH SCIENCES TRUST,6282.0,228.0
09250W10,35.94,35.83,2018-03-16,BME,BLACKROCK HEALTH SCIENCES TRUST,6282.0,228.0
09250W10,35.5,35.8,2018-03-19,BME,BLACKROCK HEALTH SCIENCES TRUST,6282.0,228.0
09250W10,35.52,35.46,2018-03-20,BME,BLACKROCK HEALTH SCIENCES TRUST,6282.0,228.0
09250W10,35.54,35.6,2018-03-21,BME,BLACKROCK HEALTH SCIENCES TRUST,6282.0,228.0
09250W10,34.87,35.49,2018-03-22,BME,BLACKROCK HEALTH SCIENCES TRUST,6282.0,228.0
09250W10,34.1,35.03,2018-03-23,BME,BLACKROCK HEALTH SCIENCES TRUST,6282.0,228.0
09250W10,34.53,34.71,2018-03-26,BME,BLACKROCK HEALTH SCIENCES TRUST,6282.0,228.0
09250W10,34.26,34.41,2018-03-27,BME,BLACKROCK HEALTH SCIENCES TRUST,6282.0,228.0
09250W10,34.73,34.4,2018-03-28,BME,BLACKROCK HEALTH SCIENCES TRUST,6282.0,228.0
09250W10,35.0,34.95,2018-03-29,BME,BLACKROCK HEALTH SCIENCES TRUST,6282.0,228.0
09250W10,33.82,35.11,2018-04-02,BME,BLACKROCK HEALTH SCIENCES TRUST,6282.0,228.0
09250W10,34.19,34.23,2018-04-03,BME,BLACKROCK HEALTH SCIENCES TRUST,6282.0,228.0
09250W10,34.69,33.7,2018-04-04,BME,BLACKROCK HEALTH SCIENCES TRUST,6282.0,228.0
09250W10,34.75,35.34,2018-04-05,BME,BLACKROCK HEALTH SCIENCES TRUST,6282.0,228.0
09250W10,34.27,35.09,2018-04-06,BME,BLACKROCK HEALTH SCIENCES TRUST,6282.0,228.0
09250W10,34.425,34.51,2018-04-09,BME,BLACKROCK HEALTH SCIENCES TRUST,6282.0,228.0
09250W10,35.01,34.49,2018-04-10,BME,BLACKROCK HEALTH SCIENCES TRUST,6282.0,228.0
09250W10,34.77,35.14,2018-04-11,BME,BLACKROCK HEALTH SCIENCES TRUST,6282.0,228.0
09250W10,34.97,35.08,2018-04-12,BME,BLACKROCK HEALTH SCIENCES TRUST,6282.0,228.0
09250W10,34.52,34.96,2018-04-13,BME,BLACKROCK HEALTH SCIENCES TRUST,6282.0,228.0
09250W10,34.94,34.74,2018-04-16,BME,BLACKROCK HEALTH SCIENCES TRUST,6282.0,228.0
09250W10,35.07,35.2,2018-04-17,BME,BLACKROCK HEALTH SCIENCES TRUST,6282.0,228.0
09250W10,34.92,35.11,2018-04-18,BME,BLACKROCK HEALTH SCIENCES TRUST,6282.0,228.0
09250W10,34.91,34.89,2018-04-19,BME,BLACKROCK HEALTH SCIENCES TRUST,6282.0,228.0
09250W10,34.92,35.01,2018-04-20,BME,BLACKROCK HEALTH SCIENCES TRUST,6282.0,228.0
09250W10,34.96,34.99,2018-04-23,BME,BLACKROCK HEALTH SCIENCES TRUST,6282.0,228.0
09250W10,34.7,35.11,2018-04-24,BME,BLACKROCK HEALTH SCIENCES TRUST,6282.0,228.0
09250W10,34.82,34.93,2018-04-25,BME,BLACKROCK HEALTH SCIENCES TRUST,6282.0,228.0
09250W10,35.18,35.14,2018-04-26,BME,BLACKROCK HEALTH SCIENCES TRUST,6282.0,228.0
09250W10,35.32,35.3,2018-04-27,BME,BLACKROCK HEALTH SCIENCES TRUST,6282.0,228.0
09250W10,35.01,35.54,2018-04-30,BME,BLACKROCK HEALTH SCIENCES TRUST,6282.0,228.0
09250W10,35.09,35.14,2018-05-01,BME,BLACKROCK HEALTH SCIENCES TRUST,6282.0,228.0
09250W10,34.92,35.13,2018-05-02,BME,BLACKROCK HEALTH SCIENCES TRUST,6282.0,228.0
09250W10,34.72,34.85,2018-05-03,BME,BLACKROCK HEALTH SCIENCES TRUST,6282.0,228.0
09250W10,34.89,34.72,2018-05-04,BME,BLACKROCK HEALTH SCIENCES TRUST,6282.0,228.0
09250W10,35.16,35.02,2018-05-07,BME,BLACKROCK HEALTH SCIENCES TRUST,6282.0,228.0
09250W10,34.93,35.25,2018-05-08,BME,BLACKROCK HEALTH SCIENCES TRUST,6282.0,228.0
09250W10,35.2,35.1,2018-05-09,BME,BLACKROCK HEALTH SCIENCES TRUST,6282.0,228.0
09250W10,35.42,35.15,2018-05-10,BME,BLACKROCK HEALTH SCIENCES TRUST,6282.0,228.0
09250W10,35.96,35.6,2018-05-11,BME,BLACKROCK HEALTH SCIENCES TRUST,6282.0,228.0
09250W10,35.76,35.91,2018-05-14,BME,BLACKROCK HEALTH SCIENCES TRUST,6282.0,228.0
09250W10,35.65,35.73,2018-05-15,BME,BLACKROCK HEALTH SCIENCES TRUST,6282.0,228.0
09250W10,35.92,35.67,2018-05-16,BME,BLACKROCK HEALTH SCIENCES TRUST,6282.0,228.0
09250W10,36.02,35.79,2018-05-17,BME,BLACKROCK HEALTH SCIENCES TRUST,6282.0,228.0
09250W10,36.15,36.02,2018-05-18,BME,BLACKROCK HEALTH SCIENCES TRUST,6282.0,228.0
09250W10,35.82,36.21,2018-05-21,BME,BLACKROCK HEALTH SCIENCES TRUST,6282.0,228.0
09250W10,36.39,35.8,2018-05-22,BME,BLACKROCK HEALTH SCIENCES TRUST,6282.0,228.0
09250W10,36.12,36.32,2018-05-23,BME,BLACKROCK HEALTH SCIENCES TRUST,6282.0,228.0
09250W10,36.44,36.03,2018-05-24,BME,BLACKROCK HEALTH SCIENCES TRUST,6282.0,228.0
09250W10,36.46,36.4,2018-05-25,BME,BLACKROCK HEALTH SCIENCES TRUST,6282.0,228.0
09250W10,36.25,36.46,2018-05-29,BME,BLACKROCK HEALTH SCIENCES TRUST,6282.0,228.0
09250W10,36.65,36.53,2018-05-30,BME,BLACKROCK HEALTH SCIENCES TRUST,6282.0,228.0
09250W10,36.77,36.67,2018-05-31,BME,BLACKROCK HEALTH SCIENCES TRUST,6282.0,228.0
09250W10,37.0,36.82,2018-06-01,BME,BLACKROCK HEALTH SCIENCES TRUST,6282.0,228.0
09250W10,37.19,37.15,2018-06-04,BME,BLACKROCK HEALTH SCIENCES TRUST,6282.0,228.0
09250W10,37.53,37.28,2018-06-05,BME,BLACKROCK HEALTH SCIENCES TRUST,6282.0,228.0
09250W10,37.53,37.63,2018-06-06,BME,BLACKROCK HEALTH SCIENCES TRUST,6282.0,228.0
09250W10,37.5,37.5,2018-06-07,BME,BLACKROCK HEALTH SCIENCES TRUST,6282.0,228.0
09250W10,37.68,37.54,2018-06-08,BME,BLACKROCK HEALTH SCIENCES TRUST,6282.0,228.0
09250W10,38.05,37.67,2018-06-11,BME,BLACKROCK HEALTH SCIENCES TRUST,6282.0,228.0
09250W10,38.49,38.05,2018-06-12,BME,BLACKROCK HEALTH SCIENCES TRUST,6282.0,228.0
09250W10,38.59,38.43,2018-06-13,BME,BLACKROCK HEALTH SCIENCES TRUST,6282.0,228.0
09250W10,39.4,38.95,2018-06-14,BME,BLACKROCK HEALTH SCIENCES TRUST,6282.0,228.0
09250W10,39.42,39.4,2018-06-15,BME,BLACKROCK HEALTH SCIENCES TRUST,6282.0,228.0
09250W10,38.09,39.0,2018-06-18,BME,BLACKROCK HEALTH SCIENCES TRUST,6282.0,228.0
09250W10,38.2,38.05,2018-06-19,BME,BLACKROCK HEALTH SCIENCES TRUST,6282.0,228.0
09250W10,38.34,38.2,2018-06-20,BME,BLACKROCK HEALTH SCIENCES TRUST,6282.0,228.0
09250W10,38.66,38.55,2018-06-21,BME,BLACKROCK HEALTH SCIENCES TRUST,6282.0,228.0
09250W10,38.58,38.9,2018-06-22,BME,BLACKROCK HEALTH SCIENCES TRUST,6282.0,228.0
09250W10,38.48,38.39,2018-06-25,BME,BLACKROCK HEALTH SCIENCES TRUST,6282.0,228.0
09250W10,38.26,38.45,2018-06-26,BME,BLACKROCK HEALTH SCIENCES TRUST,6282.0,228.0
09250W10,38.5299,38.39,2018-06-27,BME,BLACKROCK HEALTH SCIENCES TRUST,6282.0,228.0
09250W10,38.63,38.49,2018-06-28,BME,BLACKROCK HEALTH SCIENCES TRUST,6282.0,228.0
09250W10,38.58,39.11,2018-06-29,BME,BLACKROCK HEALTH SCIENCES TRUST,6282.0,228.0
09250W10,38.7044,38.5,2018-07-02,BME,BLACKROCK HEALTH SCIENCES TRUST,6282.0,228.0
09250W10,39.25,39.0,2018-07-03,BME,BLACKROCK HEALTH SCIENCES TRUST,6282.0,228.0
09250W10,39.74,39.39,2018-07-05,BME,BLACKROCK HEALTH SCIENCES TRUST,6282.0,228.0
09250W10,39.86,40.0,2018-07-06,BME,BLACKROCK HEALTH SCIENCES TRUST,6282.0,228.0
09250W10,40.28,40.43,2018-07-09,BME,BLACKROCK HEALTH SCIENCES TRUST,6282.0,228.0
09250W10,40.22,40.51,2018-07-10,BME,BLACKROCK HEALTH SCIENCES TRUST,6282.0,228.0
09250W10,40.6,40.12,2018-07-11,BME,BLACKROCK HEALTH SCIENCES TRUST,6282.0,228.0
09250W10,40.89,41.0,2018-07-12,BME,BLACKROCK HEALTH SCIENCES TRUST,6282.0,228.0
09250W10,41.17,40.71,2018-07-13,BME,BLACKROCK HEALTH SCIENCES TRUST,6282.0,228.0
09250W10,40.73,41.25,2018-07-16,BME,BLACKROCK HEALTH SCIENCES TRUST,6282.0,228.0
09250W10,40.34,40.6,2018-07-17,BME,BLACKROCK HEALTH SCIENCES TRUST,6282.0,228.0
09250W10,40.1099,40.08,2018-07-18,BME,BLACKROCK HEALTH SCIENCES TRUST,6282.0,228.0
09250W10,39.385,39.96,2018-07-19,BME,BLACKROCK HEALTH SCIENCES TRUST,6282.0,228.0
09250W10,39.5572,39.38,2018-07-20,BME,BLACKROCK HEALTH SCIENCES TRUST,6282.0,228.0
09250W10,39.52,39.48,2018-07-23,BME,BLACKROCK HEALTH SCIENCES TRUST,6282.0,228.0
09250W10,39.93,39.62,2018-07-24,BME,BLACKROCK HEALTH SCIENCES TRUST,6282.0,228.0
09250W10,39.66,40.1,2018-07-25,BME,BLACKROCK HEALTH SCIENCES TRUST,6282.0,228.0
09250W10,39.15,39.66,2018-07-26,BME,BLACKROCK HEALTH SCIENCES TRUST,6282.0,228.0
09250W10,39.35,39.46,2018-07-27,BME,BLACKROCK HEALTH SCIENCES TRUST,6282.0,228.0
09250W10,38.99,39.11,2018-07-30,BME,BLACKROCK HEALTH SCIENCES TRUST,6282.0,228.0
09250W10,40.0,39.06,2018-07-31,BME,BLACKROCK HEALTH SCIENCES TRUST,6282.0,228.0
09250W10,39.99,39.69,2018-08-01,BME,BLACKROCK HEALTH SCIENCES TRUST,6282.0,228.0
09250W10,39.9632,39.8,2018-08-02,BME,BLACKROCK HEALTH SCIENCES TRUST,6282.0,228.0
09250W10,39.96,40.06,2018-08-03,BME,BLACKROCK HEALTH SCIENCES TRUST,6282.0,228.0
09250W10,40.01,39.84,2018-08-06,BME,BLACKROCK HEALTH SCIENCES TRUST,6282.0,228.0
09250W10,40.34,39.97,2018-08-07,BME,BLACKROCK HEALTH SCIENCES TRUST,6282.0,228.0
09250W10,40.19,40.34,2018-08-08,BME,BLACKROCK HEALTH SCIENCES TRUST,6282.0,228.0
09250W10,40.47,40.59,2018-08-09,BME,BLACKROCK HEALTH SCIENCES TRUST,6282.0,228.0
09250W10,40.79,40.3,2018-08-10,BME,BLACKROCK HEALTH SCIENCES TRUST,6282.0,228.0
09250W10,40.6,40.85,2018-08-13,BME,BLACKROCK HEALTH SCIENCES TRUST,6282.0,228.0
09250W10,41.0,40.3,2018-08-14,BME,BLACKROCK HEALTH SCIENCES TRUST,6282.0,228.0
09250W10,41.33,41.0,2018-08-15,BME,BLACKROCK HEALTH SCIENCES TRUST,6282.0,228.0
09250W10,41.05,41.33,2018-08-16,BME,BLACKROCK HEALTH SCIENCES TRUST,6282.0,228.0
09250W10,41.49,41.05,2018-08-17,BME,BLACKROCK HEALTH SCIENCES TRUST,6282.0,228.0
09250W10,40.53,41.54,2018-08-20,BME,BLACKROCK HEALTH SCIENCES TRUST,6282.0,228.0
09250W10,40.14,40.55,2018-08-21,BME,BLACKROCK HEALTH SCIENCES TRUST,6282.0,228.0
09250W10,39.95,40.26,2018-08-22,BME,BLACKROCK HEALTH SCIENCES TRUST,6282.0,228.0
09250W10,40.18,40.1,2018-08-23,BME,BLACKROCK HEALTH SCIENCES TRUST,6282.0,228.0
09250W10,41.01,40.3,2018-08-24,BME,BLACKROCK HEALTH SCIENCES TRUST,6282.0,228.0
09250W10,40.75,40.8,2018-08-27,BME,BLACKROCK HEALTH SCIENCES TRUST,6282.0,228.0
09250W10,40.29,40.85,2018-08-28,BME,BLACKROCK HEALTH SCIENCES TRUST,6282.0,228.0
09250W10,41.38,40.54,2018-08-29,BME,BLACKROCK HEALTH SCIENCES TRUST,6282.0,228.0
09250W10,41.36,41.18,2018-08-30,BME,BLACKROCK HEALTH SCIENCES TRUST,6282.0,228.0
09250W10,41.62,41.67,2018-08-31,BME,BLACKROCK HEALTH SCIENCES TRUST,6282.0,228.0
09250W10,41.15,41.44,2018-09-04,BME,BLACKROCK HEALTH SCIENCES TRUST,6282.0,228.0
09250W10,41.5,41.36,2018-09-05,BME,BLACKROCK HEALTH SCIENCES TRUST,6282.0,228.0
09250W10,41.2,41.5,2018-09-06,BME,BLACKROCK HEALTH SCIENCES TRUST,6282.0,228.0
09250W10,40.3125,41.5,2018-09-07,BME,BLACKROCK HEALTH SCIENCES TRUST,6282.0,228.0
09250W10,40.79,41.41,2018-09-10,BME,BLACKROCK HEALTH SCIENCES TRUST,6282.0,228.0
09250W10,40.27,40.68,2018-09-11,BME,BLACKROCK HEALTH SCIENCES TRUST,6282.0,228.0
09250W10,40.52,40.23,2018-09-12,BME,BLACKROCK HEALTH SCIENCES TRUST,6282.0,228.0
09250W10,40.91,40.32,2018-09-13,BME,BLACKROCK HEALTH SCIENCES TRUST,6282.0,228.0
09250W10,40.5,40.7,2018-09-14,BME,BLACKROCK HEALTH SCIENCES TRUST,6282.0,228.0
09250W10,40.48,40.3,2018-09-17,BME,BLACKROCK HEALTH SCIENCES TRUST,6282.0,228.0
09250W10,40.59,40.19,2018-09-18,BME,BLACKROCK HEALTH SCIENCES TRUST,6282.0,228.0
09250W10,40.835,40.63,2018-09-19,BME,BLACKROCK HEALTH SCIENCES TRUST,6282.0,228.0
09250W10,40.88,40.96,2018-09-20,BME,BLACKROCK HEALTH SCIENCES TRUST,6282.0,228.0
09250W10,41.26,41.2,2018-09-21,BME,BLACKROCK HEALTH SCIENCES TRUST,6282.0,228.0
09250W10,41.5,41.15,2018-09-24,BME,BLACKROCK HEALTH SCIENCES TRUST,6282.0,228.0
09250W10,41.77,41.51,2018-09-25,BME,BLACKROCK HEALTH SCIENCES TRUST,6282.0,228.0
09250W10,42.67,42.07,2018-09-26,BME,BLACKROCK HEALTH SCIENCES TRUST,6282.0,228.0
09250W10,42.59,42.72,2018-09-27,BME,BLACKROCK HEALTH SCIENCES TRUST,6282.0,228.0
09250W10,42.53,42.89,2018-09-28,BME,BLACKROCK HEALTH SCIENCES TRUST,6282.0,228.0
09250W10,43.16,42.57,2018-10-01,BME,BLACKROCK HEALTH SCIENCES TRUST,6282.0,228.0
09250W10,43.99,43.16,2018-10-02,BME,BLACKROCK HEALTH SCIENCES TRUST,6282.0,228.0
09250W10,43.04,44.0,2018-10-03,BME,BLACKROCK HEALTH SCIENCES TRUST,6282.0,228.0
09250W10,42.55,43.08,2018-10-04,BME,BLACKROCK HEALTH SCIENCES TRUST,6282.0,228.0
09250W10,43.39,42.55,2018-10-05,BME,BLACKROCK HEALTH SCIENCES TRUST,6282.0,228.0
09250W10,42.19,43.38,2018-10-08,BME,BLACKROCK HEALTH SCIENCES TRUST,6282.0,228.0
09250W10,41.43,42.0,2018-10-09,BME,BLACKROCK HEALTH SCIENCES TRUST,6282.0,228.0
09250W10,40.38,41.43,2018-10-10,BME,BLACKROCK HEALTH SCIENCES TRUST,6282.0,228.0
09250W10,40.8,40.42,2018-10-11,BME,BLACKROCK HEALTH SCIENCES TRUST,6282.0,228.0
09250W10,41.22,41.03,2018-10-12,BME,BLACKROCK HEALTH SCIENCES TRUST,6282.0,228.0
09250W10,41.25,41.95,2018-10-15,BME,BLACKROCK HEALTH SCIENCES TRUST,6282.0,228.0
09250W10,41.7,41.57,2018-10-16,BME,BLACKROCK HEALTH SCIENCES TRUST,6282.0,228.0
09250W10,41.73,41.88,2018-10-17,BME,BLACKROCK HEALTH SCIENCES TRUST,6282.0,228.0
09250W10,41.47,41.96,2018-10-18,BME,BLACKROCK HEALTH SCIENCES TRUST,6282.0,228.0
09250W10,41.19,41.62,2018-10-19,BME,BLACKROCK HEALTH SCIENCES TRUST,6282.0,228.0
09250W10,39.1,40.74,2018-10-22,BME,BLACKROCK HEALTH SCIENCES TRUST,6282.0,228.0
09250W10,38.47,38.6,2018-10-23,BME,BLACKROCK HEALTH SCIENCES TRUST,6282.0,228.0
09250W10,38.63,38.56,2018-10-24,BME,BLACKROCK HEALTH SCIENCES TRUST,6282.0,228.0
09250W10,38.1,38.53,2018-10-25,BME,BLACKROCK HEALTH SCIENCES TRUST,6282.0,228.0
09250W10,37.28,37.69,2018-10-26,BME,BLACKROCK HEALTH SCIENCES TRUST,6282.0,228.0
09250W10,37.07,37.99,2018-10-29,BME,BLACKROCK HEALTH SCIENCES TRUST,6282.0,228.0
09250W10,36.99,37.25,2018-10-30,BME,BLACKROCK HEALTH SCIENCES TRUST,6282.0,228.0
09250W10,38.0,37.2,2018-10-31,BME,BLACKROCK HEALTH SCIENCES TRUST,6282.0,228.0
09250W10,38.25,38.17,2018-11-01,BME,BLACKROCK HEALTH SCIENCES TRUST,6282.0,228.0
09250W10,38.04,38.43,2018-11-02,BME,BLACKROCK HEALTH SCIENCES TRUST,6282.0,228.0
09250W10,39.11,38.8,2018-11-05,BME,BLACKROCK HEALTH SCIENCES TRUST,6282.0,228.0
09250W10,39.11,39.11,2018-11-06,BME,BLACKROCK HEALTH SCIENCES TRUST,6282.0,228.0
09250W10,40.36,39.11,2018-11-07,BME,BLACKROCK HEALTH SCIENCES TRUST,6282.0,228.0
09250W10,40.43,40.35,2018-11-08,BME,BLACKROCK HEALTH SCIENCES TRUST,6282.0,228.0
09250W10,40.83,40.35,2018-11-09,BME,BLACKROCK HEALTH SCIENCES TRUST,6282.0,228.0
09250W10,40.0,40.48,2018-11-12,BME,BLACKROCK HEALTH SCIENCES TRUST,6282.0,228.0
09250W10,40.05,39.99,2018-11-13,BME,BLACKROCK HEALTH SCIENCES TRUST,6282.0,228.0
09250W10,39.44,39.99,2018-11-14,BME,BLACKROCK HEALTH SCIENCES TRUST,6282.0,228.0
09250W10,39.16,39.52,2018-11-15,BME,BLACKROCK HEALTH SCIENCES TRUST,6282.0,228.0
09250W10,38.85,39.16,2018-11-16,BME,BLACKROCK HEALTH SCIENCES TRUST,6282.0,228.0
09250W10,38.74,38.85,2018-11-19,BME,BLACKROCK HEALTH SCIENCES TRUST,6282.0,228.0
09250W10,37.54,38.0,2018-11-20,BME,BLACKROCK HEALTH SCIENCES TRUST,6282.0,228.0
09250W10,38.79,37.47,2018-11-21,BME,BLACKROCK HEALTH SCIENCES TRUST,6282.0,228.0
09250W10,39.68,38.98,2018-11-23,BME,BLACKROCK HEALTH SCIENCES TRUST,6282.0,228.0
09250W10,39.97,39.62,2018-11-26,BME,BLACKROCK HEALTH SCIENCES TRUST,6282.0,228.0
09250W10,39.5,39.91,2018-11-27,BME,BLACKROCK HEALTH SCIENCES TRUST,6282.0,228.0
09250W10,39.99,40.0,2018-11-28,BME,BLACKROCK HEALTH SCIENCES TRUST,6282.0,228.0
09250W10,40.8,39.97,2018-11-29,BME,BLACKROCK HEALTH SCIENCES TRUST,6282.0,228.0
09250W10,41.4,41.17,2018-11-30,BME,BLACKROCK HEALTH SCIENCES TRUST,6282.0,228.0
09250W10,42.06,41.6,2018-12-03,BME,BLACKROCK HEALTH SCIENCES TRUST,6282.0,228.0
09250W10,41.66,41.84,2018-12-04,BME,BLACKROCK HEALTH SCIENCES TRUST,6282.0,228.0
09250W10,40.8,41.05,2018-12-06,BME,BLACKROCK HEALTH SCIENCES TRUST,6282.0,228.0
09250W10,40.21,40.66,2018-12-07,BME,BLACKROCK HEALTH SCIENCES TRUST,6282.0,228.0
09250W10,38.73,40.0,2018-12-10,BME,BLACKROCK HEALTH SCIENCES TRUST,6282.0,228.0
09250W10,39.31,38.96,2018-12-11,BME,BLACKROCK HEALTH SCIENCES TRUST,6282.0,228.0
09250W10,40.05,39.33,2018-12-12,BME,BLACKROCK HEALTH SCIENCES TRUST,6282.0,228.0
09250W10,39.77,40.05,2018-12-13,BME,BLACKROCK HEALTH SCIENCES TRUST,6282.0,228.0
09250W10,38.67,39.5,2018-12-14,BME,BLACKROCK HEALTH SCIENCES TRUST,6282.0,228.0
09250W10,36.74,38.19,2018-12-17,BME,BLACKROCK HEALTH SCIENCES TRUST,6282.0,228.0
09250W10,36.78,37.92,2018-12-18,BME,BLACKROCK HEALTH SCIENCES TRUST,6282.0,228.0
09250W10,34.8,36.65,2018-12-19,BME,BLACKROCK HEALTH SCIENCES TRUST,6282.0,228.0
09250W10,33.36,34.34,2018-12-20,BME,BLACKROCK HEALTH SCIENCES TRUST,6282.0,228.0
09250W10,32.3,33.12,2018-12-21,BME,BLACKROCK HEALTH SCIENCES TRUST,6282.0,228.0
09250W10,33.71,32.0,2018-12-24,BME,BLACKROCK HEALTH SCIENCES TRUST,6282.0,228.0
09250W10,34.8,33.87,2018-12-26,BME,BLACKROCK HEALTH SCIENCES TRUST,6282.0,228.0
09250W10,36.93,34.75,2018-12-27,BME,BLACKROCK HEALTH SCIENCES TRUST,6282.0,228.0
09250W10,35.89,36.94,2018-12-28,BME,BLACKROCK HEALTH SCIENCES TRUST,6282.0,228.0
09250W10,36.45,36.01,2018-12-31,BME,BLACKROCK HEALTH SCIENCES TRUST,6282.0,228.0
09250W10,37.63,36.19,2019-01-02,BME,BLACKROCK HEALTH SCIENCES TRUST,6282.0,228.0
09250W10,36.43,36.95,2019-01-03,BME,BLACKROCK HEALTH SCIENCES TRUST,6282.0,228.0
09250W10,37.32,36.45,2019-01-04,BME,BLACKROCK HEALTH SCIENCES TRUST,6282.0,228.0
09250W10,38.02,37.5,2019-01-07,BME,BLACKROCK HEALTH SCIENCES TRUST,6282.0,228.0
09250W10,38.43,39.75,2019-01-08,BME,BLACKROCK HEALTH SCIENCES TRUST,6282.0,228.0
09250W10,39.45,39.67,2019-01-09,BME,BLACKROCK HEALTH SCIENCES TRUST,6282.0,228.0
09250W10,38.76,39.94,2019-01-10,BME,BLACKROCK HEALTH SCIENCES TRUST,6282.0,228.0
09250W10,38.9,38.25,2019-01-11,BME,BLACKROCK HEALTH SCIENCES TRUST,6282.0,228.0
09250W10,38.44,38.81,2019-01-14,BME,BLACKROCK HEALTH SCIENCES TRUST,6282.0,228.0
09250W10,39.99,39.09,2019-01-15,BME,BLACKROCK HEALTH SCIENCES TRUST,6282.0,228.0
09250W10,39.15,40.13,2019-01-16,BME,BLACKROCK HEALTH SCIENCES TRUST,6282.0,228.0
09250W10,39.25,38.79,2019-01-17,BME,BLACKROCK HEALTH SCIENCES TRUST,6282.0,228.0
09250W10,38.83,39.47,2019-01-18,BME,BLACKROCK HEALTH SCIENCES TRUST,6282.0,228.0
09250W10,38.31,38.77,2019-01-22,BME,BLACKROCK HEALTH SCIENCES TRUST,6282.0,228.0
09250W10,38.93,38.59,2019-01-23,BME,BLACKROCK HEALTH SCIENCES TRUST,6282.0,228.0
09250W10,38.77,39.07,2019-01-24,BME,BLACKROCK HEALTH SCIENCES TRUST,6282.0,228.0
09250W10,38.61,38.8,2019-01-25,BME,BLACKROCK HEALTH SCIENCES TRUST,6282.0,228.0
09250W10,38.15,38.5,2019-01-28,BME,BLACKROCK HEALTH SCIENCES TRUST,6282.0,228.0
09250W10,39.36,38.15,2019-01-29,BME,BLACKROCK HEALTH SCIENCES TRUST,6282.0,228.0
09250W10,39.25,39.2,2019-01-30,BME,BLACKROCK HEALTH SCIENCES TRUST,6282.0,228.0
09250W10,39.67,39.41,2019-01-31,BME,BLACKROCK HEALTH SCIENCES TRUST,6282.0,228.0
09250W10,40.32,39.95,2019-02-01,BME,BLACKROCK HEALTH SCIENCES TRUST,6282.0,228.0
09250W10,40.92,40.6,2019-02-04,BME,BLACKROCK HEALTH SCIENCES TRUST,6282.0,228.0
09250W10,40.23,40.6,2019-02-05,BME,BLACKROCK HEALTH SCIENCES TRUST,6282.0,228.0
09250W10,40.89,39.85,2019-02-06,BME,BLACKROCK HEALTH SCIENCES TRUST,6282.0,228.0
09250W10,39.62,40.81,2019-02-07,BME,BLACKROCK HEALTH SCIENCES TRUST,6282.0,228.0
09250W10,39.5,39.5,2019-02-08,BME,BLACKROCK HEALTH SCIENCES TRUST,6282.0,228.0
09250W10,39.12,39.55,2019-02-11,BME,BLACKROCK HEALTH SCIENCES TRUST,6282.0,228.0
09250W10,39.69,39.21,2019-02-12,BME,BLACKROCK HEALTH SCIENCES TRUST,6282.0,228.0
09250W10,39.84,39.95,2019-02-13,BME,BLACKROCK HEALTH SCIENCES TRUST,6282.0,228.0
09250W10,40.9,39.64,2019-02-14,BME,BLACKROCK HEALTH SCIENCES TRUST,6282.0,228.0
09250W10,40.78,40.9,2019-02-15,BME,BLACKROCK HEALTH SCIENCES TRUST,6282.0,228.0
09250W10,40.34,40.77,2019-02-19,BME,BLACKROCK HEALTH SCIENCES TRUST,6282.0,228.0
09250W10,40.3075,40.36,2019-02-20,BME,BLACKROCK HEALTH SCIENCES TRUST,6282.0,228.0
09250W10,40.1,40.3,2019-02-21,BME,BLACKROCK HEALTH SCIENCES TRUST,6282.0,228.0
09250W10,40.48,40.46,2019-02-22,BME,BLACKROCK HEALTH SCIENCES TRUST,6282.0,228.0
09250W10,40.79,40.89,2019-02-25,BME,BLACKROCK HEALTH SCIENCES TRUST,6282.0,228.0
09250W10,40.25,40.54,2019-02-26,BME,BLACKROCK HEALTH SCIENCES TRUST,6282.0,228.0
09250W10,40.29,40.14,2019-02-27,BME,BLACKROCK HEALTH SCIENCES TRUST,6282.0,228.0
09250W10,40.11,40.5,2019-02-28,BME,BLACKROCK HEALTH SCIENCES TRUST,6282.0,228.0
09250W10,41.0,40.7,2019-03-01,BME,BLACKROCK HEALTH SCIENCES TRUST,6282.0,228.0
09250W10,40.61,41.08,2019-03-04,BME,BLACKROCK HEALTH SCIENCES TRUST,6282.0,228.0
09250W10,40.07,40.4,2019-03-05,BME,BLACKROCK HEALTH SCIENCES TRUST,6282.0,228.0
09250W10,39.4,40.25,2019-03-06,BME,BLACKROCK HEALTH SCIENCES TRUST,6282.0,228.0
09250W10,39.16,39.4,2019-03-07,BME,BLACKROCK HEALTH SCIENCES TRUST,6282.0,228.0
09250W10,39.13,39.44,2019-03-08,BME,BLACKROCK HEALTH SCIENCES TRUST,6282.0,228.0
09250W10,39.97,39.29,2019-03-11,BME,BLACKROCK HEALTH SCIENCES TRUST,6282.0,228.0
09250W10,40.01,39.94,2019-03-12,BME,BLACKROCK HEALTH SCIENCES TRUST,6282.0,228.0
09250W10,39.97,40.1,2019-03-13,BME,BLACKROCK HEALTH SCIENCES TRUST,6282.0,228.0
09250W10,40.12,39.96,2019-03-14,BME,BLACKROCK HEALTH SCIENCES TRUST,6282.0,228.0
09250W10,40.58,41.12,2019-03-15,BME,BLACKROCK HEALTH SCIENCES TRUST,6282.0,228.0
09250W10,40.01,40.79,2019-03-18,BME,BLACKROCK HEALTH SCIENCES TRUST,6282.0,228.0
09250W10,40.07,40.1,2019-03-19,BME,BLACKROCK HEALTH SCIENCES TRUST,6282.0,228.0
09250W10,39.97,40.02,2019-03-20,BME,BLACKROCK HEALTH SCIENCES TRUST,6282.0,228.0
09250W10,39.63,39.97,2019-03-21,BME,BLACKROCK HEALTH SCIENCES TRUST,6282.0,228.0
09250W10,39.48,39.57,2019-03-22,BME,BLACKROCK HEALTH SCIENCES TRUST,6282.0,228.0
09250W10,39.17,39.4,2019-03-25,BME,BLACKROCK HEALTH SCIENCES TRUST,6282.0,228.0
09250W10,38.8,39.14,2019-03-26,BME,BLACKROCK HEALTH SCIENCES TRUST,6282.0,228.0
09250W10,39.14,38.7,2019-03-27,BME,BLACKROCK HEALTH SCIENCES TRUST,6282.0,228.0
09250W10,39.35,39.14,2019-03-28,BME,BLACKROCK HEALTH SCIENCES TRUST,6282.0,228.0
09250W10,39.79,39.45,2019-03-29,BME,BLACKROCK HEALTH SCIENCES TRUST,6282.0,228.0
09250W10,40.09,40.15,2019-04-01,BME,BLACKROCK HEALTH SCIENCES TRUST,6282.0,228.0
09250W10,39.9,40.53,2019-04-02,BME,BLACKROCK HEALTH SCIENCES TRUST,6282.0,228.0
09250W10,39.43,39.9,2019-04-03,BME,BLACKROCK HEALTH SCIENCES TRUST,6282.0,228.0
09250W10,39.91,39.43,2019-04-04,BME,BLACKROCK HEALTH SCIENCES TRUST,6282.0,228.0
09250W10,40.32,40.15,2019-04-05,BME,BLACKROCK HEALTH SCIENCES TRUST,6282.0,228.0
09250W10,39.92,40.41,2019-04-08,BME,BLACKROCK HEALTH SCIENCES TRUST,6282.0,228.0
09250W10,40.03,39.95,2019-04-09,BME,BLACKROCK HEALTH SCIENCES TRUST,6282.0,228.0
09250W10,39.81,40.02,2019-04-10,BME,BLACKROCK HEALTH SCIENCES TRUST,6282.0,228.0
09250W10,39.11,39.85,2019-04-11,BME,BLACKROCK HEALTH SCIENCES TRUST,6282.0,228.0
09250W10,39.5,39.35,2019-04-12,BME,BLACKROCK HEALTH SCIENCES TRUST,6282.0,228.0
09250W10,39.36,39.48,2019-04-15,BME,BLACKROCK HEALTH SCIENCES TRUST,6282.0,228.0
09250W10,37.85,39.37,2019-04-16,BME,BLACKROCK HEALTH SCIENCES TRUST,6282.0,228.0
09250W10,37.75,37.98,2019-04-17,BME,BLACKROCK HEALTH SCIENCES TRUST,6282.0,228.0
09250W10,37.78,37.74,2019-04-18,BME,BLACKROCK HEALTH SCIENCES TRUST,6282.0,228.0
09250W10,37.37,37.49,2019-04-22,BME,BLACKROCK HEALTH SCIENCES TRUST,6282.0,228.0
09250W10,37.81,37.49,2019-04-23,BME,BLACKROCK HEALTH SCIENCES TRUST,6282.0,228.0
09250W10,37.56,37.68,2019-04-24,BME,BLACKROCK HEALTH SCIENCES TRUST,6282.0,228.0
09250W10,37.62,37.4,2019-04-25,BME,BLACKROCK HEALTH SCIENCES TRUST,6282.0,228.0
09250W10,37.7,37.97,2019-04-26,BME,BLACKROCK HEALTH SCIENCES TRUST,6282.0,228.0
09250W10,37.85,37.8,2019-04-29,BME,BLACKROCK HEALTH SCIENCES TRUST,6282.0,228.0
09250W10,38.26,38.09,2019-04-30,BME,BLACKROCK HEALTH SCIENCES TRUST,6282.0,228.0
09250W10,38.85,38.57,2019-05-01,BME,BLACKROCK HEALTH SCIENCES TRUST,6282.0,228.0
09250W10,38.9,38.76,2019-05-02,BME,BLACKROCK HEALTH SCIENCES TRUST,6282.0,228.0
09250W10,38.25,38.91,2019-05-03,BME,BLACKROCK HEALTH SCIENCES TRUST,6282.0,228.0
09250W10,38.44,37.88,2019-05-06,BME,BLACKROCK HEALTH SCIENCES TRUST,6282.0,228.0
09250W10,37.85,38.1,2019-05-07,BME,BLACKROCK HEALTH SCIENCES TRUST,6282.0,228.0
09250W10,38.11,37.92,2019-05-08,BME,BLACKROCK HEALTH SCIENCES TRUST,6282.0,228.0
09250W10,37.87,38.09,2019-05-09,BME,BLACKROCK HEALTH SCIENCES TRUST,6282.0,228.0
09250W10,37.72,37.6,2019-05-10,BME,BLACKROCK HEALTH SCIENCES TRUST,6282.0,228.0
09250W10,37.53,37.48,2019-05-13,BME,BLACKROCK HEALTH SCIENCES TRUST,6282.0,228.0
09250W10,37.21,37.33,2019-05-14,BME,BLACKROCK HEALTH SCIENCES TRUST,6282.0,228.0
09250W10,37.66,37.32,2019-05-15,BME,BLACKROCK HEALTH SCIENCES TRUST,6282.0,228.0
09250W10,37.46,37.59,2019-05-16,BME,BLACKROCK HEALTH SCIENCES TRUST,6282.0,228.0
09250W10,37.07,37.27,2019-05-17,BME,BLACKROCK HEALTH SCIENCES TRUST,6282.0,228.0
09250W10,36.89,36.8,2019-05-20,BME,BLACKROCK HEALTH SCIENCES TRUST,6282.0,228.0
09250W10,37.09,36.88,2019-05-21,BME,BLACKROCK HEALTH SCIENCES TRUST,6282.0,228.0
09250W10,36.96,37.04,2019-05-22,BME,BLACKROCK HEALTH SCIENCES TRUST,6282.0,228.0
09250W10,37.0,36.81,2019-05-23,BME,BLACKROCK HEALTH SCIENCES TRUST,6282.0,228.0
09250W10,36.85,36.97,2019-05-24,BME,BLACKROCK HEALTH SCIENCES TRUST,6282.0,228.0
09250W10,36.52,36.97,2019-05-28,BME,BLACKROCK HEALTH SCIENCES TRUST,6282.0,228.0
09250W10,36.21,36.25,2019-05-29,BME,BLACKROCK HEALTH SCIENCES TRUST,6282.0,228.0
09250W10,36.42,36.29,2019-05-30,BME,BLACKROCK HEALTH SCIENCES TRUST,6282.0,228.0
09250W10,36.2,36.27,2019-05-31,BME,BLACKROCK HEALTH SCIENCES TRUST,6282.0,228.0
09250W10,36.0,36.2,2019-06-03,BME,BLACKROCK HEALTH SCIENCES TRUST,6282.0,228.0
09250W10,36.73,36.17,2019-06-04,BME,BLACKROCK HEALTH SCIENCES TRUST,6282.0,228.0
09250W10,36.95,36.94,2019-06-05,BME,BLACKROCK HEALTH SCIENCES TRUST,6282.0,228.0
09250W10,36.98,37.01,2019-06-06,BME,BLACKROCK HEALTH SCIENCES TRUST,6282.0,228.0
09250W10,37.41,37.01,2019-06-07,BME,BLACKROCK HEALTH SCIENCES TRUST,6282.0,228.0
09250W10,37.69,37.6,2019-06-10,BME,BLACKROCK HEALTH SCIENCES TRUST,6282.0,228.0
09250W10,37.73,38.0,2019-06-11,BME,BLACKROCK HEALTH SCIENCES TRUST,6282.0,228.0
09250W10,37.68,37.65,2019-06-12,BME,BLACKROCK HEALTH SCIENCES TRUST,6282.0,228.0
09250W10,37.58,37.71,2019-06-13,BME,BLACKROCK HEALTH SCIENCES TRUST,6282.0,228.0
09250W10,37.57,37.51,2019-06-14,BME,BLACKROCK HEALTH SCIENCES TRUST,6282.0,228.0
09250W10,37.58,37.55,2019-06-17,BME,BLACKROCK HEALTH SCIENCES TRUST,6282.0,228.0
09250W10,37.98,37.94,2019-06-18,BME,BLACKROCK HEALTH SCIENCES TRUST,6282.0,228.0
09250W10,38.37,38.02,2019-06-19,BME,BLACKROCK HEALTH SCIENCES TRUST,6282.0,228.0
09250W10,38.65,38.53,2019-06-20,BME,BLACKROCK HEALTH SCIENCES TRUST,6282.0,228.0
09250W10,38.65,38.42,2019-06-21,BME,BLACKROCK HEALTH SCIENCES TRUST,6282.0,228.0
09250W10,38.6,38.78,2019-06-24,BME,BLACKROCK HEALTH SCIENCES TRUST,6282.0,228.0
09250W10,38.54,38.7,2019-06-25,BME,BLACKROCK HEALTH SCIENCES TRUST,6282.0,228.0
09250W10,38.29,38.91,2019-06-26,BME,BLACKROCK HEALTH SCIENCES TRUST,6282.0,228.0
09250W10,38.49,38.0,2019-06-27,BME,BLACKROCK HEALTH SCIENCES TRUST,6282.0,228.0
09250W10,38.89,38.92,2019-06-28,BME,BLACKROCK HEALTH SCIENCES TRUST,6282.0,228.0
09250W10,38.98,39.01,2019-07-01,BME,BLACKROCK HEALTH SCIENCES TRUST,6282.0,228.0
09250W10,38.77,39.15,2019-07-02,BME,BLACKROCK HEALTH SCIENCES TRUST,6282.0,228.0
09250W10,39.05,38.9,2019-07-03,BME,BLACKROCK HEALTH SCIENCES TRUST,6282.0,228.0
09250W10,38.92,39.27,2019-07-05,BME,BLACKROCK HEALTH SCIENCES TRUST,6282.0,228.0
09250W10,38.85,38.92,2019-07-08,BME,BLACKROCK HEALTH SCIENCES TRUST,6282.0,228.0
09250W10,38.78,38.7,2019-07-09,BME,BLACKROCK HEALTH SCIENCES TRUST,6282.0,228.0
09250W10,39.07,38.89,2019-07-10,BME,BLACKROCK HEALTH SCIENCES TRUST,6282.0,228.0
09250W10,39.05,39.32,2019-07-11,BME,BLACKROCK HEALTH SCIENCES TRUST,6282.0,228.0
09250W10,38.56,38.9,2019-07-12,BME,BLACKROCK HEALTH SCIENCES TRUST,6282.0,228.0
09250W10,38.87,38.58,2019-07-15,BME,BLACKROCK HEALTH SCIENCES TRUST,6282.0,228.0
09250W10,38.77,38.71,2019-07-16,BME,BLACKROCK HEALTH SCIENCES TRUST,6282.0,228.0
09250W10,38.56,38.77,2019-07-17,BME,BLACKROCK HEALTH SCIENCES TRUST,6282.0,228.0
09250W10,38.74,38.5,2019-07-18,BME,BLACKROCK HEALTH SCIENCES TRUST,6282.0,228.0
09250W10,38.8,38.89,2019-07-19,BME,BLACKROCK HEALTH SCIENCES TRUST,6282.0,228.0
09250W10,38.74,38.79,2019-07-22,BME,BLACKROCK HEALTH SCIENCES TRUST,6282.0,228.0
09250W10,39.11,38.83,2019-07-23,BME,BLACKROCK HEALTH SCIENCES TRUST,6282.0,228.0
09250W10,39.0,39.12,2019-07-24,BME,BLACKROCK HEALTH SCIENCES TRUST,6282.0,228.0
09250W10,39.02,39.0,2019-07-25,BME,BLACKROCK HEALTH SCIENCES TRUST,6282.0,228.0
09250W10,39.18,39.31,2019-07-26,BME,BLACKROCK HEALTH SCIENCES TRUST,6282.0,228.0
09250W10,39.3,39.2,2019-07-29,BME,BLACKROCK HEALTH SCIENCES TRUST,6282.0,228.0
09250W10,39.07,39.08,2019-07-30,BME,BLACKROCK HEALTH SCIENCES TRUST,6282.0,228.0
09250W10,39.04,39.18,2019-07-31,BME,BLACKROCK HEALTH SCIENCES TRUST,6282.0,228.0
09250W10,39.27,39.03,2019-08-01,BME,BLACKROCK HEALTH SCIENCES TRUST,6282.0,228.0
09250W10,39.26,39.5,2019-08-02,BME,BLACKROCK HEALTH SCIENCES TRUST,6282.0,228.0
09250W10,38.44,39.01,2019-08-05,BME,BLACKROCK HEALTH SCIENCES TRUST,6282.0,228.0
09250W10,38.5,38.42,2019-08-06,BME,BLACKROCK HEALTH SCIENCES TRUST,6282.0,228.0
09250W10,38.39,38.52,2019-08-07,BME,BLACKROCK HEALTH SCIENCES TRUST,6282.0,228.0
09250W10,39.12,38.41,2019-08-08,BME,BLACKROCK HEALTH SCIENCES TRUST,6282.0,228.0
09250W10,39.27,39.11,2019-08-09,BME,BLACKROCK HEALTH SCIENCES TRUST,6282.0,228.0
09250W10,38.8,39.27,2019-08-12,BME,BLACKROCK HEALTH SCIENCES TRUST,6282.0,228.0
09250W10,38.78,38.74,2019-08-13,BME,BLACKROCK HEALTH SCIENCES TRUST,6282.0,228.0
09250W10,37.62,38.33,2019-08-14,BME,BLACKROCK HEALTH SCIENCES TRUST,6282.0,228.0
09250W10,37.67,37.67,2019-08-15,BME,BLACKROCK HEALTH SCIENCES TRUST,6282.0,228.0
09250W10,37.98,37.75,2019-08-16,BME,BLACKROCK HEALTH SCIENCES TRUST,6282.0,228.0
09250W10,38.23,38.23,2019-08-19,BME,BLACKROCK HEALTH SCIENCES TRUST,6282.0,228.0
09250W10,38.1,38.36,2019-08-20,BME,BLACKROCK HEALTH SCIENCES TRUST,6282.0,228.0
09250W10,38.24,38.13,2019-08-21,BME,BLACKROCK HEALTH SCIENCES TRUST,6282.0,228.0
09250W10,38.33,38.32,2019-08-22,BME,BLACKROCK HEALTH SCIENCES TRUST,6282.0,228.0
09250W10,37.6,38.3,2019-08-23,BME,BLACKROCK HEALTH SCIENCES TRUST,6282.0,228.0
09250W10,37.71,37.77,2019-08-26,BME,BLACKROCK HEALTH SCIENCES TRUST,6282.0,228.0
09250W10,37.72,37.73,2019-08-27,BME,BLACKROCK HEALTH SCIENCES TRUST,6282.0,228.0
09250W10,37.73,37.68,2019-08-28,BME,BLACKROCK HEALTH SCIENCES TRUST,6282.0,228.0
09250W10,37.96,37.98,2019-08-29,BME,BLACKROCK HEALTH SCIENCES TRUST,6282.0,228.0
09250W10,37.91,38.19,2019-08-30,BME,BLACKROCK HEALTH SCIENCES TRUST,6282.0,228.0
09250W10,37.6,37.71,2019-09-03,BME,BLACKROCK HEALTH SCIENCES TRUST,6282.0,228.0
09250W10,37.93,37.72,2019-09-04,BME,BLACKROCK HEALTH SCIENCES TRUST,6282.0,228.0
09250W10,37.85,38.0,2019-09-05,BME,BLACKROCK HEALTH SCIENCES TRUST,6282.0,228.0
09250W10,37.98,37.91,2019-09-06,BME,BLACKROCK HEALTH SCIENCES TRUST,6282.0,228.0
09250W10,38.05,38.21,2019-09-09,BME,BLACKROCK HEALTH SCIENCES TRUST,6282.0,228.0
09250W10,38.01,37.96,2019-09-10,BME,BLACKROCK HEALTH SCIENCES TRUST,6282.0,228.0
09250W10,38.33,38.01,2019-09-11,BME,BLACKROCK HEALTH SCIENCES TRUST,6282.0,228.0
09250W10,38.18,38.32,2019-09-12,BME,BLACKROCK HEALTH SCIENCES TRUST,6282.0,228.0
09250W10,38.12,38.05,2019-09-13,BME,BLACKROCK HEALTH SCIENCES TRUST,6282.0,228.0
09250W10,38.27,38.01,2019-09-16,BME,BLACKROCK HEALTH SCIENCES TRUST,6282.0,228.0
09250W10,38.03,38.24,2019-09-17,BME,BLACKROCK HEALTH SCIENCES TRUST,6282.0,228.0
09250W10,38.1,38.04,2019-09-18,BME,BLACKROCK HEALTH SCIENCES TRUST,6282.0,228.0
09250W10,38.25,38.13,2019-09-19,BME,BLACKROCK HEALTH SCIENCES TRUST,6282.0,228.0
09250W10,38.52,38.54,2019-09-20,BME,BLACKROCK HEALTH SCIENCES TRUST,6282.0,228.0
09250W10,38.72,38.5,2019-09-23,BME,BLACKROCK HEALTH SCIENCES TRUST,6282.0,228.0
09250W10,38.57,38.74,2019-09-24,BME,BLACKROCK HEALTH SCIENCES TRUST,6282.0,228.0
09250W10,38.61,38.54,2019-09-25,BME,BLACKROCK HEALTH SCIENCES TRUST,6282.0,228.0
09250W10,38.52,38.74,2019-09-26,BME,BLACKROCK HEALTH SCIENCES TRUST,6282.0,228.0
09250W10,38.31,38.52,2019-09-27,BME,BLACKROCK HEALTH SCIENCES TRUST,6282.0,228.0
09250W10,38.25,38.3,2019-09-30,BME,BLACKROCK HEALTH SCIENCES TRUST,6282.0,228.0
09250W10,37.93,38.34,2019-10-01,BME,BLACKROCK HEALTH SCIENCES TRUST,6282.0,228.0
09250W10,36.85,37.78,2019-10-02,BME,BLACKROCK HEALTH SCIENCES TRUST,6282.0,228.0
09250W10,36.74,36.8,2019-10-03,BME,BLACKROCK HEALTH SCIENCES TRUST,6282.0,228.0
09250W10,37.51,37.09,2019-10-04,BME,BLACKROCK HEALTH SCIENCES TRUST,6282.0,228.0
09250W10,37.16,37.68,2019-10-07,BME,BLACKROCK HEALTH SCIENCES TRUST,6282.0,228.0
09250W10,36.92,37.11,2019-10-08,BME,BLACKROCK HEALTH SCIENCES TRUST,6282.0,228.0
09250W10,37.12,36.83,2019-10-09,BME,BLACKROCK HEALTH SCIENCES TRUST,6282.0,228.0
09250W10,37.11,37.19,2019-10-10,BME,BLACKROCK HEALTH SCIENCES TRUST,6282.0,228.0
09250W10,37.0,37.24,2019-10-11,BME,BLACKROCK HEALTH SCIENCES TRUST,6282.0,228.0
09250W10,36.82,36.9,2019-10-14,BME,BLACKROCK HEALTH SCIENCES TRUST,6282.0,228.0
09250W10,37.14,36.83,2019-10-15,BME,BLACKROCK HEALTH SCIENCES TRUST,6282.0,228.0
09250W10,37.39,37.14,2019-10-16,BME,BLACKROCK HEALTH SCIENCES TRUST,6282.0,228.0
09250W10,37.69,37.51,2019-10-17,BME,BLACKROCK HEALTH SCIENCES TRUST,6282.0,228.0
09250W10,37.85,37.64,2019-10-18,BME,BLACKROCK HEALTH SCIENCES TRUST,6282.0,228.0
09250W10,38.32,38.1,2019-10-21,BME,BLACKROCK HEALTH SCIENCES TRUST,6282.0,228.0
09250W10,38.52,38.6,2019-10-22,BME,BLACKROCK HEALTH SCIENCES TRUST,6282.0,228.0
09250W10,38.5,38.38,2019-10-23,BME,BLACKROCK HEALTH SCIENCES TRUST,6282.0,228.0
09250W10,38.87,38.72,2019-10-24,BME,BLACKROCK HEALTH SCIENCES TRUST,6282.0,228.0
09250W10,38.66,38.7,2019-10-25,BME,BLACKROCK HEALTH SCIENCES TRUST,6282.0,228.0
09250W10,38.52,38.75,2019-10-28,BME,BLACKROCK HEALTH SCIENCES TRUST,6282.0,228.0
09250W10,39.01,38.62,2019-10-29,BME,BLACKROCK HEALTH SCIENCES TRUST,6282.0,228.0
09250W10,39.29,39.3,2019-10-30,BME,BLACKROCK HEALTH SCIENCES TRUST,6282.0,228.0
09250W10,39.08,39.18,2019-10-31,BME,BLACKROCK HEALTH SCIENCES TRUST,6282.0,228.0
09250W10,39.86,39.4,2019-11-01,BME,BLACKROCK HEALTH SCIENCES TRUST,6282.0,228.0
09250W10,39.82,39.88,2019-11-04,BME,BLACKROCK HEALTH SCIENCES TRUST,6282.0,228.0
09250W10,39.15,39.92,2019-11-05,BME,BLACKROCK HEALTH SCIENCES TRUST,6282.0,228.0
09250W10,39.53,39.14,2019-11-06,BME,BLACKROCK HEALTH SCIENCES TRUST,6282.0,228.0
09250W10,39.11,39.51,2019-11-07,BME,BLACKROCK HEALTH SCIENCES TRUST,6282.0,228.0
09250W10,39.13,39.39,2019-11-08,BME,BLACKROCK HEALTH SCIENCES TRUST,6282.0,228.0
09250W10,40.0,39.04,2019-11-11,BME,BLACKROCK HEALTH SCIENCES TRUST,6282.0,228.0
09250W10,39.69,39.89,2019-11-12,BME,BLACKROCK HEALTH SCIENCES TRUST,6282.0,228.0
09250W10,40.01,39.71,2019-11-13,BME,BLACKROCK HEALTH SCIENCES TRUST,6282.0,228.0
09250W10,40.0,39.85,2019-11-14,BME,BLACKROCK HEALTH SCIENCES TRUST,6282.0,228.0
09250W10,40.2,40.36,2019-11-15,BME,BLACKROCK HEALTH SCIENCES TRUST,6282.0,228.0
09250W10,39.79,40.2,2019-11-18,BME,BLACKROCK HEALTH SCIENCES TRUST,6282.0,228.0
09250W10,40.02,39.79,2019-11-19,BME,BLACKROCK HEALTH SCIENCES TRUST,6282.0,228.0
09250W10,40.11,40.15,2019-11-20,BME,BLACKROCK HEALTH SCIENCES TRUST,6282.0,228.0
09250W10,40.04,40.01,2019-11-21,BME,BLACKROCK HEALTH SCIENCES TRUST,6282.0,228.0
09250W10,40.3434,40.1,2019-11-22,BME,BLACKROCK HEALTH SCIENCES TRUST,6282.0,228.0
09250W10,40.7,40.34,2019-11-25,BME,BLACKROCK HEALTH SCIENCES TRUST,6282.0,228.0
09250W10,40.65,40.74,2019-11-26,BME,BLACKROCK HEALTH SCIENCES TRUST,6282.0,228.0
09250W10,41.56,40.77,2019-11-27,BME,BLACKROCK HEALTH SCIENCES TRUST,6282.0,228.0
09250W10,41.66,41.56,2019-11-29,BME,BLACKROCK HEALTH SCIENCES TRUST,6282.0,228.0
09250W10,41.5406,41.65,2019-12-02,BME,BLACKROCK HEALTH SCIENCES TRUST,6282.0,228.0
09250W10,41.07,41.17,2019-12-03,BME,BLACKROCK HEALTH SCIENCES TRUST,6282.0,228.0
09250W10,40.72,41.36,2019-12-04,BME,BLACKROCK HEALTH SCIENCES TRUST,6282.0,228.0
09250W10,41.01,40.8,2019-12-05,BME,BLACKROCK HEALTH SCIENCES TRUST,6282.0,228.0
09250W10,41.27,41.01,2019-12-06,BME,BLACKROCK HEALTH SCIENCES TRUST,6282.0,228.0
09250W10,40.65,41.31,2019-12-09,BME,BLACKROCK HEALTH SCIENCES TRUST,6282.0,228.0
09250W10,40.33,40.61,2019-12-10,BME,BLACKROCK HEALTH SCIENCES TRUST,6282.0,228.0
09250W10,40.84,40.08,2019-12-11,BME,BLACKROCK HEALTH SCIENCES TRUST,6282.0,228.0
09250W10,40.61,40.66,2019-12-12,BME,BLACKROCK HEALTH SCIENCES TRUST,6282.0,228.0
09250W10,40.55,40.43,2019-12-13,BME,BLACKROCK HEALTH SCIENCES TRUST,6282.0,228.0
09250W10,41.21,40.59,2019-12-16,BME,BLACKROCK HEALTH SCIENCES TRUST,6282.0,228.0
09250W10,41.25,41.22,2019-12-17,BME,BLACKROCK HEALTH SCIENCES TRUST,6282.0,228.0
09250W10,41.35,41.32,2019-12-18,BME,BLACKROCK HEALTH SCIENCES TRUST,6282.0,228.0
09250W10,41.051,41.37,2019-12-19,BME,BLACKROCK HEALTH SCIENCES TRUST,6282.0,228.0
09250W10,41.81,41.16,2019-12-20,BME,BLACKROCK HEALTH SCIENCES TRUST,6282.0,228.0
09250W10,41.84,41.75,2019-12-23,BME,BLACKROCK HEALTH SCIENCES TRUST,6282.0,228.0
09250W10,41.98,41.86,2019-12-24,BME,BLACKROCK HEALTH SCIENCES TRUST,6282.0,228.0
09250W10,41.75,41.96,2019-12-26,BME,BLACKROCK HEALTH SCIENCES TRUST,6282.0,228.0
09250W10,41.8,41.9,2019-12-27,BME,BLACKROCK HEALTH SCIENCES TRUST,6282.0,228.0
09250W10,41.963,41.95,2019-12-30,BME,BLACKROCK HEALTH SCIENCES TRUST,6282.0,228.0
09250W10,42.5,42.0,2019-12-31,BME,BLACKROCK HEALTH SCIENCES TRUST,6282.0,228.0
09250W10,42.89,42.87,2020-01-02,BME,BLACKROCK HEALTH SCIENCES TRUST,6282.0,228.0
09250W10,42.69,42.67,2020-01-03,BME,BLACKROCK HEALTH SCIENCES TRUST,6282.0,228.0
09250W10,41.88,42.65,2020-01-06,BME,BLACKROCK HEALTH SCIENCES TRUST,6282.0,228.0
09250W10,41.95,41.95,2020-01-07,BME,BLACKROCK HEALTH SCIENCES TRUST,6282.0,228.0
09250W10,41.8,41.95,2020-01-08,BME,BLACKROCK HEALTH SCIENCES TRUST,6282.0,228.0
09250W10,41.7673,41.95,2020-01-09,BME,BLACKROCK HEALTH SCIENCES TRUST,6282.0,228.0
09250W10,41.93,41.9,2020-01-10,BME,BLACKROCK HEALTH SCIENCES TRUST,6282.0,228.0
09250W10,42.58,42.16,2020-01-13,BME,BLACKROCK HEALTH SCIENCES TRUST,6282.0,228.0
09250W10,42.76,42.52,2020-01-14,BME,BLACKROCK HEALTH SCIENCES TRUST,6282.0,228.0
09250W10,43.28,42.97,2020-01-15,BME,BLACKROCK HEALTH SCIENCES TRUST,6282.0,228.0
09250W10,43.05,43.49,2020-01-16,BME,BLACKROCK HEALTH SCIENCES TRUST,6282.0,228.0
09250W10,42.25,43.15,2020-01-17,BME,BLACKROCK HEALTH SCIENCES TRUST,6282.0,228.0
09250W10,42.63,42.4,2020-01-21,BME,BLACKROCK HEALTH SCIENCES TRUST,6282.0,228.0
09250W10,42.79,42.96,2020-01-22,BME,BLACKROCK HEALTH SCIENCES TRUST,6282.0,228.0
09250W10,43.07,42.73,2020-01-23,BME,BLACKROCK HEALTH SCIENCES TRUST,6282.0,228.0
09250W10,42.29,43.17,2020-01-24,BME,BLACKROCK HEALTH SCIENCES TRUST,6282.0,228.0
09250W10,42.14,42.18,2020-01-27,BME,BLACKROCK HEALTH SCIENCES TRUST,6282.0,228.0
09250W10,42.05,42.21,2020-01-28,BME,BLACKROCK HEALTH SCIENCES TRUST,6282.0,228.0
09250W10,42.25,42.4,2020-01-29,BME,BLACKROCK HEALTH SCIENCES TRUST,6282.0,228.0
09250W10,41.9,42.21,2020-01-30,BME,BLACKROCK HEALTH SCIENCES TRUST,6282.0,228.0
09250W10,41.12,41.87,2020-01-31,BME,BLACKROCK HEALTH SCIENCES TRUST,6282.0,228.0
09250W10,41.87,41.3,2020-02-03,BME,BLACKROCK HEALTH SCIENCES TRUST,6282.0,228.0
09250W10,42.36,42.12,2020-02-04,BME,BLACKROCK HEALTH SCIENCES TRUST,6282.0,228.0
09250W10,42.88,42.51,2020-02-05,BME,BLACKROCK HEALTH SCIENCES TRUST,6282.0,228.0
09250W10,42.95,43.05,2020-02-06,BME,BLACKROCK HEALTH SCIENCES TRUST,6282.0,228.0
09250W10,42.69,42.68,2020-02-07,BME,BLACKROCK HEALTH SCIENCES TRUST,6282.0,228.0
09250W10,42.94,42.58,2020-02-10,BME,BLACKROCK HEALTH SCIENCES TRUST,6282.0,228.0
09250W10,42.9,43.06,2020-02-11,BME,BLACKROCK HEALTH SCIENCES TRUST,6282.0,228.0
09250W10,43.73,43.16,2020-02-12,BME,BLACKROCK HEALTH SCIENCES TRUST,6282.0,228.0
09250W10,43.99,43.14,2020-02-13,BME,BLACKROCK HEALTH SCIENCES TRUST,6282.0,228.0
09250W10,43.72,43.71,2020-02-14,BME,BLACKROCK HEALTH SCIENCES TRUST,6282.0,228.0
09250W10,43.65,43.65,2020-02-18,BME,BLACKROCK HEALTH SCIENCES TRUST,6282.0,228.0
09250W10,43.51,43.87,2020-02-19,BME,BLACKROCK HEALTH SCIENCES TRUST,6282.0,228.0
09250W10,42.95,43.38,2020-02-20,BME,BLACKROCK HEALTH SCIENCES TRUST,6282.0,228.0
09250W10,42.94,43.1,2020-02-21,BME,BLACKROCK HEALTH SCIENCES TRUST,6282.0,228.0
09250W10,42.05,42.36,2020-02-24,BME,BLACKROCK HEALTH SCIENCES TRUST,6282.0,228.0
09250W10,40.59,42.15,2020-02-25,BME,BLACKROCK HEALTH SCIENCES TRUST,6282.0,228.0
09250W10,39.58,40.39,2020-02-26,BME,BLACKROCK HEALTH SCIENCES TRUST,6282.0,228.0
09250W10,38.3,38.86,2020-02-27,BME,BLACKROCK HEALTH SCIENCES TRUST,6282.0,228.0
09250W10,37.46,37.5,2020-02-28,BME,BLACKROCK HEALTH SCIENCES TRUST,6282.0,228.0
09250W10,40.15,37.5,2020-03-02,BME,BLACKROCK HEALTH SCIENCES TRUST,6282.0,228.0
09250W10,39.87,40.28,2020-03-03,BME,BLACKROCK HEALTH SCIENCES TRUST,6282.0,228.0
09250W10,41.3,40.57,2020-03-04,BME,BLACKROCK HEALTH SCIENCES TRUST,6282.0,228.0
09250W10,41.07,40.74,2020-03-05,BME,BLACKROCK HEALTH SCIENCES TRUST,6282.0,228.0
09250W10,40.55,40.13,2020-03-06,BME,BLACKROCK HEALTH SCIENCES TRUST,6282.0,228.0
09250W10,38.55,37.01,2020-03-09,BME,BLACKROCK HEALTH SCIENCES TRUST,6282.0,228.0
09250W10,38.94,39.46,2020-03-10,BME,BLACKROCK HEALTH SCIENCES TRUST,6282.0,228.0
09250W10,37.25,38.47,2020-03-11,BME,BLACKROCK HEALTH SCIENCES TRUST,6282.0,228.0
09250W10,33.09,35.62,2020-03-12,BME,BLACKROCK HEALTH SCIENCES TRUST,6282.0,228.0
09250W10,35.44,33.31,2020-03-13,BME,BLACKROCK HEALTH SCIENCES TRUST,6282.0,228.0
09250W10,32.52,31.7,2020-03-16,BME,BLACKROCK HEALTH SCIENCES TRUST,6282.0,228.0
09250W10,33.16,31.99,2020-03-17,BME,BLACKROCK HEALTH SCIENCES TRUST,6282.0,228.0
09250W10,31.0,32.16,2020-03-18,BME,BLACKROCK HEALTH SCIENCES TRUST,6282.0,228.0
09250W10,30.55,30.19,2020-03-19,BME,BLACKROCK HEALTH SCIENCES TRUST,6282.0,228.0
09250W10,30.01,30.88,2020-03-20,BME,BLACKROCK HEALTH SCIENCES TRUST,6282.0,228.0
09250W10,27.7,29.01,2020-03-23,BME,BLACKROCK HEALTH SCIENCES TRUST,6282.0,228.0
09250W10,30.43,28.7,2020-03-24,BME,BLACKROCK HEALTH SCIENCES TRUST,6282.0,228.0
09250W10,34.98,31.43,2020-03-25,BME,BLACKROCK HEALTH SCIENCES TRUST,6282.0,228.0
09250W10,36.69,35.45,2020-03-26,BME,BLACKROCK HEALTH SCIENCES TRUST,6282.0,228.0
09250W10,35.64,35.9,2020-03-27,BME,BLACKROCK HEALTH SCIENCES TRUST,6282.0,228.0
09250W10,35.84,35.61,2020-03-30,BME,BLACKROCK HEALTH SCIENCES TRUST,6282.0,228.0
09250W10,36.05,36.02,2020-03-31,BME,BLACKROCK HEALTH SCIENCES TRUST,6282.0,228.0
09250W10,33.63,35.74,2020-04-01,BME,BLACKROCK HEALTH SCIENCES TRUST,6282.0,228.0
09250W10,33.89,32.87,2020-04-02,BME,BLACKROCK HEALTH SCIENCES TRUST,6282.0,228.0
09250W10,33.66,33.96,2020-04-03,BME,BLACKROCK HEALTH SCIENCES TRUST,6282.0,228.0
09250W10,36.6,33.9,2020-04-06,BME,BLACKROCK HEALTH SCIENCES TRUST,6282.0,228.0
09250W10,36.375,37.26,2020-04-07,BME,BLACKROCK HEALTH SCIENCES TRUST,6282.0,228.0
09250W10,37.85,36.85,2020-04-08,BME,BLACKROCK HEALTH SCIENCES TRUST,6282.0,228.0
09250W10,38.08,38.07,2020-04-09,BME,BLACKROCK HEALTH SCIENCES TRUST,6282.0,228.0
09250W10,37.6,38.75,2020-04-13,BME,BLACKROCK HEALTH SCIENCES TRUST,6282.0,228.0
09250W10,39.28,38.12,2020-04-14,BME,BLACKROCK HEALTH SCIENCES TRUST,6282.0,228.0
09250W10,40.79,39.1,2020-04-15,BME,BLACKROCK HEALTH SCIENCES TRUST,6282.0,228.0
09250W10,40.45,40.71,2020-04-16,BME,BLACKROCK HEALTH SCIENCES TRUST,6282.0,228.0
09250W10,40.89,41.54,2020-04-17,BME,BLACKROCK HEALTH SCIENCES TRUST,6282.0,228.0
09250W10,39.86,40.46,2020-04-20,BME,BLACKROCK HEALTH SCIENCES TRUST,6282.0,228.0
09250W10,39.25,39.33,2020-04-21,BME,BLACKROCK HEALTH SCIENCES TRUST,6282.0,228.0
09250W10,40.06,39.64,2020-04-22,BME,BLACKROCK HEALTH SCIENCES TRUST,6282.0,228.0
09250W10,40.02,39.94,2020-04-23,BME,BLACKROCK HEALTH SCIENCES TRUST,6282.0,228.0
09250W10,40.5,40.58,2020-04-24,BME,BLACKROCK HEALTH SCIENCES TRUST,6282.0,228.0
09250W10,40.2,40.48,2020-04-27,BME,BLACKROCK HEALTH SCIENCES TRUST,6282.0,228.0
09250W10,40.62,40.99,2020-04-28,BME,BLACKROCK HEALTH SCIENCES TRUST,6282.0,228.0
09250W10,40.29,40.88,2020-04-29,BME,BLACKROCK HEALTH SCIENCES TRUST,6282.0,228.0
09250W10,40.15,40.14,2020-04-30,BME,BLACKROCK HEALTH SCIENCES TRUST,6282.0,228.0
09250W10,39.98,40.03,2020-05-01,BME,BLACKROCK HEALTH SCIENCES TRUST,6282.0,228.0
09250W10,39.9,39.76,2020-05-04,BME,BLACKROCK HEALTH SCIENCES TRUST,6282.0,228.0
09250W10,40.46,40.08,2020-05-05,BME,BLACKROCK HEALTH SCIENCES TRUST,6282.0,228.0
09250W10,40.39,40.51,2020-05-06,BME,BLACKROCK HEALTH SCIENCES TRUST,6282.0,228.0
09250W10,40.63,40.7,2020-05-07,BME,BLACKROCK HEALTH SCIENCES TRUST,6282.0,228.0
09250W10,40.56,41.16,2020-05-08,BME,BLACKROCK HEALTH SCIENCES TRUST,6282.0,228.0
09250W10,40.59,40.04,2020-05-11,BME,BLACKROCK HEALTH SCIENCES TRUST,6282.0,228.0
09250W10,41.01,41.42,2020-05-12,BME,BLACKROCK HEALTH SCIENCES TRUST,6282.0,228.0
09250W10,40.25,41.19,2020-05-13,BME,BLACKROCK HEALTH SCIENCES TRUST,6282.0,228.0
09250W10,40.09,40.54,2020-05-14,BME,BLACKROCK HEALTH SCIENCES TRUST,6282.0,228.0
09250W10,40.57,40.09,2020-05-15,BME,BLACKROCK HEALTH SCIENCES TRUST,6282.0,228.0
09250W10,41.0,41.89,2020-05-18,BME,BLACKROCK HEALTH SCIENCES TRUST,6282.0,228.0
09250W10,40.8,41.0,2020-05-19,BME,BLACKROCK HEALTH SCIENCES TRUST,6282.0,228.0
09250W10,40.79,41.24,2020-05-20,BME,BLACKROCK HEALTH SCIENCES TRUST,6282.0,228.0
09250W10,40.16,40.65,2020-05-21,BME,BLACKROCK HEALTH SCIENCES TRUST,6282.0,228.0
09250W10,40.82,40.23,2020-05-22,BME,BLACKROCK HEALTH SCIENCES TRUST,6282.0,228.0
09250W10,40.75,41.03,2020-05-26,BME,BLACKROCK HEALTH SCIENCES TRUST,6282.0,228.0
09250W10,40.81,41.0,2020-05-27,BME,BLACKROCK HEALTH SCIENCES TRUST,6282.0,228.0
09250W10,42.35,41.05,2020-05-28,BME,BLACKROCK HEALTH SCIENCES TRUST,6282.0,228.0
09250W10,42.49,42.49,2020-05-29,BME,BLACKROCK HEALTH SCIENCES TRUST,6282.0,228.0
09250W10,43.0,42.49,2020-06-01,BME,BLACKROCK HEALTH SCIENCES TRUST,6282.0,228.0
09250W10,42.37,43.16,2020-06-02,BME,BLACKROCK HEALTH SCIENCES TRUST,6282.0,228.0
09250W10,43.1,42.85,2020-06-03,BME,BLACKROCK HEALTH SCIENCES TRUST,6282.0,228.0
09250W10,42.89,43.36,2020-06-04,BME,BLACKROCK HEALTH SCIENCES TRUST,6282.0,228.0
09250W10,42.8,42.99,2020-06-05,BME,BLACKROCK HEALTH SCIENCES TRUST,6282.0,228.0
09250W10,42.94,43.2,2020-06-08,BME,BLACKROCK HEALTH SCIENCES TRUST,6282.0,228.0
09250W10,42.6,42.89,2020-06-09,BME,BLACKROCK HEALTH SCIENCES TRUST,6282.0,228.0
09250W10,42.64,42.84,2020-06-10,BME,BLACKROCK HEALTH SCIENCES TRUST,6282.0,228.0
09250W10,41.25,42.0,2020-06-11,BME,BLACKROCK HEALTH SCIENCES TRUST,6282.0,228.0
09250W10,40.36,41.85,2020-06-12,BME,BLACKROCK HEALTH SCIENCES TRUST,6282.0,228.0
09250W10,41.99,40.04,2020-06-15,BME,BLACKROCK HEALTH SCIENCES TRUST,6282.0,228.0
09250W10,41.1,42.1,2020-06-16,BME,BLACKROCK HEALTH SCIENCES TRUST,6282.0,228.0
09250W10,40.945,41.12,2020-06-17,BME,BLACKROCK HEALTH SCIENCES TRUST,6282.0,228.0
09250W10,41.34,40.88,2020-06-18,BME,BLACKROCK HEALTH SCIENCES TRUST,6282.0,228.0
09250W10,41.63,41.89,2020-06-19,BME,BLACKROCK HEALTH SCIENCES TRUST,6282.0,228.0
09250W10,41.3,41.5,2020-06-22,BME,BLACKROCK HEALTH SCIENCES TRUST,6282.0,228.0
09250W10,41.48,41.39,2020-06-23,BME,BLACKROCK HEALTH SCIENCES TRUST,6282.0,228.0
09250W10,40.88,41.47,2020-06-24,BME,BLACKROCK HEALTH SCIENCES TRUST,6282.0,228.0
09250W10,41.01,41.0,2020-06-25,BME,BLACKROCK HEALTH SCIENCES TRUST,6282.0,228.0
09250W10,40.5,40.97,2020-06-26,BME,BLACKROCK HEALTH SCIENCES TRUST,6282.0,228.0
09250W10,40.37,40.74,2020-06-29,BME,BLACKROCK HEALTH SCIENCES TRUST,6282.0,228.0
09250W10,40.78,40.31,2020-06-30,BME,BLACKROCK HEALTH SCIENCES TRUST,6282.0,228.0
09250W10,41.4,41.16,2020-07-01,BME,BLACKROCK HEALTH SCIENCES TRUST,6282.0,228.0
09250W10,41.9,41.52,2020-07-02,BME,BLACKROCK HEALTH SCIENCES TRUST,6282.0,228.0
09250W10,42.79,42.28,2020-07-06,BME,BLACKROCK HEALTH SCIENCES TRUST,6282.0,228.0
09250W10,43.19,42.54,2020-07-07,BME,BLACKROCK HEALTH SCIENCES TRUST,6282.0,228.0
09250W10,43.5,43.49,2020-07-08,BME,BLACKROCK HEALTH SCIENCES TRUST,6282.0,228.0
09250W10,43.28,43.52,2020-07-09,BME,BLACKROCK HEALTH SCIENCES TRUST,6282.0,228.0
09250W10,43.48,43.11,2020-07-10,BME,BLACKROCK HEALTH SCIENCES TRUST,6282.0,228.0
09250W10,43.16,43.94,2020-07-13,BME,BLACKROCK HEALTH SCIENCES TRUST,6282.0,228.0
09250W10,43.17,42.87,2020-07-14,BME,BLACKROCK HEALTH SCIENCES TRUST,6282.0,228.0
09250W10,43.7663,43.74,2020-07-15,BME,BLACKROCK HEALTH SCIENCES TRUST,6282.0,228.0
09250W10,43.44,43.57,2020-07-16,BME,BLACKROCK HEALTH SCIENCES TRUST,6282.0,228.0
09250W10,43.66,43.46,2020-07-17,BME,BLACKROCK HEALTH SCIENCES TRUST,6282.0,228.0
09250W10,43.52,43.68,2020-07-20,BME,BLACKROCK HEALTH SCIENCES TRUST,6282.0,228.0
09250W10,42.96,43.55,2020-07-21,BME,BLACKROCK HEALTH SCIENCES TRUST,6282.0,228.0
09250W10,43.5,43.2,2020-07-22,BME,BLACKROCK HEALTH SCIENCES TRUST,6282.0,228.0
09250W10,43.2318,43.42,2020-07-23,BME,BLACKROCK HEALTH SCIENCES TRUST,6282.0,228.0
09250W10,43.01,43.12,2020-07-24,BME,BLACKROCK HEALTH SCIENCES TRUST,6282.0,228.0
09250W10,43.58,43.27,2020-07-27,BME,BLACKROCK HEALTH SCIENCES TRUST,6282.0,228.0
09250W10,43.3,43.38,2020-07-28,BME,BLACKROCK HEALTH SCIENCES TRUST,6282.0,228.0
09250W10,43.31,43.0,2020-07-29,BME,BLACKROCK HEALTH SCIENCES TRUST,6282.0,228.0
09250W10,42.95,42.73,2020-07-30,BME,BLACKROCK HEALTH SCIENCES TRUST,6282.0,228.0
09250W10,42.74,43.23,2020-07-31,BME,BLACKROCK HEALTH SCIENCES TRUST,6282.0,228.0
09250W10,43.56,42.94,2020-08-03,BME,BLACKROCK HEALTH SCIENCES TRUST,6282.0,228.0
09250W10,43.25,43.47,2020-08-04,BME,BLACKROCK HEALTH SCIENCES TRUST,6282.0,228.0
09250W10,43.39,43.55,2020-08-05,BME,BLACKROCK HEALTH SCIENCES TRUST,6282.0,228.0
09250W10,43.24,43.53,2020-08-06,BME,BLACKROCK HEALTH SCIENCES TRUST,6282.0,228.0
09250W10,43.48,43.2,2020-08-07,BME,BLACKROCK HEALTH SCIENCES TRUST,6282.0,228.0
09250W10,43.27,43.24,2020-08-10,BME,BLACKROCK HEALTH SCIENCES TRUST,6282.0,228.0
09250W10,42.49,43.35,2020-08-11,BME,BLACKROCK HEALTH SCIENCES TRUST,6282.0,228.0
09250W10,43.06,42.67,2020-08-12,BME,BLACKROCK HEALTH SCIENCES TRUST,6282.0,228.0
09250W10,42.69,42.8,2020-08-13,BME,BLACKROCK HEALTH SCIENCES TRUST,6282.0,228.0
09250W10,42.42,42.66,2020-08-14,BME,BLACKROCK HEALTH SCIENCES TRUST,6282.0,228.0
09250W10,42.7,42.83,2020-08-17,BME,BLACKROCK HEALTH SCIENCES TRUST,6282.0,228.0
09250W10,42.84,42.75,2020-08-18,BME,BLACKROCK HEALTH SCIENCES TRUST,6282.0,228.0
09250W10,42.8,43.02,2020-08-19,BME,BLACKROCK HEALTH SCIENCES TRUST,6282.0,228.0
09250W10,42.8,42.68,2020-08-20,BME,BLACKROCK HEALTH SCIENCES TRUST,6282.0,228.0
09250W10,42.96,43.26,2020-08-21,BME,BLACKROCK HEALTH SCIENCES TRUST,6282.0,228.0
09250W10,42.65,42.99,2020-08-24,BME,BLACKROCK HEALTH SCIENCES TRUST,6282.0,228.0
09250W10,42.9236,42.69,2020-08-25,BME,BLACKROCK HEALTH SCIENCES TRUST,6282.0,228.0
09250W10,42.86,43.06,2020-08-26,BME,BLACKROCK HEALTH SCIENCES TRUST,6282.0,228.0
09250W10,43.2,42.77,2020-08-27,BME,BLACKROCK HEALTH SCIENCES TRUST,6282.0,228.0
09250W10,43.19,43.38,2020-08-28,BME,BLACKROCK HEALTH SCIENCES TRUST,6282.0,228.0
09250W10,43.4,43.55,2020-08-31,BME,BLACKROCK HEALTH SCIENCES TRUST,6282.0,228.0
09250W10,43.48,43.41,2020-09-01,BME,BLACKROCK HEALTH SCIENCES TRUST,6282.0,228.0
09250W10,44.0,43.6,2020-09-02,BME,BLACKROCK HEALTH SCIENCES TRUST,6282.0,228.0
09250W10,42.98,43.98,2020-09-03,BME,BLACKROCK HEALTH SCIENCES TRUST,6282.0,228.0
09250W10,42.93,43.23,2020-09-04,BME,BLACKROCK HEALTH SCIENCES TRUST,6282.0,228.0
09250W10,42.26,42.75,2020-09-08,BME,BLACKROCK HEALTH SCIENCES TRUST,6282.0,228.0
09250W10,42.59,42.55,2020-09-09,BME,BLACKROCK HEALTH SCIENCES TRUST,6282.0,228.0
09250W10,41.9,42.62,2020-09-10,BME,BLACKROCK HEALTH SCIENCES TRUST,6282.0,228.0
09250W10,41.91,42.1,2020-09-11,BME,BLACKROCK HEALTH SCIENCES TRUST,6282.0,228.0
09250W10,41.67,42.16,2020-09-14,BME,BLACKROCK HEALTH SCIENCES TRUST,6282.0,228.0
09250W10,42.23,41.92,2020-09-15,BME,BLACKROCK HEALTH SCIENCES TRUST,6282.0,228.0
09250W10,42.35,42.22,2020-09-16,BME,BLACKROCK HEALTH SCIENCES TRUST,6282.0,228.0
09250W10,41.7,41.95,2020-09-17,BME,BLACKROCK HEALTH SCIENCES TRUST,6282.0,228.0
09250W10,41.8482,41.91,2020-09-18,BME,BLACKROCK HEALTH SCIENCES TRUST,6282.0,228.0
09250W10,40.96,41.55,2020-09-21,BME,BLACKROCK HEALTH SCIENCES TRUST,6282.0,228.0
09250W10,41.33,40.97,2020-09-22,BME,BLACKROCK HEALTH SCIENCES TRUST,6282.0,228.0
09250W10,40.84,41.43,2020-09-23,BME,BLACKROCK HEALTH SCIENCES TRUST,6282.0,228.0
09250W10,40.57,40.77,2020-09-24,BME,BLACKROCK HEALTH SCIENCES TRUST,6282.0,228.0
09250W10,42.15,40.72,2020-09-25,BME,BLACKROCK HEALTH SCIENCES TRUST,6282.0,228.0
09250W10,42.78,42.72,2020-09-28,BME,BLACKROCK HEALTH SCIENCES TRUST,6282.0,228.0
09250W10,42.88,42.95,2020-09-29,BME,BLACKROCK HEALTH SCIENCES TRUST,6282.0,228.0
09250W10,42.86,43.4,2020-09-30,BME,BLACKROCK HEALTH SCIENCES TRUST,6282.0,228.0
09250W10,42.94,43.39,2020-10-01,BME,BLACKROCK HEALTH SCIENCES TRUST,6282.0,228.0
09250W10,42.42,42.24,2020-10-02,BME,BLACKROCK HEALTH SCIENCES TRUST,6282.0,228.0
09250W10,43.52,42.43,2020-10-05,BME,BLACKROCK HEALTH SCIENCES TRUST,6282.0,228.0
09250W10,43.51,43.68,2020-10-06,BME,BLACKROCK HEALTH SCIENCES TRUST,6282.0,228.0
09250W10,44.14,43.67,2020-10-07,BME,BLACKROCK HEALTH SCIENCES TRUST,6282.0,228.0
09250W10,44.07,44.34,2020-10-08,BME,BLACKROCK HEALTH SCIENCES TRUST,6282.0,228.0
09250W10,44.26,44.25,2020-10-09,BME,BLACKROCK HEALTH SCIENCES TRUST,6282.0,228.0
09250W10,44.92,44.49,2020-10-12,BME,BLACKROCK HEALTH SCIENCES TRUST,6282.0,228.0
09250W10,44.81,44.81,2020-10-13,BME,BLACKROCK HEALTH SCIENCES TRUST,6282.0,228.0
09250W10,44.51,44.72,2020-10-14,BME,BLACKROCK HEALTH SCIENCES TRUST,6282.0,228.0
09250W10,44.09,44.0,2020-10-15,BME,BLACKROCK HEALTH SCIENCES TRUST,6282.0,228.0
09250W10,44.18,44.3,2020-10-16,BME,BLACKROCK HEALTH SCIENCES TRUST,6282.0,228.0
09250W10,43.83,44.43,2020-10-19,BME,BLACKROCK HEALTH SCIENCES TRUST,6282.0,228.0
09250W10,43.55,43.83,2020-10-20,BME,BLACKROCK HEALTH SCIENCES TRUST,6282.0,228.0
09250W10,43.06,43.5,2020-10-21,BME,BLACKROCK HEALTH SCIENCES TRUST,6282.0,228.0
09250W10,43.42,43.3,2020-10-22,BME,BLACKROCK HEALTH SCIENCES TRUST,6282.0,228.0
09250W10,43.63,43.62,2020-10-23,BME,BLACKROCK HEALTH SCIENCES TRUST,6282.0,228.0
09250W10,43.21,43.46,2020-10-26,BME,BLACKROCK HEALTH SCIENCES TRUST,6282.0,228.0
09250W10,43.06,43.29,2020-10-27,BME,BLACKROCK HEALTH SCIENCES TRUST,6282.0,228.0
09250W10,41.91,42.67,2020-10-28,BME,BLACKROCK HEALTH SCIENCES TRUST,6282.0,228.0
09250W10,41.71,41.91,2020-10-29,BME,BLACKROCK HEALTH SCIENCES TRUST,6282.0,228.0
09250W10,41.7,41.82,2020-10-30,BME,BLACKROCK HEALTH SCIENCES TRUST,6282.0,228.0
09250W10,42.06,41.96,2020-11-02,BME,BLACKROCK HEALTH SCIENCES TRUST,6282.0,228.0
09250W10,42.78,42.1,2020-11-03,BME,BLACKROCK HEALTH SCIENCES TRUST,6282.0,228.0
09250W10,44.13,43.2,2020-11-04,BME,BLACKROCK HEALTH SCIENCES TRUST,6282.0,228.0
09250W10,44.49,44.65,2020-11-05,BME,BLACKROCK HEALTH SCIENCES TRUST,6282.0,228.0
09250W10,44.26,44.42,2020-11-06,BME,BLACKROCK HEALTH SCIENCES TRUST,6282.0,228.0
09250W10,44.49,45.0,2020-11-09,BME,BLACKROCK HEALTH SCIENCES TRUST,6282.0,228.0
09250W10,44.62,44.54,2020-11-10,BME,BLACKROCK HEALTH SCIENCES TRUST,6282.0,228.0
09250W10,46.23,44.95,2020-11-11,BME,BLACKROCK HEALTH SCIENCES TRUST,6282.0,228.0
09250W10,46.05,46.05,2020-11-12,BME,BLACKROCK HEALTH SCIENCES TRUST,6282.0,228.0
09250W10,46.49,46.15,2020-11-13,BME,BLACKROCK HEALTH SCIENCES TRUST,6282.0,228.0
09250W10,46.65,46.75,2020-11-16,BME,BLACKROCK HEALTH SCIENCES TRUST,6282.0,228.0
09250W10,46.6,46.69,2020-11-17,BME,BLACKROCK HEALTH SCIENCES TRUST,6282.0,228.0
09250W10,46.24,46.9,2020-11-18,BME,BLACKROCK HEALTH SCIENCES TRUST,6282.0,228.0
09250W10,46.0,46.05,2020-11-19,BME,BLACKROCK HEALTH SCIENCES TRUST,6282.0,228.0
09250W10,45.7,45.91,2020-11-20,BME,BLACKROCK HEALTH SCIENCES TRUST,6282.0,228.0
09250W10,45.44,45.82,2020-11-23,BME,BLACKROCK HEALTH SCIENCES TRUST,6282.0,228.0
09250W10,45.66,45.47,2020-11-24,BME,BLACKROCK HEALTH SCIENCES TRUST,6282.0,228.0
09250W10,45.77,45.58,2020-11-25,BME,BLACKROCK HEALTH SCIENCES TRUST,6282.0,228.0
09250W10,46.23,45.85,2020-11-27,BME,BLACKROCK HEALTH SCIENCES TRUST,6282.0,228.0
09250W10,46.1977,46.79,2020-11-30,BME,BLACKROCK HEALTH SCIENCES TRUST,6282.0,228.0
09250W10,47.37,46.61,2020-12-01,BME,BLACKROCK HEALTH SCIENCES TRUST,6282.0,228.0
09250W10,46.96,47.37,2020-12-02,BME,BLACKROCK HEALTH SCIENCES TRUST,6282.0,228.0
09250W10,46.83,46.95,2020-12-03,BME,BLACKROCK HEALTH SCIENCES TRUST,6282.0,228.0
09250W10,46.62,46.9,2020-12-04,BME,BLACKROCK HEALTH SCIENCES TRUST,6282.0,228.0
09250W10,45.78,46.69,2020-12-07,BME,BLACKROCK HEALTH SCIENCES TRUST,6282.0,228.0
09250W10,46.17,45.65,2020-12-08,BME,BLACKROCK HEALTH SCIENCES TRUST,6282.0,228.0
09250W10,46.08,46.43,2020-12-09,BME,BLACKROCK HEALTH SCIENCES TRUST,6282.0,228.0
09250W10,46.16,45.99,2020-12-10,BME,BLACKROCK HEALTH SCIENCES TRUST,6282.0,228.0
09250W10,46.205,46.08,2020-12-11,BME,BLACKROCK HEALTH SCIENCES TRUST,6282.0,228.0
09250W10,47.09,46.37,2020-12-14,BME,BLACKROCK HEALTH SCIENCES TRUST,6282.0,228.0
09250W10,47.2,47.2,2020-12-15,BME,BLACKROCK HEALTH SCIENCES TRUST,6282.0,228.0
09250W10,47.745,47.2,2020-12-16,BME,BLACKROCK HEALTH SCIENCES TRUST,6282.0,228.0
09250W10,48.41,47.75,2020-12-17,BME,BLACKROCK HEALTH SCIENCES TRUST,6282.0,228.0
09250W10,48.67,48.52,2020-12-18,BME,BLACKROCK HEALTH SCIENCES TRUST,6282.0,228.0
09250W10,48.18,47.96,2020-12-21,BME,BLACKROCK HEALTH SCIENCES TRUST,6282.0,228.0
09250W10,47.82,48.18,2020-12-22,BME,BLACKROCK HEALTH SCIENCES TRUST,6282.0,228.0
09250W10,48.145,48.02,2020-12-23,BME,BLACKROCK HEALTH SCIENCES TRUST,6282.0,228.0
09250W10,47.7021,48.18,2020-12-24,BME,BLACKROCK HEALTH SCIENCES TRUST,6282.0,228.0
09250W10,48.01,47.58,2020-12-28,BME,BLACKROCK HEALTH SCIENCES TRUST,6282.0,228.0
09250W10,47.86,48.31,2020-12-29,BME,BLACKROCK HEALTH SCIENCES TRUST,6282.0,228.0
09250W10,48.03,48.25,2020-12-30,BME,BLACKROCK HEALTH SCIENCES TRUST,6282.0,228.0
09250W10,47.59,48.23,2020-12-31,BME,BLACKROCK HEALTH SCIENCES TRUST,6282.0,228.0
09250W10,48.39,47.59,2021-01-04,BME,BLACKROCK HEALTH SCIENCES TRUST,6282.0,228.0
09250W10,48.0715,48.53,2021-01-05,BME,BLACKROCK HEALTH SCIENCES TRUST,6282.0,228.0
09250W10,47.97,48.0,2021-01-06,BME,BLACKROCK HEALTH SCIENCES TRUST,6282.0,228.0
09250W10,48.25,47.77,2021-01-07,BME,BLACKROCK HEALTH SCIENCES TRUST,6282.0,228.0
09250W10,48.1729,48.5,2021-01-08,BME,BLACKROCK HEALTH SCIENCES TRUST,6282.0,228.0
09250W10,48.47,48.3,2021-01-11,BME,BLACKROCK HEALTH SCIENCES TRUST,6282.0,228.0
09250W10,48.285,48.64,2021-01-12,BME,BLACKROCK HEALTH SCIENCES TRUST,6282.0,228.0
09250W10,49.46,48.57,2021-01-13,BME,BLACKROCK HEALTH SCIENCES TRUST,6282.0,228.0
09250W10,49.8,49.45,2021-01-14,BME,BLACKROCK HEALTH SCIENCES TRUST,6282.0,228.0
09250W10,49.59,49.8,2021-01-15,BME,BLACKROCK HEALTH SCIENCES TRUST,6282.0,228.0
09250W10,49.91,49.8,2021-01-19,BME,BLACKROCK HEALTH SCIENCES TRUST,6282.0,228.0
09250W10,50.31,50.02,2021-01-20,BME,BLACKROCK HEALTH SCIENCES TRUST,6282.0,228.0
09250W10,50.095,50.17,2021-01-21,BME,BLACKROCK HEALTH SCIENCES TRUST,6282.0,228.0
09250W10,49.84,49.85,2021-01-22,BME,BLACKROCK HEALTH SCIENCES TRUST,6282.0,228.0
09250W10,48.85,49.48,2021-01-25,BME,BLACKROCK HEALTH SCIENCES TRUST,6282.0,228.0
09250W10,48.99,48.71,2021-01-26,BME,BLACKROCK HEALTH SCIENCES TRUST,6282.0,228.0
09250W10,47.67,48.53,2021-01-27,BME,BLACKROCK HEALTH SCIENCES TRUST,6282.0,228.0
09250W10,47.98,47.47,2021-01-28,BME,BLACKROCK HEALTH SCIENCES TRUST,6282.0,228.0
09250W10,47.88,48.23,2021-01-29,BME,BLACKROCK HEALTH SCIENCES TRUST,6282.0,228.0
09250W10,48.5,48.43,2021-02-01,BME,BLACKROCK HEALTH SCIENCES TRUST,6282.0,228.0
09250W10,48.07,48.23,2021-02-02,BME,BLACKROCK HEALTH SCIENCES TRUST,6282.0,228.0
09250W10,48.05,48.05,2021-02-03,BME,BLACKROCK HEALTH SCIENCES TRUST,6282.0,228.0
09250W10,48.08,47.85,2021-02-04,BME,BLACKROCK HEALTH SCIENCES TRUST,6282.0,228.0
09250W10,49.29,48.53,2021-02-05,BME,BLACKROCK HEALTH SCIENCES TRUST,6282.0,228.0
09250W10,49.02,49.3,2021-02-08,BME,BLACKROCK HEALTH SCIENCES TRUST,6282.0,228.0
09250W10,49.41,49.13,2021-02-09,BME,BLACKROCK HEALTH SCIENCES TRUST,6282.0,228.0
09250W10,49.48,49.39,2021-02-10,BME,BLACKROCK HEALTH SCIENCES TRUST,6282.0,228.0
09250W10,49.0,49.49,2021-02-11,BME,BLACKROCK HEALTH SCIENCES TRUST,6282.0,228.0
09250W10,48.9,48.72,2021-02-12,BME,BLACKROCK HEALTH SCIENCES TRUST,6282.0,228.0
09250W10,48.425,49.0,2021-02-16,BME,BLACKROCK HEALTH SCIENCES TRUST,6282.0,228.0
09250W10,48.39,48.09,2021-02-17,BME,BLACKROCK HEALTH SCIENCES TRUST,6282.0,228.0
09250W10,48.1,48.5,2021-02-18,BME,BLACKROCK HEALTH SCIENCES TRUST,6282.0,228.0
09250W10,47.19,48.0,2021-02-19,BME,BLACKROCK HEALTH SCIENCES TRUST,6282.0,228.0
09250W10,47.44,47.12,2021-02-22,BME,BLACKROCK HEALTH SCIENCES TRUST,6282.0,228.0
09250W10,45.94,47.01,2021-02-23,BME,BLACKROCK HEALTH SCIENCES TRUST,6282.0,228.0
09250W10,46.225,46.2,2021-02-24,BME,BLACKROCK HEALTH SCIENCES TRUST,6282.0,228.0
09250W10,46.12,46.11,2021-02-25,BME,BLACKROCK HEALTH SCIENCES TRUST,6282.0,228.0
09250W10,45.74,46.31,2021-02-26,BME,BLACKROCK HEALTH SCIENCES TRUST,6282.0,228.0
09250W10,47.88,46.17,2021-03-01,BME,BLACKROCK HEALTH SCIENCES TRUST,6282.0,228.0
09250W10,46.68,48.29,2021-03-02,BME,BLACKROCK HEALTH SCIENCES TRUST,6282.0,228.0
09250W10,45.21,46.58,2021-03-03,BME,BLACKROCK HEALTH SCIENCES TRUST,6282.0,228.0
09250W10,44.61,44.92,2021-03-04,BME,BLACKROCK HEALTH SCIENCES TRUST,6282.0,228.0
09250W10,44.6265,44.75,2021-03-05,BME,BLACKROCK HEALTH SCIENCES TRUST,6282.0,228.0
09250W10,44.94,44.7,2021-03-08,BME,BLACKROCK HEALTH SCIENCES TRUST,6282.0,228.0
09250W10,45.5,45.06,2021-03-09,BME,BLACKROCK HEALTH SCIENCES TRUST,6282.0,228.0
09250W10,45.7,45.75,2021-03-10,BME,BLACKROCK HEALTH SCIENCES TRUST,6282.0,228.0
09250W10,45.92,46.27,2021-03-11,BME,BLACKROCK HEALTH SCIENCES TRUST,6282.0,228.0
09250W10,45.91,45.74,2021-03-12,BME,BLACKROCK HEALTH SCIENCES TRUST,6282.0,228.0
09250W10,46.59,45.88,2021-03-15,BME,BLACKROCK HEALTH SCIENCES TRUST,6282.0,228.0
09250W10,45.9,46.67,2021-03-16,BME,BLACKROCK HEALTH SCIENCES TRUST,6282.0,228.0
09250W10,45.85,45.61,2021-03-17,BME,BLACKROCK HEALTH SCIENCES TRUST,6282.0,228.0
09250W10,45.58,45.46,2021-03-18,BME,BLACKROCK HEALTH SCIENCES TRUST,6282.0,228.0
09250W10,45.67,45.53,2021-03-19,BME,BLACKROCK HEALTH SCIENCES TRUST,6282.0,228.0
09250W10,46.06,45.69,2021-03-22,BME,BLACKROCK HEALTH SCIENCES TRUST,6282.0,228.0
09250W10,45.5,45.79,2021-03-23,BME,BLACKROCK HEALTH SCIENCES TRUST,6282.0,228.0
09250W10,45.28,45.5,2021-03-24,BME,BLACKROCK HEALTH SCIENCES TRUST,6282.0,228.0
09250W10,45.14,44.93,2021-03-25,BME,BLACKROCK HEALTH SCIENCES TRUST,6282.0,228.0
09250W10,45.3,45.33,2021-03-26,BME,BLACKROCK HEALTH SCIENCES TRUST,6282.0,228.0
09250W10,46.02,45.3,2021-03-29,BME,BLACKROCK HEALTH SCIENCES TRUST,6282.0,228.0
09250W10,45.73,45.94,2021-03-30,BME,BLACKROCK HEALTH SCIENCES TRUST,6282.0,228.0
09250W10,46.25,46.02,2021-03-31,BME,BLACKROCK HEALTH SCIENCES TRUST,6282.0,228.0
09250W10,46.75,46.25,2021-04-01,BME,BLACKROCK HEALTH SCIENCES TRUST,6282.0,228.0
09250W10,46.94,46.92,2021-04-05,BME,BLACKROCK HEALTH SCIENCES TRUST,6282.0,228.0
09250W10,46.67,46.94,2021-04-06,BME,BLACKROCK HEALTH SCIENCES TRUST,6282.0,228.0
09250W10,46.54,46.46,2021-04-07,BME,BLACKROCK HEALTH SCIENCES TRUST,6282.0,228.0
09250W10,46.68,46.65,2021-04-08,BME,BLACKROCK HEALTH SCIENCES TRUST,6282.0,228.0
09250W10,47.125,46.69,2021-04-09,BME,BLACKROCK HEALTH SCIENCES TRUST,6282.0,228.0
09250W10,47.41,46.9,2021-04-12,BME,BLACKROCK HEALTH SCIENCES TRUST,6282.0,228.0
09250W10,47.72,47.56,2021-04-13,BME,BLACKROCK HEALTH SCIENCES TRUST,6282.0,228.0
09250W10,48.83,48.5,2021-04-14,BME,BLACKROCK HEALTH SCIENCES TRUST,6282.0,228.0
09250W10,49.15,49.12,2021-04-15,BME,BLACKROCK HEALTH SCIENCES TRUST,6282.0,228.0
09250W10,48.8,49.26,2021-04-16,BME,BLACKROCK HEALTH SCIENCES TRUST,6282.0,228.0
09250W10,48.7,48.5,2021-04-19,BME,BLACKROCK HEALTH SCIENCES TRUST,6282.0,228.0
09250W10,47.9,48.57,2021-04-20,BME,BLACKROCK HEALTH SCIENCES TRUST,6282.0,228.0
09250W10,48.55,47.85,2021-04-21,BME,BLACKROCK HEALTH SCIENCES TRUST,6282.0,228.0
09250W10,47.97,48.56,2021-04-22,BME,BLACKROCK HEALTH SCIENCES TRUST,6282.0,228.0
09250W10,48.25,48.15,2021-04-23,BME,BLACKROCK HEALTH SCIENCES TRUST,6282.0,228.0
09250W10,48.57,48.49,2021-04-26,BME,BLACKROCK HEALTH SCIENCES TRUST,6282.0,228.0
09250W10,48.85,48.75,2021-04-27,BME,BLACKROCK HEALTH SCIENCES TRUST,6282.0,228.0
09250W10,48.44,48.84,2021-04-28,BME,BLACKROCK HEALTH SCIENCES TRUST,6282.0,228.0
09250W10,47.85,48.73,2021-04-29,BME,BLACKROCK HEALTH SCIENCES TRUST,6282.0,228.0
09250W10,48.04,47.92,2021-04-30,BME,BLACKROCK HEALTH SCIENCES TRUST,6282.0,228.0
09250W10,49.63,48.1,2021-05-03,BME,BLACKROCK HEALTH SCIENCES TRUST,6282.0,228.0
09250W10,49.08,49.4,2021-05-04,BME,BLACKROCK HEALTH SCIENCES TRUST,6282.0,228.0
09250W10,48.89,49.17,2021-05-05,BME,BLACKROCK HEALTH SCIENCES TRUST,6282.0,228.0
09250W10,47.75,48.65,2021-05-06,BME,BLACKROCK HEALTH SCIENCES TRUST,6282.0,228.0
09250W10,47.87,47.58,2021-05-07,BME,BLACKROCK HEALTH SCIENCES TRUST,6282.0,228.0
09250W10,48.06,47.95,2021-05-10,BME,BLACKROCK HEALTH SCIENCES TRUST,6282.0,228.0
09250W10,47.62,47.52,2021-05-11,BME,BLACKROCK HEALTH SCIENCES TRUST,6282.0,228.0
09250W10,46.22,47.49,2021-05-12,BME,BLACKROCK HEALTH SCIENCES TRUST,6282.0,228.0
09250W10,46.64,46.11,2021-05-13,BME,BLACKROCK HEALTH SCIENCES TRUST,6282.0,228.0
09250W10,46.99,46.73,2021-05-14,BME,BLACKROCK HEALTH SCIENCES TRUST,6282.0,228.0
09250W10,46.69,46.64,2021-05-17,BME,BLACKROCK HEALTH SCIENCES TRUST,6282.0,228.0
09250W10,47.0,46.67,2021-05-18,BME,BLACKROCK HEALTH SCIENCES TRUST,6282.0,228.0
09250W10,46.61,46.82,2021-05-19,BME,BLACKROCK HEALTH SCIENCES TRUST,6282.0,228.0
09250W10,47.432,46.74,2021-05-20,BME,BLACKROCK HEALTH SCIENCES TRUST,6282.0,228.0
09250W10,47.24,47.58,2021-05-21,BME,BLACKROCK HEALTH SCIENCES TRUST,6282.0,228.0
09250W10,47.54,47.32,2021-05-24,BME,BLACKROCK HEALTH SCIENCES TRUST,6282.0,228.0
09250W10,47.64,47.47,2021-05-25,BME,BLACKROCK HEALTH SCIENCES TRUST,6282.0,228.0
09250W10,47.61,47.64,2021-05-26,BME,BLACKROCK HEALTH SCIENCES TRUST,6282.0,228.0
09250W10,47.66,47.79,2021-05-27,BME,BLACKROCK HEALTH SCIENCES TRUST,6282.0,228.0
09250W10,47.86,47.84,2021-05-28,BME,BLACKROCK HEALTH SCIENCES TRUST,6282.0,228.0
09250W10,47.4,48.04,2021-06-01,BME,BLACKROCK HEALTH SCIENCES TRUST,6282.0,228.0
09250W10,47.03,47.35,2021-06-02,BME,BLACKROCK HEALTH SCIENCES TRUST,6282.0,228.0
09250W10,47.05,46.91,2021-06-03,BME,BLACKROCK HEALTH SCIENCES TRUST,6282.0,228.0
09250W10,47.05,47.35,2021-06-04,BME,BLACKROCK HEALTH SCIENCES TRUST,6282.0,228.0
09250W10,47.54,47.05,2021-06-07,BME,BLACKROCK HEALTH SCIENCES TRUST,6282.0,228.0
09250W10,47.35,47.55,2021-06-08,BME,BLACKROCK HEALTH SCIENCES TRUST,6282.0,228.0
09250W10,47.56,47.33,2021-06-09,BME,BLACKROCK HEALTH SCIENCES TRUST,6282.0,228.0
09250W10,48.48,47.68,2021-06-10,BME,BLACKROCK HEALTH SCIENCES TRUST,6282.0,228.0
09250W10,48.19,48.41,2021-06-11,BME,BLACKROCK HEALTH SCIENCES TRUST,6282.0,228.0
09250W10,48.08,47.99,2021-06-14,BME,BLACKROCK HEALTH SCIENCES TRUST,6282.0,228.0
09250W10,47.98,48.23,2021-06-15,BME,BLACKROCK HEALTH SCIENCES TRUST,6282.0,228.0
09250W10,47.91,48.05,2021-06-16,BME,BLACKROCK HEALTH SCIENCES TRUST,6282.0,228.0
09250W10,47.93,48.18,2021-06-17,BME,BLACKROCK HEALTH SCIENCES TRUST,6282.0,228.0
09250W10,47.85,48.01,2021-06-18,BME,BLACKROCK HEALTH SCIENCES TRUST,6282.0,228.0
09250W10,47.97,47.85,2021-06-21,BME,BLACKROCK HEALTH SCIENCES TRUST,6282.0,228.0
09250W10,48.06,47.9,2021-06-22,BME,BLACKROCK HEALTH SCIENCES TRUST,6282.0,228.0
09250W10,48.19,48.15,2021-06-23,BME,BLACKROCK HEALTH SCIENCES TRUST,6282.0,228.0
09250W10,48.35,48.28,2021-06-24,BME,BLACKROCK HEALTH SCIENCES TRUST,6282.0,228.0
09250W10,48.78,48.48,2021-06-25,BME,BLACKROCK HEALTH SCIENCES TRUST,6282.0,228.0
09250W10,48.56,48.74,2021-06-28,BME,BLACKROCK HEALTH SCIENCES TRUST,6282.0,228.0
09250W10,48.41,48.43,2021-06-29,BME,BLACKROCK HEALTH SCIENCES TRUST,6282.0,228.0
09250W10,48.5,48.35,2021-06-30,BME,BLACKROCK HEALTH SCIENCES TRUST,6282.0,228.0
09250W10,48.9,48.42,2021-07-01,BME,BLACKROCK HEALTH SCIENCES TRUST,6282.0,228.0
09250W10,49.0,48.94,2021-07-02,BME,BLACKROCK HEALTH SCIENCES TRUST,6282.0,228.0
09250W10,48.97,49.3,2021-07-06,BME,BLACKROCK HEALTH SCIENCES TRUST,6282.0,228.0
09250W10,49.02,49.06,2021-07-07,BME,BLACKROCK HEALTH SCIENCES TRUST,6282.0,228.0
09250W10,48.79,48.5,2021-07-08,BME,BLACKROCK HEALTH SCIENCES TRUST,6282.0,228.0
09250W10,49.07,49.07,2021-07-09,BME,BLACKROCK HEALTH SCIENCES TRUST,6282.0,228.0
09250W10,49.33,48.97,2021-07-12,BME,BLACKROCK HEALTH SCIENCES TRUST,6282.0,228.0
09250W10,49.38,49.33,2021-07-13,BME,BLACKROCK HEALTH SCIENCES TRUST,6282.0,228.0
09250W10,49.44,49.5,2021-07-14,BME,BLACKROCK HEALTH SCIENCES TRUST,6282.0,228.0
09250W10,49.37,49.31,2021-07-15,BME,BLACKROCK HEALTH SCIENCES TRUST,6282.0,228.0
09250W10,49.16,49.27,2021-07-16,BME,BLACKROCK HEALTH SCIENCES TRUST,6282.0,228.0
09250W10,48.4,49.0,2021-07-19,BME,BLACKROCK HEALTH SCIENCES TRUST,6282.0,228.0
09250W10,49.05,48.57,2021-07-20,BME,BLACKROCK HEALTH SCIENCES TRUST,6282.0,228.0
09250W10,49.0,48.92,2021-07-21,BME,BLACKROCK HEALTH SCIENCES TRUST,6282.0,228.0
09250W10,48.9817,49.0,2021-07-22,BME,BLACKROCK HEALTH SCIENCES TRUST,6282.0,228.0
09250W10,49.4,49.15,2021-07-23,BME,BLACKROCK HEALTH SCIENCES TRUST,6282.0,228.0
09250W10,48.8,49.22,2021-07-26,BME,BLACKROCK HEALTH SCIENCES TRUST,6282.0,228.0
09250W10,48.69,48.72,2021-07-27,BME,BLACKROCK HEALTH SCIENCES TRUST,6282.0,228.0
09250W10,49.02,48.68,2021-07-28,BME,BLACKROCK HEALTH SCIENCES TRUST,6282.0,228.0
09250W10,48.97,48.93,2021-07-29,BME,BLACKROCK HEALTH SCIENCES TRUST,6282.0,228.0
09250W10,48.76,48.99,2021-07-30,BME,BLACKROCK HEALTH SCIENCES TRUST,6282.0,228.0
09250W10,49.16,49.31,2021-08-02,BME,BLACKROCK HEALTH SCIENCES TRUST,6282.0,228.0
09250W10,49.36,49.17,2021-08-03,BME,BLACKROCK HEALTH SCIENCES TRUST,6282.0,228.0
09250W10,49.37,49.3,2021-08-04,BME,BLACKROCK HEALTH SCIENCES TRUST,6282.0,228.0
09250W10,48.94,49.29,2021-08-05,BME,BLACKROCK HEALTH SCIENCES TRUST,6282.0,228.0
09250W10,49.03,48.85,2021-08-06,BME,BLACKROCK HEALTH SCIENCES TRUST,6282.0,228.0
09250W10,49.04,49.25,2021-08-09,BME,BLACKROCK HEALTH SCIENCES TRUST,6282.0,228.0
09250W10,49.0,48.97,2021-08-10,BME,BLACKROCK HEALTH SCIENCES TRUST,6282.0,228.0
09250W10,48.72,49.44,2021-08-11,BME,BLACKROCK HEALTH SCIENCES TRUST,6282.0,228.0
09250W10,48.52,48.7,2021-08-12,BME,BLACKROCK HEALTH SCIENCES TRUST,6282.0,228.0
09250W10,48.66,48.47,2021-08-13,BME,BLACKROCK HEALTH SCIENCES TRUST,6282.0,228.0
09250W10,49.06,48.72,2021-08-16,BME,BLACKROCK HEALTH SCIENCES TRUST,6282.0,228.0
09250W10,49.08,48.89,2021-08-17,BME,BLACKROCK HEALTH SCIENCES TRUST,6282.0,228.0
09250W10,48.84,49.15,2021-08-18,BME,BLACKROCK HEALTH SCIENCES TRUST,6282.0,228.0
09250W10,48.51,48.57,2021-08-19,BME,BLACKROCK HEALTH SCIENCES TRUST,6282.0,228.0
09250W10,48.58,48.5,2021-08-20,BME,BLACKROCK HEALTH SCIENCES TRUST,6282.0,228.0
09250W10,48.45,48.69,2021-08-23,BME,BLACKROCK HEALTH SCIENCES TRUST,6282.0,228.0
09250W10,48.65,48.67,2021-08-24,BME,BLACKROCK HEALTH SCIENCES TRUST,6282.0,228.0
09250W10,48.61,48.7,2021-08-25,BME,BLACKROCK HEALTH SCIENCES TRUST,6282.0,228.0
09250W10,48.14,48.56,2021-08-26,BME,BLACKROCK HEALTH SCIENCES TRUST,6282.0,228.0
09250W10,48.24,48.38,2021-08-27,BME,BLACKROCK HEALTH SCIENCES TRUST,6282.0,228.0
09250W10,48.43,48.21,2021-08-30,BME,BLACKROCK HEALTH SCIENCES TRUST,6282.0,228.0
09250W10,48.51,48.56,2021-08-31,BME,BLACKROCK HEALTH SCIENCES TRUST,6282.0,228.0
09250W10,48.58,48.74,2021-09-01,BME,BLACKROCK HEALTH SCIENCES TRUST,6282.0,228.0
09250W10,48.87,48.6,2021-09-02,BME,BLACKROCK HEALTH SCIENCES TRUST,6282.0,228.0
09250W10,49.0,48.93,2021-09-03,BME,BLACKROCK HEALTH SCIENCES TRUST,6282.0,228.0
09250W10,49.06,48.81,2021-09-07,BME,BLACKROCK HEALTH SCIENCES TRUST,6282.0,228.0
09250W10,49.06,49.18,2021-09-08,BME,BLACKROCK HEALTH SCIENCES TRUST,6282.0,228.0
09250W10,48.9,48.93,2021-09-09,BME,BLACKROCK HEALTH SCIENCES TRUST,6282.0,228.0
09250W10,48.95,49.2,2021-09-10,BME,BLACKROCK HEALTH SCIENCES TRUST,6282.0,228.0
09250W10,48.9,49.2,2021-09-13,BME,BLACKROCK HEALTH SCIENCES TRUST,6282.0,228.0
09250W10,48.69,48.93,2021-09-14,BME,BLACKROCK HEALTH SCIENCES TRUST,6282.0,228.0
09250W10,48.51,48.51,2021-09-15,BME,BLACKROCK HEALTH SCIENCES TRUST,6282.0,228.0
09250W10,48.31,48.57,2021-09-16,BME,BLACKROCK HEALTH SCIENCES TRUST,6282.0,228.0
09250W10,48.24,48.38,2021-09-17,BME,BLACKROCK HEALTH SCIENCES TRUST,6282.0,228.0
09250W10,47.63,48.1,2021-09-20,BME,BLACKROCK HEALTH SCIENCES TRUST,6282.0,228.0
09250W10,48.04,47.76,2021-09-21,BME,BLACKROCK HEALTH SCIENCES TRUST,6282.0,228.0
09250W10,47.97,48.04,2021-09-22,BME,BLACKROCK HEALTH SCIENCES TRUST,6282.0,228.0
09250W10,48.28,48.26,2021-09-23,BME,BLACKROCK HEALTH SCIENCES TRUST,6282.0,228.0
09250W10,48.225,48.15,2021-09-24,BME,BLACKROCK HEALTH SCIENCES TRUST,6282.0,228.0
09250W10,47.6,48.2,2021-09-27,BME,BLACKROCK HEALTH SCIENCES TRUST,6282.0,228.0
09250W10,47.41,47.62,2021-09-28,BME,BLACKROCK HEALTH SCIENCES TRUST,6282.0,228.0
09250W10,47.27,47.51,2021-09-29,BME,BLACKROCK HEALTH SCIENCES TRUST,6282.0,228.0
09250W10,47.65,47.93,2021-09-30,BME,BLACKROCK HEALTH SCIENCES TRUST,6282.0,228.0
09250W10,47.59,48.19,2021-10-01,BME,BLACKROCK HEALTH SCIENCES TRUST,6282.0,228.0
09250W10,46.42,47.41,2021-10-04,BME,BLACKROCK HEALTH SCIENCES TRUST,6282.0,228.0
09250W10,46.42,46.45,2021-10-05,BME,BLACKROCK HEALTH SCIENCES TRUST,6282.0,228.0
09250W10,46.21,46.21,2021-10-06,BME,BLACKROCK HEALTH SCIENCES TRUST,6282.0,228.0
09250W10,46.86,46.53,2021-10-07,BME,BLACKROCK HEALTH SCIENCES TRUST,6282.0,228.0
09250W10,46.77,46.99,2021-10-08,BME,BLACKROCK HEALTH SCIENCES TRUST,6282.0,228.0
09250W10,46.38,46.61,2021-10-11,BME,BLACKROCK HEALTH SCIENCES TRUST,6282.0,228.0
09250W10,45.97,46.37,2021-10-12,BME,BLACKROCK HEALTH SCIENCES TRUST,6282.0,228.0
09250W10,46.15,46.15,2021-10-13,BME,BLACKROCK HEALTH SCIENCES TRUST,6282.0,228.0
09250W10,46.69,46.27,2021-10-14,BME,BLACKROCK HEALTH SCIENCES TRUST,6282.0,228.0
09250W10,47.01,47.21,2021-10-15,BME,BLACKROCK HEALTH SCIENCES TRUST,6282.0,228.0
09250W10,46.71,47.21,2021-10-18,BME,BLACKROCK HEALTH SCIENCES TRUST,6282.0,228.0
09250W10,47.05,46.69,2021-10-19,BME,BLACKROCK HEALTH SCIENCES TRUST,6282.0,228.0
09250W10,47.76,47.28,2021-10-20,BME,BLACKROCK HEALTH SCIENCES TRUST,6282.0,228.0
09250W10,47.74,47.63,2021-10-21,BME,BLACKROCK HEALTH SCIENCES TRUST,6282.0,228.0
09250W10,47.73,47.66,2021-10-22,BME,BLACKROCK HEALTH SCIENCES TRUST,6282.0,228.0
09250W10,47.775,47.64,2021-10-25,BME,BLACKROCK HEALTH SCIENCES TRUST,6282.0,228.0
09250W10,48.02,47.85,2021-10-26,BME,BLACKROCK HEALTH SCIENCES TRUST,6282.0,228.0
09250W10,47.47,48.1,2021-10-27,BME,BLACKROCK HEALTH SCIENCES TRUST,6282.0,228.0
09250W10,47.84,47.47,2021-10-28,BME,BLACKROCK HEALTH SCIENCES TRUST,6282.0,228.0
09250W10,47.99,48.0,2021-10-29,BME,BLACKROCK HEALTH SCIENCES TRUST,6282.0,228.0
09250W10,48.32,48.07,2021-11-01,BME,BLACKROCK HEALTH SCIENCES TRUST,6282.0,228.0
09250W10,48.12,48.23,2021-11-02,BME,BLACKROCK HEALTH SCIENCES TRUST,6282.0,228.0
09250W10,48.37,48.25,2021-11-03,BME,BLACKROCK HEALTH SCIENCES TRUST,6282.0,228.0
09250W10,47.97,48.3,2021-11-04,BME,BLACKROCK HEALTH SCIENCES TRUST,6282.0,228.0
09250W10,47.84,47.89,2021-11-05,BME,BLACKROCK HEALTH SCIENCES TRUST,6282.0,228.0
09250W10,48.4,48.13,2021-11-08,BME,BLACKROCK HEALTH SCIENCES TRUST,6282.0,228.0
09250W10,48.28,48.3,2021-11-09,BME,BLACKROCK HEALTH SCIENCES TRUST,6282.0,228.0
09250W10,48.43,48.33,2021-11-10,BME,BLACKROCK HEALTH SCIENCES TRUST,6282.0,228.0
09250W10,48.2,48.54,2021-11-11,BME,BLACKROCK HEALTH SCIENCES TRUST,6282.0,228.0
09250W10,48.06,48.16,2021-11-12,BME,BLACKROCK HEALTH SCIENCES TRUST,6282.0,228.0
09250W10,48.06,48.08,2021-11-15,BME,BLACKROCK HEALTH SCIENCES TRUST,6282.0,228.0
09250W10,47.8,48.04,2021-11-16,BME,BLACKROCK HEALTH SCIENCES TRUST,6282.0,228.0
09250W10,47.72,47.74,2021-11-17,BME,BLACKROCK HEALTH SCIENCES TRUST,6282.0,228.0
09250W10,47.67,47.64,2021-11-18,BME,BLACKROCK HEALTH SCIENCES TRUST,6282.0,228.0
09250W10,47.3,47.57,2021-11-19,BME,BLACKROCK HEALTH SCIENCES TRUST,6282.0,228.0
09250W10,47.15,47.28,2021-11-22,BME,BLACKROCK HEALTH SCIENCES TRUST,6282.0,228.0
09250W10,46.78,46.99,2021-11-23,BME,BLACKROCK HEALTH SCIENCES TRUST,6282.0,228.0
09250W10,46.83,46.56,2021-11-24,BME,BLACKROCK HEALTH SCIENCES TRUST,6282.0,228.0
09250W10,46.74,46.95,2021-11-26,BME,BLACKROCK HEALTH SCIENCES TRUST,6282.0,228.0
09250W10,46.93,46.85,2021-11-29,BME,BLACKROCK HEALTH SCIENCES TRUST,6282.0,228.0
09250W10,46.29,46.68,2021-11-30,BME,BLACKROCK HEALTH SCIENCES TRUST,6282.0,228.0
09250W10,46.56,46.73,2021-12-01,BME,BLACKROCK HEALTH SCIENCES TRUST,6282.0,228.0
09250W10,45.5,46.49,2021-12-02,BME,BLACKROCK HEALTH SCIENCES TRUST,6282.0,228.0
09250W10,45.57,45.79,2021-12-03,BME,BLACKROCK HEALTH SCIENCES TRUST,6282.0,228.0
09250W10,45.86,45.45,2021-12-06,BME,BLACKROCK HEALTH SCIENCES TRUST,6282.0,228.0
09250W10,46.38,46.08,2021-12-07,BME,BLACKROCK HEALTH SCIENCES TRUST,6282.0,228.0
09250W10,46.77,46.44,2021-12-08,BME,BLACKROCK HEALTH SCIENCES TRUST,6282.0,228.0
09250W10,46.95,46.72,2021-12-09,BME,BLACKROCK HEALTH SCIENCES TRUST,6282.0,228.0
09250W10,46.75,46.76,2021-12-10,BME,BLACKROCK HEALTH SCIENCES TRUST,6282.0,228.0
09250W10,47.16,46.5,2021-12-13,BME,BLACKROCK HEALTH SCIENCES TRUST,6282.0,228.0
09250W10,47.16,47.06,2021-12-14,BME,BLACKROCK HEALTH SCIENCES TRUST,6282.0,228.0
09250W10,47.52,47.16,2021-12-15,BME,BLACKROCK HEALTH SCIENCES TRUST,6282.0,228.0
09250W10,47.36,47.26,2021-12-16,BME,BLACKROCK HEALTH SCIENCES TRUST,6282.0,228.0
09250W10,47.44,47.07,2021-12-17,BME,BLACKROCK HEALTH SCIENCES TRUST,6282.0,228.0
09250W10,47.09,47.42,2021-12-20,BME,BLACKROCK HEALTH SCIENCES TRUST,6282.0,228.0
09250W10,47.5,47.33,2021-12-21,BME,BLACKROCK HEALTH SCIENCES TRUST,6282.0,228.0
09250W10,48.07,47.32,2021-12-22,BME,BLACKROCK HEALTH SCIENCES TRUST,6282.0,228.0
09250W10,48.3,48.29,2021-12-23,BME,BLACKROCK HEALTH SCIENCES TRUST,6282.0,228.0
09250W10,48.15,48.19,2021-12-27,BME,BLACKROCK HEALTH SCIENCES TRUST,6282.0,228.0
09250W10,48.19,48.16,2021-12-28,BME,BLACKROCK HEALTH SCIENCES TRUST,6282.0,228.0
09250W10,48.58,48.26,2021-12-29,BME,BLACKROCK HEALTH SCIENCES TRUST,6282.0,228.0
09250W10,48.62,48.65,2021-12-30,BME,BLACKROCK HEALTH SCIENCES TRUST,6282.0,228.0
09250W10,48.5,48.76,2021-12-31,BME,BLACKROCK HEALTH SCIENCES TRUST,6282.0,228.0
09250W10,48.09,48.78,2022-01-03,BME,BLACKROCK HEALTH SCIENCES TRUST,6282.0,228.0
09250W10,48.2,48.33,2022-01-04,BME,BLACKROCK HEALTH SCIENCES TRUST,6282.0,228.0
09250W10,47.9,48.15,2022-01-05,BME,BLACKROCK HEALTH SCIENCES TRUST,6282.0,228.0
09250W10,47.6,47.86,2022-01-06,BME,BLACKROCK HEALTH SCIENCES TRUST,6282.0,228.0
09250W10,47.52,47.6,2022-01-07,BME,BLACKROCK HEALTH SCIENCES TRUST,6282.0,228.0
09250W10,47.22,47.52,2022-01-10,BME,BLACKROCK HEALTH SCIENCES TRUST,6282.0,228.0
09250W10,47.93,47.41,2022-01-11,BME,BLACKROCK HEALTH SCIENCES TRUST,6282.0,228.0
09250W10,47.5,48.01,2022-01-12,BME,BLACKROCK HEALTH SCIENCES TRUST,6282.0,228.0
09250W10,46.5,47.35,2022-01-13,BME,BLACKROCK HEALTH SCIENCES TRUST,6282.0,228.0
09250W10,45.92,46.24,2022-01-14,BME,BLACKROCK HEALTH SCIENCES TRUST,6282.0,228.0
09250W10,45.26,45.6,2022-01-18,BME,BLACKROCK HEALTH SCIENCES TRUST,6282.0,228.0
09250W10,44.97,45.22,2022-01-19,BME,BLACKROCK HEALTH SCIENCES TRUST,6282.0,228.0
09250W10,45.33,45.0,2022-01-20,BME,BLACKROCK HEALTH SCIENCES TRUST,6282.0,228.0
09250W10,44.17,45.21,2022-01-21,BME,BLACKROCK HEALTH SCIENCES TRUST,6282.0,228.0
09250W10,43.8,43.76,2022-01-24,BME,BLACKROCK HEALTH SCIENCES TRUST,6282.0,228.0
09250W10,43.79,43.42,2022-01-25,BME,BLACKROCK HEALTH SCIENCES TRUST,6282.0,228.0
09250W10,43.44,43.74,2022-01-26,BME,BLACKROCK HEALTH SCIENCES TRUST,6282.0,228.0
09250W10,43.41,43.58,2022-01-27,BME,BLACKROCK HEALTH SCIENCES TRUST,6282.0,228.0
09250W10,43.96,43.29,2022-01-28,BME,BLACKROCK HEALTH SCIENCES TRUST,6282.0,228.0
09250W10,45.1,44.05,2022-01-31,BME,BLACKROCK HEALTH SCIENCES TRUST,6282.0,228.0
09250W10,45.06,45.12,2022-02-01,BME,BLACKROCK HEALTH SCIENCES TRUST,6282.0,228.0
09250W10,45.05,44.98,2022-02-02,BME,BLACKROCK HEALTH SCIENCES TRUST,6282.0,228.0
09250W10,44.8,44.61,2022-02-03,BME,BLACKROCK HEALTH SCIENCES TRUST,6282.0,228.0
09250W10,45.05,44.51,2022-02-04,BME,BLACKROCK HEALTH SCIENCES TRUST,6282.0,228.0
09250W10,44.57,45.21,2022-02-07,BME,BLACKROCK HEALTH SCIENCES TRUST,6282.0,228.0
09250W10,44.9,44.47,2022-02-08,BME,BLACKROCK HEALTH SCIENCES TRUST,6282.0,228.0
09250W10,45.72,45.39,2022-02-09,BME,BLACKROCK HEALTH SCIENCES TRUST,6282.0,228.0
09250W10,44.93,45.36,2022-02-10,BME,BLACKROCK HEALTH SCIENCES TRUST,6282.0,228.0
09250W10,43.98,44.73,2022-02-11,BME,BLACKROCK HEALTH SCIENCES TRUST,6282.0,228.0
09250W10,43.41,43.77,2022-02-14,BME,BLACKROCK HEALTH SCIENCES TRUST,6282.0,228.0
09250W10,44.43,43.54,2022-02-15,BME,BLACKROCK HEALTH SCIENCES TRUST,6282.0,228.0
09250W10,43.8,44.22,2022-02-16,BME,BLACKROCK HEALTH SCIENCES TRUST,6282.0,228.0
09250W10,43.01,43.5,2022-02-17,BME,BLACKROCK HEALTH SCIENCES TRUST,6282.0,228.0
09250W10,42.31,42.98,2022-02-18,BME,BLACKROCK HEALTH SCIENCES TRUST,6282.0,228.0
09250W10,41.93,42.0,2022-02-22,BME,BLACKROCK HEALTH SCIENCES TRUST,6282.0,228.0
09250W10,41.7,42.09,2022-02-23,BME,BLACKROCK HEALTH SCIENCES TRUST,6282.0,228.0
09250W10,42.22,41.19,2022-02-24,BME,BLACKROCK HEALTH SCIENCES TRUST,6282.0,228.0
09250W10,43.48,42.53,2022-02-25,BME,BLACKROCK HEALTH SCIENCES TRUST,6282.0,228.0
09250W10,43.19,43.53,2022-02-28,BME,BLACKROCK HEALTH SCIENCES TRUST,6282.0,228.0
09250W10,43.03,43.23,2022-03-01,BME,BLACKROCK HEALTH SCIENCES TRUST,6282.0,228.0
09250W10,43.72,43.15,2022-03-02,BME,BLACKROCK HEALTH SCIENCES TRUST,6282.0,228.0
09250W10,43.65,43.74,2022-03-03,BME,BLACKROCK HEALTH SCIENCES TRUST,6282.0,228.0
09250W10,43.43,43.41,2022-03-04,BME,BLACKROCK HEALTH SCIENCES TRUST,6282.0,228.0
09250W10,42.53,43.17,2022-03-07,BME,BLACKROCK HEALTH SCIENCES TRUST,6282.0,228.0
09250W10,41.91,42.48,2022-03-08,BME,BLACKROCK HEALTH SCIENCES TRUST,6282.0,228.0
09250W10,42.82,42.43,2022-03-09,BME,BLACKROCK HEALTH SCIENCES TRUST,6282.0,228.0
09250W10,42.3,41.95,2022-03-10,BME,BLACKROCK HEALTH SCIENCES TRUST,6282.0,228.0
09250W10,41.84,42.5,2022-03-11,BME,BLACKROCK HEALTH SCIENCES TRUST,6282.0,228.0
09250W10,41.57,41.61,2022-03-14,BME,BLACKROCK HEALTH SCIENCES TRUST,6282.0,228.0
09250W10,42.15,41.5,2022-03-15,BME,BLACKROCK HEALTH SCIENCES TRUST,6282.0,228.0
09250W10,42.85,42.44,2022-03-16,BME,BLACKROCK HEALTH SCIENCES TRUST,6282.0,228.0
09250W10,43.44,42.73,2022-03-17,BME,BLACKROCK HEALTH SCIENCES TRUST,6282.0,228.0
09250W10,43.77,43.52,2022-03-18,BME,BLACKROCK HEALTH SCIENCES TRUST,6282.0,228.0
09250W10,44.02,43.77,2022-03-21,BME,BLACKROCK HEALTH SCIENCES TRUST,6282.0,228.0
09250W10,43.8,44.16,2022-03-22,BME,BLACKROCK HEALTH SCIENCES TRUST,6282.0,228.0
09250W10,43.3005,43.47,2022-03-23,BME,BLACKROCK HEALTH SCIENCES TRUST,6282.0,228.0
09250W10,43.73,43.42,2022-03-24,BME,BLACKROCK HEALTH SCIENCES TRUST,6282.0,228.0
09250W10,43.77,43.91,2022-03-25,BME,BLACKROCK HEALTH SCIENCES TRUST,6282.0,228.0
09250W10,44.03,43.82,2022-03-28,BME,BLACKROCK HEALTH SCIENCES TRUST,6282.0,228.0
09250W10,44.53,44.29,2022-03-29,BME,BLACKROCK HEALTH SCIENCES TRUST,6282.0,228.0
09250W10,44.83,44.5,2022-03-30,BME,BLACKROCK HEALTH SCIENCES TRUST,6282.0,228.0
09250W10,45.52,45.03,2022-03-31,BME,BLACKROCK HEALTH SCIENCES TRUST,6282.0,228.0
09250W10,46.31,45.63,2022-04-01,BME,BLACKROCK HEALTH SCIENCES TRUST,6282.0,228.0
09250W10,46.0,46.37,2022-04-04,BME,BLACKROCK HEALTH SCIENCES TRUST,6282.0,228.0
09250W10,45.76,45.8,2022-04-05,BME,BLACKROCK HEALTH SCIENCES TRUST,6282.0,228.0
09250W10,46.49,45.75,2022-04-06,BME,BLACKROCK HEALTH SCIENCES TRUST,6282.0,228.0
09250W10,46.54,46.4,2022-04-07,BME,BLACKROCK HEALTH SCIENCES TRUST,6282.0,228.0
09250W10,46.86,46.79,2022-04-08,BME,BLACKROCK HEALTH SCIENCES TRUST,6282.0,228.0
09250W10,46.09,46.57,2022-04-11,BME,BLACKROCK HEALTH SCIENCES TRUST,6282.0,228.0
09250W10,45.83,46.19,2022-04-12,BME,BLACKROCK HEALTH SCIENCES TRUST,6282.0,228.0
09250W10,46.33,45.86,2022-04-13,BME,BLACKROCK HEALTH SCIENCES TRUST,6282.0,228.0
09250W10,46.45,46.45,2022-04-14,BME,BLACKROCK HEALTH SCIENCES TRUST,6282.0,228.0
09250W10,45.82,46.56,2022-04-18,BME,BLACKROCK HEALTH SCIENCES TRUST,6282.0,228.0
09250W10,46.21,45.87,2022-04-19,BME,BLACKROCK HEALTH SCIENCES TRUST,6282.0,228.0
09250W10,46.37,46.33,2022-04-20,BME,BLACKROCK HEALTH SCIENCES TRUST,6282.0,228.0
09250W10,45.98,46.38,2022-04-21,BME,BLACKROCK HEALTH SCIENCES TRUST,6282.0,228.0
09250W10,44.98,45.86,2022-04-22,BME,BLACKROCK HEALTH SCIENCES TRUST,6282.0,228.0
09250W10,44.75,44.31,2022-04-25,BME,BLACKROCK HEALTH SCIENCES TRUST,6282.0,228.0
09250W10,43.93,44.43,2022-04-26,BME,BLACKROCK HEALTH SCIENCES TRUST,6282.0,228.0
09250W10,43.73,43.92,2022-04-27,BME,BLACKROCK HEALTH SCIENCES TRUST,6282.0,228.0
09250W10,44.07,43.94,2022-04-28,BME,BLACKROCK HEALTH SCIENCES TRUST,6282.0,228.0
09250W10,43.37,44.05,2022-04-29,BME,BLACKROCK HEALTH SCIENCES TRUST,6282.0,228.0
09250W10,43.37,43.35,2022-05-02,BME,BLACKROCK HEALTH SCIENCES TRUST,6282.0,228.0
09250W10,43.36,43.34,2022-05-03,BME,BLACKROCK HEALTH SCIENCES TRUST,6282.0,228.0
09250W10,43.88,43.26,2022-05-04,BME,BLACKROCK HEALTH SCIENCES TRUST,6282.0,228.0
09250W10,42.87,43.85,2022-05-05,BME,BLACKROCK HEALTH SCIENCES TRUST,6282.0,228.0
09250W10,42.9,42.89,2022-05-06,BME,BLACKROCK HEALTH SCIENCES TRUST,6282.0,228.0
09250W10,41.52,42.58,2022-05-09,BME,BLACKROCK HEALTH SCIENCES TRUST,6282.0,228.0
09250W10,42.13,42.0,2022-05-10,BME,BLACKROCK HEALTH SCIENCES TRUST,6282.0,228.0
09250W10,41.82,41.91,2022-05-11,BME,BLACKROCK HEALTH SCIENCES TRUST,6282.0,228.0
09250W10,41.55,41.76,2022-05-12,BME,BLACKROCK HEALTH SCIENCES TRUST,6282.0,228.0
09250W10,42.36,41.74,2022-05-13,BME,BLACKROCK HEALTH SCIENCES TRUST,6282.0,228.0
09250W10,42.84,42.16,2022-05-16,BME,BLACKROCK HEALTH SCIENCES TRUST,6282.0,228.0
09250W10,43.02,43.23,2022-05-17,BME,BLACKROCK HEALTH SCIENCES TRUST,6282.0,228.0
09250W10,42.23,42.95,2022-05-18,BME,BLACKROCK HEALTH SCIENCES TRUST,6282.0,228.0
09250W10,42.28,41.99,2022-05-19,BME,BLACKROCK HEALTH SCIENCES TRUST,6282.0,228.0
09250W10,42.4,42.36,2022-05-20,BME,BLACKROCK HEALTH SCIENCES TRUST,6282.0,228.0
09250W10,42.66,42.69,2022-05-23,BME,BLACKROCK HEALTH SCIENCES TRUST,6282.0,228.0
09250W10,42.85,42.77,2022-05-24,BME,BLACKROCK HEALTH SCIENCES TRUST,6282.0,228.0
09250W10,43.11,42.95,2022-05-25,BME,BLACKROCK HEALTH SCIENCES TRUST,6282.0,228.0
09250W10,43.55,43.12,2022-05-26,BME,BLACKROCK HEALTH SCIENCES TRUST,6282.0,228.0
09250W10,44.245,43.65,2022-05-27,BME,BLACKROCK HEALTH SCIENCES TRUST,6282.0,228.0
09250W10,43.78,44.41,2022-05-31,BME,BLACKROCK HEALTH SCIENCES TRUST,6282.0,228.0
09250W10,43.33,43.78,2022-06-01,BME,BLACKROCK HEALTH SCIENCES TRUST,6282.0,228.0
09250W10,43.3694,43.14,2022-06-02,BME,BLACKROCK HEALTH SCIENCES TRUST,6282.0,228.0
09250W10,43.44,42.99,2022-06-03,BME,BLACKROCK HEALTH SCIENCES TRUST,6282.0,228.0
09250W10,43.21,43.63,2022-06-06,BME,BLACKROCK HEALTH SCIENCES TRUST,6282.0,228.0
09250W10,43.29,43.14,2022-06-07,BME,BLACKROCK HEALTH SCIENCES TRUST,6282.0,228.0
09250W10,43.06,43.24,2022-06-08,BME,BLACKROCK HEALTH SCIENCES TRUST,6282.0,228.0
09250W10,42.61,42.86,2022-06-09,BME,BLACKROCK HEALTH SCIENCES TRUST,6282.0,228.0
09250W10,42.05,42.3,2022-06-10,BME,BLACKROCK HEALTH SCIENCES TRUST,6282.0,228.0
09250W10,40.65,41.5,2022-06-13,BME,BLACKROCK HEALTH SCIENCES TRUST,6282.0,228.0
09250W10,40.4,40.53,2022-06-14,BME,BLACKROCK HEALTH SCIENCES TRUST,6282.0,228.0
09250W10,40.64,40.52,2022-06-15,BME,BLACKROCK HEALTH SCIENCES TRUST,6282.0,228.0
09250W10,39.97,40.28,2022-06-16,BME,BLACKROCK HEALTH SCIENCES TRUST,6282.0,228.0
09250W10,40.17,39.94,2022-06-17,BME,BLACKROCK HEALTH SCIENCES TRUST,6282.0,228.0
09250W10,40.66,40.47,2022-06-21,BME,BLACKROCK HEALTH SCIENCES TRUST,6282.0,228.0
09250W10,41.32,40.51,2022-06-22,BME,BLACKROCK HEALTH SCIENCES TRUST,6282.0,228.0
09250W10,42.0,41.62,2022-06-23,BME,BLACKROCK HEALTH SCIENCES TRUST,6282.0,228.0
09250W10,42.72,42.4,2022-06-24,BME,BLACKROCK HEALTH SCIENCES TRUST,6282.0,228.0
09250W10,42.59,42.65,2022-06-27,BME,BLACKROCK HEALTH SCIENCES TRUST,6282.0,228.0
09250W10,42.01,42.83,2022-06-28,BME,BLACKROCK HEALTH SCIENCES TRUST,6282.0,228.0
09250W10,42.6,42.03,2022-06-29,BME,BLACKROCK HEALTH SCIENCES TRUST,6282.0,228.0
09250W10,42.4,42.43,2022-06-30,BME,BLACKROCK HEALTH SCIENCES TRUST,6282.0,228.0
09250W10,43.05,42.22,2022-07-01,BME,BLACKROCK HEALTH SCIENCES TRUST,6282.0,228.0
09250W10,42.78,42.77,2022-07-05,BME,BLACKROCK HEALTH SCIENCES TRUST,6282.0,228.0
09250W10,42.87,42.8,2022-07-06,BME,BLACKROCK HEALTH SCIENCES TRUST,6282.0,228.0
09250W10,43.96,42.98,2022-07-07,BME,BLACKROCK HEALTH SCIENCES TRUST,6282.0,228.0
09250W10,43.75,43.67,2022-07-08,BME,BLACKROCK HEALTH SCIENCES TRUST,6282.0,228.0
09250W10,43.23,43.53,2022-07-11,BME,BLACKROCK HEALTH SCIENCES TRUST,6282.0,228.0
09250W10,43.42,43.44,2022-07-12,BME,BLACKROCK HEALTH SCIENCES TRUST,6282.0,228.0
09250W10,43.33,42.99,2022-07-13,BME,BLACKROCK HEALTH SCIENCES TRUST,6282.0,228.0
09250W10,43.22,42.82,2022-07-14,BME,BLACKROCK HEALTH SCIENCES TRUST,6282.0,228.0
09250W10,44.14,43.42,2022-07-15,BME,BLACKROCK HEALTH SCIENCES TRUST,6282.0,228.0
09250W10,41.8,44.14,2022-07-18,BME,BLACKROCK HEALTH SCIENCES TRUST,6282.0,228.0
09250W10,42.56,41.95,2022-07-19,BME,BLACKROCK HEALTH SCIENCES TRUST,6282.0,228.0
09250W10,42.61,42.67,2022-07-20,BME,BLACKROCK HEALTH SCIENCES TRUST,6282.0,228.0
09250W10,42.6,42.38,2022-07-21,BME,BLACKROCK HEALTH SCIENCES TRUST,6282.0,228.0
09250W10,42.58,42.92,2022-07-22,BME,BLACKROCK HEALTH SCIENCES TRUST,6282.0,228.0
09250W10,42.86,42.67,2022-07-25,BME,BLACKROCK HEALTH SCIENCES TRUST,6282.0,228.0
09250W10,43.01,42.89,2022-07-26,BME,BLACKROCK HEALTH SCIENCES TRUST,6282.0,228.0
09250W10,43.49,43.3,2022-07-27,BME,BLACKROCK HEALTH SCIENCES TRUST,6282.0,228.0
09250W10,43.41,43.43,2022-07-28,BME,BLACKROCK HEALTH SCIENCES TRUST,6282.0,228.0
09250W10,43.82,43.7,2022-07-29,BME,BLACKROCK HEALTH SCIENCES TRUST,6282.0,228.0
09250W10,44.14,43.61,2022-08-01,BME,BLACKROCK HEALTH SCIENCES TRUST,6282.0,228.0
09250W10,43.74,44.1,2022-08-02,BME,BLACKROCK HEALTH SCIENCES TRUST,6282.0,228.0
09250W10,44.0,44.01,2022-08-03,BME,BLACKROCK HEALTH SCIENCES TRUST,6282.0,228.0
09250W10,44.255,44.08,2022-08-04,BME,BLACKROCK HEALTH SCIENCES TRUST,6282.0,228.0
09250W10,43.96,44.08,2022-08-05,BME,BLACKROCK HEALTH SCIENCES TRUST,6282.0,228.0
09250W10,44.1,44.18,2022-08-08,BME,BLACKROCK HEALTH SCIENCES TRUST,6282.0,228.0
09250W10,43.59,44.2,2022-08-09,BME,BLACKROCK HEALTH SCIENCES TRUST,6282.0,228.0
09250W10,43.87,43.84,2022-08-10,BME,BLACKROCK HEALTH SCIENCES TRUST,6282.0,228.0
09250W10,43.86,43.84,2022-08-11,BME,BLACKROCK HEALTH SCIENCES TRUST,6282.0,228.0
09250W10,44.73,43.96,2022-08-12,BME,BLACKROCK HEALTH SCIENCES TRUST,6282.0,228.0
09250W10,44.96,44.73,2022-08-15,BME,BLACKROCK HEALTH SCIENCES TRUST,6282.0,228.0
09250W10,44.68,45.07,2022-08-16,BME,BLACKROCK HEALTH SCIENCES TRUST,6282.0,228.0
09250W10,43.5,44.14,2022-08-17,BME,BLACKROCK HEALTH SCIENCES TRUST,6282.0,228.0
09250W10,43.3,43.44,2022-08-18,BME,BLACKROCK HEALTH SCIENCES TRUST,6282.0,228.0
09250W10,43.33,43.08,2022-08-19,BME,BLACKROCK HEALTH SCIENCES TRUST,6282.0,228.0
09250W10,43.21,43.12,2022-08-22,BME,BLACKROCK HEALTH SCIENCES TRUST,6282.0,228.0
09250W10,42.87,43.14,2022-08-23,BME,BLACKROCK HEALTH SCIENCES TRUST,6282.0,228.0
09250W10,43.11,42.83,2022-08-24,BME,BLACKROCK HEALTH SCIENCES TRUST,6282.0,228.0
09250W10,43.2,43.31,2022-08-25,BME,BLACKROCK HEALTH SCIENCES TRUST,6282.0,228.0
09250W10,42.73,43.16,2022-08-26,BME,BLACKROCK HEALTH SCIENCES TRUST,6282.0,228.0
09250W10,42.02,42.5,2022-08-29,BME,BLACKROCK HEALTH SCIENCES TRUST,6282.0,228.0
09250W10,41.55,42.17,2022-08-30,BME,BLACKROCK HEALTH SCIENCES TRUST,6282.0,228.0
09250W10,41.29,41.89,2022-08-31,BME,BLACKROCK HEALTH SCIENCES TRUST,6282.0,228.0
09250W10,41.81,41.0,2022-09-01,BME,BLACKROCK HEALTH SCIENCES TRUST,6282.0,228.0
09250W10,42.31,42.39,2022-09-02,BME,BLACKROCK HEALTH SCIENCES TRUST,6282.0,228.0
09250W10,42.14,42.27,2022-09-06,BME,BLACKROCK HEALTH SCIENCES TRUST,6282.0,228.0
09250W10,41.8,42.17,2022-09-07,BME,BLACKROCK HEALTH SCIENCES TRUST,6282.0,228.0
09250W10,42.58,41.95,2022-09-08,BME,BLACKROCK HEALTH SCIENCES TRUST,6282.0,228.0
09250W10,42.89,42.81,2022-09-09,BME,BLACKROCK HEALTH SCIENCES TRUST,6282.0,228.0
09250W10,43.13,42.89,2022-09-12,BME,BLACKROCK HEALTH SCIENCES TRUST,6282.0,228.0
09250W10,41.98,42.47,2022-09-13,BME,BLACKROCK HEALTH SCIENCES TRUST,6282.0,228.0
09250W10,41.77,41.75,2022-09-14,BME,BLACKROCK HEALTH SCIENCES TRUST,6282.0,228.0
09250W10,42.48,41.75,2022-09-15,BME,BLACKROCK HEALTH SCIENCES TRUST,6282.0,228.0
09250W10,41.81,42.16,2022-09-16,BME,BLACKROCK HEALTH SCIENCES TRUST,6282.0,228.0
09250W10,41.64,41.48,2022-09-19,BME,BLACKROCK HEALTH SCIENCES TRUST,6282.0,228.0
09250W10,41.4,41.56,2022-09-20,BME,BLACKROCK HEALTH SCIENCES TRUST,6282.0,228.0
09250W10,40.56,41.33,2022-09-21,BME,BLACKROCK HEALTH SCIENCES TRUST,6282.0,228.0
09250W10,40.3945,40.45,2022-09-22,BME,BLACKROCK HEALTH SCIENCES TRUST,6282.0,228.0
09250W10,39.51,40.15,2022-09-23,BME,BLACKROCK HEALTH SCIENCES TRUST,6282.0,228.0
09250W10,39.27,39.71,2022-09-26,BME,BLACKROCK HEALTH SCIENCES TRUST,6282.0,228.0
09250W10,38.27,39.29,2022-09-27,BME,BLACKROCK HEALTH SCIENCES TRUST,6282.0,228.0
09250W10,39.29,38.52,2022-09-28,BME,BLACKROCK HEALTH SCIENCES TRUST,6282.0,228.0
09250W10,38.86,39.1,2022-09-29,BME,BLACKROCK HEALTH SCIENCES TRUST,6282.0,228.0
09250W10,38.82,39.07,2022-09-30,BME,BLACKROCK HEALTH SCIENCES TRUST,6282.0,228.0
09250W10,39.66,38.99,2022-10-03,BME,BLACKROCK HEALTH SCIENCES TRUST,6282.0,228.0
09250W10,40.56,40.48,2022-10-04,BME,BLACKROCK HEALTH SCIENCES TRUST,6282.0,228.0
09250W10,40.68,40.35,2022-10-05,BME,BLACKROCK HEALTH SCIENCES TRUST,6282.0,228.0
09250W10,40.17,40.57,2022-10-06,BME,BLACKROCK HEALTH SCIENCES TRUST,6282.0,228.0
09250W10,39.62,39.89,2022-10-07,BME,BLACKROCK HEALTH SCIENCES TRUST,6282.0,228.0
09250W10,39.51,39.66,2022-10-10,BME,BLACKROCK HEALTH SCIENCES TRUST,6282.0,228.0
09250W10,39.59,39.51,2022-10-11,BME,BLACKROCK HEALTH SCIENCES TRUST,6282.0,228.0
09250W10,39.37,39.59,2022-10-12,BME,BLACKROCK HEALTH SCIENCES TRUST,6282.0,228.0
09250W10,39.67,38.91,2022-10-13,BME,BLACKROCK HEALTH SCIENCES TRUST,6282.0,228.0
09250W10,39.05,39.9,2022-10-14,BME,BLACKROCK HEALTH SCIENCES TRUST,6282.0,228.0
09250W10,39.7,39.25,2022-10-17,BME,BLACKROCK HEALTH SCIENCES TRUST,6282.0,228.0
09250W10,39.83,40.36,2022-10-18,BME,BLACKROCK HEALTH SCIENCES TRUST,6282.0,228.0
09250W10,38.94,39.65,2022-10-19,BME,BLACKROCK HEALTH SCIENCES TRUST,6282.0,228.0
09250W10,38.85,39.0,2022-10-20,BME,BLACKROCK HEALTH SCIENCES TRUST,6282.0,228.0
09250W10,39.68,38.64,2022-10-21,BME,BLACKROCK HEALTH SCIENCES TRUST,6282.0,228.0
09250W10,40.42,39.7,2022-10-24,BME,BLACKROCK HEALTH SCIENCES TRUST,6282.0,228.0
09250W10,40.81,40.22,2022-10-25,BME,BLACKROCK HEALTH SCIENCES TRUST,6282.0,228.0
09250W10,41.2,40.94,2022-10-26,BME,BLACKROCK HEALTH SCIENCES TRUST,6282.0,228.0
09250W10,40.92,41.51,2022-10-27,BME,BLACKROCK HEALTH SCIENCES TRUST,6282.0,228.0
09250W10,42.04,41.02,2022-10-28,BME,BLACKROCK HEALTH SCIENCES TRUST,6282.0,228.0
09250W10,42.44,42.48,2022-10-31,BME,BLACKROCK HEALTH SCIENCES TRUST,6282.0,228.0
09250W10,43.86,42.44,2022-11-01,BME,BLACKROCK HEALTH SCIENCES TRUST,6282.0,228.0
09250W10,42.89,43.83,2022-11-02,BME,BLACKROCK HEALTH SCIENCES TRUST,6282.0,228.0
09250W10,41.97,42.57,2022-11-03,BME,BLACKROCK HEALTH SCIENCES TRUST,6282.0,228.0
09250W10,43.78,42.43,2022-11-04,BME,BLACKROCK HEALTH SCIENCES TRUST,6282.0,228.0
09250W10,44.0,43.68,2022-11-07,BME,BLACKROCK HEALTH SCIENCES TRUST,6282.0,228.0
09250W10,44.26,43.99,2022-11-08,BME,BLACKROCK HEALTH SCIENCES TRUST,6282.0,228.0
09250W10,43.96,43.9,2022-11-09,BME,BLACKROCK HEALTH SCIENCES TRUST,6282.0,228.0
09250W10,43.82,44.9,2022-11-10,BME,BLACKROCK HEALTH SCIENCES TRUST,6282.0,228.0
09250W10,43.42,43.71,2022-11-11,BME,BLACKROCK HEALTH SCIENCES TRUST,6282.0,228.0
09250W10,43.44,43.06,2022-11-14,BME,BLACKROCK HEALTH SCIENCES TRUST,6282.0,228.0
09250W10,44.84,43.7,2022-11-15,BME,BLACKROCK HEALTH SCIENCES TRUST,6282.0,228.0
09250W10,44.88,44.94,2022-11-16,BME,BLACKROCK HEALTH SCIENCES TRUST,6282.0,228.0
09250W10,43.22,44.79,2022-11-17,BME,BLACKROCK HEALTH SCIENCES TRUST,6282.0,228.0
09250W10,42.69,43.18,2022-11-18,BME,BLACKROCK HEALTH SCIENCES TRUST,6282.0,228.0
09250W10,44.22,42.86,2022-11-21,BME,BLACKROCK HEALTH SCIENCES TRUST,6282.0,228.0
09250W10,44.54,44.8,2022-11-22,BME,BLACKROCK HEALTH SCIENCES TRUST,6282.0,228.0
09250W10,43.55,44.56,2022-11-23,BME,BLACKROCK HEALTH SCIENCES TRUST,6282.0,228.0
09250W10,43.9,43.55,2022-11-25,BME,BLACKROCK HEALTH SCIENCES TRUST,6282.0,228.0
09250W10,44.8,43.93,2022-11-28,BME,BLACKROCK HEALTH SCIENCES TRUST,6282.0,228.0
09250W10,44.76,44.97,2022-11-29,BME,BLACKROCK HEALTH SCIENCES TRUST,6282.0,228.0
09250W10,44.52,44.66,2022-11-30,BME,BLACKROCK HEALTH SCIENCES TRUST,6282.0,228.0
09250W10,44.77,44.81,2022-12-01,BME,BLACKROCK HEALTH SCIENCES TRUST,6282.0,228.0
09250W10,44.57,44.66,2022-12-02,BME,BLACKROCK HEALTH SCIENCES TRUST,6282.0,228.0
09250W10,44.32,44.33,2022-12-05,BME,BLACKROCK HEALTH SCIENCES TRUST,6282.0,228.0
09250W10,44.31,44.23,2022-12-06,BME,BLACKROCK HEALTH SCIENCES TRUST,6282.0,228.0
09250W10,44.27,44.04,2022-12-07,BME,BLACKROCK HEALTH SCIENCES TRUST,6282.0,228.0
09250W10,44.855,44.51,2022-12-08,BME,BLACKROCK HEALTH SCIENCES TRUST,6282.0,228.0
09250W10,44.16,44.48,2022-12-09,BME,BLACKROCK HEALTH SCIENCES TRUST,6282.0,228.0
09250W10,43.11,43.93,2022-12-12,BME,BLACKROCK HEALTH SCIENCES TRUST,6282.0,228.0
09250W10,43.3,43.65,2022-12-13,BME,BLACKROCK HEALTH SCIENCES TRUST,6282.0,228.0
09250W10,43.55,43.25,2022-12-14,BME,BLACKROCK HEALTH SCIENCES TRUST,6282.0,228.0
09250W10,43.0,43.38,2022-12-15,BME,BLACKROCK HEALTH SCIENCES TRUST,6282.0,228.0
09250W10,42.92,42.7,2022-12-16,BME,BLACKROCK HEALTH SCIENCES TRUST,6282.0,228.0
09250W10,43.06,42.89,2022-12-19,BME,BLACKROCK HEALTH SCIENCES TRUST,6282.0,228.0
09250W10,42.68,42.9,2022-12-20,BME,BLACKROCK HEALTH SCIENCES TRUST,6282.0,228.0
09250W10,42.8,42.89,2022-12-21,BME,BLACKROCK HEALTH SCIENCES TRUST,6282.0,228.0
09250W10,42.69,42.76,2022-12-22,BME,BLACKROCK HEALTH SCIENCES TRUST,6282.0,228.0
09250W10,42.75,42.59,2022-12-23,BME,BLACKROCK HEALTH SCIENCES TRUST,6282.0,228.0
09250W10,42.52,42.56,2022-12-27,BME,BLACKROCK HEALTH SCIENCES TRUST,6282.0,228.0
09250W10,42.68,42.73,2022-12-28,BME,BLACKROCK HEALTH SCIENCES TRUST,6282.0,228.0
09250W10,43.21,42.93,2022-12-29,BME,BLACKROCK HEALTH SCIENCES TRUST,6282.0,228.0
09250W10,43.58,43.29,2022-12-30,BME,BLACKROCK HEALTH SCIENCES TRUST,6282.0,228.0
09250W10,43.42,43.83,2023-01-03,BME,BLACKROCK HEALTH SCIENCES TRUST,6282.0,228.0
09250W10,43.15,43.61,2023-01-04,BME,BLACKROCK HEALTH SCIENCES TRUST,6282.0,228.0
09250W10,43.0,42.88,2023-01-05,BME,BLACKROCK HEALTH SCIENCES TRUST,6282.0,228.0
09250W10,43.07,43.35,2023-01-06,BME,BLACKROCK HEALTH SCIENCES TRUST,6282.0,228.0
09250W10,42.7,43.34,2023-01-09,BME,BLACKROCK HEALTH SCIENCES TRUST,6282.0,228.0
09250W10,42.86,42.77,2023-01-10,BME,BLACKROCK HEALTH SCIENCES TRUST,6282.0,228.0
09250W10,43.48,43.04,2023-01-11,BME,BLACKROCK HEALTH SCIENCES TRUST,6282.0,228.0
09250W10,43.02,43.17,2023-01-12,BME,BLACKROCK HEALTH SCIENCES TRUST,6282.0,228.0
09250W10,43.18,42.92,2023-01-13,BME,BLACKROCK HEALTH SCIENCES TRUST,6282.0,228.0
09250W10,42.81,43.01,2023-01-17,BME,BLACKROCK HEALTH SCIENCES TRUST,6282.0,228.0
09250W10,42.26,42.89,2023-01-18,BME,BLACKROCK HEALTH SCIENCES TRUST,6282.0,228.0
09250W10,42.435,42.16,2023-01-19,BME,BLACKROCK HEALTH SCIENCES TRUST,6282.0,228.0
09250W10,42.28,42.45,2023-01-20,BME,BLACKROCK HEALTH SCIENCES TRUST,6282.0,228.0
09250W10,42.5,42.2,2023-01-23,BME,BLACKROCK HEALTH SCIENCES TRUST,6282.0,228.0
09250W10,42.6,42.66,2023-01-24,BME,BLACKROCK HEALTH SCIENCES TRUST,6282.0,228.0
09250W10,42.63,42.49,2023-01-25,BME,BLACKROCK HEALTH SCIENCES TRUST,6282.0,228.0
09250W10,42.79,42.84,2023-01-26,BME,BLACKROCK HEALTH SCIENCES TRUST,6282.0,228.0
09250W10,43.17,42.65,2023-01-27,BME,BLACKROCK HEALTH SCIENCES TRUST,6282.0,228.0
09250W10,42.73,42.79,2023-01-30,BME,BLACKROCK HEALTH SCIENCES TRUST,6282.0,228.0
09250W10,43.56,42.94,2023-01-31,BME,BLACKROCK HEALTH SCIENCES TRUST,6282.0,228.0
09250W10,43.68,43.7,2023-02-01,BME,BLACKROCK HEALTH SCIENCES TRUST,6282.0,228.0
09250W10,43.46,43.54,2023-02-02,BME,BLACKROCK HEALTH SCIENCES TRUST,6282.0,228.0
09250W10,43.26,43.4,2023-02-03,BME,BLACKROCK HEALTH SCIENCES TRUST,6282.0,228.0
09250W10,42.97,42.69,2023-02-06,BME,BLACKROCK HEALTH SCIENCES TRUST,6282.0,228.0
09250W10,43.24,42.81,2023-02-07,BME,BLACKROCK HEALTH SCIENCES TRUST,6282.0,228.0
09250W10,43.14,43.14,2023-02-08,BME,BLACKROCK HEALTH SCIENCES TRUST,6282.0,228.0
09250W10,43.13,43.19,2023-02-09,BME,BLACKROCK HEALTH SCIENCES TRUST,6282.0,228.0
09250W10,42.55,42.92,2023-02-10,BME,BLACKROCK HEALTH SCIENCES TRUST,6282.0,228.0
09250W10,42.74,42.7,2023-02-13,BME,BLACKROCK HEALTH SCIENCES TRUST,6282.0,228.0
09250W10,42.75,42.33,2023-02-14,BME,BLACKROCK HEALTH SCIENCES TRUST,6282.0,228.0
09250W10,43.41,42.84,2023-02-15,BME,BLACKROCK HEALTH SCIENCES TRUST,6282.0,228.0
09250W10,43.14,43.17,2023-02-16,BME,BLACKROCK HEALTH SCIENCES TRUST,6282.0,228.0
09250W10,42.65,42.89,2023-02-17,BME,BLACKROCK HEALTH SCIENCES TRUST,6282.0,228.0
09250W10,42.38,42.6,2023-02-21,BME,BLACKROCK HEALTH SCIENCES TRUST,6282.0,228.0
09250W10,42.25,42.14,2023-02-22,BME,BLACKROCK HEALTH SCIENCES TRUST,6282.0,228.0
09250W10,42.1,42.31,2023-02-23,BME,BLACKROCK HEALTH SCIENCES TRUST,6282.0,228.0
09250W10,43.15,42.06,2023-02-24,BME,BLACKROCK HEALTH SCIENCES TRUST,6282.0,228.0
09250W10,43.17,43.19,2023-02-27,BME,BLACKROCK HEALTH SCIENCES TRUST,6282.0,228.0
09250W10,41.99,43.1,2023-02-28,BME,BLACKROCK HEALTH SCIENCES TRUST,6282.0,228.0
09250W10,42.54,42.16,2023-03-01,BME,BLACKROCK HEALTH SCIENCES TRUST,6282.0,228.0
09250W10,41.99,42.48,2023-03-02,BME,BLACKROCK HEALTH SCIENCES TRUST,6282.0,228.0
09250W10,41.75,42.03,2023-03-03,BME,BLACKROCK HEALTH SCIENCES TRUST,6282.0,228.0
09250W10,41.7,41.74,2023-03-06,BME,BLACKROCK HEALTH SCIENCES TRUST,6282.0,228.0
09250W10,41.12,41.6,2023-03-07,BME,BLACKROCK HEALTH SCIENCES TRUST,6282.0,228.0
09250W10,40.88,41.23,2023-03-08,BME,BLACKROCK HEALTH SCIENCES TRUST,6282.0,228.0
09250W10,40.26,40.85,2023-03-09,BME,BLACKROCK HEALTH SCIENCES TRUST,6282.0,228.0
09250W10,39.69,40.09,2023-03-10,BME,BLACKROCK HEALTH SCIENCES TRUST,6282.0,228.0
09250W10,39.97,39.48,2023-03-13,BME,BLACKROCK HEALTH SCIENCES TRUST,6282.0,228.0
09250W10,40.02,40.22,2023-03-14,BME,BLACKROCK HEALTH SCIENCES TRUST,6282.0,228.0
09250W10,39.73,39.56,2023-03-15,BME,BLACKROCK HEALTH SCIENCES TRUST,6282.0,228.0
09250W10,39.99,39.67,2023-03-16,BME,BLACKROCK HEALTH SCIENCES TRUST,6282.0,228.0
09250W10,39.34,40.0,2023-03-17,BME,BLACKROCK HEALTH SCIENCES TRUST,6282.0,228.0
09250W10,39.7,39.32,2023-03-20,BME,BLACKROCK HEALTH SCIENCES TRUST,6282.0,228.0
09250W10,39.86,39.91,2023-03-21,BME,BLACKROCK HEALTH SCIENCES TRUST,6282.0,228.0
09250W10,39.79,39.8,2023-03-22,BME,BLACKROCK HEALTH SCIENCES TRUST,6282.0,228.0
09250W10,39.73,39.79,2023-03-23,BME,BLACKROCK HEALTH SCIENCES TRUST,6282.0,228.0
09250W10,40.61,39.77,2023-03-24,BME,BLACKROCK HEALTH SCIENCES TRUST,6282.0,228.0
09250W10,40.92,40.97,2023-03-27,BME,BLACKROCK HEALTH SCIENCES TRUST,6282.0,228.0
09250W10,41.16,40.88,2023-03-28,BME,BLACKROCK HEALTH SCIENCES TRUST,6282.0,228.0
09250W10,41.85,41.22,2023-03-29,BME,BLACKROCK HEALTH SCIENCES TRUST,6282.0,228.0
09250W10,41.38,41.68,2023-03-30,BME,BLACKROCK HEALTH SCIENCES TRUST,6282.0,228.0
09250W10,41.86,41.62,2023-03-31,BME,BLACKROCK HEALTH SCIENCES TRUST,6282.0,228.0
09250W10,41.89,41.88,2023-04-03,BME,BLACKROCK HEALTH SCIENCES TRUST,6282.0,228.0
09250W10,41.62,41.84,2023-04-04,BME,BLACKROCK HEALTH SCIENCES TRUST,6282.0,228.0
09250W10,41.96,41.53,2023-04-05,BME,BLACKROCK HEALTH SCIENCES TRUST,6282.0,228.0
09250W10,42.16,42.02,2023-04-06,BME,BLACKROCK HEALTH SCIENCES TRUST,6282.0,228.0
09250W10,42.28,42.0,2023-04-10,BME,BLACKROCK HEALTH SCIENCES TRUST,6282.0,228.0
09250W10,42.32,42.51,2023-04-11,BME,BLACKROCK HEALTH SCIENCES TRUST,6282.0,228.0
09250W10,42.145,42.57,2023-04-12,BME,BLACKROCK HEALTH SCIENCES TRUST,6282.0,228.0
09250W10,42.26,42.0,2023-04-13,BME,BLACKROCK HEALTH SCIENCES TRUST,6282.0,228.0
09250W10,41.88,41.85,2023-04-14,BME,BLACKROCK HEALTH SCIENCES TRUST,6282.0,228.0
09250W10,42.12,41.8,2023-04-17,BME,BLACKROCK HEALTH SCIENCES TRUST,6282.0,228.0
09250W10,42.02,42.19,2023-04-18,BME,BLACKROCK HEALTH SCIENCES TRUST,6282.0,228.0
09250W10,42.17,41.87,2023-04-19,BME,BLACKROCK HEALTH SCIENCES TRUST,6282.0,228.0
09250W10,42.02,41.7,2023-04-20,BME,BLACKROCK HEALTH SCIENCES TRUST,6282.0,228.0
09250W10,42.44,42.28,2023-04-21,BME,BLACKROCK HEALTH SCIENCES TRUST,6282.0,228.0
09250W10,42.6485,42.61,2023-04-24,BME,BLACKROCK HEALTH SCIENCES TRUST,6282.0,228.0
09250W10,42.34,42.61,2023-04-25,BME,BLACKROCK HEALTH SCIENCES TRUST,6282.0,228.0
09250W10,42.39,42.16,2023-04-26,BME,BLACKROCK HEALTH SCIENCES TRUST,6282.0,228.0
09250W10,42.57,42.47,2023-04-27,BME,BLACKROCK HEALTH SCIENCES TRUST,6282.0,228.0
09250W10,42.93,42.84,2023-04-28,BME,BLACKROCK HEALTH SCIENCES TRUST,6282.0,228.0
09250W10,42.41,43.02,2023-05-01,BME,BLACKROCK HEALTH SCIENCES TRUST,6282.0,228.0
09250W10,41.99,42.21,2023-05-02,BME,BLACKROCK HEALTH SCIENCES TRUST,6282.0,228.0
09250W10,42.12,41.99,2023-05-03,BME,BLACKROCK HEALTH SCIENCES TRUST,6282.0,228.0
09250W10,41.38,41.86,2023-05-04,BME,BLACKROCK HEALTH SCIENCES TRUST,6282.0,228.0
09250W10,41.71,41.71,2023-05-05,BME,BLACKROCK HEALTH SCIENCES TRUST,6282.0,228.0
09250W10,41.73,41.85,2023-05-08,BME,BLACKROCK HEALTH SCIENCES TRUST,6282.0,228.0
09250W10,41.68,42.48,2023-05-09,BME,BLACKROCK HEALTH SCIENCES TRUST,6282.0,228.0
09250W10,41.75,41.66,2023-05-10,BME,BLACKROCK HEALTH SCIENCES TRUST,6282.0,228.0
09250W10,41.59,41.76,2023-05-11,BME,BLACKROCK HEALTH SCIENCES TRUST,6282.0,228.0
09250W10,41.28,41.64,2023-05-12,BME,BLACKROCK HEALTH SCIENCES TRUST,6282.0,228.0
09250W10,41.29,41.29,2023-05-15,BME,BLACKROCK HEALTH SCIENCES TRUST,6282.0,228.0
09250W10,41.08,41.08,2023-05-16,BME,BLACKROCK HEALTH SCIENCES TRUST,6282.0,228.0
09250W10,40.89,41.0,2023-05-17,BME,BLACKROCK HEALTH SCIENCES TRUST,6282.0,228.0
09250W10,40.73,40.8,2023-05-18,BME,BLACKROCK HEALTH SCIENCES TRUST,6282.0,228.0
09250W10,40.83,40.73,2023-05-19,BME,BLACKROCK HEALTH SCIENCES TRUST,6282.0,228.0
09250W10,40.93,41.13,2023-05-22,BME,BLACKROCK HEALTH SCIENCES TRUST,6282.0,228.0
09250W10,40.35,40.68,2023-05-23,BME,BLACKROCK HEALTH SCIENCES TRUST,6282.0,228.0
09250W10,40.02,40.24,2023-05-24,BME,BLACKROCK HEALTH SCIENCES TRUST,6282.0,228.0
09250W10,39.64,40.0,2023-05-25,BME,BLACKROCK HEALTH SCIENCES TRUST,6282.0,228.0
09250W10,39.78,39.62,2023-05-26,BME,BLACKROCK HEALTH SCIENCES TRUST,6282.0,228.0
09250W10,39.55,40.01,2023-05-30,BME,BLACKROCK HEALTH SCIENCES TRUST,6282.0,228.0
09250W10,39.93,39.73,2023-05-31,BME,BLACKROCK HEALTH SCIENCES TRUST,6282.0,228.0
09250W10,40.04,39.9,2023-06-01,BME,BLACKROCK HEALTH SCIENCES TRUST,6282.0,228.0
09250W10,40.33,40.12,2023-06-02,BME,BLACKROCK HEALTH SCIENCES TRUST,6282.0,228.0
09250W10,40.32,40.5,2023-06-05,BME,BLACKROCK HEALTH SCIENCES TRUST,6282.0,228.0
09250W10,40.07,40.2,2023-06-06,BME,BLACKROCK HEALTH SCIENCES TRUST,6282.0,228.0
09250W10,40.04,39.96,2023-06-07,BME,BLACKROCK HEALTH SCIENCES TRUST,6282.0,228.0
09250W10,40.15,40.08,2023-06-08,BME,BLACKROCK HEALTH SCIENCES TRUST,6282.0,228.0
09250W10,40.25,40.08,2023-06-09,BME,BLACKROCK HEALTH SCIENCES TRUST,6282.0,228.0
09250W10,40.37,40.2,2023-06-12,BME,BLACKROCK HEALTH SCIENCES TRUST,6282.0,228.0
09250W10,40.35,40.34,2023-06-13,BME,BLACKROCK HEALTH SCIENCES TRUST,6282.0,228.0
09250W10,39.83,40.1,2023-06-14,BME,BLACKROCK HEALTH SCIENCES TRUST,6282.0,228.0
09250W10,40.43,39.76,2023-06-15,BME,BLACKROCK HEALTH SCIENCES TRUST,6282.0,228.0
09250W10,40.48,40.55,2023-06-16,BME,BLACKROCK HEALTH SCIENCES TRUST,6282.0,228.0
09250W10,40.42,40.3,2023-06-20,BME,BLACKROCK HEALTH SCIENCES TRUST,6282.0,228.0
09250W10,40.42,40.55,2023-06-21,BME,BLACKROCK HEALTH SCIENCES TRUST,6282.0,228.0
09250W10,40.76,40.43,2023-06-22,BME,BLACKROCK HEALTH SCIENCES TRUST,6282.0,228.0
09250W10,40.6,40.69,2023-06-23,BME,BLACKROCK HEALTH SCIENCES TRUST,6282.0,228.0
09250W10,40.41,40.44,2023-06-26,BME,BLACKROCK HEALTH SCIENCES TRUST,6282.0,228.0
09250W10,40.21,40.3,2023-06-27,BME,BLACKROCK HEALTH SCIENCES TRUST,6282.0,228.0
09250W10,40.16,40.31,2023-06-28,BME,BLACKROCK HEALTH SCIENCES TRUST,6282.0,228.0
09250W10,40.25,40.11,2023-06-29,BME,BLACKROCK HEALTH SCIENCES TRUST,6282.0,228.0
09250W10,40.64,40.47,2023-06-30,BME,BLACKROCK HEALTH SCIENCES TRUST,6282.0,228.0
09250W10,40.28,40.59,2023-07-03,BME,BLACKROCK HEALTH SCIENCES TRUST,6282.0,228.0
09250W10,40.27,40.12,2023-07-05,BME,BLACKROCK HEALTH SCIENCES TRUST,6282.0,228.0
09250W10,40.03,40.02,2023-07-06,BME,BLACKROCK HEALTH SCIENCES TRUST,6282.0,228.0
09250W10,39.65,39.9,2023-07-07,BME,BLACKROCK HEALTH SCIENCES TRUST,6282.0,228.0
09250W10,39.93,39.65,2023-07-10,BME,BLACKROCK HEALTH SCIENCES TRUST,6282.0,228.0
09250W10,39.98,39.98,2023-07-11,BME,BLACKROCK HEALTH SCIENCES TRUST,6282.0,228.0
09250W10,39.95,40.07,2023-07-12,BME,BLACKROCK HEALTH SCIENCES TRUST,6282.0,228.0
09250W10,39.77,40.0,2023-07-13,BME,BLACKROCK HEALTH SCIENCES TRUST,6282.0,228.0
09250W10,40.12,39.81,2023-07-14,BME,BLACKROCK HEALTH SCIENCES TRUST,6282.0,228.0
09250W10,39.99,40.17,2023-07-17,BME,BLACKROCK HEALTH SCIENCES TRUST,6282.0,228.0
09250W10,40.21,39.84,2023-07-18,BME,BLACKROCK HEALTH SCIENCES TRUST,6282.0,228.0
09250W10,40.2,40.07,2023-07-19,BME,BLACKROCK HEALTH SCIENCES TRUST,6282.0,228.0
09250W10,40.57,40.19,2023-07-20,BME,BLACKROCK HEALTH SCIENCES TRUST,6282.0,228.0
09250W10,40.9,40.51,2023-07-21,BME,BLACKROCK HEALTH SCIENCES TRUST,6282.0,228.0
09250W10,40.57,41.0,2023-07-24,BME,BLACKROCK HEALTH SCIENCES TRUST,6282.0,228.0
09250W10,40.33,40.39,2023-07-25,BME,BLACKROCK HEALTH SCIENCES TRUST,6282.0,228.0
09250W10,40.31,40.31,2023-07-26,BME,BLACKROCK HEALTH SCIENCES TRUST,6282.0,228.0
09250W10,40.08,40.42,2023-07-27,BME,BLACKROCK HEALTH SCIENCES TRUST,6282.0,228.0
09250W10,40.16,40.18,2023-07-28,BME,BLACKROCK HEALTH SCIENCES TRUST,6282.0,228.0
09250W10,40.02,40.16,2023-07-31,BME,BLACKROCK HEALTH SCIENCES TRUST,6282.0,228.0
09250W10,39.95,40.0,2023-08-01,BME,BLACKROCK HEALTH SCIENCES TRUST,6282.0,228.0
09250W10,39.95,39.95,2023-08-02,BME,BLACKROCK HEALTH SCIENCES TRUST,6282.0,228.0
09250W10,39.82,39.95,2023-08-03,BME,BLACKROCK HEALTH SCIENCES TRUST,6282.0,228.0
09250W10,39.75,39.76,2023-08-04,BME,BLACKROCK HEALTH SCIENCES TRUST,6282.0,228.0
09250W10,39.98,39.83,2023-08-07,BME,BLACKROCK HEALTH SCIENCES TRUST,6282.0,228.0
09250W10,40.11,39.91,2023-08-08,BME,BLACKROCK HEALTH SCIENCES TRUST,6282.0,228.0
09250W10,39.97,40.1,2023-08-09,BME,BLACKROCK HEALTH SCIENCES TRUST,6282.0,228.0
09250W10,40.02,40.01,2023-08-10,BME,BLACKROCK HEALTH SCIENCES TRUST,6282.0,228.0
09250W10,40.26,39.89,2023-08-11,BME,BLACKROCK HEALTH SCIENCES TRUST,6282.0,228.0
09250W10,40.13,40.1,2023-08-14,BME,BLACKROCK HEALTH SCIENCES TRUST,6282.0,228.0
09250W10,40.15,40.07,2023-08-15,BME,BLACKROCK HEALTH SCIENCES TRUST,6282.0,228.0
09250W10,39.89,40.0,2023-08-16,BME,BLACKROCK HEALTH SCIENCES TRUST,6282.0,228.0
09250W10,39.45,39.9,2023-08-17,BME,BLACKROCK HEALTH SCIENCES TRUST,6282.0,228.0
09250W10,39.41,39.26,2023-08-18,BME,BLACKROCK HEALTH SCIENCES TRUST,6282.0,228.0
09250W10,39.54,39.4,2023-08-21,BME,BLACKROCK HEALTH SCIENCES TRUST,6282.0,228.0
09250W10,39.58,39.57,2023-08-22,BME,BLACKROCK HEALTH SCIENCES TRUST,6282.0,228.0
09250W10,39.68,39.75,2023-08-23,BME,BLACKROCK HEALTH SCIENCES TRUST,6282.0,228.0
09250W10,39.53,39.76,2023-08-24,BME,BLACKROCK HEALTH SCIENCES TRUST,6282.0,228.0
09250W10,39.72,39.36,2023-08-25,BME,BLACKROCK HEALTH SCIENCES TRUST,6282.0,228.0
09250W10,39.81,39.56,2023-08-28,BME,BLACKROCK HEALTH SCIENCES TRUST,6282.0,228.0
09250W10,40.01,39.8,2023-08-29,BME,BLACKROCK HEALTH SCIENCES TRUST,6282.0,228.0
09250W10,40.08,40.0,2023-08-30,BME,BLACKROCK HEALTH SCIENCES TRUST,6282.0,228.0
09250W10,39.96,40.2,2023-08-31,BME,BLACKROCK HEALTH SCIENCES TRUST,6282.0,228.0
09250W10,40.07,40.03,2023-09-01,BME,BLACKROCK HEALTH SCIENCES TRUST,6282.0,228.0
09250W10,39.81,40.03,2023-09-05,BME,BLACKROCK HEALTH SCIENCES TRUST,6282.0,228.0
09250W10,39.64,39.75,2023-09-06,BME,BLACKROCK HEALTH SCIENCES TRUST,6282.0,228.0
09250W10,39.74,39.61,2023-09-07,BME,BLACKROCK HEALTH SCIENCES TRUST,6282.0,228.0
09250W10,39.61,39.63,2023-09-08,BME,BLACKROCK HEALTH SCIENCES TRUST,6282.0,228.0
09250W10,39.84,39.59,2023-09-11,BME,BLACKROCK HEALTH SCIENCES TRUST,6282.0,228.0
09250W10,39.62,39.83,2023-09-12,BME,BLACKROCK HEALTH SCIENCES TRUST,6282.0,228.0
09250W10,39.543,39.62,2023-09-13,BME,BLACKROCK HEALTH SCIENCES TRUST,6282.0,228.0
09250W10,39.3,39.56,2023-09-14,BME,BLACKROCK HEALTH SCIENCES TRUST,6282.0,228.0
09250W10,39.06,39.26,2023-09-15,BME,BLACKROCK HEALTH SCIENCES TRUST,6282.0,228.0
09250W10,39.19,39.12,2023-09-18,BME,BLACKROCK HEALTH SCIENCES TRUST,6282.0,228.0
09250W10,39.2,39.26,2023-09-19,BME,BLACKROCK HEALTH SCIENCES TRUST,6282.0,228.0
09250W10,39.27,39.37,2023-09-20,BME,BLACKROCK HEALTH SCIENCES TRUST,6282.0,228.0
09250W10,39.15,39.07,2023-09-21,BME,BLACKROCK HEALTH SCIENCES TRUST,6282.0,228.0
09250W10,39.15,39.23,2023-09-22,BME,BLACKROCK HEALTH SCIENCES TRUST,6282.0,228.0
09250W10,39.23,39.15,2023-09-25,BME,BLACKROCK HEALTH SCIENCES TRUST,6282.0,228.0
09250W10,38.98,39.23,2023-09-26,BME,BLACKROCK HEALTH SCIENCES TRUST,6282.0,228.0
09250W10,39.11,39.14,2023-09-27,BME,BLACKROCK HEALTH SCIENCES TRUST,6282.0,228.0
09250W10,39.38,39.19,2023-09-28,BME,BLACKROCK HEALTH SCIENCES TRUST,6282.0,228.0
09250W10,39.15,39.65,2023-09-29,BME,BLACKROCK HEALTH SCIENCES TRUST,6282.0,228.0
09250W10,39.01,39.03,2023-10-02,BME,BLACKROCK HEALTH SCIENCES TRUST,6282.0,228.0
09250W10,38.5,38.95,2023-10-03,BME,BLACKROCK HEALTH SCIENCES TRUST,6282.0,228.0
09250W10,38.7,38.63,2023-10-04,BME,BLACKROCK HEALTH SCIENCES TRUST,6282.0,228.0
09250W10,38.74,38.72,2023-10-05,BME,BLACKROCK HEALTH SCIENCES TRUST,6282.0,228.0
09250W10,39.26,38.65,2023-10-06,BME,BLACKROCK HEALTH SCIENCES TRUST,6282.0,228.0
09250W10,39.3,39.22,2023-10-09,BME,BLACKROCK HEALTH SCIENCES TRUST,6282.0,228.0
09250W10,39.25,39.18,2023-10-10,BME,BLACKROCK HEALTH SCIENCES TRUST,6282.0,228.0
09250W10,38.87,39.12,2023-10-11,BME,BLACKROCK HEALTH SCIENCES TRUST,6282.0,228.0
09250W10,38.45,38.85,2023-10-12,BME,BLACKROCK HEALTH SCIENCES TRUST,6282.0,228.0
09250W10,38.46,38.25,2023-10-13,BME,BLACKROCK HEALTH SCIENCES TRUST,6282.0,228.0
09250W10,38.84,38.39,2023-10-16,BME,BLACKROCK HEALTH SCIENCES TRUST,6282.0,228.0
09250W10,38.61,38.6,2023-10-17,BME,BLACKROCK HEALTH SCIENCES TRUST,6282.0,228.0
09250W10,38.21,38.69,2023-10-18,BME,BLACKROCK HEALTH SCIENCES TRUST,6282.0,228.0
09250W10,37.75,38.16,2023-10-19,BME,BLACKROCK HEALTH SCIENCES TRUST,6282.0,228.0
09250W10,37.32,37.63,2023-10-20,BME,BLACKROCK HEALTH SCIENCES TRUST,6282.0,228.0
09250W10,36.78,37.1,2023-10-23,BME,BLACKROCK HEALTH SCIENCES TRUST,6282.0,228.0
09250W10,36.9,36.88,2023-10-24,BME,BLACKROCK HEALTH SCIENCES TRUST,6282.0,228.0
09250W10,36.17,36.69,2023-10-25,BME,BLACKROCK HEALTH SCIENCES TRUST,6282.0,228.0
09250W10,35.8,36.0,2023-10-26,BME,BLACKROCK HEALTH SCIENCES TRUST,6282.0,228.0
09250W10,35.53,35.62,2023-10-27,BME,BLACKROCK HEALTH SCIENCES TRUST,6282.0,228.0
09250W10,35.67,35.73,2023-10-30,BME,BLACKROCK HEALTH SCIENCES TRUST,6282.0,228.0
09250W10,36.18,35.97,2023-10-31,BME,BLACKROCK HEALTH SCIENCES TRUST,6282.0,228.0
09250W10,36.65,36.11,2023-11-01,BME,BLACKROCK HEALTH SCIENCES TRUST,6282.0,228.0
09250W10,37.5,36.87,2023-11-02,BME,BLACKROCK HEALTH SCIENCES TRUST,6282.0,228.0
09250W10,37.82,37.65,2023-11-03,BME,BLACKROCK HEALTH SCIENCES TRUST,6282.0,228.0
09250W10,37.71,37.79,2023-11-06,BME,BLACKROCK HEALTH SCIENCES TRUST,6282.0,228.0
09250W10,37.69,37.79,2023-11-07,BME,BLACKROCK HEALTH SCIENCES TRUST,6282.0,228.0
09250W10,37.56,37.89,2023-11-08,BME,BLACKROCK HEALTH SCIENCES TRUST,6282.0,228.0
09250W10,37.0,37.61,2023-11-09,BME,BLACKROCK HEALTH SCIENCES TRUST,6282.0,228.0
09250W10,37.09,36.95,2023-11-10,BME,BLACKROCK HEALTH SCIENCES TRUST,6282.0,228.0
09250W10,37.6,37.19,2023-11-13,BME,BLACKROCK HEALTH SCIENCES TRUST,6282.0,228.0
09250W10,37.54,37.61,2023-11-14,BME,BLACKROCK HEALTH SCIENCES TRUST,6282.0,228.0
09250W10,37.33,37.38,2023-11-15,BME,BLACKROCK HEALTH SCIENCES TRUST,6282.0,228.0
09250W10,37.41,37.43,2023-11-16,BME,BLACKROCK HEALTH SCIENCES TRUST,6282.0,228.0
09250W10,37.51,37.26,2023-11-17,BME,BLACKROCK HEALTH SCIENCES TRUST,6282.0,228.0
09250W10,37.84,37.42,2023-11-20,BME,BLACKROCK HEALTH SCIENCES TRUST,6282.0,228.0
09250W10,38.07,37.88,2023-11-21,BME,BLACKROCK HEALTH SCIENCES TRUST,6282.0,228.0
09250W10,37.89,38.31,2023-11-22,BME,BLACKROCK HEALTH SCIENCES TRUST,6282.0,228.0
09250W10,38.03,37.92,2023-11-24,BME,BLACKROCK HEALTH SCIENCES TRUST,6282.0,228.0
09250W10,37.95,38.0,2023-11-27,BME,BLACKROCK HEALTH SCIENCES TRUST,6282.0,228.0
09250W10,37.91,37.96,2023-11-28,BME,BLACKROCK HEALTH SCIENCES TRUST,6282.0,228.0
09250W10,37.91,37.81,2023-11-29,BME,BLACKROCK HEALTH SCIENCES TRUST,6282.0,228.0
09250W10,38.48,38.11,2023-11-30,BME,BLACKROCK HEALTH SCIENCES TRUST,6282.0,228.0
09250W10,38.61,38.5,2023-12-01,BME,BLACKROCK HEALTH SCIENCES TRUST,6282.0,228.0
09250W10,38.52,38.33,2023-12-04,BME,BLACKROCK HEALTH SCIENCES TRUST,6282.0,228.0
09250W10,38.43,38.5,2023-12-05,BME,BLACKROCK HEALTH SCIENCES TRUST,6282.0,228.0
09250W10,38.49,38.48,2023-12-06,BME,BLACKROCK HEALTH SCIENCES TRUST,6282.0,228.0
09250W10,38.51,38.53,2023-12-07,BME,BLACKROCK HEALTH SCIENCES TRUST,6282.0,228.0
09250W10,38.55,38.43,2023-12-08,BME,BLACKROCK HEALTH SCIENCES TRUST,6282.0,228.0
09250W10,38.7,38.68,2023-12-11,BME,BLACKROCK HEALTH SCIENCES TRUST,6282.0,228.0
09250W10,39.11,38.7,2023-12-12,BME,BLACKROCK HEALTH SCIENCES TRUST,6282.0,228.0
09250W10,39.76,39.39,2023-12-13,BME,BLACKROCK HEALTH SCIENCES TRUST,6282.0,228.0
09250W10,39.39,39.65,2023-12-14,BME,BLACKROCK HEALTH SCIENCES TRUST,6282.0,228.0
09250W10,39.02,39.18,2023-12-15,BME,BLACKROCK HEALTH SCIENCES TRUST,6282.0,228.0
09250W10,39.18,38.97,2023-12-18,BME,BLACKROCK HEALTH SCIENCES TRUST,6282.0,228.0
09250W10,39.79,39.28,2023-12-19,BME,BLACKROCK HEALTH SCIENCES TRUST,6282.0,228.0
09250W10,39.03,39.9,2023-12-20,BME,BLACKROCK HEALTH SCIENCES TRUST,6282.0,228.0
09250W10,39.34,39.05,2023-12-21,BME,BLACKROCK HEALTH SCIENCES TRUST,6282.0,228.0
09250W10,39.39,39.5,2023-12-22,BME,BLACKROCK HEALTH SCIENCES TRUST,6282.0,228.0
09250W10,39.6901,39.54,2023-12-26,BME,BLACKROCK HEALTH SCIENCES TRUST,6282.0,228.0
09250W10,39.79,39.79,2023-12-27,BME,BLACKROCK HEALTH SCIENCES TRUST,6282.0,228.0
09250W10,39.71,39.84,2023-12-28,BME,BLACKROCK HEALTH SCIENCES TRUST,6282.0,228.0
09250W10,40.46,39.65,2023-12-29,BME,BLACKROCK HEALTH SCIENCES TRUST,6282.0,228.0
