cusip,prc,openprc,date,htick,hcomnam,hsiccd,numshr
46140H10,26.14,26.25,2009-01-02,DBA,INVESCO DB MULTI SECT COM TR,6726.0,207.0
46140H10,26.32,26.02,2009-01-05,DBA,INVESCO DB MULTI SECT COM TR,6726.0,207.0
46140H10,27.15,26.63,2009-01-06,DBA,INVESCO DB MULTI SECT COM TR,6726.0,207.0
46140H10,26.17,26.79,2009-01-07,DBA,INVESCO DB MULTI SECT COM TR,6726.0,207.0
46140H10,26.25,25.83,2009-01-08,DBA,INVESCO DB MULTI SECT COM TR,6726.0,207.0
46140H10,26.45,26.18,2009-01-09,DBA,INVESCO DB MULTI SECT COM TR,6726.0,207.0
46140H10,24.67,26.33,2009-01-12,DBA,INVESCO DB MULTI SECT COM TR,6726.0,207.0
46140H10,24.67,24.63,2009-01-13,DBA,INVESCO DB MULTI SECT COM TR,6726.0,207.0
46140H10,24.61,24.52,2009-01-14,DBA,INVESCO DB MULTI SECT COM TR,6726.0,207.0
46140H10,24.96,24.35,2009-01-15,DBA,INVESCO DB MULTI SECT COM TR,6726.0,207.0
46140H10,25.29,25.22,2009-01-16,DBA,INVESCO DB MULTI SECT COM TR,6726.0,207.0
46140H10,24.91,25.29,2009-01-20,DBA,INVESCO DB MULTI SECT COM TR,6726.0,207.0
46140H10,25.76,24.72,2009-01-21,DBA,INVESCO DB MULTI SECT COM TR,6726.0,207.0
46140H10,25.16,25.5,2009-01-22,DBA,INVESCO DB MULTI SECT COM TR,6726.0,207.0
46140H10,25.33,24.93,2009-01-23,DBA,INVESCO DB MULTI SECT COM TR,6726.0,207.0
46140H10,25.49,25.7,2009-01-26,DBA,INVESCO DB MULTI SECT COM TR,6726.0,207.0
46140H10,25.2,25.45,2009-01-27,DBA,INVESCO DB MULTI SECT COM TR,6726.0,207.0
46140H10,25.65,25.26,2009-01-28,DBA,INVESCO DB MULTI SECT COM TR,6726.0,207.0
46140H10,25.11,25.23,2009-01-29,DBA,INVESCO DB MULTI SECT COM TR,6726.0,207.0
46140H10,24.94,25.13,2009-01-30,DBA,INVESCO DB MULTI SECT COM TR,6726.0,207.0
46140H10,24.76,24.8,2009-02-02,DBA,INVESCO DB MULTI SECT COM TR,6726.0,207.0
46140H10,24.22,24.52,2009-02-03,DBA,INVESCO DB MULTI SECT COM TR,6726.0,207.0
46140H10,24.05,24.28,2009-02-04,DBA,INVESCO DB MULTI SECT COM TR,6726.0,207.0
46140H10,24.7332,24.07,2009-02-05,DBA,INVESCO DB MULTI SECT COM TR,6726.0,207.0
46140H10,25.08,24.91,2009-02-06,DBA,INVESCO DB MULTI SECT COM TR,6726.0,207.0
46140H10,25.23,25.39,2009-02-09,DBA,INVESCO DB MULTI SECT COM TR,6726.0,207.0
46140H10,24.94,25.33,2009-02-10,DBA,INVESCO DB MULTI SECT COM TR,6726.0,207.0
46140H10,24.68,24.93,2009-02-11,DBA,INVESCO DB MULTI SECT COM TR,6726.0,207.0
46140H10,24.56,24.6,2009-02-12,DBA,INVESCO DB MULTI SECT COM TR,6726.0,207.0
46140H10,24.49,24.89,2009-02-13,DBA,INVESCO DB MULTI SECT COM TR,6726.0,207.0
46140H10,23.66,24.0,2009-02-17,DBA,INVESCO DB MULTI SECT COM TR,6726.0,207.0
46140H10,23.13,23.44,2009-02-18,DBA,INVESCO DB MULTI SECT COM TR,6726.0,207.0
46140H10,23.66,23.48,2009-02-19,DBA,INVESCO DB MULTI SECT COM TR,6726.0,207.0
46140H10,23.33,23.28,2009-02-20,DBA,INVESCO DB MULTI SECT COM TR,6726.0,207.0
46140H10,23.37,23.58,2009-02-23,DBA,INVESCO DB MULTI SECT COM TR,6726.0,207.0
46140H10,23.6,23.21,2009-02-24,DBA,INVESCO DB MULTI SECT COM TR,6726.0,207.0
46140H10,23.81,23.47,2009-02-25,DBA,INVESCO DB MULTI SECT COM TR,6726.0,207.0
46140H10,23.86,23.8,2009-02-26,DBA,INVESCO DB MULTI SECT COM TR,6726.0,207.0
46140H10,23.62,23.75,2009-02-27,DBA,INVESCO DB MULTI SECT COM TR,6726.0,207.0
46140H10,22.5,23.25,2009-03-02,DBA,INVESCO DB MULTI SECT COM TR,6726.0,207.0
46140H10,22.56,22.6,2009-03-03,DBA,INVESCO DB MULTI SECT COM TR,6726.0,207.0
46140H10,23.43,22.91,2009-03-04,DBA,INVESCO DB MULTI SECT COM TR,6726.0,207.0
46140H10,23.02,23.06,2009-03-05,DBA,INVESCO DB MULTI SECT COM TR,6726.0,207.0
46140H10,23.4,23.11,2009-03-06,DBA,INVESCO DB MULTI SECT COM TR,6726.0,207.0
46140H10,23.2,23.29,2009-03-09,DBA,INVESCO DB MULTI SECT COM TR,6726.0,207.0
46140H10,23.6,23.41,2009-03-10,DBA,INVESCO DB MULTI SECT COM TR,6726.0,207.0
46140H10,23.23,23.61,2009-03-11,DBA,INVESCO DB MULTI SECT COM TR,6726.0,207.0
46140H10,23.82,23.15,2009-03-12,DBA,INVESCO DB MULTI SECT COM TR,6726.0,207.0
46140H10,23.71,23.95,2009-03-13,DBA,INVESCO DB MULTI SECT COM TR,6726.0,207.0
46140H10,24.2,23.84,2009-03-16,DBA,INVESCO DB MULTI SECT COM TR,6726.0,207.0
46140H10,24.41,24.15,2009-03-17,DBA,INVESCO DB MULTI SECT COM TR,6726.0,207.0
46140H10,24.56,24.38,2009-03-18,DBA,INVESCO DB MULTI SECT COM TR,6726.0,207.0
46140H10,24.98,25.17,2009-03-19,DBA,INVESCO DB MULTI SECT COM TR,6726.0,207.0
46140H10,25.01,25.0,2009-03-20,DBA,INVESCO DB MULTI SECT COM TR,6726.0,207.0
46140H10,25.23,25.24,2009-03-23,DBA,INVESCO DB MULTI SECT COM TR,6726.0,207.0
46140H10,24.54,24.9,2009-03-24,DBA,INVESCO DB MULTI SECT COM TR,6726.0,207.0
46140H10,24.04,24.34,2009-03-25,DBA,INVESCO DB MULTI SECT COM TR,6726.0,207.0
46140H10,24.18,24.13,2009-03-26,DBA,INVESCO DB MULTI SECT COM TR,6726.0,207.0
46140H10,23.85,23.92,2009-03-27,DBA,INVESCO DB MULTI SECT COM TR,6726.0,207.0
46140H10,23.9,23.44,2009-03-30,DBA,INVESCO DB MULTI SECT COM TR,6726.0,207.0
46140H10,24.49,23.95,2009-03-31,DBA,INVESCO DB MULTI SECT COM TR,6726.0,207.0
46140H10,24.27,24.38,2009-04-01,DBA,INVESCO DB MULTI SECT COM TR,6726.0,207.0
46140H10,24.86,24.66,2009-04-02,DBA,INVESCO DB MULTI SECT COM TR,6726.0,207.0
46140H10,25.0,24.83,2009-04-03,DBA,INVESCO DB MULTI SECT COM TR,6726.0,207.0
46140H10,24.8,24.92,2009-04-06,DBA,INVESCO DB MULTI SECT COM TR,6726.0,207.0
46140H10,24.38,24.6,2009-04-07,DBA,INVESCO DB MULTI SECT COM TR,6726.0,207.0
46140H10,24.32,24.2,2009-04-08,DBA,INVESCO DB MULTI SECT COM TR,6726.0,207.0
46140H10,24.99,24.75,2009-04-09,DBA,INVESCO DB MULTI SECT COM TR,6726.0,207.0
46140H10,24.65,24.36,2009-04-13,DBA,INVESCO DB MULTI SECT COM TR,6726.0,207.0
46140H10,24.74,24.59,2009-04-14,DBA,INVESCO DB MULTI SECT COM TR,6726.0,207.0
46140H10,24.55,24.52,2009-04-15,DBA,INVESCO DB MULTI SECT COM TR,6726.0,207.0
46140H10,24.48,24.55,2009-04-16,DBA,INVESCO DB MULTI SECT COM TR,6726.0,207.0
46140H10,24.51,24.5,2009-04-17,DBA,INVESCO DB MULTI SECT COM TR,6726.0,207.0
46140H10,23.67,23.99,2009-04-20,DBA,INVESCO DB MULTI SECT COM TR,6726.0,207.0
46140H10,24.24,23.63,2009-04-21,DBA,INVESCO DB MULTI SECT COM TR,6726.0,207.0
46140H10,24.24,24.14,2009-04-22,DBA,INVESCO DB MULTI SECT COM TR,6726.0,207.0
46140H10,24.6,24.3,2009-04-23,DBA,INVESCO DB MULTI SECT COM TR,6726.0,207.0
46140H10,24.75,24.64,2009-04-24,DBA,INVESCO DB MULTI SECT COM TR,6726.0,207.0
46140H10,24.3,23.97,2009-04-27,DBA,INVESCO DB MULTI SECT COM TR,6726.0,207.0
46140H10,24.25,24.08,2009-04-28,DBA,INVESCO DB MULTI SECT COM TR,6726.0,207.0
46140H10,24.86,24.42,2009-04-29,DBA,INVESCO DB MULTI SECT COM TR,6726.0,207.0
46140H10,25.29,24.94,2009-04-30,DBA,INVESCO DB MULTI SECT COM TR,6726.0,207.0
46140H10,26.11,25.48,2009-05-01,DBA,INVESCO DB MULTI SECT COM TR,6726.0,207.0
46140H10,25.87,26.16,2009-05-04,DBA,INVESCO DB MULTI SECT COM TR,6726.0,207.0
46140H10,25.72,25.84,2009-05-05,DBA,INVESCO DB MULTI SECT COM TR,6726.0,207.0
46140H10,26.058,25.92,2009-05-06,DBA,INVESCO DB MULTI SECT COM TR,6726.0,207.0
46140H10,26.16,26.48,2009-05-07,DBA,INVESCO DB MULTI SECT COM TR,6726.0,207.0
46140H10,26.73,26.42,2009-05-08,DBA,INVESCO DB MULTI SECT COM TR,6726.0,207.0
46140H10,26.68,26.36,2009-05-11,DBA,INVESCO DB MULTI SECT COM TR,6726.0,207.0
46140H10,26.84,27.0,2009-05-12,DBA,INVESCO DB MULTI SECT COM TR,6726.0,207.0
46140H10,26.5,26.85,2009-05-13,DBA,INVESCO DB MULTI SECT COM TR,6726.0,207.0
46140H10,27.04,26.63,2009-05-14,DBA,INVESCO DB MULTI SECT COM TR,6726.0,207.0
46140H10,26.15,26.82,2009-05-15,DBA,INVESCO DB MULTI SECT COM TR,6726.0,207.0
46140H10,26.89,26.12,2009-05-18,DBA,INVESCO DB MULTI SECT COM TR,6726.0,207.0
46140H10,26.9,26.89,2009-05-19,DBA,INVESCO DB MULTI SECT COM TR,6726.0,207.0
46140H10,27.05,27.06,2009-05-20,DBA,INVESCO DB MULTI SECT COM TR,6726.0,207.0
46140H10,27.2,26.77,2009-05-21,DBA,INVESCO DB MULTI SECT COM TR,6726.0,207.0
46140H10,27.63,27.3,2009-05-22,DBA,INVESCO DB MULTI SECT COM TR,6726.0,207.0
46140H10,27.71,27.39,2009-05-26,DBA,INVESCO DB MULTI SECT COM TR,6726.0,207.0
46140H10,27.71,27.75,2009-05-27,DBA,INVESCO DB MULTI SECT COM TR,6726.0,207.0
46140H10,27.76,27.66,2009-05-28,DBA,INVESCO DB MULTI SECT COM TR,6726.0,207.0
46140H10,27.89,27.96,2009-05-29,DBA,INVESCO DB MULTI SECT COM TR,6726.0,207.0
46140H10,28.87,28.41,2009-06-01,DBA,INVESCO DB MULTI SECT COM TR,6726.0,207.0
46140H10,28.57,28.59,2009-06-02,DBA,INVESCO DB MULTI SECT COM TR,6726.0,207.0
46140H10,27.5,28.02,2009-06-03,DBA,INVESCO DB MULTI SECT COM TR,6726.0,207.0
46140H10,28.15,27.62,2009-06-04,DBA,INVESCO DB MULTI SECT COM TR,6726.0,207.0
46140H10,27.95,28.04,2009-06-05,DBA,INVESCO DB MULTI SECT COM TR,6726.0,207.0
46140H10,27.55,27.6,2009-06-08,DBA,INVESCO DB MULTI SECT COM TR,6726.0,207.0
46140H10,27.87,27.6,2009-06-09,DBA,INVESCO DB MULTI SECT COM TR,6726.0,207.0
46140H10,27.56,27.94,2009-06-10,DBA,INVESCO DB MULTI SECT COM TR,6726.0,207.0
46140H10,27.67,27.65,2009-06-11,DBA,INVESCO DB MULTI SECT COM TR,6726.0,207.0
46140H10,27.32,27.43,2009-06-12,DBA,INVESCO DB MULTI SECT COM TR,6726.0,207.0
46140H10,26.39,26.76,2009-06-15,DBA,INVESCO DB MULTI SECT COM TR,6726.0,207.0
46140H10,26.33,26.45,2009-06-16,DBA,INVESCO DB MULTI SECT COM TR,6726.0,207.0
46140H10,26.45,26.17,2009-06-17,DBA,INVESCO DB MULTI SECT COM TR,6726.0,207.0
46140H10,26.29,26.39,2009-06-18,DBA,INVESCO DB MULTI SECT COM TR,6726.0,207.0
46140H10,26.0,26.3,2009-06-19,DBA,INVESCO DB MULTI SECT COM TR,6726.0,207.0
46140H10,25.66,25.54,2009-06-22,DBA,INVESCO DB MULTI SECT COM TR,6726.0,207.0
46140H10,26.06,25.98,2009-06-23,DBA,INVESCO DB MULTI SECT COM TR,6726.0,207.0
46140H10,25.93,26.2,2009-06-24,DBA,INVESCO DB MULTI SECT COM TR,6726.0,207.0
46140H10,26.08,26.0,2009-06-25,DBA,INVESCO DB MULTI SECT COM TR,6726.0,207.0
46140H10,25.88,25.95,2009-06-26,DBA,INVESCO DB MULTI SECT COM TR,6726.0,207.0
46140H10,25.87,25.97,2009-06-29,DBA,INVESCO DB MULTI SECT COM TR,6726.0,207.0
46140H10,25.45,25.79,2009-06-30,DBA,INVESCO DB MULTI SECT COM TR,6726.0,207.0
46140H10,25.72,25.55,2009-07-01,DBA,INVESCO DB MULTI SECT COM TR,6726.0,207.0
46140H10,25.06,25.2,2009-07-02,DBA,INVESCO DB MULTI SECT COM TR,6726.0,207.0
46140H10,24.4,24.69,2009-07-06,DBA,INVESCO DB MULTI SECT COM TR,6726.0,207.0
46140H10,23.6,24.64,2009-07-07,DBA,INVESCO DB MULTI SECT COM TR,6726.0,207.0
46140H10,24.07,23.82,2009-07-08,DBA,INVESCO DB MULTI SECT COM TR,6726.0,207.0
46140H10,24.18,24.06,2009-07-09,DBA,INVESCO DB MULTI SECT COM TR,6726.0,207.0
46140H10,23.95,23.94,2009-07-10,DBA,INVESCO DB MULTI SECT COM TR,6726.0,207.0
46140H10,24.62,23.91,2009-07-13,DBA,INVESCO DB MULTI SECT COM TR,6726.0,207.0
46140H10,24.41,24.7,2009-07-14,DBA,INVESCO DB MULTI SECT COM TR,6726.0,207.0
46140H10,24.4,24.83,2009-07-15,DBA,INVESCO DB MULTI SECT COM TR,6726.0,207.0
46140H10,24.09,24.04,2009-07-16,DBA,INVESCO DB MULTI SECT COM TR,6726.0,207.0
46140H10,24.3,24.11,2009-07-17,DBA,INVESCO DB MULTI SECT COM TR,6726.0,207.0
46140H10,24.7,24.68,2009-07-20,DBA,INVESCO DB MULTI SECT COM TR,6726.0,207.0
46140H10,24.3,24.63,2009-07-21,DBA,INVESCO DB MULTI SECT COM TR,6726.0,207.0
46140H10,24.1,24.22,2009-07-22,DBA,INVESCO DB MULTI SECT COM TR,6726.0,207.0
46140H10,24.65,24.39,2009-07-23,DBA,INVESCO DB MULTI SECT COM TR,6726.0,207.0
46140H10,24.36,24.69,2009-07-24,DBA,INVESCO DB MULTI SECT COM TR,6726.0,207.0
46140H10,24.5,24.38,2009-07-27,DBA,INVESCO DB MULTI SECT COM TR,6726.0,207.0
46140H10,24.63,24.52,2009-07-28,DBA,INVESCO DB MULTI SECT COM TR,6726.0,207.0
46140H10,24.32,24.44,2009-07-29,DBA,INVESCO DB MULTI SECT COM TR,6726.0,207.0
46140H10,25.0,24.66,2009-07-30,DBA,INVESCO DB MULTI SECT COM TR,6726.0,207.0
46140H10,25.37,24.97,2009-07-31,DBA,INVESCO DB MULTI SECT COM TR,6726.0,207.0
46140H10,26.35,25.96,2009-08-03,DBA,INVESCO DB MULTI SECT COM TR,6726.0,207.0
46140H10,26.28,26.22,2009-08-04,DBA,INVESCO DB MULTI SECT COM TR,6726.0,207.0
46140H10,26.03,26.4,2009-08-05,DBA,INVESCO DB MULTI SECT COM TR,6726.0,207.0
46140H10,25.56,26.02,2009-08-06,DBA,INVESCO DB MULTI SECT COM TR,6726.0,207.0
46140H10,25.63,25.94,2009-08-07,DBA,INVESCO DB MULTI SECT COM TR,6726.0,207.0
46140H10,25.79,25.96,2009-08-10,DBA,INVESCO DB MULTI SECT COM TR,6726.0,207.0
46140H10,26.02,25.9,2009-08-11,DBA,INVESCO DB MULTI SECT COM TR,6726.0,207.0
46140H10,26.42,25.97,2009-08-12,DBA,INVESCO DB MULTI SECT COM TR,6726.0,207.0
46140H10,26.14,26.5,2009-08-13,DBA,INVESCO DB MULTI SECT COM TR,6726.0,207.0
46140H10,25.57,25.98,2009-08-14,DBA,INVESCO DB MULTI SECT COM TR,6726.0,207.0
46140H10,25.08,25.21,2009-08-17,DBA,INVESCO DB MULTI SECT COM TR,6726.0,207.0
46140H10,25.4,25.04,2009-08-18,DBA,INVESCO DB MULTI SECT COM TR,6726.0,207.0
46140H10,25.39,25.26,2009-08-19,DBA,INVESCO DB MULTI SECT COM TR,6726.0,207.0
46140H10,24.99,25.38,2009-08-20,DBA,INVESCO DB MULTI SECT COM TR,6726.0,207.0
46140H10,25.17,25.32,2009-08-21,DBA,INVESCO DB MULTI SECT COM TR,6726.0,207.0
46140H10,25.4,25.42,2009-08-24,DBA,INVESCO DB MULTI SECT COM TR,6726.0,207.0
46140H10,25.55,25.66,2009-08-25,DBA,INVESCO DB MULTI SECT COM TR,6726.0,207.0
46140H10,25.72,25.5,2009-08-26,DBA,INVESCO DB MULTI SECT COM TR,6726.0,207.0
46140H10,25.75,25.75,2009-08-27,DBA,INVESCO DB MULTI SECT COM TR,6726.0,207.0
46140H10,25.98,26.04,2009-08-28,DBA,INVESCO DB MULTI SECT COM TR,6726.0,207.0
46140H10,26.09,25.8,2009-08-31,DBA,INVESCO DB MULTI SECT COM TR,6726.0,207.0
46140H10,25.58,25.81,2009-09-01,DBA,INVESCO DB MULTI SECT COM TR,6726.0,207.0
46140H10,25.35,25.31,2009-09-02,DBA,INVESCO DB MULTI SECT COM TR,6726.0,207.0
46140H10,24.97,25.38,2009-09-03,DBA,INVESCO DB MULTI SECT COM TR,6726.0,207.0
46140H10,24.16,24.57,2009-09-04,DBA,INVESCO DB MULTI SECT COM TR,6726.0,207.0
46140H10,24.1,24.25,2009-09-08,DBA,INVESCO DB MULTI SECT COM TR,6726.0,207.0
46140H10,24.15,24.13,2009-09-09,DBA,INVESCO DB MULTI SECT COM TR,6726.0,207.0
46140H10,24.7,24.25,2009-09-10,DBA,INVESCO DB MULTI SECT COM TR,6726.0,207.0
46140H10,24.49,24.94,2009-09-11,DBA,INVESCO DB MULTI SECT COM TR,6726.0,207.0
46140H10,24.66,24.34,2009-09-14,DBA,INVESCO DB MULTI SECT COM TR,6726.0,207.0
46140H10,25.32,24.59,2009-09-15,DBA,INVESCO DB MULTI SECT COM TR,6726.0,207.0
46140H10,25.45,25.39,2009-09-16,DBA,INVESCO DB MULTI SECT COM TR,6726.0,207.0
46140H10,24.98,25.15,2009-09-17,DBA,INVESCO DB MULTI SECT COM TR,6726.0,207.0
46140H10,24.55,24.97,2009-09-18,DBA,INVESCO DB MULTI SECT COM TR,6726.0,207.0
46140H10,24.45,24.46,2009-09-21,DBA,INVESCO DB MULTI SECT COM TR,6726.0,207.0
46140H10,24.76,24.76,2009-09-22,DBA,INVESCO DB MULTI SECT COM TR,6726.0,207.0
46140H10,24.64,24.35,2009-09-23,DBA,INVESCO DB MULTI SECT COM TR,6726.0,207.0
46140H10,24.6,24.57,2009-09-24,DBA,INVESCO DB MULTI SECT COM TR,6726.0,207.0
46140H10,24.76,24.69,2009-09-25,DBA,INVESCO DB MULTI SECT COM TR,6726.0,207.0
46140H10,25.14,24.91,2009-09-28,DBA,INVESCO DB MULTI SECT COM TR,6726.0,207.0
46140H10,25.1915,25.49,2009-09-29,DBA,INVESCO DB MULTI SECT COM TR,6726.0,207.0
46140H10,25.46,25.19,2009-09-30,DBA,INVESCO DB MULTI SECT COM TR,6726.0,207.0
46140H10,25.03,25.46,2009-10-01,DBA,INVESCO DB MULTI SECT COM TR,6726.0,207.0
46140H10,24.53,24.73,2009-10-02,DBA,INVESCO DB MULTI SECT COM TR,6726.0,207.0
46140H10,24.78,24.52,2009-10-05,DBA,INVESCO DB MULTI SECT COM TR,6726.0,207.0
46140H10,25.03,25.02,2009-10-06,DBA,INVESCO DB MULTI SECT COM TR,6726.0,207.0
46140H10,25.13,25.08,2009-10-07,DBA,INVESCO DB MULTI SECT COM TR,6726.0,207.0
46140H10,25.05,24.75,2009-10-08,DBA,INVESCO DB MULTI SECT COM TR,6726.0,207.0
46140H10,24.75,25.15,2009-10-09,DBA,INVESCO DB MULTI SECT COM TR,6726.0,207.0
46140H10,25.82,25.22,2009-10-12,DBA,INVESCO DB MULTI SECT COM TR,6726.0,207.0
46140H10,26.18,25.87,2009-10-13,DBA,INVESCO DB MULTI SECT COM TR,6726.0,207.0
46140H10,26.05,26.38,2009-10-14,DBA,INVESCO DB MULTI SECT COM TR,6726.0,207.0
46140H10,26.46,26.11,2009-10-15,DBA,INVESCO DB MULTI SECT COM TR,6726.0,207.0
46140H10,26.09,26.29,2009-10-16,DBA,INVESCO DB MULTI SECT COM TR,6726.0,207.0
46140H10,26.48,26.36,2009-10-19,DBA,INVESCO DB MULTI SECT COM TR,6726.0,207.0
46140H10,26.25,26.42,2009-10-20,DBA,INVESCO DB MULTI SECT COM TR,6726.0,207.0
46140H10,26.91,26.34,2009-10-21,DBA,INVESCO DB MULTI SECT COM TR,6726.0,207.0
46140H10,26.76,26.69,2009-10-22,DBA,INVESCO DB MULTI SECT COM TR,6726.0,207.0
46140H10,26.54,26.94,2009-10-23,DBA,INVESCO DB MULTI SECT COM TR,6726.0,207.0
46140H10,26.13,26.88,2009-10-26,DBA,INVESCO DB MULTI SECT COM TR,6726.0,207.0
46140H10,25.8,26.14,2009-10-27,DBA,INVESCO DB MULTI SECT COM TR,6726.0,207.0
46140H10,25.44,25.62,2009-10-28,DBA,INVESCO DB MULTI SECT COM TR,6726.0,207.0
46140H10,26.076,25.81,2009-10-29,DBA,INVESCO DB MULTI SECT COM TR,6726.0,207.0
46140H10,25.57,25.9,2009-10-30,DBA,INVESCO DB MULTI SECT COM TR,6726.0,207.0
46140H10,26.1,25.8,2009-11-02,DBA,INVESCO DB MULTI SECT COM TR,6726.0,207.0
46140H10,26.35,26.04,2009-11-03,DBA,INVESCO DB MULTI SECT COM TR,6726.0,207.0
46140H10,26.23,26.63,2009-11-04,DBA,INVESCO DB MULTI SECT COM TR,6726.0,207.0
46140H10,25.97,26.34,2009-11-05,DBA,INVESCO DB MULTI SECT COM TR,6726.0,207.0
46140H10,25.52,25.82,2009-11-06,DBA,INVESCO DB MULTI SECT COM TR,6726.0,207.0
46140H10,25.72,25.71,2009-11-09,DBA,INVESCO DB MULTI SECT COM TR,6726.0,207.0
46140H10,25.49,25.73,2009-11-10,DBA,INVESCO DB MULTI SECT COM TR,6726.0,207.0
46140H10,25.69,25.7,2009-11-11,DBA,INVESCO DB MULTI SECT COM TR,6726.0,207.0
46140H10,25.51,25.61,2009-11-12,DBA,INVESCO DB MULTI SECT COM TR,6726.0,207.0
46140H10,25.55,25.45,2009-11-13,DBA,INVESCO DB MULTI SECT COM TR,6726.0,207.0
46140H10,26.05,25.82,2009-11-16,DBA,INVESCO DB MULTI SECT COM TR,6726.0,207.0
46140H10,26.24,26.0,2009-11-17,DBA,INVESCO DB MULTI SECT COM TR,6726.0,207.0
46140H10,26.25,26.46,2009-11-18,DBA,INVESCO DB MULTI SECT COM TR,6726.0,207.0
46140H10,26.11,26.08,2009-11-19,DBA,INVESCO DB MULTI SECT COM TR,6726.0,207.0
46140H10,26.03,26.0,2009-11-20,DBA,INVESCO DB MULTI SECT COM TR,6726.0,207.0
46140H10,26.12,26.32,2009-11-23,DBA,INVESCO DB MULTI SECT COM TR,6726.0,207.0
46140H10,25.93,26.06,2009-11-24,DBA,INVESCO DB MULTI SECT COM TR,6726.0,207.0
46140H10,26.35,26.13,2009-11-25,DBA,INVESCO DB MULTI SECT COM TR,6726.0,207.0
46140H10,26.38,25.83,2009-11-27,DBA,INVESCO DB MULTI SECT COM TR,6726.0,207.0
46140H10,26.49,26.34,2009-11-30,DBA,INVESCO DB MULTI SECT COM TR,6726.0,207.0
46140H10,26.61,26.67,2009-12-01,DBA,INVESCO DB MULTI SECT COM TR,6726.0,207.0
46140H10,26.49,26.56,2009-12-02,DBA,INVESCO DB MULTI SECT COM TR,6726.0,207.0
46140H10,26.44,26.59,2009-12-03,DBA,INVESCO DB MULTI SECT COM TR,6726.0,207.0
46140H10,26.15,26.49,2009-12-04,DBA,INVESCO DB MULTI SECT COM TR,6726.0,207.0
46140H10,26.16,26.14,2009-12-07,DBA,INVESCO DB MULTI SECT COM TR,6726.0,207.0
46140H10,26.03,26.2,2009-12-08,DBA,INVESCO DB MULTI SECT COM TR,6726.0,207.0
46140H10,25.84,26.01,2009-12-09,DBA,INVESCO DB MULTI SECT COM TR,6726.0,207.0
46140H10,26.07,25.94,2009-12-10,DBA,INVESCO DB MULTI SECT COM TR,6726.0,207.0
46140H10,26.26,26.16,2009-12-11,DBA,INVESCO DB MULTI SECT COM TR,6726.0,207.0
46140H10,26.61,26.34,2009-12-14,DBA,INVESCO DB MULTI SECT COM TR,6726.0,207.0
46140H10,26.43,26.55,2009-12-15,DBA,INVESCO DB MULTI SECT COM TR,6726.0,207.0
46140H10,26.7,26.68,2009-12-16,DBA,INVESCO DB MULTI SECT COM TR,6726.0,207.0
46140H10,26.4,26.58,2009-12-17,DBA,INVESCO DB MULTI SECT COM TR,6726.0,207.0
46140H10,26.25,26.42,2009-12-18,DBA,INVESCO DB MULTI SECT COM TR,6726.0,207.0
46140H10,26.02,26.28,2009-12-21,DBA,INVESCO DB MULTI SECT COM TR,6726.0,207.0
46140H10,26.1,26.14,2009-12-22,DBA,INVESCO DB MULTI SECT COM TR,6726.0,207.0
46140H10,26.3,26.17,2009-12-23,DBA,INVESCO DB MULTI SECT COM TR,6726.0,207.0
46140H10,26.15,26.3,2009-12-24,DBA,INVESCO DB MULTI SECT COM TR,6726.0,207.0
46140H10,26.38,26.24,2009-12-28,DBA,INVESCO DB MULTI SECT COM TR,6726.0,207.0
46140H10,26.35,26.4,2009-12-29,DBA,INVESCO DB MULTI SECT COM TR,6726.0,207.0
46140H10,26.33,26.4,2009-12-30,DBA,INVESCO DB MULTI SECT COM TR,6726.0,207.0
46140H10,26.44,26.45,2009-12-31,DBA,INVESCO DB MULTI SECT COM TR,6726.0,207.0
46140H10,26.69,26.83,2010-01-04,DBA,INVESCO DB MULTI SECT COM TR,6726.0,207.0
46140H10,26.86,26.83,2010-01-05,DBA,INVESCO DB MULTI SECT COM TR,6726.0,207.0
46140H10,27.01,26.9,2010-01-06,DBA,INVESCO DB MULTI SECT COM TR,6726.0,207.0
46140H10,26.8,27.01,2010-01-07,DBA,INVESCO DB MULTI SECT COM TR,6726.0,207.0
46140H10,26.88,26.83,2010-01-08,DBA,INVESCO DB MULTI SECT COM TR,6726.0,207.0
46140H10,26.76,26.91,2010-01-11,DBA,INVESCO DB MULTI SECT COM TR,6726.0,207.0
46140H10,26.27,26.65,2010-01-12,DBA,INVESCO DB MULTI SECT COM TR,6726.0,207.0
46140H10,26.6,26.36,2010-01-13,DBA,INVESCO DB MULTI SECT COM TR,6726.0,207.0
46140H10,26.35,26.6,2010-01-14,DBA,INVESCO DB MULTI SECT COM TR,6726.0,207.0
46140H10,26.1,26.39,2010-01-15,DBA,INVESCO DB MULTI SECT COM TR,6726.0,207.0
46140H10,26.27,26.12,2010-01-19,DBA,INVESCO DB MULTI SECT COM TR,6726.0,207.0
46140H10,26.13,26.16,2010-01-20,DBA,INVESCO DB MULTI SECT COM TR,6726.0,207.0
46140H10,26.15,26.24,2010-01-21,DBA,INVESCO DB MULTI SECT COM TR,6726.0,207.0
46140H10,26.11,26.02,2010-01-22,DBA,INVESCO DB MULTI SECT COM TR,6726.0,207.0
46140H10,25.93,26.11,2010-01-25,DBA,INVESCO DB MULTI SECT COM TR,6726.0,207.0
46140H10,25.72,25.79,2010-01-26,DBA,INVESCO DB MULTI SECT COM TR,6726.0,207.0
46140H10,25.37,25.63,2010-01-27,DBA,INVESCO DB MULTI SECT COM TR,6726.0,207.0
46140H10,25.58,25.42,2010-01-28,DBA,INVESCO DB MULTI SECT COM TR,6726.0,207.0
46140H10,25.3,25.62,2010-01-29,DBA,INVESCO DB MULTI SECT COM TR,6726.0,207.0
46140H10,25.26,25.36,2010-02-01,DBA,INVESCO DB MULTI SECT COM TR,6726.0,207.0
46140H10,25.65,25.4,2010-02-02,DBA,INVESCO DB MULTI SECT COM TR,6726.0,207.0
46140H10,25.34,25.48,2010-02-03,DBA,INVESCO DB MULTI SECT COM TR,6726.0,207.0
46140H10,25.17,25.27,2010-02-04,DBA,INVESCO DB MULTI SECT COM TR,6726.0,207.0
46140H10,24.88,25.2,2010-02-05,DBA,INVESCO DB MULTI SECT COM TR,6726.0,207.0
46140H10,25.22,24.99,2010-02-08,DBA,INVESCO DB MULTI SECT COM TR,6726.0,207.0
46140H10,25.26,25.3,2010-02-09,DBA,INVESCO DB MULTI SECT COM TR,6726.0,207.0
46140H10,25.47,25.18,2010-02-10,DBA,INVESCO DB MULTI SECT COM TR,6726.0,207.0
46140H10,25.52,25.44,2010-02-11,DBA,INVESCO DB MULTI SECT COM TR,6726.0,207.0
46140H10,25.41,25.34,2010-02-12,DBA,INVESCO DB MULTI SECT COM TR,6726.0,207.0
46140H10,25.9,25.66,2010-02-16,DBA,INVESCO DB MULTI SECT COM TR,6726.0,207.0
46140H10,25.5,25.7,2010-02-17,DBA,INVESCO DB MULTI SECT COM TR,6726.0,207.0
46140H10,25.61,25.63,2010-02-18,DBA,INVESCO DB MULTI SECT COM TR,6726.0,207.0
46140H10,25.76,25.58,2010-02-19,DBA,INVESCO DB MULTI SECT COM TR,6726.0,207.0
46140H10,25.52,25.7,2010-02-22,DBA,INVESCO DB MULTI SECT COM TR,6726.0,207.0
46140H10,25.13,25.45,2010-02-23,DBA,INVESCO DB MULTI SECT COM TR,6726.0,207.0
46140H10,25.41,25.16,2010-02-24,DBA,INVESCO DB MULTI SECT COM TR,6726.0,207.0
46140H10,25.19,25.09,2010-02-25,DBA,INVESCO DB MULTI SECT COM TR,6726.0,207.0
46140H10,25.4,25.29,2010-02-26,DBA,INVESCO DB MULTI SECT COM TR,6726.0,207.0
46140H10,25.09,25.36,2010-03-01,DBA,INVESCO DB MULTI SECT COM TR,6726.0,207.0
46140H10,25.09,25.07,2010-03-02,DBA,INVESCO DB MULTI SECT COM TR,6726.0,207.0
46140H10,25.11,25.06,2010-03-03,DBA,INVESCO DB MULTI SECT COM TR,6726.0,207.0
46140H10,24.95,25.01,2010-03-04,DBA,INVESCO DB MULTI SECT COM TR,6726.0,207.0
46140H10,24.98,25.09,2010-03-05,DBA,INVESCO DB MULTI SECT COM TR,6726.0,207.0
46140H10,24.9,24.98,2010-03-08,DBA,INVESCO DB MULTI SECT COM TR,6726.0,207.0
46140H10,24.61,24.77,2010-03-09,DBA,INVESCO DB MULTI SECT COM TR,6726.0,207.0
46140H10,24.52,24.48,2010-03-10,DBA,INVESCO DB MULTI SECT COM TR,6726.0,207.0
46140H10,24.44,24.53,2010-03-11,DBA,INVESCO DB MULTI SECT COM TR,6726.0,207.0
46140H10,24.58,24.56,2010-03-12,DBA,INVESCO DB MULTI SECT COM TR,6726.0,207.0
46140H10,24.45,24.46,2010-03-15,DBA,INVESCO DB MULTI SECT COM TR,6726.0,207.0
46140H10,24.51,24.49,2010-03-16,DBA,INVESCO DB MULTI SECT COM TR,6726.0,207.0
46140H10,24.72,24.51,2010-03-17,DBA,INVESCO DB MULTI SECT COM TR,6726.0,207.0
46140H10,24.91,24.74,2010-03-18,DBA,INVESCO DB MULTI SECT COM TR,6726.0,207.0
46140H10,24.79,24.87,2010-03-19,DBA,INVESCO DB MULTI SECT COM TR,6726.0,207.0
46140H10,24.7,24.66,2010-03-22,DBA,INVESCO DB MULTI SECT COM TR,6726.0,207.0
46140H10,24.38,24.65,2010-03-23,DBA,INVESCO DB MULTI SECT COM TR,6726.0,207.0
46140H10,24.38,24.38,2010-03-24,DBA,INVESCO DB MULTI SECT COM TR,6726.0,207.0
46140H10,24.1,24.34,2010-03-25,DBA,INVESCO DB MULTI SECT COM TR,6726.0,207.0
46140H10,24.04,24.1,2010-03-26,DBA,INVESCO DB MULTI SECT COM TR,6726.0,207.0
46140H10,24.45,24.19,2010-03-29,DBA,INVESCO DB MULTI SECT COM TR,6726.0,207.0
46140H10,24.61,24.55,2010-03-30,DBA,INVESCO DB MULTI SECT COM TR,6726.0,207.0
46140H10,24.22,24.49,2010-03-31,DBA,INVESCO DB MULTI SECT COM TR,6726.0,207.0
46140H10,24.41,24.25,2010-04-01,DBA,INVESCO DB MULTI SECT COM TR,6726.0,207.0
46140H10,24.51,24.46,2010-04-05,DBA,INVESCO DB MULTI SECT COM TR,6726.0,207.0
46140H10,24.46,24.51,2010-04-06,DBA,INVESCO DB MULTI SECT COM TR,6726.0,207.0
46140H10,24.54,24.5,2010-04-07,DBA,INVESCO DB MULTI SECT COM TR,6726.0,207.0
46140H10,24.35,24.48,2010-04-08,DBA,INVESCO DB MULTI SECT COM TR,6726.0,207.0
46140H10,24.36,24.39,2010-04-09,DBA,INVESCO DB MULTI SECT COM TR,6726.0,207.0
46140H10,24.47,24.58,2010-04-12,DBA,INVESCO DB MULTI SECT COM TR,6726.0,207.0
46140H10,24.54,24.5,2010-04-13,DBA,INVESCO DB MULTI SECT COM TR,6726.0,207.0
46140H10,24.6,24.64,2010-04-14,DBA,INVESCO DB MULTI SECT COM TR,6726.0,207.0
46140H10,24.74,24.54,2010-04-15,DBA,INVESCO DB MULTI SECT COM TR,6726.0,207.0
46140H10,24.58,24.74,2010-04-16,DBA,INVESCO DB MULTI SECT COM TR,6726.0,207.0
46140H10,24.57,24.6,2010-04-19,DBA,INVESCO DB MULTI SECT COM TR,6726.0,207.0
46140H10,24.73,24.67,2010-04-20,DBA,INVESCO DB MULTI SECT COM TR,6726.0,207.0
46140H10,24.93,24.74,2010-04-21,DBA,INVESCO DB MULTI SECT COM TR,6726.0,207.0
46140H10,25.02,24.89,2010-04-22,DBA,INVESCO DB MULTI SECT COM TR,6726.0,207.0
46140H10,24.75,25.01,2010-04-23,DBA,INVESCO DB MULTI SECT COM TR,6726.0,207.0
46140H10,24.73,24.97,2010-04-26,DBA,INVESCO DB MULTI SECT COM TR,6726.0,207.0
46140H10,24.38,24.69,2010-04-27,DBA,INVESCO DB MULTI SECT COM TR,6726.0,207.0
46140H10,24.48,24.51,2010-04-28,DBA,INVESCO DB MULTI SECT COM TR,6726.0,207.0
46140H10,24.7,24.53,2010-04-29,DBA,INVESCO DB MULTI SECT COM TR,6726.0,207.0
46140H10,24.9,24.68,2010-04-30,DBA,INVESCO DB MULTI SECT COM TR,6726.0,207.0
46140H10,24.87,24.93,2010-05-03,DBA,INVESCO DB MULTI SECT COM TR,6726.0,207.0
46140H10,24.76,24.69,2010-05-04,DBA,INVESCO DB MULTI SECT COM TR,6726.0,207.0
46140H10,24.69,24.5,2010-05-05,DBA,INVESCO DB MULTI SECT COM TR,6726.0,207.0
46140H10,24.18,24.53,2010-05-06,DBA,INVESCO DB MULTI SECT COM TR,6726.0,207.0
46140H10,24.1,24.19,2010-05-07,DBA,INVESCO DB MULTI SECT COM TR,6726.0,207.0
46140H10,24.34,24.41,2010-05-10,DBA,INVESCO DB MULTI SECT COM TR,6726.0,207.0
46140H10,24.21,24.13,2010-05-11,DBA,INVESCO DB MULTI SECT COM TR,6726.0,207.0
46140H10,24.34,24.38,2010-05-12,DBA,INVESCO DB MULTI SECT COM TR,6726.0,207.0
46140H10,24.15,24.28,2010-05-13,DBA,INVESCO DB MULTI SECT COM TR,6726.0,207.0
46140H10,23.75,24.05,2010-05-14,DBA,INVESCO DB MULTI SECT COM TR,6726.0,207.0
46140H10,23.45,23.74,2010-05-17,DBA,INVESCO DB MULTI SECT COM TR,6726.0,207.0
46140H10,23.64,23.7,2010-05-18,DBA,INVESCO DB MULTI SECT COM TR,6726.0,207.0
46140H10,23.77,23.53,2010-05-19,DBA,INVESCO DB MULTI SECT COM TR,6726.0,207.0
46140H10,23.54,23.53,2010-05-20,DBA,INVESCO DB MULTI SECT COM TR,6726.0,207.0
46140H10,23.84,23.55,2010-05-21,DBA,INVESCO DB MULTI SECT COM TR,6726.0,207.0
46140H10,23.76,23.83,2010-05-24,DBA,INVESCO DB MULTI SECT COM TR,6726.0,207.0
46140H10,23.66,23.47,2010-05-25,DBA,INVESCO DB MULTI SECT COM TR,6726.0,207.0
46140H10,23.73,23.79,2010-05-26,DBA,INVESCO DB MULTI SECT COM TR,6726.0,207.0
46140H10,23.99,23.9,2010-05-27,DBA,INVESCO DB MULTI SECT COM TR,6726.0,207.0
46140H10,23.58,23.79,2010-05-28,DBA,INVESCO DB MULTI SECT COM TR,6726.0,207.0
46140H10,23.53,23.42,2010-06-01,DBA,INVESCO DB MULTI SECT COM TR,6726.0,207.0
46140H10,23.51,23.65,2010-06-02,DBA,INVESCO DB MULTI SECT COM TR,6726.0,207.0
46140H10,23.52,23.44,2010-06-03,DBA,INVESCO DB MULTI SECT COM TR,6726.0,207.0
46140H10,23.06,23.34,2010-06-04,DBA,INVESCO DB MULTI SECT COM TR,6726.0,207.0
46140H10,22.87,23.03,2010-06-07,DBA,INVESCO DB MULTI SECT COM TR,6726.0,207.0
46140H10,23.12,22.96,2010-06-08,DBA,INVESCO DB MULTI SECT COM TR,6726.0,207.0
46140H10,23.09,23.14,2010-06-09,DBA,INVESCO DB MULTI SECT COM TR,6726.0,207.0
46140H10,23.3,23.37,2010-06-10,DBA,INVESCO DB MULTI SECT COM TR,6726.0,207.0
46140H10,23.55,23.35,2010-06-11,DBA,INVESCO DB MULTI SECT COM TR,6726.0,207.0
46140H10,23.79,23.66,2010-06-14,DBA,INVESCO DB MULTI SECT COM TR,6726.0,207.0
46140H10,24.06,23.81,2010-06-15,DBA,INVESCO DB MULTI SECT COM TR,6726.0,207.0
46140H10,24.09,24.05,2010-06-16,DBA,INVESCO DB MULTI SECT COM TR,6726.0,207.0
46140H10,24.0,24.15,2010-06-17,DBA,INVESCO DB MULTI SECT COM TR,6726.0,207.0
46140H10,24.1,24.06,2010-06-18,DBA,INVESCO DB MULTI SECT COM TR,6726.0,207.0
46140H10,24.17,24.25,2010-06-21,DBA,INVESCO DB MULTI SECT COM TR,6726.0,207.0
46140H10,24.15,24.17,2010-06-22,DBA,INVESCO DB MULTI SECT COM TR,6726.0,207.0
46140H10,24.08,24.19,2010-06-23,DBA,INVESCO DB MULTI SECT COM TR,6726.0,207.0
46140H10,24.3,24.29,2010-06-24,DBA,INVESCO DB MULTI SECT COM TR,6726.0,207.0
46140H10,24.22,24.31,2010-06-25,DBA,INVESCO DB MULTI SECT COM TR,6726.0,207.0
46140H10,24.09,24.22,2010-06-28,DBA,INVESCO DB MULTI SECT COM TR,6726.0,207.0
46140H10,23.6,23.9,2010-06-29,DBA,INVESCO DB MULTI SECT COM TR,6726.0,207.0
46140H10,23.99,23.61,2010-06-30,DBA,INVESCO DB MULTI SECT COM TR,6726.0,207.0
46140H10,24.19,24.08,2010-07-01,DBA,INVESCO DB MULTI SECT COM TR,6726.0,207.0
46140H10,24.11,24.14,2010-07-02,DBA,INVESCO DB MULTI SECT COM TR,6726.0,207.0
46140H10,23.89,24.17,2010-07-06,DBA,INVESCO DB MULTI SECT COM TR,6726.0,207.0
46140H10,24.43,23.79,2010-07-07,DBA,INVESCO DB MULTI SECT COM TR,6726.0,207.0
46140H10,24.62,24.44,2010-07-08,DBA,INVESCO DB MULTI SECT COM TR,6726.0,207.0
46140H10,24.54,24.55,2010-07-09,DBA,INVESCO DB MULTI SECT COM TR,6726.0,207.0
46140H10,24.49,24.54,2010-07-12,DBA,INVESCO DB MULTI SECT COM TR,6726.0,207.0
46140H10,24.7,24.65,2010-07-13,DBA,INVESCO DB MULTI SECT COM TR,6726.0,207.0
46140H10,24.99,24.79,2010-07-14,DBA,INVESCO DB MULTI SECT COM TR,6726.0,207.0
46140H10,25.37,25.18,2010-07-15,DBA,INVESCO DB MULTI SECT COM TR,6726.0,207.0
46140H10,25.27,25.32,2010-07-16,DBA,INVESCO DB MULTI SECT COM TR,6726.0,207.0
46140H10,24.96,25.18,2010-07-19,DBA,INVESCO DB MULTI SECT COM TR,6726.0,207.0
46140H10,24.79,24.83,2010-07-20,DBA,INVESCO DB MULTI SECT COM TR,6726.0,207.0
46140H10,24.87,24.93,2010-07-21,DBA,INVESCO DB MULTI SECT COM TR,6726.0,207.0
46140H10,25.01,25.07,2010-07-22,DBA,INVESCO DB MULTI SECT COM TR,6726.0,207.0
46140H10,25.15,24.99,2010-07-23,DBA,INVESCO DB MULTI SECT COM TR,6726.0,207.0
46140H10,24.98,25.09,2010-07-26,DBA,INVESCO DB MULTI SECT COM TR,6726.0,207.0
46140H10,24.95,25.04,2010-07-27,DBA,INVESCO DB MULTI SECT COM TR,6726.0,207.0
46140H10,25.31,25.07,2010-07-28,DBA,INVESCO DB MULTI SECT COM TR,6726.0,207.0
46140H10,25.53,25.41,2010-07-29,DBA,INVESCO DB MULTI SECT COM TR,6726.0,207.0
46140H10,25.98,25.63,2010-07-30,DBA,INVESCO DB MULTI SECT COM TR,6726.0,207.0
46140H10,25.99,26.21,2010-08-02,DBA,INVESCO DB MULTI SECT COM TR,6726.0,207.0
46140H10,25.77,25.86,2010-08-03,DBA,INVESCO DB MULTI SECT COM TR,6726.0,207.0
46140H10,26.35,26.0,2010-08-04,DBA,INVESCO DB MULTI SECT COM TR,6726.0,207.0
46140H10,26.14,26.65,2010-08-05,DBA,INVESCO DB MULTI SECT COM TR,6726.0,207.0
46140H10,25.68,26.03,2010-08-06,DBA,INVESCO DB MULTI SECT COM TR,6726.0,207.0
46140H10,25.85,25.8,2010-08-09,DBA,INVESCO DB MULTI SECT COM TR,6726.0,207.0
46140H10,25.72,25.68,2010-08-10,DBA,INVESCO DB MULTI SECT COM TR,6726.0,207.0
46140H10,25.49,25.59,2010-08-11,DBA,INVESCO DB MULTI SECT COM TR,6726.0,207.0
46140H10,25.95,25.81,2010-08-12,DBA,INVESCO DB MULTI SECT COM TR,6726.0,207.0
46140H10,25.97,26.09,2010-08-13,DBA,INVESCO DB MULTI SECT COM TR,6726.0,207.0
46140H10,25.94,26.11,2010-08-16,DBA,INVESCO DB MULTI SECT COM TR,6726.0,207.0
46140H10,26.08,26.0,2010-08-17,DBA,INVESCO DB MULTI SECT COM TR,6726.0,207.0
46140H10,26.08,26.01,2010-08-18,DBA,INVESCO DB MULTI SECT COM TR,6726.0,207.0
46140H10,26.17,26.34,2010-08-19,DBA,INVESCO DB MULTI SECT COM TR,6726.0,207.0
46140H10,26.22,26.18,2010-08-20,DBA,INVESCO DB MULTI SECT COM TR,6726.0,207.0
46140H10,26.38,26.28,2010-08-23,DBA,INVESCO DB MULTI SECT COM TR,6726.0,207.0
46140H10,25.86,25.86,2010-08-24,DBA,INVESCO DB MULTI SECT COM TR,6726.0,207.0
46140H10,25.63,25.76,2010-08-25,DBA,INVESCO DB MULTI SECT COM TR,6726.0,207.0
46140H10,25.87,25.82,2010-08-26,DBA,INVESCO DB MULTI SECT COM TR,6726.0,207.0
46140H10,26.11,25.93,2010-08-27,DBA,INVESCO DB MULTI SECT COM TR,6726.0,207.0
46140H10,26.17,26.24,2010-08-30,DBA,INVESCO DB MULTI SECT COM TR,6726.0,207.0
46140H10,25.98,26.14,2010-08-31,DBA,INVESCO DB MULTI SECT COM TR,6726.0,207.0
46140H10,26.3,26.19,2010-09-01,DBA,INVESCO DB MULTI SECT COM TR,6726.0,207.0
46140H10,26.5,26.35,2010-09-02,DBA,INVESCO DB MULTI SECT COM TR,6726.0,207.0
46140H10,26.96,26.67,2010-09-03,DBA,INVESCO DB MULTI SECT COM TR,6726.0,207.0
46140H10,26.88,26.73,2010-09-07,DBA,INVESCO DB MULTI SECT COM TR,6726.0,207.0
46140H10,26.84,26.86,2010-09-08,DBA,INVESCO DB MULTI SECT COM TR,6726.0,207.0
46140H10,27.04,26.87,2010-09-09,DBA,INVESCO DB MULTI SECT COM TR,6726.0,207.0
46140H10,26.94,26.97,2010-09-10,DBA,INVESCO DB MULTI SECT COM TR,6726.0,207.0
46140H10,27.21,27.08,2010-09-13,DBA,INVESCO DB MULTI SECT COM TR,6726.0,207.0
46140H10,27.55,27.22,2010-09-14,DBA,INVESCO DB MULTI SECT COM TR,6726.0,207.0
46140H10,27.39,27.48,2010-09-15,DBA,INVESCO DB MULTI SECT COM TR,6726.0,207.0
46140H10,27.5,27.52,2010-09-16,DBA,INVESCO DB MULTI SECT COM TR,6726.0,207.0
46140H10,27.76,27.72,2010-09-17,DBA,INVESCO DB MULTI SECT COM TR,6726.0,207.0
46140H10,27.56,27.92,2010-09-20,DBA,INVESCO DB MULTI SECT COM TR,6726.0,207.0
46140H10,27.46,27.56,2010-09-21,DBA,INVESCO DB MULTI SECT COM TR,6726.0,207.0
46140H10,27.51,27.73,2010-09-22,DBA,INVESCO DB MULTI SECT COM TR,6726.0,207.0
46140H10,27.35,27.4,2010-09-23,DBA,INVESCO DB MULTI SECT COM TR,6726.0,207.0
46140H10,27.9,27.58,2010-09-24,DBA,INVESCO DB MULTI SECT COM TR,6726.0,207.0
46140H10,28.0,28.03,2010-09-27,DBA,INVESCO DB MULTI SECT COM TR,6726.0,207.0
46140H10,27.87,27.9,2010-09-28,DBA,INVESCO DB MULTI SECT COM TR,6726.0,207.0
46140H10,27.6,27.48,2010-09-29,DBA,INVESCO DB MULTI SECT COM TR,6726.0,207.0
46140H10,27.48,27.57,2010-09-30,DBA,INVESCO DB MULTI SECT COM TR,6726.0,207.0
46140H10,26.65,27.31,2010-10-01,DBA,INVESCO DB MULTI SECT COM TR,6726.0,207.0
46140H10,26.39,26.42,2010-10-04,DBA,INVESCO DB MULTI SECT COM TR,6726.0,207.0
46140H10,26.96,26.66,2010-10-05,DBA,INVESCO DB MULTI SECT COM TR,6726.0,207.0
46140H10,26.79,26.87,2010-10-06,DBA,INVESCO DB MULTI SECT COM TR,6726.0,207.0
46140H10,27.02,27.02,2010-10-07,DBA,INVESCO DB MULTI SECT COM TR,6726.0,207.0
46140H10,28.71,27.65,2010-10-08,DBA,INVESCO DB MULTI SECT COM TR,6726.0,207.0
46140H10,28.3,28.96,2010-10-11,DBA,INVESCO DB MULTI SECT COM TR,6726.0,207.0
46140H10,28.86,28.52,2010-10-12,DBA,INVESCO DB MULTI SECT COM TR,6726.0,207.0
46140H10,28.69,28.88,2010-10-13,DBA,INVESCO DB MULTI SECT COM TR,6726.0,207.0
46140H10,28.8,28.77,2010-10-14,DBA,INVESCO DB MULTI SECT COM TR,6726.0,207.0
46140H10,28.52,28.88,2010-10-15,DBA,INVESCO DB MULTI SECT COM TR,6726.0,207.0
46140H10,28.6,28.59,2010-10-18,DBA,INVESCO DB MULTI SECT COM TR,6726.0,207.0
46140H10,28.4,28.3,2010-10-19,DBA,INVESCO DB MULTI SECT COM TR,6726.0,207.0
46140H10,29.17,28.75,2010-10-20,DBA,INVESCO DB MULTI SECT COM TR,6726.0,207.0
46140H10,29.1,29.38,2010-10-21,DBA,INVESCO DB MULTI SECT COM TR,6726.0,207.0
46140H10,29.13,29.22,2010-10-22,DBA,INVESCO DB MULTI SECT COM TR,6726.0,207.0
46140H10,29.42,29.57,2010-10-25,DBA,INVESCO DB MULTI SECT COM TR,6726.0,207.0
46140H10,29.58,29.36,2010-10-26,DBA,INVESCO DB MULTI SECT COM TR,6726.0,207.0
46140H10,29.53,29.46,2010-10-27,DBA,INVESCO DB MULTI SECT COM TR,6726.0,207.0
46140H10,29.54,29.72,2010-10-28,DBA,INVESCO DB MULTI SECT COM TR,6726.0,207.0
46140H10,29.7,29.68,2010-10-29,DBA,INVESCO DB MULTI SECT COM TR,6726.0,207.0
46140H10,29.47,29.77,2010-11-01,DBA,INVESCO DB MULTI SECT COM TR,6726.0,207.0
46140H10,29.71,29.79,2010-11-02,DBA,INVESCO DB MULTI SECT COM TR,6726.0,207.0
46140H10,29.73,29.79,2010-11-03,DBA,INVESCO DB MULTI SECT COM TR,6726.0,207.0
46140H10,30.4,30.11,2010-11-04,DBA,INVESCO DB MULTI SECT COM TR,6726.0,207.0
46140H10,30.33,30.25,2010-11-05,DBA,INVESCO DB MULTI SECT COM TR,6726.0,207.0
46140H10,30.71,30.36,2010-11-08,DBA,INVESCO DB MULTI SECT COM TR,6726.0,207.0
46140H10,30.88,31.56,2010-11-09,DBA,INVESCO DB MULTI SECT COM TR,6726.0,207.0
46140H10,30.83,30.86,2010-11-10,DBA,INVESCO DB MULTI SECT COM TR,6726.0,207.0
46140H10,30.13,30.75,2010-11-11,DBA,INVESCO DB MULTI SECT COM TR,6726.0,207.0
46140H10,28.87,29.61,2010-11-12,DBA,INVESCO DB MULTI SECT COM TR,6726.0,207.0
46140H10,29.22,29.1,2010-11-15,DBA,INVESCO DB MULTI SECT COM TR,6726.0,207.0
46140H10,28.28,28.93,2010-11-16,DBA,INVESCO DB MULTI SECT COM TR,6726.0,207.0
46140H10,28.5,28.47,2010-11-17,DBA,INVESCO DB MULTI SECT COM TR,6726.0,207.0
46140H10,29.54,29.39,2010-11-18,DBA,INVESCO DB MULTI SECT COM TR,6726.0,207.0
46140H10,28.99,29.17,2010-11-19,DBA,INVESCO DB MULTI SECT COM TR,6726.0,207.0
46140H10,29.01,29.03,2010-11-22,DBA,INVESCO DB MULTI SECT COM TR,6726.0,207.0
46140H10,29.12,28.62,2010-11-23,DBA,INVESCO DB MULTI SECT COM TR,6726.0,207.0
46140H10,29.38,29.27,2010-11-24,DBA,INVESCO DB MULTI SECT COM TR,6726.0,207.0
46140H10,29.19,29.15,2010-11-26,DBA,INVESCO DB MULTI SECT COM TR,6726.0,207.0
46140H10,29.26,29.27,2010-11-29,DBA,INVESCO DB MULTI SECT COM TR,6726.0,207.0
46140H10,29.09,29.09,2010-11-30,DBA,INVESCO DB MULTI SECT COM TR,6726.0,207.0
46140H10,29.72,29.38,2010-12-01,DBA,INVESCO DB MULTI SECT COM TR,6726.0,207.0
46140H10,29.82,29.76,2010-12-02,DBA,INVESCO DB MULTI SECT COM TR,6726.0,207.0
46140H10,30.36,30.1,2010-12-03,DBA,INVESCO DB MULTI SECT COM TR,6726.0,207.0
46140H10,30.47,30.4,2010-12-06,DBA,INVESCO DB MULTI SECT COM TR,6726.0,207.0
46140H10,30.1,30.79,2010-12-07,DBA,INVESCO DB MULTI SECT COM TR,6726.0,207.0
46140H10,30.36,30.19,2010-12-08,DBA,INVESCO DB MULTI SECT COM TR,6726.0,207.0
46140H10,30.29,30.39,2010-12-09,DBA,INVESCO DB MULTI SECT COM TR,6726.0,207.0
46140H10,30.15,30.21,2010-12-10,DBA,INVESCO DB MULTI SECT COM TR,6726.0,207.0
46140H10,30.71,30.44,2010-12-13,DBA,INVESCO DB MULTI SECT COM TR,6726.0,207.0
46140H10,30.54,30.99,2010-12-14,DBA,INVESCO DB MULTI SECT COM TR,6726.0,207.0
46140H10,30.6,30.67,2010-12-15,DBA,INVESCO DB MULTI SECT COM TR,6726.0,207.0
46140H10,30.69,30.68,2010-12-16,DBA,INVESCO DB MULTI SECT COM TR,6726.0,207.0
46140H10,31.17,30.69,2010-12-17,DBA,INVESCO DB MULTI SECT COM TR,6726.0,207.0
46140H10,31.33,31.31,2010-12-20,DBA,INVESCO DB MULTI SECT COM TR,6726.0,207.0
46140H10,31.53,31.5,2010-12-21,DBA,INVESCO DB MULTI SECT COM TR,6726.0,207.0
46140H10,31.87,31.5,2010-12-22,DBA,INVESCO DB MULTI SECT COM TR,6726.0,207.0
46140H10,32.05,31.86,2010-12-23,DBA,INVESCO DB MULTI SECT COM TR,6726.0,207.0
46140H10,32.11,31.93,2010-12-27,DBA,INVESCO DB MULTI SECT COM TR,6726.0,207.0
46140H10,32.33,32.3,2010-12-28,DBA,INVESCO DB MULTI SECT COM TR,6726.0,207.0
46140H10,32.29,32.28,2010-12-29,DBA,INVESCO DB MULTI SECT COM TR,6726.0,207.0
46140H10,31.85,32.43,2010-12-30,DBA,INVESCO DB MULTI SECT COM TR,6726.0,207.0
46140H10,32.35,32.05,2010-12-31,DBA,INVESCO DB MULTI SECT COM TR,6726.0,207.0
46140H10,32.3,32.58,2011-01-03,DBA,INVESCO DB MULTI SECT COM TR,6726.0,207.0
46140H10,31.65,32.07,2011-01-04,DBA,INVESCO DB MULTI SECT COM TR,6726.0,207.0
46140H10,31.95,31.45,2011-01-05,DBA,INVESCO DB MULTI SECT COM TR,6726.0,207.0
46140H10,31.57,31.93,2011-01-06,DBA,INVESCO DB MULTI SECT COM TR,6726.0,207.0
46140H10,31.63,31.6,2011-01-07,DBA,INVESCO DB MULTI SECT COM TR,6726.0,207.0
46140H10,32.0,31.77,2011-01-10,DBA,INVESCO DB MULTI SECT COM TR,6726.0,207.0
46140H10,32.18,32.14,2011-01-11,DBA,INVESCO DB MULTI SECT COM TR,6726.0,207.0
46140H10,32.7,32.69,2011-01-12,DBA,INVESCO DB MULTI SECT COM TR,6726.0,207.0
46140H10,32.82,32.79,2011-01-13,DBA,INVESCO DB MULTI SECT COM TR,6726.0,207.0
46140H10,32.7,32.52,2011-01-14,DBA,INVESCO DB MULTI SECT COM TR,6726.0,207.0
46140H10,32.9625,32.85,2011-01-18,DBA,INVESCO DB MULTI SECT COM TR,6726.0,207.0
46140H10,32.88,33.19,2011-01-19,DBA,INVESCO DB MULTI SECT COM TR,6726.0,207.0
46140H10,33.16,32.7,2011-01-20,DBA,INVESCO DB MULTI SECT COM TR,6726.0,207.0
46140H10,33.49,33.38,2011-01-21,DBA,INVESCO DB MULTI SECT COM TR,6726.0,207.0
46140H10,33.5,33.62,2011-01-24,DBA,INVESCO DB MULTI SECT COM TR,6726.0,207.0
46140H10,33.34,33.37,2011-01-25,DBA,INVESCO DB MULTI SECT COM TR,6726.0,207.0
46140H10,33.98,33.55,2011-01-26,DBA,INVESCO DB MULTI SECT COM TR,6726.0,207.0
46140H10,33.93,33.95,2011-01-27,DBA,INVESCO DB MULTI SECT COM TR,6726.0,207.0
46140H10,33.92,34.28,2011-01-28,DBA,INVESCO DB MULTI SECT COM TR,6726.0,207.0
46140H10,34.29,34.0,2011-01-31,DBA,INVESCO DB MULTI SECT COM TR,6726.0,207.0
46140H10,34.51,34.3,2011-02-01,DBA,INVESCO DB MULTI SECT COM TR,6726.0,207.0
46140H10,34.9,34.75,2011-02-02,DBA,INVESCO DB MULTI SECT COM TR,6726.0,207.0
46140H10,34.37,34.8,2011-02-03,DBA,INVESCO DB MULTI SECT COM TR,6726.0,207.0
46140H10,34.32,34.28,2011-02-04,DBA,INVESCO DB MULTI SECT COM TR,6726.0,207.0
46140H10,34.41,34.55,2011-02-07,DBA,INVESCO DB MULTI SECT COM TR,6726.0,207.0
46140H10,34.39,34.3,2011-02-08,DBA,INVESCO DB MULTI SECT COM TR,6726.0,207.0
46140H10,34.74,34.79,2011-02-09,DBA,INVESCO DB MULTI SECT COM TR,6726.0,207.0
46140H10,34.96,35.0,2011-02-10,DBA,INVESCO DB MULTI SECT COM TR,6726.0,207.0
46140H10,34.83,34.87,2011-02-11,DBA,INVESCO DB MULTI SECT COM TR,6726.0,207.0
46140H10,34.84,34.86,2011-02-14,DBA,INVESCO DB MULTI SECT COM TR,6726.0,207.0
46140H10,34.41,34.76,2011-02-15,DBA,INVESCO DB MULTI SECT COM TR,6726.0,207.0
46140H10,34.63,34.56,2011-02-16,DBA,INVESCO DB MULTI SECT COM TR,6726.0,207.0
46140H10,35.24,34.87,2011-02-17,DBA,INVESCO DB MULTI SECT COM TR,6726.0,207.0
46140H10,34.91,35.03,2011-02-18,DBA,INVESCO DB MULTI SECT COM TR,6726.0,207.0
46140H10,34.18,34.91,2011-02-22,DBA,INVESCO DB MULTI SECT COM TR,6726.0,207.0
46140H10,34.28,33.96,2011-02-23,DBA,INVESCO DB MULTI SECT COM TR,6726.0,207.0
46140H10,34.01,34.02,2011-02-24,DBA,INVESCO DB MULTI SECT COM TR,6726.0,207.0
46140H10,34.71,33.98,2011-02-25,DBA,INVESCO DB MULTI SECT COM TR,6726.0,207.0
46140H10,34.97,34.9,2011-02-28,DBA,INVESCO DB MULTI SECT COM TR,6726.0,207.0
46140H10,34.6225,34.9,2011-03-01,DBA,INVESCO DB MULTI SECT COM TR,6726.0,207.0
46140H10,34.95,34.75,2011-03-02,DBA,INVESCO DB MULTI SECT COM TR,6726.0,207.0
46140H10,35.44,35.1,2011-03-03,DBA,INVESCO DB MULTI SECT COM TR,6726.0,207.0
46140H10,35.3,35.49,2011-03-04,DBA,INVESCO DB MULTI SECT COM TR,6726.0,207.0
46140H10,35.28,35.45,2011-03-07,DBA,INVESCO DB MULTI SECT COM TR,6726.0,207.0
46140H10,35.27,35.25,2011-03-08,DBA,INVESCO DB MULTI SECT COM TR,6726.0,207.0
46140H10,35.06,35.35,2011-03-09,DBA,INVESCO DB MULTI SECT COM TR,6726.0,207.0
46140H10,34.17,34.62,2011-03-10,DBA,INVESCO DB MULTI SECT COM TR,6726.0,207.0
46140H10,33.99,33.7,2011-03-11,DBA,INVESCO DB MULTI SECT COM TR,6726.0,207.0
46140H10,33.68,33.68,2011-03-14,DBA,INVESCO DB MULTI SECT COM TR,6726.0,207.0
46140H10,32.14,32.8,2011-03-15,DBA,INVESCO DB MULTI SECT COM TR,6726.0,207.0
46140H10,32.19,32.66,2011-03-16,DBA,INVESCO DB MULTI SECT COM TR,6726.0,207.0
46140H10,33.41,32.69,2011-03-17,DBA,INVESCO DB MULTI SECT COM TR,6726.0,207.0
46140H10,33.66,33.75,2011-03-18,DBA,INVESCO DB MULTI SECT COM TR,6726.0,207.0
46140H10,33.9,33.71,2011-03-21,DBA,INVESCO DB MULTI SECT COM TR,6726.0,207.0
46140H10,33.95,33.58,2011-03-22,DBA,INVESCO DB MULTI SECT COM TR,6726.0,207.0
46140H10,33.6,33.8,2011-03-23,DBA,INVESCO DB MULTI SECT COM TR,6726.0,207.0
46140H10,33.93,33.65,2011-03-24,DBA,INVESCO DB MULTI SECT COM TR,6726.0,207.0
46140H10,34.15,34.09,2011-03-25,DBA,INVESCO DB MULTI SECT COM TR,6726.0,207.0
46140H10,33.79,34.03,2011-03-28,DBA,INVESCO DB MULTI SECT COM TR,6726.0,207.0
46140H10,33.74,33.7,2011-03-29,DBA,INVESCO DB MULTI SECT COM TR,6726.0,207.0
46140H10,33.66,33.75,2011-03-30,DBA,INVESCO DB MULTI SECT COM TR,6726.0,207.0
46140H10,34.23,34.02,2011-03-31,DBA,INVESCO DB MULTI SECT COM TR,6726.0,207.0
46140H10,34.33,34.17,2011-04-01,DBA,INVESCO DB MULTI SECT COM TR,6726.0,207.0
46140H10,34.52,34.5,2011-04-04,DBA,INVESCO DB MULTI SECT COM TR,6726.0,207.0
46140H10,34.54,34.32,2011-04-05,DBA,INVESCO DB MULTI SECT COM TR,6726.0,207.0
46140H10,34.31,34.63,2011-04-06,DBA,INVESCO DB MULTI SECT COM TR,6726.0,207.0
46140H10,34.27,34.49,2011-04-07,DBA,INVESCO DB MULTI SECT COM TR,6726.0,207.0
46140H10,34.4,34.31,2011-04-08,DBA,INVESCO DB MULTI SECT COM TR,6726.0,207.0
46140H10,34.25,34.37,2011-04-11,DBA,INVESCO DB MULTI SECT COM TR,6726.0,207.0
46140H10,33.73,34.19,2011-04-12,DBA,INVESCO DB MULTI SECT COM TR,6726.0,207.0
46140H10,33.92,34.07,2011-04-13,DBA,INVESCO DB MULTI SECT COM TR,6726.0,207.0
46140H10,33.99,33.72,2011-04-14,DBA,INVESCO DB MULTI SECT COM TR,6726.0,207.0
46140H10,33.89,33.86,2011-04-15,DBA,INVESCO DB MULTI SECT COM TR,6726.0,207.0
46140H10,33.99,33.83,2011-04-18,DBA,INVESCO DB MULTI SECT COM TR,6726.0,207.0
46140H10,34.32,34.12,2011-04-19,DBA,INVESCO DB MULTI SECT COM TR,6726.0,207.0
46140H10,34.33,34.7,2011-04-20,DBA,INVESCO DB MULTI SECT COM TR,6726.0,207.0
46140H10,34.42,34.42,2011-04-21,DBA,INVESCO DB MULTI SECT COM TR,6726.0,207.0
46140H10,34.26,34.64,2011-04-25,DBA,INVESCO DB MULTI SECT COM TR,6726.0,207.0
46140H10,34.14,34.36,2011-04-26,DBA,INVESCO DB MULTI SECT COM TR,6726.0,207.0
46140H10,34.09,34.05,2011-04-27,DBA,INVESCO DB MULTI SECT COM TR,6726.0,207.0
46140H10,33.7,34.07,2011-04-28,DBA,INVESCO DB MULTI SECT COM TR,6726.0,207.0
46140H10,34.06,33.69,2011-04-29,DBA,INVESCO DB MULTI SECT COM TR,6726.0,207.0
46140H10,33.9,34.0,2011-05-02,DBA,INVESCO DB MULTI SECT COM TR,6726.0,207.0
46140H10,33.72,33.96,2011-05-03,DBA,INVESCO DB MULTI SECT COM TR,6726.0,207.0
46140H10,33.18,33.64,2011-05-04,DBA,INVESCO DB MULTI SECT COM TR,6726.0,207.0
46140H10,32.38,32.7,2011-05-05,DBA,INVESCO DB MULTI SECT COM TR,6726.0,207.0
46140H10,32.42,32.68,2011-05-06,DBA,INVESCO DB MULTI SECT COM TR,6726.0,207.0
46140H10,32.94,32.72,2011-05-09,DBA,INVESCO DB MULTI SECT COM TR,6726.0,207.0
46140H10,33.09,33.13,2011-05-10,DBA,INVESCO DB MULTI SECT COM TR,6726.0,207.0
46140H10,32.41,32.91,2011-05-11,DBA,INVESCO DB MULTI SECT COM TR,6726.0,207.0
46140H10,32.44,32.15,2011-05-12,DBA,INVESCO DB MULTI SECT COM TR,6726.0,207.0
46140H10,32.14,32.48,2011-05-13,DBA,INVESCO DB MULTI SECT COM TR,6726.0,207.0
46140H10,32.04,32.21,2011-05-16,DBA,INVESCO DB MULTI SECT COM TR,6726.0,207.0
46140H10,32.45,32.03,2011-05-17,DBA,INVESCO DB MULTI SECT COM TR,6726.0,207.0
46140H10,33.07,32.64,2011-05-18,DBA,INVESCO DB MULTI SECT COM TR,6726.0,207.0
46140H10,32.68,32.97,2011-05-19,DBA,INVESCO DB MULTI SECT COM TR,6726.0,207.0
46140H10,32.51,32.5701,2011-05-20,DBA,INVESCO DB MULTI SECT COM TR,6726.0,207.0
46140H10,32.14,32.34,2011-05-23,DBA,INVESCO DB MULTI SECT COM TR,6726.0,207.0
46140H10,32.12,32.29,2011-05-24,DBA,INVESCO DB MULTI SECT COM TR,6726.0,207.0
46140H10,32.6,32.28,2011-05-25,DBA,INVESCO DB MULTI SECT COM TR,6726.0,207.0
46140H10,32.8,32.75,2011-05-26,DBA,INVESCO DB MULTI SECT COM TR,6726.0,207.0
46140H10,32.83,32.81,2011-05-27,DBA,INVESCO DB MULTI SECT COM TR,6726.0,207.0
46140H10,32.73,32.84,2011-05-31,DBA,INVESCO DB MULTI SECT COM TR,6726.0,207.0
46140H10,32.29,32.59,2011-06-01,DBA,INVESCO DB MULTI SECT COM TR,6726.0,207.0
46140H10,32.77,32.39,2011-06-02,DBA,INVESCO DB MULTI SECT COM TR,6726.0,207.0
46140H10,32.94,32.7,2011-06-03,DBA,INVESCO DB MULTI SECT COM TR,6726.0,207.0
46140H10,32.26,32.8,2011-06-06,DBA,INVESCO DB MULTI SECT COM TR,6726.0,207.0
46140H10,32.47,32.5,2011-06-07,DBA,INVESCO DB MULTI SECT COM TR,6726.0,207.0
46140H10,32.84,32.49,2011-06-08,DBA,INVESCO DB MULTI SECT COM TR,6726.0,207.0
46140H10,33.15,33.24,2011-06-09,DBA,INVESCO DB MULTI SECT COM TR,6726.0,207.0
46140H10,32.83,32.95,2011-06-10,DBA,INVESCO DB MULTI SECT COM TR,6726.0,207.0
46140H10,32.85,32.96,2011-06-13,DBA,INVESCO DB MULTI SECT COM TR,6726.0,207.0
46140H10,32.76,32.71,2011-06-14,DBA,INVESCO DB MULTI SECT COM TR,6726.0,207.0
46140H10,32.3,32.73,2011-06-15,DBA,INVESCO DB MULTI SECT COM TR,6726.0,207.0
46140H10,32.15,32.12,2011-06-16,DBA,INVESCO DB MULTI SECT COM TR,6726.0,207.0
46140H10,32.24,32.33,2011-06-17,DBA,INVESCO DB MULTI SECT COM TR,6726.0,207.0
46140H10,32.37,32.12,2011-06-20,DBA,INVESCO DB MULTI SECT COM TR,6726.0,207.0
46140H10,32.81,32.59,2011-06-21,DBA,INVESCO DB MULTI SECT COM TR,6726.0,207.0
46140H10,32.26,32.55,2011-06-22,DBA,INVESCO DB MULTI SECT COM TR,6726.0,207.0
46140H10,32.22,31.65,2011-06-23,DBA,INVESCO DB MULTI SECT COM TR,6726.0,207.0
46140H10,31.93,32.19,2011-06-24,DBA,INVESCO DB MULTI SECT COM TR,6726.0,207.0
46140H10,31.79,31.71,2011-06-27,DBA,INVESCO DB MULTI SECT COM TR,6726.0,207.0
46140H10,32.38,32.1,2011-06-28,DBA,INVESCO DB MULTI SECT COM TR,6726.0,207.0
46140H10,32.54,32.39,2011-06-29,DBA,INVESCO DB MULTI SECT COM TR,6726.0,207.0
46140H10,31.74,31.98,2011-06-30,DBA,INVESCO DB MULTI SECT COM TR,6726.0,207.0
46140H10,32.16,31.66,2011-07-01,DBA,INVESCO DB MULTI SECT COM TR,6726.0,207.0
46140H10,32.54,32.44,2011-07-05,DBA,INVESCO DB MULTI SECT COM TR,6726.0,207.0
46140H10,32.33,32.34,2011-07-06,DBA,INVESCO DB MULTI SECT COM TR,6726.0,207.0
46140H10,32.7,32.47,2011-07-07,DBA,INVESCO DB MULTI SECT COM TR,6726.0,207.0
46140H10,32.64,32.74,2011-07-08,DBA,INVESCO DB MULTI SECT COM TR,6726.0,207.0
46140H10,32.51,32.41,2011-07-11,DBA,INVESCO DB MULTI SECT COM TR,6726.0,207.0
46140H10,32.76,32.36,2011-07-12,DBA,INVESCO DB MULTI SECT COM TR,6726.0,207.0
46140H10,33.3,32.92,2011-07-13,DBA,INVESCO DB MULTI SECT COM TR,6726.0,207.0
46140H10,32.93,33.26,2011-07-14,DBA,INVESCO DB MULTI SECT COM TR,6726.0,207.0
46140H10,32.82,33.1,2011-07-15,DBA,INVESCO DB MULTI SECT COM TR,6726.0,207.0
46140H10,32.61,32.59,2011-07-18,DBA,INVESCO DB MULTI SECT COM TR,6726.0,207.0
46140H10,32.81,33.02,2011-07-19,DBA,INVESCO DB MULTI SECT COM TR,6726.0,207.0
46140H10,32.71,32.83,2011-07-20,DBA,INVESCO DB MULTI SECT COM TR,6726.0,207.0
46140H10,32.59,32.81,2011-07-21,DBA,INVESCO DB MULTI SECT COM TR,6726.0,207.0
46140H10,32.81,32.56,2011-07-22,DBA,INVESCO DB MULTI SECT COM TR,6726.0,207.0
46140H10,32.51,32.58,2011-07-25,DBA,INVESCO DB MULTI SECT COM TR,6726.0,207.0
46140H10,32.78,32.6,2011-07-26,DBA,INVESCO DB MULTI SECT COM TR,6726.0,207.0
46140H10,32.72,32.74,2011-07-27,DBA,INVESCO DB MULTI SECT COM TR,6726.0,207.0
46140H10,32.51,32.65,2011-07-28,DBA,INVESCO DB MULTI SECT COM TR,6726.0,207.0
46140H10,32.25,32.34,2011-07-29,DBA,INVESCO DB MULTI SECT COM TR,6726.0,207.0
46140H10,32.54,32.52,2011-08-01,DBA,INVESCO DB MULTI SECT COM TR,6726.0,207.0
46140H10,32.81,32.5,2011-08-02,DBA,INVESCO DB MULTI SECT COM TR,6726.0,207.0
46140H10,32.65,32.62,2011-08-03,DBA,INVESCO DB MULTI SECT COM TR,6726.0,207.0
46140H10,32.01,32.32,2011-08-04,DBA,INVESCO DB MULTI SECT COM TR,6726.0,207.0
46140H10,32.2,32.21,2011-08-05,DBA,INVESCO DB MULTI SECT COM TR,6726.0,207.0
46140H10,31.35,31.64,2011-08-08,DBA,INVESCO DB MULTI SECT COM TR,6726.0,207.0
46140H10,31.67,31.74,2011-08-09,DBA,INVESCO DB MULTI SECT COM TR,6726.0,207.0
46140H10,31.36,31.66,2011-08-10,DBA,INVESCO DB MULTI SECT COM TR,6726.0,207.0
46140H10,32.21,31.89,2011-08-11,DBA,INVESCO DB MULTI SECT COM TR,6726.0,207.0
46140H10,32.31,32.12,2011-08-12,DBA,INVESCO DB MULTI SECT COM TR,6726.0,207.0
46140H10,32.61,32.5,2011-08-15,DBA,INVESCO DB MULTI SECT COM TR,6726.0,207.0
46140H10,32.86,32.42,2011-08-16,DBA,INVESCO DB MULTI SECT COM TR,6726.0,207.0
46140H10,33.17,33.0,2011-08-17,DBA,INVESCO DB MULTI SECT COM TR,6726.0,207.0
46140H10,32.72,32.78,2011-08-18,DBA,INVESCO DB MULTI SECT COM TR,6726.0,207.0
46140H10,33.09,32.78,2011-08-19,DBA,INVESCO DB MULTI SECT COM TR,6726.0,207.0
46140H10,33.3,33.41,2011-08-22,DBA,INVESCO DB MULTI SECT COM TR,6726.0,207.0
46140H10,33.81,33.5,2011-08-23,DBA,INVESCO DB MULTI SECT COM TR,6726.0,207.0
46140H10,33.35,33.69,2011-08-24,DBA,INVESCO DB MULTI SECT COM TR,6726.0,207.0
46140H10,33.4,33.29,2011-08-25,DBA,INVESCO DB MULTI SECT COM TR,6726.0,207.0
46140H10,33.96,33.44,2011-08-26,DBA,INVESCO DB MULTI SECT COM TR,6726.0,207.0
46140H10,34.19,34.11,2011-08-29,DBA,INVESCO DB MULTI SECT COM TR,6726.0,207.0
46140H10,34.11,33.93,2011-08-30,DBA,INVESCO DB MULTI SECT COM TR,6726.0,207.0
46140H10,34.11,34.1,2011-08-31,DBA,INVESCO DB MULTI SECT COM TR,6726.0,207.0
46140H10,33.72,33.94,2011-09-01,DBA,INVESCO DB MULTI SECT COM TR,6726.0,207.0
46140H10,33.92,33.55,2011-09-02,DBA,INVESCO DB MULTI SECT COM TR,6726.0,207.0
46140H10,33.39,33.4,2011-09-06,DBA,INVESCO DB MULTI SECT COM TR,6726.0,207.0
46140H10,33.51,33.68,2011-09-07,DBA,INVESCO DB MULTI SECT COM TR,6726.0,207.0
46140H10,33.38,33.36,2011-09-08,DBA,INVESCO DB MULTI SECT COM TR,6726.0,207.0
46140H10,33.1,33.3,2011-09-09,DBA,INVESCO DB MULTI SECT COM TR,6726.0,207.0
46140H10,33.1,33.09,2011-09-12,DBA,INVESCO DB MULTI SECT COM TR,6726.0,207.0
46140H10,32.82,33.07,2011-09-13,DBA,INVESCO DB MULTI SECT COM TR,6726.0,207.0
46140H10,32.79,32.73,2011-09-14,DBA,INVESCO DB MULTI SECT COM TR,6726.0,207.0
46140H10,32.38,32.77,2011-09-15,DBA,INVESCO DB MULTI SECT COM TR,6726.0,207.0
46140H10,32.02,32.35,2011-09-16,DBA,INVESCO DB MULTI SECT COM TR,6726.0,207.0
46140H10,31.77,31.83,2011-09-19,DBA,INVESCO DB MULTI SECT COM TR,6726.0,207.0
46140H10,31.74,31.98,2011-09-20,DBA,INVESCO DB MULTI SECT COM TR,6726.0,207.0
46140H10,31.11,31.77,2011-09-21,DBA,INVESCO DB MULTI SECT COM TR,6726.0,207.0
46140H10,30.39,30.59,2011-09-22,DBA,INVESCO DB MULTI SECT COM TR,6726.0,207.0
46140H10,30.13,30.14,2011-09-23,DBA,INVESCO DB MULTI SECT COM TR,6726.0,207.0
46140H10,30.54,30.23,2011-09-26,DBA,INVESCO DB MULTI SECT COM TR,6726.0,207.0
46140H10,30.718,31.0,2011-09-27,DBA,INVESCO DB MULTI SECT COM TR,6726.0,207.0
46140H10,30.04,30.53,2011-09-28,DBA,INVESCO DB MULTI SECT COM TR,6726.0,207.0
46140H10,30.72,30.32,2011-09-29,DBA,INVESCO DB MULTI SECT COM TR,6726.0,207.0
46140H10,29.665,30.12,2011-09-30,DBA,INVESCO DB MULTI SECT COM TR,6726.0,207.0
46140H10,29.57,29.5,2011-10-03,DBA,INVESCO DB MULTI SECT COM TR,6726.0,207.0
46140H10,29.72,29.48,2011-10-04,DBA,INVESCO DB MULTI SECT COM TR,6726.0,207.0
46140H10,30.0,29.87,2011-10-05,DBA,INVESCO DB MULTI SECT COM TR,6726.0,207.0
46140H10,30.1,30.04,2011-10-06,DBA,INVESCO DB MULTI SECT COM TR,6726.0,207.0
46140H10,29.89,29.99,2011-10-07,DBA,INVESCO DB MULTI SECT COM TR,6726.0,207.0
46140H10,30.09,30.23,2011-10-10,DBA,INVESCO DB MULTI SECT COM TR,6726.0,207.0
46140H10,30.5,29.97,2011-10-11,DBA,INVESCO DB MULTI SECT COM TR,6726.0,207.0
46140H10,30.45,30.49,2011-10-12,DBA,INVESCO DB MULTI SECT COM TR,6726.0,207.0
46140H10,30.81,30.57,2011-10-13,DBA,INVESCO DB MULTI SECT COM TR,6726.0,207.0
46140H10,31.18,31.09,2011-10-14,DBA,INVESCO DB MULTI SECT COM TR,6726.0,207.0
46140H10,30.93,30.91,2011-10-17,DBA,INVESCO DB MULTI SECT COM TR,6726.0,207.0
46140H10,30.89,30.7,2011-10-18,DBA,INVESCO DB MULTI SECT COM TR,6726.0,207.0
46140H10,30.62,31.05,2011-10-19,DBA,INVESCO DB MULTI SECT COM TR,6726.0,207.0
46140H10,30.78,30.57,2011-10-20,DBA,INVESCO DB MULTI SECT COM TR,6726.0,207.0
46140H10,30.76,31.01,2011-10-21,DBA,INVESCO DB MULTI SECT COM TR,6726.0,207.0
46140H10,31.11,30.99,2011-10-24,DBA,INVESCO DB MULTI SECT COM TR,6726.0,207.0
46140H10,30.81,31.17,2011-10-25,DBA,INVESCO DB MULTI SECT COM TR,6726.0,207.0
46140H10,30.58,30.95,2011-10-26,DBA,INVESCO DB MULTI SECT COM TR,6726.0,207.0
46140H10,31.11,31.01,2011-10-27,DBA,INVESCO DB MULTI SECT COM TR,6726.0,207.0
46140H10,31.03,30.86,2011-10-28,DBA,INVESCO DB MULTI SECT COM TR,6726.0,207.0
46140H10,30.41,30.52,2011-10-31,DBA,INVESCO DB MULTI SECT COM TR,6726.0,207.0
46140H10,30.42,29.91,2011-11-01,DBA,INVESCO DB MULTI SECT COM TR,6726.0,207.0
46140H10,30.34,30.5,2011-11-02,DBA,INVESCO DB MULTI SECT COM TR,6726.0,207.0
46140H10,30.74,30.56,2011-11-03,DBA,INVESCO DB MULTI SECT COM TR,6726.0,207.0
46140H10,30.62,30.66,2011-11-04,DBA,INVESCO DB MULTI SECT COM TR,6726.0,207.0
46140H10,30.72,30.78,2011-11-07,DBA,INVESCO DB MULTI SECT COM TR,6726.0,207.0
46140H10,30.79,30.75,2011-11-08,DBA,INVESCO DB MULTI SECT COM TR,6726.0,207.0
46140H10,30.12,30.4,2011-11-09,DBA,INVESCO DB MULTI SECT COM TR,6726.0,207.0
46140H10,29.91,30.18,2011-11-10,DBA,INVESCO DB MULTI SECT COM TR,6726.0,207.0
46140H10,30.04,30.0,2011-11-11,DBA,INVESCO DB MULTI SECT COM TR,6726.0,207.0
46140H10,29.85,29.9,2011-11-14,DBA,INVESCO DB MULTI SECT COM TR,6726.0,207.0
46140H10,30.12,29.85,2011-11-15,DBA,INVESCO DB MULTI SECT COM TR,6726.0,207.0
46140H10,29.88,29.92,2011-11-16,DBA,INVESCO DB MULTI SECT COM TR,6726.0,207.0
46140H10,29.48,29.87,2011-11-17,DBA,INVESCO DB MULTI SECT COM TR,6726.0,207.0
46140H10,29.3,29.52,2011-11-18,DBA,INVESCO DB MULTI SECT COM TR,6726.0,207.0
46140H10,29.21,29.19,2011-11-21,DBA,INVESCO DB MULTI SECT COM TR,6726.0,207.0
46140H10,29.07,29.12,2011-11-22,DBA,INVESCO DB MULTI SECT COM TR,6726.0,207.0
46140H10,28.81,28.97,2011-11-23,DBA,INVESCO DB MULTI SECT COM TR,6726.0,207.0
46140H10,28.55,28.62,2011-11-25,DBA,INVESCO DB MULTI SECT COM TR,6726.0,207.0
46140H10,28.63,28.81,2011-11-28,DBA,INVESCO DB MULTI SECT COM TR,6726.0,207.0
46140H10,28.78,28.61,2011-11-29,DBA,INVESCO DB MULTI SECT COM TR,6726.0,207.0
46140H10,28.99,29.05,2011-11-30,DBA,INVESCO DB MULTI SECT COM TR,6726.0,207.0
46140H10,28.9,29.05,2011-12-01,DBA,INVESCO DB MULTI SECT COM TR,6726.0,207.0
46140H10,28.76,28.99,2011-12-02,DBA,INVESCO DB MULTI SECT COM TR,6726.0,207.0
46140H10,28.63,28.89,2011-12-05,DBA,INVESCO DB MULTI SECT COM TR,6726.0,207.0
46140H10,28.7,28.54,2011-12-06,DBA,INVESCO DB MULTI SECT COM TR,6726.0,207.0
46140H10,28.33,28.6,2011-12-07,DBA,INVESCO DB MULTI SECT COM TR,6726.0,207.0
46140H10,28.32,28.27,2011-12-08,DBA,INVESCO DB MULTI SECT COM TR,6726.0,207.0
46140H10,28.01,28.08,2011-12-09,DBA,INVESCO DB MULTI SECT COM TR,6726.0,207.0
46140H10,27.97,27.74,2011-12-12,DBA,INVESCO DB MULTI SECT COM TR,6726.0,207.0
46140H10,28.14,28.12,2011-12-13,DBA,INVESCO DB MULTI SECT COM TR,6726.0,207.0
46140H10,27.69,27.84,2011-12-14,DBA,INVESCO DB MULTI SECT COM TR,6726.0,207.0
46140H10,27.61,27.75,2011-12-15,DBA,INVESCO DB MULTI SECT COM TR,6726.0,207.0
46140H10,27.61,27.71,2011-12-16,DBA,INVESCO DB MULTI SECT COM TR,6726.0,207.0
46140H10,27.99,27.82,2011-12-19,DBA,INVESCO DB MULTI SECT COM TR,6726.0,207.0
46140H10,28.28,28.24,2011-12-20,DBA,INVESCO DB MULTI SECT COM TR,6726.0,207.0
46140H10,28.38,28.19,2011-12-21,DBA,INVESCO DB MULTI SECT COM TR,6726.0,207.0
46140H10,28.54,28.4,2011-12-22,DBA,INVESCO DB MULTI SECT COM TR,6726.0,207.0
46140H10,28.6,28.59,2011-12-23,DBA,INVESCO DB MULTI SECT COM TR,6726.0,207.0
46140H10,28.9,28.57,2011-12-27,DBA,INVESCO DB MULTI SECT COM TR,6726.0,207.0
46140H10,28.85,29.03,2011-12-28,DBA,INVESCO DB MULTI SECT COM TR,6726.0,207.0
46140H10,28.77,28.81,2011-12-29,DBA,INVESCO DB MULTI SECT COM TR,6726.0,207.0
46140H10,28.88,28.79,2011-12-30,DBA,INVESCO DB MULTI SECT COM TR,6726.0,207.0
46140H10,29.12,29.22,2012-01-03,DBA,INVESCO DB MULTI SECT COM TR,6726.0,207.0
46140H10,29.02,29.17,2012-01-04,DBA,INVESCO DB MULTI SECT COM TR,6726.0,207.0
46140H10,28.4,28.88,2012-01-05,DBA,INVESCO DB MULTI SECT COM TR,6726.0,207.0
46140H10,28.35,28.57,2012-01-06,DBA,INVESCO DB MULTI SECT COM TR,6726.0,207.0
46140H10,28.8,28.58,2012-01-09,DBA,INVESCO DB MULTI SECT COM TR,6726.0,207.0
46140H10,29.23,28.98,2012-01-10,DBA,INVESCO DB MULTI SECT COM TR,6726.0,207.0
46140H10,29.25,29.07,2012-01-11,DBA,INVESCO DB MULTI SECT COM TR,6726.0,207.0
46140H10,28.81,28.91,2012-01-12,DBA,INVESCO DB MULTI SECT COM TR,6726.0,207.0
46140H10,28.62,28.69,2012-01-13,DBA,INVESCO DB MULTI SECT COM TR,6726.0,207.0
46140H10,28.68,28.69,2012-01-17,DBA,INVESCO DB MULTI SECT COM TR,6726.0,207.0
46140H10,28.63,28.68,2012-01-18,DBA,INVESCO DB MULTI SECT COM TR,6726.0,207.0
46140H10,28.85,28.72,2012-01-19,DBA,INVESCO DB MULTI SECT COM TR,6726.0,207.0
46140H10,28.78,28.87,2012-01-20,DBA,INVESCO DB MULTI SECT COM TR,6726.0,207.0
46140H10,28.93,28.82,2012-01-23,DBA,INVESCO DB MULTI SECT COM TR,6726.0,207.0
46140H10,29.24,28.94,2012-01-24,DBA,INVESCO DB MULTI SECT COM TR,6726.0,207.0
46140H10,29.34,29.27,2012-01-25,DBA,INVESCO DB MULTI SECT COM TR,6726.0,207.0
46140H10,29.3,29.48,2012-01-26,DBA,INVESCO DB MULTI SECT COM TR,6726.0,207.0
46140H10,29.2,29.16,2012-01-27,DBA,INVESCO DB MULTI SECT COM TR,6726.0,207.0
46140H10,28.82,29.0,2012-01-30,DBA,INVESCO DB MULTI SECT COM TR,6726.0,207.0
46140H10,29.0,29.02,2012-01-31,DBA,INVESCO DB MULTI SECT COM TR,6726.0,207.0
46140H10,29.08,29.09,2012-02-01,DBA,INVESCO DB MULTI SECT COM TR,6726.0,207.0
46140H10,29.05,28.97,2012-02-02,DBA,INVESCO DB MULTI SECT COM TR,6726.0,207.0
46140H10,29.19,29.2,2012-02-03,DBA,INVESCO DB MULTI SECT COM TR,6726.0,207.0
46140H10,29.25,29.12,2012-02-06,DBA,INVESCO DB MULTI SECT COM TR,6726.0,207.0
46140H10,29.16,29.08,2012-02-07,DBA,INVESCO DB MULTI SECT COM TR,6726.0,207.0
46140H10,29.14,29.21,2012-02-08,DBA,INVESCO DB MULTI SECT COM TR,6726.0,207.0
46140H10,28.91,29.19,2012-02-09,DBA,INVESCO DB MULTI SECT COM TR,6726.0,207.0
46140H10,28.61,28.7,2012-02-10,DBA,INVESCO DB MULTI SECT COM TR,6726.0,207.0
46140H10,28.8,28.74,2012-02-13,DBA,INVESCO DB MULTI SECT COM TR,6726.0,207.0
46140H10,28.74,28.67,2012-02-14,DBA,INVESCO DB MULTI SECT COM TR,6726.0,207.0
46140H10,28.77,28.78,2012-02-15,DBA,INVESCO DB MULTI SECT COM TR,6726.0,207.0
46140H10,28.93,28.77,2012-02-16,DBA,INVESCO DB MULTI SECT COM TR,6726.0,207.0
46140H10,28.99,28.98,2012-02-17,DBA,INVESCO DB MULTI SECT COM TR,6726.0,207.0
46140H10,29.18,29.06,2012-02-21,DBA,INVESCO DB MULTI SECT COM TR,6726.0,207.0
46140H10,29.27,29.07,2012-02-22,DBA,INVESCO DB MULTI SECT COM TR,6726.0,207.0
46140H10,28.99,29.1,2012-02-23,DBA,INVESCO DB MULTI SECT COM TR,6726.0,207.0
46140H10,29.05,28.99,2012-02-24,DBA,INVESCO DB MULTI SECT COM TR,6726.0,207.0
46140H10,29.15,29.04,2012-02-27,DBA,INVESCO DB MULTI SECT COM TR,6726.0,207.0
46140H10,29.33,29.23,2012-02-28,DBA,INVESCO DB MULTI SECT COM TR,6726.0,207.0
46140H10,29.25,29.25,2012-02-29,DBA,INVESCO DB MULTI SECT COM TR,6726.0,207.0
46140H10,29.49,29.19,2012-03-01,DBA,INVESCO DB MULTI SECT COM TR,6726.0,207.0
46140H10,29.35,29.29,2012-03-02,DBA,INVESCO DB MULTI SECT COM TR,6726.0,207.0
46140H10,29.15,29.35,2012-03-05,DBA,INVESCO DB MULTI SECT COM TR,6726.0,207.0
46140H10,28.64,28.9,2012-03-06,DBA,INVESCO DB MULTI SECT COM TR,6726.0,207.0
46140H10,28.39,28.55,2012-03-07,DBA,INVESCO DB MULTI SECT COM TR,6726.0,207.0
46140H10,28.48,28.56,2012-03-08,DBA,INVESCO DB MULTI SECT COM TR,6726.0,207.0
46140H10,28.41,28.4,2012-03-09,DBA,INVESCO DB MULTI SECT COM TR,6726.0,207.0
46140H10,28.52,28.41,2012-03-12,DBA,INVESCO DB MULTI SECT COM TR,6726.0,207.0
46140H10,28.61,28.56,2012-03-13,DBA,INVESCO DB MULTI SECT COM TR,6726.0,207.0
46140H10,28.46,28.52,2012-03-14,DBA,INVESCO DB MULTI SECT COM TR,6726.0,207.0
46140H10,28.69,28.51,2012-03-15,DBA,INVESCO DB MULTI SECT COM TR,6726.0,207.0
46140H10,28.63,28.6,2012-03-16,DBA,INVESCO DB MULTI SECT COM TR,6726.0,207.0
46140H10,28.59,28.6,2012-03-19,DBA,INVESCO DB MULTI SECT COM TR,6726.0,207.0
46140H10,28.46,28.57,2012-03-20,DBA,INVESCO DB MULTI SECT COM TR,6726.0,207.0
46140H10,28.41,28.49,2012-03-21,DBA,INVESCO DB MULTI SECT COM TR,6726.0,207.0
46140H10,28.34,28.36,2012-03-22,DBA,INVESCO DB MULTI SECT COM TR,6726.0,207.0
46140H10,28.36,28.36,2012-03-23,DBA,INVESCO DB MULTI SECT COM TR,6726.0,207.0
46140H10,28.43,28.39,2012-03-26,DBA,INVESCO DB MULTI SECT COM TR,6726.0,207.0
46140H10,28.43,28.5,2012-03-27,DBA,INVESCO DB MULTI SECT COM TR,6726.0,207.0
46140H10,28.04,28.42,2012-03-28,DBA,INVESCO DB MULTI SECT COM TR,6726.0,207.0
46140H10,27.59,27.96,2012-03-29,DBA,INVESCO DB MULTI SECT COM TR,6726.0,207.0
46140H10,28.1,27.97,2012-03-30,DBA,INVESCO DB MULTI SECT COM TR,6726.0,207.0
46140H10,28.27,28.1,2012-04-02,DBA,INVESCO DB MULTI SECT COM TR,6726.0,207.0
46140H10,28.09,28.19,2012-04-03,DBA,INVESCO DB MULTI SECT COM TR,6726.0,207.0
46140H10,27.85,27.86,2012-04-04,DBA,INVESCO DB MULTI SECT COM TR,6726.0,207.0
46140H10,27.95,27.87,2012-04-05,DBA,INVESCO DB MULTI SECT COM TR,6726.0,207.0
46140H10,27.88,27.97,2012-04-09,DBA,INVESCO DB MULTI SECT COM TR,6726.0,207.0
46140H10,27.51,27.72,2012-04-10,DBA,INVESCO DB MULTI SECT COM TR,6726.0,207.0
46140H10,27.7,27.65,2012-04-11,DBA,INVESCO DB MULTI SECT COM TR,6726.0,207.0
46140H10,27.98,27.73,2012-04-12,DBA,INVESCO DB MULTI SECT COM TR,6726.0,207.0
46140H10,27.52,27.98,2012-04-13,DBA,INVESCO DB MULTI SECT COM TR,6726.0,207.0
46140H10,27.27,27.41,2012-04-16,DBA,INVESCO DB MULTI SECT COM TR,6726.0,207.0
46140H10,27.43,27.4,2012-04-17,DBA,INVESCO DB MULTI SECT COM TR,6726.0,207.0
46140H10,27.13,27.35,2012-04-18,DBA,INVESCO DB MULTI SECT COM TR,6726.0,207.0
46140H10,27.26,27.37,2012-04-19,DBA,INVESCO DB MULTI SECT COM TR,6726.0,207.0
46140H10,27.26,27.38,2012-04-20,DBA,INVESCO DB MULTI SECT COM TR,6726.0,207.0
46140H10,27.21,27.19,2012-04-23,DBA,INVESCO DB MULTI SECT COM TR,6726.0,207.0
46140H10,27.28,27.42,2012-04-24,DBA,INVESCO DB MULTI SECT COM TR,6726.0,207.0
46140H10,27.19,27.48,2012-04-25,DBA,INVESCO DB MULTI SECT COM TR,6726.0,207.0
46140H10,27.08,27.18,2012-04-26,DBA,INVESCO DB MULTI SECT COM TR,6726.0,207.0
46140H10,27.21,27.1,2012-04-27,DBA,INVESCO DB MULTI SECT COM TR,6726.0,207.0
46140H10,27.29,27.15,2012-04-30,DBA,INVESCO DB MULTI SECT COM TR,6726.0,207.0
46140H10,27.4,27.23,2012-05-01,DBA,INVESCO DB MULTI SECT COM TR,6726.0,207.0
46140H10,26.92,27.36,2012-05-02,DBA,INVESCO DB MULTI SECT COM TR,6726.0,207.0
46140H10,27.03,26.96,2012-05-03,DBA,INVESCO DB MULTI SECT COM TR,6726.0,207.0
46140H10,26.89,27.02,2012-05-04,DBA,INVESCO DB MULTI SECT COM TR,6726.0,207.0
46140H10,26.97,26.85,2012-05-07,DBA,INVESCO DB MULTI SECT COM TR,6726.0,207.0
46140H10,26.82,27.01,2012-05-08,DBA,INVESCO DB MULTI SECT COM TR,6726.0,207.0
46140H10,26.68,26.66,2012-05-09,DBA,INVESCO DB MULTI SECT COM TR,6726.0,207.0
46140H10,26.68,26.68,2012-05-10,DBA,INVESCO DB MULTI SECT COM TR,6726.0,207.0
46140H10,26.38,26.56,2012-05-11,DBA,INVESCO DB MULTI SECT COM TR,6726.0,207.0
46140H10,26.28,26.28,2012-05-14,DBA,INVESCO DB MULTI SECT COM TR,6726.0,207.0
46140H10,26.58,26.53,2012-05-15,DBA,INVESCO DB MULTI SECT COM TR,6726.0,207.0
46140H10,26.87,26.52,2012-05-16,DBA,INVESCO DB MULTI SECT COM TR,6726.0,207.0
46140H10,26.98,26.85,2012-05-17,DBA,INVESCO DB MULTI SECT COM TR,6726.0,207.0
46140H10,27.15,27.08,2012-05-18,DBA,INVESCO DB MULTI SECT COM TR,6726.0,207.0
46140H10,27.09,27.28,2012-05-21,DBA,INVESCO DB MULTI SECT COM TR,6726.0,207.0
46140H10,26.63,26.9,2012-05-22,DBA,INVESCO DB MULTI SECT COM TR,6726.0,207.0
46140H10,26.23,26.23,2012-05-23,DBA,INVESCO DB MULTI SECT COM TR,6726.0,207.0
46140H10,26.25,26.39,2012-05-24,DBA,INVESCO DB MULTI SECT COM TR,6726.0,207.0
46140H10,26.36,26.36,2012-05-25,DBA,INVESCO DB MULTI SECT COM TR,6726.0,207.0
46140H10,26.27,26.45,2012-05-29,DBA,INVESCO DB MULTI SECT COM TR,6726.0,207.0
46140H10,26.11,26.13,2012-05-30,DBA,INVESCO DB MULTI SECT COM TR,6726.0,207.0
46140H10,26.08,26.17,2012-05-31,DBA,INVESCO DB MULTI SECT COM TR,6726.0,207.0
46140H10,25.8,25.85,2012-06-01,DBA,INVESCO DB MULTI SECT COM TR,6726.0,207.0
46140H10,25.93,25.9,2012-06-04,DBA,INVESCO DB MULTI SECT COM TR,6726.0,207.0
46140H10,25.8409,25.99,2012-06-05,DBA,INVESCO DB MULTI SECT COM TR,6726.0,207.0
46140H10,26.23,26.06,2012-06-06,DBA,INVESCO DB MULTI SECT COM TR,6726.0,207.0
46140H10,26.58,26.54,2012-06-07,DBA,INVESCO DB MULTI SECT COM TR,6726.0,207.0
46140H10,26.57,26.3,2012-06-08,DBA,INVESCO DB MULTI SECT COM TR,6726.0,207.0
46140H10,26.35,26.62,2012-06-11,DBA,INVESCO DB MULTI SECT COM TR,6726.0,207.0
46140H10,26.35,26.45,2012-06-12,DBA,INVESCO DB MULTI SECT COM TR,6726.0,207.0
46140H10,26.16,26.17,2012-06-13,DBA,INVESCO DB MULTI SECT COM TR,6726.0,207.0
46140H10,26.11,26.25,2012-06-14,DBA,INVESCO DB MULTI SECT COM TR,6726.0,207.0
46140H10,25.99,26.1,2012-06-15,DBA,INVESCO DB MULTI SECT COM TR,6726.0,207.0
46140H10,26.28,25.98,2012-06-18,DBA,INVESCO DB MULTI SECT COM TR,6726.0,207.0
46140H10,26.89,26.63,2012-06-19,DBA,INVESCO DB MULTI SECT COM TR,6726.0,207.0
46140H10,26.79,26.8,2012-06-20,DBA,INVESCO DB MULTI SECT COM TR,6726.0,207.0
46140H10,26.52,26.73,2012-06-21,DBA,INVESCO DB MULTI SECT COM TR,6726.0,207.0
46140H10,26.49,26.72,2012-06-22,DBA,INVESCO DB MULTI SECT COM TR,6726.0,207.0
46140H10,27.0,26.84,2012-06-25,DBA,INVESCO DB MULTI SECT COM TR,6726.0,207.0
46140H10,27.39,27.22,2012-06-26,DBA,INVESCO DB MULTI SECT COM TR,6726.0,207.0
46140H10,27.71,27.74,2012-06-27,DBA,INVESCO DB MULTI SECT COM TR,6726.0,207.0
46140H10,27.76,27.61,2012-06-28,DBA,INVESCO DB MULTI SECT COM TR,6726.0,207.0
46140H10,28.22,28.02,2012-06-29,DBA,INVESCO DB MULTI SECT COM TR,6726.0,207.0
46140H10,28.47,28.44,2012-07-02,DBA,INVESCO DB MULTI SECT COM TR,6726.0,207.0
46140H10,28.9,28.72,2012-07-03,DBA,INVESCO DB MULTI SECT COM TR,6726.0,207.0
46140H10,29.3,29.33,2012-07-05,DBA,INVESCO DB MULTI SECT COM TR,6726.0,207.0
46140H10,29.0,29.18,2012-07-06,DBA,INVESCO DB MULTI SECT COM TR,6726.0,207.0
46140H10,29.64,29.57,2012-07-09,DBA,INVESCO DB MULTI SECT COM TR,6726.0,207.0
46140H10,29.42,29.57,2012-07-10,DBA,INVESCO DB MULTI SECT COM TR,6726.0,207.0
46140H10,29.27,29.84,2012-07-11,DBA,INVESCO DB MULTI SECT COM TR,6726.0,207.0
46140H10,29.21,29.22,2012-07-12,DBA,INVESCO DB MULTI SECT COM TR,6726.0,207.0
46140H10,29.43,29.37,2012-07-13,DBA,INVESCO DB MULTI SECT COM TR,6726.0,207.0
46140H10,29.71,29.75,2012-07-16,DBA,INVESCO DB MULTI SECT COM TR,6726.0,207.0
46140H10,29.62,29.58,2012-07-17,DBA,INVESCO DB MULTI SECT COM TR,6726.0,207.0
46140H10,29.95,29.51,2012-07-18,DBA,INVESCO DB MULTI SECT COM TR,6726.0,207.0
46140H10,30.1,30.2,2012-07-19,DBA,INVESCO DB MULTI SECT COM TR,6726.0,207.0
46140H10,30.32,30.3,2012-07-20,DBA,INVESCO DB MULTI SECT COM TR,6726.0,207.0
46140H10,29.96,29.89,2012-07-23,DBA,INVESCO DB MULTI SECT COM TR,6726.0,207.0
46140H10,29.46,29.68,2012-07-24,DBA,INVESCO DB MULTI SECT COM TR,6726.0,207.0
46140H10,29.76,29.81,2012-07-25,DBA,INVESCO DB MULTI SECT COM TR,6726.0,207.0
46140H10,29.58,29.86,2012-07-26,DBA,INVESCO DB MULTI SECT COM TR,6726.0,207.0
46140H10,30.0,29.85,2012-07-27,DBA,INVESCO DB MULTI SECT COM TR,6726.0,207.0
46140H10,30.39,30.36,2012-07-30,DBA,INVESCO DB MULTI SECT COM TR,6726.0,207.0
46140H10,30.128,30.35,2012-07-31,DBA,INVESCO DB MULTI SECT COM TR,6726.0,207.0
46140H10,30.19,30.05,2012-08-01,DBA,INVESCO DB MULTI SECT COM TR,6726.0,207.0
46140H10,29.87,29.8,2012-08-02,DBA,INVESCO DB MULTI SECT COM TR,6726.0,207.0
46140H10,30.04,30.01,2012-08-03,DBA,INVESCO DB MULTI SECT COM TR,6726.0,207.0
46140H10,29.95,29.89,2012-08-06,DBA,INVESCO DB MULTI SECT COM TR,6726.0,207.0
46140H10,29.81,29.95,2012-08-07,DBA,INVESCO DB MULTI SECT COM TR,6726.0,207.0
46140H10,29.98,29.8,2012-08-08,DBA,INVESCO DB MULTI SECT COM TR,6726.0,207.0
46140H10,30.16,30.02,2012-08-09,DBA,INVESCO DB MULTI SECT COM TR,6726.0,207.0
46140H10,29.94,30.1,2012-08-10,DBA,INVESCO DB MULTI SECT COM TR,6726.0,207.0
46140H10,29.53,29.64,2012-08-13,DBA,INVESCO DB MULTI SECT COM TR,6726.0,207.0
46140H10,29.52,29.73,2012-08-14,DBA,INVESCO DB MULTI SECT COM TR,6726.0,207.0
46140H10,29.71,29.67,2012-08-15,DBA,INVESCO DB MULTI SECT COM TR,6726.0,207.0
46140H10,29.6,29.65,2012-08-16,DBA,INVESCO DB MULTI SECT COM TR,6726.0,207.0
46140H10,29.76,29.73,2012-08-17,DBA,INVESCO DB MULTI SECT COM TR,6726.0,207.0
46140H10,30.08,29.89,2012-08-20,DBA,INVESCO DB MULTI SECT COM TR,6726.0,207.0
46140H10,30.26,30.2,2012-08-21,DBA,INVESCO DB MULTI SECT COM TR,6726.0,207.0
46140H10,30.07,30.17,2012-08-22,DBA,INVESCO DB MULTI SECT COM TR,6726.0,207.0
46140H10,29.85,30.12,2012-08-23,DBA,INVESCO DB MULTI SECT COM TR,6726.0,207.0
46140H10,29.91,29.92,2012-08-24,DBA,INVESCO DB MULTI SECT COM TR,6726.0,207.0
46140H10,29.93,30.0,2012-08-27,DBA,INVESCO DB MULTI SECT COM TR,6726.0,207.0
46140H10,30.11,29.94,2012-08-28,DBA,INVESCO DB MULTI SECT COM TR,6726.0,207.0
46140H10,30.36,30.13,2012-08-29,DBA,INVESCO DB MULTI SECT COM TR,6726.0,207.0
46140H10,30.41,30.38,2012-08-30,DBA,INVESCO DB MULTI SECT COM TR,6726.0,207.0
46140H10,30.42,30.43,2012-08-31,DBA,INVESCO DB MULTI SECT COM TR,6726.0,207.0
46140H10,30.36,30.47,2012-09-04,DBA,INVESCO DB MULTI SECT COM TR,6726.0,207.0
46140H10,30.19,30.37,2012-09-05,DBA,INVESCO DB MULTI SECT COM TR,6726.0,207.0
46140H10,30.21,30.19,2012-09-06,DBA,INVESCO DB MULTI SECT COM TR,6726.0,207.0
46140H10,30.24,30.17,2012-09-07,DBA,INVESCO DB MULTI SECT COM TR,6726.0,207.0
46140H10,30.29,30.27,2012-09-10,DBA,INVESCO DB MULTI SECT COM TR,6726.0,207.0
46140H10,30.19,30.31,2012-09-11,DBA,INVESCO DB MULTI SECT COM TR,6726.0,207.0
46140H10,30.43,30.18,2012-09-12,DBA,INVESCO DB MULTI SECT COM TR,6726.0,207.0
46140H10,30.53,30.43,2012-09-13,DBA,INVESCO DB MULTI SECT COM TR,6726.0,207.0
46140H10,30.76,30.74,2012-09-14,DBA,INVESCO DB MULTI SECT COM TR,6726.0,207.0
46140H10,29.89,30.41,2012-09-17,DBA,INVESCO DB MULTI SECT COM TR,6726.0,207.0
46140H10,29.66,29.78,2012-09-18,DBA,INVESCO DB MULTI SECT COM TR,6726.0,207.0
46140H10,29.93,29.84,2012-09-19,DBA,INVESCO DB MULTI SECT COM TR,6726.0,207.0
46140H10,29.55,29.76,2012-09-20,DBA,INVESCO DB MULTI SECT COM TR,6726.0,207.0
46140H10,29.78,29.63,2012-09-21,DBA,INVESCO DB MULTI SECT COM TR,6726.0,207.0
46140H10,29.51,29.48,2012-09-24,DBA,INVESCO DB MULTI SECT COM TR,6726.0,207.0
46140H10,29.5,29.66,2012-09-25,DBA,INVESCO DB MULTI SECT COM TR,6726.0,207.0
46140H10,29.01,29.28,2012-09-26,DBA,INVESCO DB MULTI SECT COM TR,6726.0,207.0
46140H10,28.97,28.97,2012-09-27,DBA,INVESCO DB MULTI SECT COM TR,6726.0,207.0
46140H10,29.41,29.21,2012-09-28,DBA,INVESCO DB MULTI SECT COM TR,6726.0,207.0
46140H10,29.43,29.45,2012-10-01,DBA,INVESCO DB MULTI SECT COM TR,6726.0,207.0
46140H10,29.55,29.369,2012-10-02,DBA,INVESCO DB MULTI SECT COM TR,6726.0,207.0
46140H10,29.42,29.43,2012-10-03,DBA,INVESCO DB MULTI SECT COM TR,6726.0,207.0
46140H10,29.3,29.6,2012-10-04,DBA,INVESCO DB MULTI SECT COM TR,6726.0,207.0
46140H10,29.13,29.3,2012-10-05,DBA,INVESCO DB MULTI SECT COM TR,6726.0,207.0
46140H10,29.11,29.05,2012-10-08,DBA,INVESCO DB MULTI SECT COM TR,6726.0,207.0
46140H10,29.18,29.22,2012-10-09,DBA,INVESCO DB MULTI SECT COM TR,6726.0,207.0
46140H10,29.04,29.14,2012-10-10,DBA,INVESCO DB MULTI SECT COM TR,6726.0,207.0
46140H10,29.18,29.18,2012-10-11,DBA,INVESCO DB MULTI SECT COM TR,6726.0,207.0
46140H10,28.91,29.02,2012-10-12,DBA,INVESCO DB MULTI SECT COM TR,6726.0,207.0
46140H10,28.64,28.78,2012-10-15,DBA,INVESCO DB MULTI SECT COM TR,6726.0,207.0
46140H10,28.87,28.86,2012-10-16,DBA,INVESCO DB MULTI SECT COM TR,6726.0,207.0
46140H10,29.04,28.9,2012-10-17,DBA,INVESCO DB MULTI SECT COM TR,6726.0,207.0
46140H10,29.21,29.06,2012-10-18,DBA,INVESCO DB MULTI SECT COM TR,6726.0,207.0
46140H10,29.27,29.31,2012-10-19,DBA,INVESCO DB MULTI SECT COM TR,6726.0,207.0
46140H10,29.32,29.43,2012-10-22,DBA,INVESCO DB MULTI SECT COM TR,6726.0,207.0
46140H10,29.11,29.07,2012-10-23,DBA,INVESCO DB MULTI SECT COM TR,6726.0,207.0
46140H10,29.05,29.1,2012-10-24,DBA,INVESCO DB MULTI SECT COM TR,6726.0,207.0
46140H10,28.94,29.08,2012-10-25,DBA,INVESCO DB MULTI SECT COM TR,6726.0,207.0
46140H10,28.81,28.95,2012-10-26,DBA,INVESCO DB MULTI SECT COM TR,6726.0,207.0
46140H10,28.93,28.88,2012-10-31,DBA,INVESCO DB MULTI SECT COM TR,6726.0,207.0
46140H10,28.98,29.05,2012-11-01,DBA,INVESCO DB MULTI SECT COM TR,6726.0,207.0
46140H10,28.85,28.92,2012-11-02,DBA,INVESCO DB MULTI SECT COM TR,6726.0,207.0
46140H10,28.76,28.88,2012-11-05,DBA,INVESCO DB MULTI SECT COM TR,6726.0,207.0
46140H10,28.95,28.84,2012-11-06,DBA,INVESCO DB MULTI SECT COM TR,6726.0,207.0
46140H10,28.91,28.82,2012-11-07,DBA,INVESCO DB MULTI SECT COM TR,6726.0,207.0
46140H10,28.78,28.78,2012-11-08,DBA,INVESCO DB MULTI SECT COM TR,6726.0,207.0
46140H10,28.69,28.68,2012-11-09,DBA,INVESCO DB MULTI SECT COM TR,6726.0,207.0
46140H10,28.47,28.63,2012-11-12,DBA,INVESCO DB MULTI SECT COM TR,6726.0,207.0
46140H10,28.37,28.48,2012-11-13,DBA,INVESCO DB MULTI SECT COM TR,6726.0,207.0
46140H10,28.41,28.54,2012-11-14,DBA,INVESCO DB MULTI SECT COM TR,6726.0,207.0
46140H10,28.37,28.38,2012-11-15,DBA,INVESCO DB MULTI SECT COM TR,6726.0,207.0
46140H10,28.29,28.21,2012-11-16,DBA,INVESCO DB MULTI SECT COM TR,6726.0,207.0
46140H10,28.65,28.52,2012-11-19,DBA,INVESCO DB MULTI SECT COM TR,6726.0,207.0
46140H10,28.71,28.59,2012-11-20,DBA,INVESCO DB MULTI SECT COM TR,6726.0,207.0
46140H10,28.69,28.7,2012-11-21,DBA,INVESCO DB MULTI SECT COM TR,6726.0,207.0
46140H10,28.73,28.68,2012-11-23,DBA,INVESCO DB MULTI SECT COM TR,6726.0,207.0
46140H10,28.71,28.73,2012-11-26,DBA,INVESCO DB MULTI SECT COM TR,6726.0,207.0
46140H10,28.89,28.83,2012-11-27,DBA,INVESCO DB MULTI SECT COM TR,6726.0,207.0
46140H10,28.97,28.74,2012-11-28,DBA,INVESCO DB MULTI SECT COM TR,6726.0,207.0
46140H10,29.08,29.08,2012-11-29,DBA,INVESCO DB MULTI SECT COM TR,6726.0,207.0
46140H10,28.85,28.99,2012-11-30,DBA,INVESCO DB MULTI SECT COM TR,6726.0,207.0
46140H10,28.92,29.07,2012-12-03,DBA,INVESCO DB MULTI SECT COM TR,6726.0,207.0
46140H10,28.71,28.92,2012-12-04,DBA,INVESCO DB MULTI SECT COM TR,6726.0,207.0
46140H10,28.84,28.68,2012-12-05,DBA,INVESCO DB MULTI SECT COM TR,6726.0,207.0
46140H10,28.87,28.78,2012-12-06,DBA,INVESCO DB MULTI SECT COM TR,6726.0,207.0
46140H10,28.82,28.74,2012-12-07,DBA,INVESCO DB MULTI SECT COM TR,6726.0,207.0
46140H10,28.56,28.66,2012-12-10,DBA,INVESCO DB MULTI SECT COM TR,6726.0,207.0
46140H10,28.56,28.46,2012-12-11,DBA,INVESCO DB MULTI SECT COM TR,6726.0,207.0
46140H10,28.49,28.55,2012-12-12,DBA,INVESCO DB MULTI SECT COM TR,6726.0,207.0
46140H10,28.31,28.37,2012-12-13,DBA,INVESCO DB MULTI SECT COM TR,6726.0,207.0
46140H10,28.48,28.39,2012-12-14,DBA,INVESCO DB MULTI SECT COM TR,6726.0,207.0
46140H10,28.54,28.51,2012-12-17,DBA,INVESCO DB MULTI SECT COM TR,6726.0,207.0
46140H10,28.4611,28.48,2012-12-18,DBA,INVESCO DB MULTI SECT COM TR,6726.0,207.0
46140H10,28.36,28.44,2012-12-19,DBA,INVESCO DB MULTI SECT COM TR,6726.0,207.0
46140H10,28.1,28.13,2012-12-20,DBA,INVESCO DB MULTI SECT COM TR,6726.0,207.0
46140H10,28.18,28.14,2012-12-21,DBA,INVESCO DB MULTI SECT COM TR,6726.0,207.0
46140H10,28.21,28.24,2012-12-24,DBA,INVESCO DB MULTI SECT COM TR,6726.0,207.0
46140H10,28.12,28.25,2012-12-26,DBA,INVESCO DB MULTI SECT COM TR,6726.0,207.0
46140H10,28.09,28.11,2012-12-27,DBA,INVESCO DB MULTI SECT COM TR,6726.0,207.0
46140H10,28.06,28.12,2012-12-28,DBA,INVESCO DB MULTI SECT COM TR,6726.0,207.0
46140H10,27.95,27.97,2012-12-31,DBA,INVESCO DB MULTI SECT COM TR,6726.0,207.0
46140H10,27.95,28.21,2013-01-02,DBA,INVESCO DB MULTI SECT COM TR,6726.0,207.0
46140H10,27.86,27.85,2013-01-03,DBA,INVESCO DB MULTI SECT COM TR,6726.0,207.0
46140H10,27.64,27.7,2013-01-04,DBA,INVESCO DB MULTI SECT COM TR,6726.0,207.0
46140H10,27.83,27.73,2013-01-07,DBA,INVESCO DB MULTI SECT COM TR,6726.0,207.0
46140H10,27.64,27.83,2013-01-08,DBA,INVESCO DB MULTI SECT COM TR,6726.0,207.0
46140H10,27.67,27.64,2013-01-09,DBA,INVESCO DB MULTI SECT COM TR,6726.0,207.0
46140H10,27.7,27.7,2013-01-10,DBA,INVESCO DB MULTI SECT COM TR,6726.0,207.0
46140H10,27.77,27.7,2013-01-11,DBA,INVESCO DB MULTI SECT COM TR,6726.0,207.0
46140H10,27.87,27.8,2013-01-14,DBA,INVESCO DB MULTI SECT COM TR,6726.0,207.0
46140H10,27.86,27.86,2013-01-15,DBA,INVESCO DB MULTI SECT COM TR,6726.0,207.0
46140H10,27.89,27.88,2013-01-16,DBA,INVESCO DB MULTI SECT COM TR,6726.0,207.0
46140H10,27.83,27.91,2013-01-17,DBA,INVESCO DB MULTI SECT COM TR,6726.0,207.0
46140H10,27.87,27.8,2013-01-18,DBA,INVESCO DB MULTI SECT COM TR,6726.0,207.0
46140H10,27.65,27.87,2013-01-22,DBA,INVESCO DB MULTI SECT COM TR,6726.0,207.0
46140H10,27.71,27.6,2013-01-23,DBA,INVESCO DB MULTI SECT COM TR,6726.0,207.0
46140H10,27.62,27.53,2013-01-24,DBA,INVESCO DB MULTI SECT COM TR,6726.0,207.0
46140H10,27.58,27.53,2013-01-25,DBA,INVESCO DB MULTI SECT COM TR,6726.0,207.0
46140H10,27.79,27.62,2013-01-28,DBA,INVESCO DB MULTI SECT COM TR,6726.0,207.0
46140H10,27.75,27.75,2013-01-29,DBA,INVESCO DB MULTI SECT COM TR,6726.0,207.0
46140H10,27.89,27.87,2013-01-30,DBA,INVESCO DB MULTI SECT COM TR,6726.0,207.0
46140H10,27.91,27.85,2013-01-31,DBA,INVESCO DB MULTI SECT COM TR,6726.0,207.0
46140H10,27.75,27.98,2013-02-01,DBA,INVESCO DB MULTI SECT COM TR,6726.0,207.0
46140H10,27.71,27.77,2013-02-04,DBA,INVESCO DB MULTI SECT COM TR,6726.0,207.0
46140H10,27.69,27.7,2013-02-05,DBA,INVESCO DB MULTI SECT COM TR,6726.0,207.0
46140H10,27.35,27.46,2013-02-06,DBA,INVESCO DB MULTI SECT COM TR,6726.0,207.0
46140H10,27.19,27.27,2013-02-07,DBA,INVESCO DB MULTI SECT COM TR,6726.0,207.0
46140H10,27.0,27.14,2013-02-08,DBA,INVESCO DB MULTI SECT COM TR,6726.0,207.0
46140H10,26.84,26.92,2013-02-11,DBA,INVESCO DB MULTI SECT COM TR,6726.0,207.0
46140H10,26.73,26.75,2013-02-12,DBA,INVESCO DB MULTI SECT COM TR,6726.0,207.0
46140H10,26.7,26.69,2013-02-13,DBA,INVESCO DB MULTI SECT COM TR,6726.0,207.0
46140H10,26.54,26.54,2013-02-14,DBA,INVESCO DB MULTI SECT COM TR,6726.0,207.0
46140H10,26.49,26.57,2013-02-15,DBA,INVESCO DB MULTI SECT COM TR,6726.0,207.0
46140H10,26.4,26.59,2013-02-19,DBA,INVESCO DB MULTI SECT COM TR,6726.0,207.0
46140H10,26.52,26.53,2013-02-20,DBA,INVESCO DB MULTI SECT COM TR,6726.0,207.0
46140H10,26.31,26.43,2013-02-21,DBA,INVESCO DB MULTI SECT COM TR,6726.0,207.0
46140H10,26.36,26.47,2013-02-22,DBA,INVESCO DB MULTI SECT COM TR,6726.0,207.0
46140H10,26.16,26.32,2013-02-25,DBA,INVESCO DB MULTI SECT COM TR,6726.0,207.0
46140H10,26.23,26.14,2013-02-26,DBA,INVESCO DB MULTI SECT COM TR,6726.0,207.0
46140H10,26.25,26.32,2013-02-27,DBA,INVESCO DB MULTI SECT COM TR,6726.0,207.0
46140H10,26.4,26.26,2013-02-28,DBA,INVESCO DB MULTI SECT COM TR,6726.0,207.0
46140H10,26.27,26.26,2013-03-01,DBA,INVESCO DB MULTI SECT COM TR,6726.0,207.0
46140H10,26.26,26.22,2013-03-04,DBA,INVESCO DB MULTI SECT COM TR,6726.0,207.0
46140H10,26.14,26.21,2013-03-05,DBA,INVESCO DB MULTI SECT COM TR,6726.0,207.0
46140H10,25.93,26.02,2013-03-06,DBA,INVESCO DB MULTI SECT COM TR,6726.0,207.0
46140H10,26.24,26.08,2013-03-07,DBA,INVESCO DB MULTI SECT COM TR,6726.0,207.0
46140H10,26.24,26.34,2013-03-08,DBA,INVESCO DB MULTI SECT COM TR,6726.0,207.0
46140H10,26.38,26.26,2013-03-11,DBA,INVESCO DB MULTI SECT COM TR,6726.0,207.0
46140H10,26.4,26.35,2013-03-12,DBA,INVESCO DB MULTI SECT COM TR,6726.0,207.0
46140H10,26.27,26.39,2013-03-13,DBA,INVESCO DB MULTI SECT COM TR,6726.0,207.0
46140H10,26.36,26.24,2013-03-14,DBA,INVESCO DB MULTI SECT COM TR,6726.0,207.0
46140H10,26.2,26.27,2013-03-15,DBA,INVESCO DB MULTI SECT COM TR,6726.0,207.0
46140H10,25.96,26.0,2013-03-18,DBA,INVESCO DB MULTI SECT COM TR,6726.0,207.0
46140H10,25.94,25.98,2013-03-19,DBA,INVESCO DB MULTI SECT COM TR,6726.0,207.0
46140H10,26.14,26.05,2013-03-20,DBA,INVESCO DB MULTI SECT COM TR,6726.0,207.0
46140H10,26.15,26.12,2013-03-21,DBA,INVESCO DB MULTI SECT COM TR,6726.0,207.0
46140H10,26.11,26.16,2013-03-22,DBA,INVESCO DB MULTI SECT COM TR,6726.0,207.0
46140H10,26.1,26.1,2013-03-25,DBA,INVESCO DB MULTI SECT COM TR,6726.0,207.0
46140H10,26.17,26.2,2013-03-26,DBA,INVESCO DB MULTI SECT COM TR,6726.0,207.0
46140H10,26.28,26.14,2013-03-27,DBA,INVESCO DB MULTI SECT COM TR,6726.0,207.0
46140H10,25.9,26.29,2013-03-28,DBA,INVESCO DB MULTI SECT COM TR,6726.0,207.0
46140H10,25.86,25.99,2013-04-01,DBA,INVESCO DB MULTI SECT COM TR,6726.0,207.0
46140H10,25.79,25.92,2013-04-02,DBA,INVESCO DB MULTI SECT COM TR,6726.0,207.0
46140H10,25.92,25.81,2013-04-03,DBA,INVESCO DB MULTI SECT COM TR,6726.0,207.0
46140H10,25.84,25.79,2013-04-04,DBA,INVESCO DB MULTI SECT COM TR,6726.0,207.0
46140H10,25.74,25.79,2013-04-05,DBA,INVESCO DB MULTI SECT COM TR,6726.0,207.0
46140H10,25.77,25.82,2013-04-08,DBA,INVESCO DB MULTI SECT COM TR,6726.0,207.0
46140H10,25.89,25.74,2013-04-09,DBA,INVESCO DB MULTI SECT COM TR,6726.0,207.0
46140H10,25.76,25.9,2013-04-10,DBA,INVESCO DB MULTI SECT COM TR,6726.0,207.0
46140H10,25.78,25.79,2013-04-11,DBA,INVESCO DB MULTI SECT COM TR,6726.0,207.0
46140H10,25.95,25.85,2013-04-12,DBA,INVESCO DB MULTI SECT COM TR,6726.0,207.0
46140H10,25.46,25.65,2013-04-15,DBA,INVESCO DB MULTI SECT COM TR,6726.0,207.0
46140H10,25.78,25.61,2013-04-16,DBA,INVESCO DB MULTI SECT COM TR,6726.0,207.0
46140H10,25.84,25.79,2013-04-17,DBA,INVESCO DB MULTI SECT COM TR,6726.0,207.0
46140H10,25.93,25.95,2013-04-18,DBA,INVESCO DB MULTI SECT COM TR,6726.0,207.0
46140H10,25.97,25.97,2013-04-19,DBA,INVESCO DB MULTI SECT COM TR,6726.0,207.0
46140H10,25.79,25.84,2013-04-22,DBA,INVESCO DB MULTI SECT COM TR,6726.0,207.0
46140H10,25.58,25.79,2013-04-23,DBA,INVESCO DB MULTI SECT COM TR,6726.0,207.0
46140H10,25.65,25.65,2013-04-24,DBA,INVESCO DB MULTI SECT COM TR,6726.0,207.0
46140H10,25.84,25.73,2013-04-25,DBA,INVESCO DB MULTI SECT COM TR,6726.0,207.0
46140H10,25.71,25.75,2013-04-26,DBA,INVESCO DB MULTI SECT COM TR,6726.0,207.0
46140H10,26.06,25.76,2013-04-29,DBA,INVESCO DB MULTI SECT COM TR,6726.0,207.0
46140H10,26.22,26.15,2013-04-30,DBA,INVESCO DB MULTI SECT COM TR,6726.0,207.0
46140H10,26.07,26.04,2013-05-01,DBA,INVESCO DB MULTI SECT COM TR,6726.0,207.0
46140H10,26.31,26.2,2013-05-02,DBA,INVESCO DB MULTI SECT COM TR,6726.0,207.0
46140H10,26.22,26.36,2013-05-03,DBA,INVESCO DB MULTI SECT COM TR,6726.0,207.0
46140H10,26.03,26.12,2013-05-06,DBA,INVESCO DB MULTI SECT COM TR,6726.0,207.0
46140H10,26.05,26.08,2013-05-07,DBA,INVESCO DB MULTI SECT COM TR,6726.0,207.0
46140H10,25.96,26.04,2013-05-08,DBA,INVESCO DB MULTI SECT COM TR,6726.0,207.0
46140H10,26.06,25.97,2013-05-09,DBA,INVESCO DB MULTI SECT COM TR,6726.0,207.0
46140H10,25.79,26.07,2013-05-10,DBA,INVESCO DB MULTI SECT COM TR,6726.0,207.0
46140H10,25.95,25.83,2013-05-13,DBA,INVESCO DB MULTI SECT COM TR,6726.0,207.0
46140H10,25.91,25.94,2013-05-14,DBA,INVESCO DB MULTI SECT COM TR,6726.0,207.0
46140H10,25.66,25.84,2013-05-15,DBA,INVESCO DB MULTI SECT COM TR,6726.0,207.0
46140H10,25.49,25.57,2013-05-16,DBA,INVESCO DB MULTI SECT COM TR,6726.0,207.0
46140H10,25.37,25.49,2013-05-17,DBA,INVESCO DB MULTI SECT COM TR,6726.0,207.0
46140H10,25.39,25.29,2013-05-20,DBA,INVESCO DB MULTI SECT COM TR,6726.0,207.0
46140H10,25.35,25.33,2013-05-21,DBA,INVESCO DB MULTI SECT COM TR,6726.0,207.0
46140H10,25.3,25.37,2013-05-22,DBA,INVESCO DB MULTI SECT COM TR,6726.0,207.0
46140H10,25.36,25.36,2013-05-23,DBA,INVESCO DB MULTI SECT COM TR,6726.0,207.0
46140H10,25.31,25.34,2013-05-24,DBA,INVESCO DB MULTI SECT COM TR,6726.0,207.0
46140H10,25.41,25.44,2013-05-28,DBA,INVESCO DB MULTI SECT COM TR,6726.0,207.0
46140H10,25.53,25.46,2013-05-29,DBA,INVESCO DB MULTI SECT COM TR,6726.0,207.0
46140H10,25.5,25.47,2013-05-30,DBA,INVESCO DB MULTI SECT COM TR,6726.0,207.0
46140H10,25.49,25.48,2013-05-31,DBA,INVESCO DB MULTI SECT COM TR,6726.0,207.0
46140H10,25.71,25.71,2013-06-03,DBA,INVESCO DB MULTI SECT COM TR,6726.0,207.0
46140H10,25.72,25.57,2013-06-04,DBA,INVESCO DB MULTI SECT COM TR,6726.0,207.0
46140H10,25.53,25.69,2013-06-05,DBA,INVESCO DB MULTI SECT COM TR,6726.0,207.0
46140H10,25.79,25.61,2013-06-06,DBA,INVESCO DB MULTI SECT COM TR,6726.0,207.0
46140H10,25.82,25.76,2013-06-07,DBA,INVESCO DB MULTI SECT COM TR,6726.0,207.0
46140H10,25.74,25.58,2013-06-10,DBA,INVESCO DB MULTI SECT COM TR,6726.0,207.0
46140H10,25.78,25.68,2013-06-11,DBA,INVESCO DB MULTI SECT COM TR,6726.0,207.0
46140H10,25.58,25.78,2013-06-12,DBA,INVESCO DB MULTI SECT COM TR,6726.0,207.0
46140H10,25.48,25.48,2013-06-13,DBA,INVESCO DB MULTI SECT COM TR,6726.0,207.0
46140H10,25.34,25.42,2013-06-14,DBA,INVESCO DB MULTI SECT COM TR,6726.0,207.0
46140H10,25.35,25.23,2013-06-17,DBA,INVESCO DB MULTI SECT COM TR,6726.0,207.0
46140H10,25.39,25.31,2013-06-18,DBA,INVESCO DB MULTI SECT COM TR,6726.0,207.0
46140H10,25.67,25.41,2013-06-19,DBA,INVESCO DB MULTI SECT COM TR,6726.0,207.0
46140H10,25.22,25.38,2013-06-20,DBA,INVESCO DB MULTI SECT COM TR,6726.0,207.0
46140H10,25.3,25.25,2013-06-21,DBA,INVESCO DB MULTI SECT COM TR,6726.0,207.0
46140H10,25.22,25.16,2013-06-24,DBA,INVESCO DB MULTI SECT COM TR,6726.0,207.0
46140H10,25.27,25.32,2013-06-25,DBA,INVESCO DB MULTI SECT COM TR,6726.0,207.0
46140H10,25.31,25.3,2013-06-26,DBA,INVESCO DB MULTI SECT COM TR,6726.0,207.0
46140H10,25.25,25.33,2013-06-27,DBA,INVESCO DB MULTI SECT COM TR,6726.0,207.0
46140H10,24.9,25.19,2013-06-28,DBA,INVESCO DB MULTI SECT COM TR,6726.0,207.0
46140H10,24.79,24.87,2013-07-01,DBA,INVESCO DB MULTI SECT COM TR,6726.0,207.0
46140H10,24.78,24.86,2013-07-02,DBA,INVESCO DB MULTI SECT COM TR,6726.0,207.0
46140H10,24.9,24.87,2013-07-03,DBA,INVESCO DB MULTI SECT COM TR,6726.0,207.0
46140H10,24.63,24.85,2013-07-05,DBA,INVESCO DB MULTI SECT COM TR,6726.0,207.0
46140H10,24.68,24.67,2013-07-08,DBA,INVESCO DB MULTI SECT COM TR,6726.0,207.0
46140H10,24.95,24.92,2013-07-09,DBA,INVESCO DB MULTI SECT COM TR,6726.0,207.0
46140H10,24.98,25.0,2013-07-10,DBA,INVESCO DB MULTI SECT COM TR,6726.0,207.0
46140H10,25.12,25.07,2013-07-11,DBA,INVESCO DB MULTI SECT COM TR,6726.0,207.0
46140H10,24.82,25.05,2013-07-12,DBA,INVESCO DB MULTI SECT COM TR,6726.0,207.0
46140H10,24.89,24.74,2013-07-15,DBA,INVESCO DB MULTI SECT COM TR,6726.0,207.0
46140H10,25.09,25.12,2013-07-16,DBA,INVESCO DB MULTI SECT COM TR,6726.0,207.0
46140H10,25.02,25.21,2013-07-17,DBA,INVESCO DB MULTI SECT COM TR,6726.0,207.0
46140H10,25.12,24.87,2013-07-18,DBA,INVESCO DB MULTI SECT COM TR,6726.0,207.0
46140H10,25.06,25.15,2013-07-19,DBA,INVESCO DB MULTI SECT COM TR,6726.0,207.0
46140H10,25.13,25.1,2013-07-22,DBA,INVESCO DB MULTI SECT COM TR,6726.0,207.0
46140H10,25.0,25.12,2013-07-23,DBA,INVESCO DB MULTI SECT COM TR,6726.0,207.0
46140H10,24.81,24.93,2013-07-24,DBA,INVESCO DB MULTI SECT COM TR,6726.0,207.0
46140H10,24.76,24.76,2013-07-25,DBA,INVESCO DB MULTI SECT COM TR,6726.0,207.0
46140H10,24.68,24.8,2013-07-26,DBA,INVESCO DB MULTI SECT COM TR,6726.0,207.0
46140H10,24.62,24.58,2013-07-29,DBA,INVESCO DB MULTI SECT COM TR,6726.0,207.0
46140H10,24.58,24.69,2013-07-30,DBA,INVESCO DB MULTI SECT COM TR,6726.0,207.0
46140H10,24.63,24.5,2013-07-31,DBA,INVESCO DB MULTI SECT COM TR,6726.0,207.0
46140H10,24.41,24.47,2013-08-01,DBA,INVESCO DB MULTI SECT COM TR,6726.0,207.0
46140H10,24.37,24.42,2013-08-02,DBA,INVESCO DB MULTI SECT COM TR,6726.0,207.0
46140H10,24.46,24.4,2013-08-05,DBA,INVESCO DB MULTI SECT COM TR,6726.0,207.0
46140H10,24.47,24.41,2013-08-06,DBA,INVESCO DB MULTI SECT COM TR,6726.0,207.0
46140H10,24.62,24.58,2013-08-07,DBA,INVESCO DB MULTI SECT COM TR,6726.0,207.0
46140H10,24.8,24.87,2013-08-08,DBA,INVESCO DB MULTI SECT COM TR,6726.0,207.0
46140H10,24.79,24.8,2013-08-09,DBA,INVESCO DB MULTI SECT COM TR,6726.0,207.0
46140H10,25.13,24.84,2013-08-12,DBA,INVESCO DB MULTI SECT COM TR,6726.0,207.0
46140H10,24.95,25.14,2013-08-13,DBA,INVESCO DB MULTI SECT COM TR,6726.0,207.0
46140H10,25.15,25.0,2013-08-14,DBA,INVESCO DB MULTI SECT COM TR,6726.0,207.0
46140H10,25.3,25.18,2013-08-15,DBA,INVESCO DB MULTI SECT COM TR,6726.0,207.0
46140H10,25.14,25.29,2013-08-16,DBA,INVESCO DB MULTI SECT COM TR,6726.0,207.0
46140H10,25.35,25.16,2013-08-19,DBA,INVESCO DB MULTI SECT COM TR,6726.0,207.0
46140H10,25.11,25.25,2013-08-20,DBA,INVESCO DB MULTI SECT COM TR,6726.0,207.0
46140H10,24.98,25.15,2013-08-21,DBA,INVESCO DB MULTI SECT COM TR,6726.0,207.0
46140H10,24.71,24.88,2013-08-22,DBA,INVESCO DB MULTI SECT COM TR,6726.0,207.0
46140H10,24.92,24.83,2013-08-23,DBA,INVESCO DB MULTI SECT COM TR,6726.0,207.0
46140H10,25.41,25.35,2013-08-26,DBA,INVESCO DB MULTI SECT COM TR,6726.0,207.0
46140H10,25.19,25.3,2013-08-27,DBA,INVESCO DB MULTI SECT COM TR,6726.0,207.0
46140H10,25.26,25.22,2013-08-28,DBA,INVESCO DB MULTI SECT COM TR,6726.0,207.0
46140H10,25.131,25.14,2013-08-29,DBA,INVESCO DB MULTI SECT COM TR,6726.0,207.0
46140H10,25.08,25.12,2013-08-30,DBA,INVESCO DB MULTI SECT COM TR,6726.0,207.0
46140H10,25.12,25.32,2013-09-03,DBA,INVESCO DB MULTI SECT COM TR,6726.0,207.0
46140H10,25.08,25.1,2013-09-04,DBA,INVESCO DB MULTI SECT COM TR,6726.0,207.0
46140H10,25.17,25.07,2013-09-05,DBA,INVESCO DB MULTI SECT COM TR,6726.0,207.0
46140H10,25.29,25.28,2013-09-06,DBA,INVESCO DB MULTI SECT COM TR,6726.0,207.0
46140H10,25.27,25.29,2013-09-09,DBA,INVESCO DB MULTI SECT COM TR,6726.0,207.0
46140H10,25.39,25.23,2013-09-10,DBA,INVESCO DB MULTI SECT COM TR,6726.0,207.0
46140H10,25.44,25.38,2013-09-11,DBA,INVESCO DB MULTI SECT COM TR,6726.0,207.0
46140H10,25.63,25.37,2013-09-12,DBA,INVESCO DB MULTI SECT COM TR,6726.0,207.0
46140H10,25.49,25.58,2013-09-13,DBA,INVESCO DB MULTI SECT COM TR,6726.0,207.0
46140H10,25.34,25.46,2013-09-16,DBA,INVESCO DB MULTI SECT COM TR,6726.0,207.0
46140H10,25.12,25.43,2013-09-17,DBA,INVESCO DB MULTI SECT COM TR,6726.0,207.0
46140H10,25.35,25.18,2013-09-18,DBA,INVESCO DB MULTI SECT COM TR,6726.0,207.0
46140H10,25.36,25.39,2013-09-19,DBA,INVESCO DB MULTI SECT COM TR,6726.0,207.0
46140H10,25.12,25.24,2013-09-20,DBA,INVESCO DB MULTI SECT COM TR,6726.0,207.0
46140H10,25.19,25.18,2013-09-23,DBA,INVESCO DB MULTI SECT COM TR,6726.0,207.0
46140H10,25.32,25.28,2013-09-24,DBA,INVESCO DB MULTI SECT COM TR,6726.0,207.0
46140H10,25.4,25.35,2013-09-25,DBA,INVESCO DB MULTI SECT COM TR,6726.0,207.0
46140H10,25.49,25.37,2013-09-26,DBA,INVESCO DB MULTI SECT COM TR,6726.0,207.0
46140H10,25.44,25.44,2013-09-27,DBA,INVESCO DB MULTI SECT COM TR,6726.0,207.0
46140H10,25.29,25.5,2013-09-30,DBA,INVESCO DB MULTI SECT COM TR,6726.0,207.0
46140H10,25.24,25.18,2013-10-01,DBA,INVESCO DB MULTI SECT COM TR,6726.0,207.0
46140H10,25.31,25.29,2013-10-02,DBA,INVESCO DB MULTI SECT COM TR,6726.0,207.0
46140H10,25.33,25.4,2013-10-03,DBA,INVESCO DB MULTI SECT COM TR,6726.0,207.0
46140H10,25.48,25.33,2013-10-04,DBA,INVESCO DB MULTI SECT COM TR,6726.0,207.0
46140H10,25.67,25.57,2013-10-07,DBA,INVESCO DB MULTI SECT COM TR,6726.0,207.0
46140H10,25.66,25.64,2013-10-08,DBA,INVESCO DB MULTI SECT COM TR,6726.0,207.0
46140H10,25.57,25.6,2013-10-09,DBA,INVESCO DB MULTI SECT COM TR,6726.0,207.0
46140H10,25.58,25.61,2013-10-10,DBA,INVESCO DB MULTI SECT COM TR,6726.0,207.0
46140H10,25.6,25.56,2013-10-11,DBA,INVESCO DB MULTI SECT COM TR,6726.0,207.0
46140H10,25.64,25.58,2013-10-14,DBA,INVESCO DB MULTI SECT COM TR,6726.0,207.0
46140H10,25.69,25.62,2013-10-15,DBA,INVESCO DB MULTI SECT COM TR,6726.0,207.0
46140H10,25.73,25.71,2013-10-16,DBA,INVESCO DB MULTI SECT COM TR,6726.0,207.0
46140H10,25.74,25.74,2013-10-17,DBA,INVESCO DB MULTI SECT COM TR,6726.0,207.0
46140H10,25.69,25.73,2013-10-18,DBA,INVESCO DB MULTI SECT COM TR,6726.0,207.0
46140H10,25.71,25.59,2013-10-21,DBA,INVESCO DB MULTI SECT COM TR,6726.0,207.0
46140H10,25.77,25.7,2013-10-22,DBA,INVESCO DB MULTI SECT COM TR,6726.0,207.0
46140H10,25.62,25.7,2013-10-23,DBA,INVESCO DB MULTI SECT COM TR,6726.0,207.0
46140H10,25.53,25.53,2013-10-24,DBA,INVESCO DB MULTI SECT COM TR,6726.0,207.0
46140H10,25.55,25.61,2013-10-25,DBA,INVESCO DB MULTI SECT COM TR,6726.0,207.0
46140H10,25.41,25.47,2013-10-28,DBA,INVESCO DB MULTI SECT COM TR,6726.0,207.0
46140H10,25.32,25.32,2013-10-29,DBA,INVESCO DB MULTI SECT COM TR,6726.0,207.0
46140H10,25.2,25.34,2013-10-30,DBA,INVESCO DB MULTI SECT COM TR,6726.0,207.0
46140H10,25.05,25.25,2013-10-31,DBA,INVESCO DB MULTI SECT COM TR,6726.0,207.0
46140H10,24.91,25.13,2013-11-01,DBA,INVESCO DB MULTI SECT COM TR,6726.0,207.0
46140H10,24.9,24.93,2013-11-04,DBA,INVESCO DB MULTI SECT COM TR,6726.0,207.0
46140H10,24.97,25.02,2013-11-05,DBA,INVESCO DB MULTI SECT COM TR,6726.0,207.0
46140H10,24.84,25.03,2013-11-06,DBA,INVESCO DB MULTI SECT COM TR,6726.0,207.0
46140H10,24.8,24.82,2013-11-07,DBA,INVESCO DB MULTI SECT COM TR,6726.0,207.0
46140H10,24.88,24.77,2013-11-08,DBA,INVESCO DB MULTI SECT COM TR,6726.0,207.0
46140H10,24.841,24.83,2013-11-11,DBA,INVESCO DB MULTI SECT COM TR,6726.0,207.0
46140H10,24.84,24.85,2013-11-12,DBA,INVESCO DB MULTI SECT COM TR,6726.0,207.0
46140H10,24.79,24.84,2013-11-13,DBA,INVESCO DB MULTI SECT COM TR,6726.0,207.0
46140H10,24.73,24.79,2013-11-14,DBA,INVESCO DB MULTI SECT COM TR,6726.0,207.0
46140H10,24.75,24.75,2013-11-15,DBA,INVESCO DB MULTI SECT COM TR,6726.0,207.0
46140H10,24.68,24.8,2013-11-18,DBA,INVESCO DB MULTI SECT COM TR,6726.0,207.0
46140H10,24.7,24.72,2013-11-19,DBA,INVESCO DB MULTI SECT COM TR,6726.0,207.0
46140H10,24.75,24.76,2013-11-20,DBA,INVESCO DB MULTI SECT COM TR,6726.0,207.0
46140H10,24.84,24.78,2013-11-21,DBA,INVESCO DB MULTI SECT COM TR,6726.0,207.0
46140H10,24.73,24.79,2013-11-22,DBA,INVESCO DB MULTI SECT COM TR,6726.0,207.0
46140H10,24.76,24.74,2013-11-25,DBA,INVESCO DB MULTI SECT COM TR,6726.0,207.0
46140H10,24.73,24.7,2013-11-26,DBA,INVESCO DB MULTI SECT COM TR,6726.0,207.0
46140H10,24.74,24.71,2013-11-27,DBA,INVESCO DB MULTI SECT COM TR,6726.0,207.0
46140H10,24.84,24.75,2013-11-29,DBA,INVESCO DB MULTI SECT COM TR,6726.0,207.0
46140H10,24.79,24.87,2013-12-02,DBA,INVESCO DB MULTI SECT COM TR,6726.0,207.0
46140H10,24.82,24.74,2013-12-03,DBA,INVESCO DB MULTI SECT COM TR,6726.0,207.0
46140H10,24.74,24.73,2013-12-04,DBA,INVESCO DB MULTI SECT COM TR,6726.0,207.0
46140H10,24.56,24.62,2013-12-05,DBA,INVESCO DB MULTI SECT COM TR,6726.0,207.0
46140H10,24.65,24.63,2013-12-06,DBA,INVESCO DB MULTI SECT COM TR,6726.0,207.0
46140H10,24.64,24.69,2013-12-09,DBA,INVESCO DB MULTI SECT COM TR,6726.0,207.0
46140H10,24.66,24.69,2013-12-10,DBA,INVESCO DB MULTI SECT COM TR,6726.0,207.0
46140H10,24.66,24.69,2013-12-11,DBA,INVESCO DB MULTI SECT COM TR,6726.0,207.0
46140H10,24.64,24.71,2013-12-12,DBA,INVESCO DB MULTI SECT COM TR,6726.0,207.0
46140H10,24.61,24.61,2013-12-13,DBA,INVESCO DB MULTI SECT COM TR,6726.0,207.0
46140H10,24.58,24.54,2013-12-16,DBA,INVESCO DB MULTI SECT COM TR,6726.0,207.0
46140H10,24.47,24.53,2013-12-17,DBA,INVESCO DB MULTI SECT COM TR,6726.0,207.0
46140H10,24.46,24.5,2013-12-18,DBA,INVESCO DB MULTI SECT COM TR,6726.0,207.0
46140H10,24.48,24.47,2013-12-19,DBA,INVESCO DB MULTI SECT COM TR,6726.0,207.0
46140H10,24.66,24.6,2013-12-20,DBA,INVESCO DB MULTI SECT COM TR,6726.0,207.0
46140H10,24.65,24.65,2013-12-23,DBA,INVESCO DB MULTI SECT COM TR,6726.0,207.0
46140H10,24.6,24.67,2013-12-24,DBA,INVESCO DB MULTI SECT COM TR,6726.0,207.0
46140H10,24.51,24.61,2013-12-26,DBA,INVESCO DB MULTI SECT COM TR,6726.0,207.0
46140H10,24.57,24.5,2013-12-27,DBA,INVESCO DB MULTI SECT COM TR,6726.0,207.0
46140H10,24.37,24.5,2013-12-30,DBA,INVESCO DB MULTI SECT COM TR,6726.0,207.0
46140H10,24.25,24.36,2013-12-31,DBA,INVESCO DB MULTI SECT COM TR,6726.0,207.0
46140H10,24.17,24.25,2014-01-02,DBA,INVESCO DB MULTI SECT COM TR,6726.0,207.0
46140H10,24.44,24.25,2014-01-03,DBA,INVESCO DB MULTI SECT COM TR,6726.0,207.0
46140H10,24.55,24.23,2014-01-06,DBA,INVESCO DB MULTI SECT COM TR,6726.0,207.0
46140H10,24.4,24.62,2014-01-07,DBA,INVESCO DB MULTI SECT COM TR,6726.0,207.0
46140H10,24.32,24.42,2014-01-08,DBA,INVESCO DB MULTI SECT COM TR,6726.0,207.0
46140H10,24.12,24.37,2014-01-09,DBA,INVESCO DB MULTI SECT COM TR,6726.0,207.0
46140H10,24.24,24.19,2014-01-10,DBA,INVESCO DB MULTI SECT COM TR,6726.0,207.0
46140H10,24.26,24.24,2014-01-13,DBA,INVESCO DB MULTI SECT COM TR,6726.0,207.0
46140H10,24.33,24.22,2014-01-14,DBA,INVESCO DB MULTI SECT COM TR,6726.0,207.0
46140H10,24.24,24.22,2014-01-15,DBA,INVESCO DB MULTI SECT COM TR,6726.0,207.0
46140H10,24.35,24.42,2014-01-16,DBA,INVESCO DB MULTI SECT COM TR,6726.0,207.0
46140H10,24.16,24.22,2014-01-17,DBA,INVESCO DB MULTI SECT COM TR,6726.0,207.0
46140H10,24.12,24.13,2014-01-21,DBA,INVESCO DB MULTI SECT COM TR,6726.0,207.0
46140H10,24.18,24.1,2014-01-22,DBA,INVESCO DB MULTI SECT COM TR,6726.0,207.0
46140H10,24.27,24.32,2014-01-23,DBA,INVESCO DB MULTI SECT COM TR,6726.0,207.0
46140H10,24.25,24.25,2014-01-24,DBA,INVESCO DB MULTI SECT COM TR,6726.0,207.0
46140H10,24.28,24.25,2014-01-27,DBA,INVESCO DB MULTI SECT COM TR,6726.0,207.0
46140H10,24.32,24.29,2014-01-28,DBA,INVESCO DB MULTI SECT COM TR,6726.0,207.0
46140H10,24.27,24.22,2014-01-29,DBA,INVESCO DB MULTI SECT COM TR,6726.0,207.0
46140H10,24.38,24.42,2014-01-30,DBA,INVESCO DB MULTI SECT COM TR,6726.0,207.0
46140H10,24.65,24.83,2014-01-31,DBA,INVESCO DB MULTI SECT COM TR,6726.0,207.0
46140H10,24.96,24.89,2014-02-03,DBA,INVESCO DB MULTI SECT COM TR,6726.0,207.0
46140H10,25.15,24.98,2014-02-04,DBA,INVESCO DB MULTI SECT COM TR,6726.0,207.0
46140H10,25.37,25.15,2014-02-05,DBA,INVESCO DB MULTI SECT COM TR,6726.0,207.0
46140H10,25.1,25.38,2014-02-06,DBA,INVESCO DB MULTI SECT COM TR,6726.0,207.0
46140H10,25.22,25.26,2014-02-07,DBA,INVESCO DB MULTI SECT COM TR,6726.0,207.0
46140H10,25.24,25.23,2014-02-10,DBA,INVESCO DB MULTI SECT COM TR,6726.0,207.0
46140H10,25.27,25.4,2014-02-11,DBA,INVESCO DB MULTI SECT COM TR,6726.0,207.0
46140H10,25.49,25.37,2014-02-12,DBA,INVESCO DB MULTI SECT COM TR,6726.0,207.0
46140H10,25.49,25.44,2014-02-13,DBA,INVESCO DB MULTI SECT COM TR,6726.0,207.0
46140H10,25.54,25.62,2014-02-14,DBA,INVESCO DB MULTI SECT COM TR,6726.0,207.0
46140H10,26.13,25.79,2014-02-18,DBA,INVESCO DB MULTI SECT COM TR,6726.0,207.0
46140H10,26.6,25.79,2014-02-19,DBA,INVESCO DB MULTI SECT COM TR,6726.0,207.0
46140H10,26.63,26.45,2014-02-20,DBA,INVESCO DB MULTI SECT COM TR,6726.0,207.0
46140H10,26.64,26.61,2014-02-21,DBA,INVESCO DB MULTI SECT COM TR,6726.0,207.0
46140H10,26.97,26.83,2014-02-24,DBA,INVESCO DB MULTI SECT COM TR,6726.0,207.0
46140H10,27.08,26.97,2014-02-25,DBA,INVESCO DB MULTI SECT COM TR,6726.0,207.0
46140H10,27.11,26.95,2014-02-26,DBA,INVESCO DB MULTI SECT COM TR,6726.0,207.0
46140H10,27.15,27.28,2014-02-27,DBA,INVESCO DB MULTI SECT COM TR,6726.0,207.0
46140H10,27.37,27.13,2014-02-28,DBA,INVESCO DB MULTI SECT COM TR,6726.0,207.0
46140H10,28.06,27.48,2014-03-03,DBA,INVESCO DB MULTI SECT COM TR,6726.0,207.0
46140H10,27.96,27.84,2014-03-04,DBA,INVESCO DB MULTI SECT COM TR,6726.0,207.0
46140H10,28.36,28.01,2014-03-05,DBA,INVESCO DB MULTI SECT COM TR,6726.0,207.0
46140H10,28.32,28.32,2014-03-06,DBA,INVESCO DB MULTI SECT COM TR,6726.0,207.0
46140H10,28.38,28.51,2014-03-07,DBA,INVESCO DB MULTI SECT COM TR,6726.0,207.0
46140H10,28.51,28.5,2014-03-10,DBA,INVESCO DB MULTI SECT COM TR,6726.0,207.0
46140H10,28.7599,28.72,2014-03-11,DBA,INVESCO DB MULTI SECT COM TR,6726.0,207.0
46140H10,28.74,28.55,2014-03-12,DBA,INVESCO DB MULTI SECT COM TR,6726.0,207.0
46140H10,28.78,28.9,2014-03-13,DBA,INVESCO DB MULTI SECT COM TR,6726.0,207.0
46140H10,28.6,28.6,2014-03-14,DBA,INVESCO DB MULTI SECT COM TR,6726.0,207.0
46140H10,28.44,28.62,2014-03-17,DBA,INVESCO DB MULTI SECT COM TR,6726.0,207.0
46140H10,28.72,28.6,2014-03-18,DBA,INVESCO DB MULTI SECT COM TR,6726.0,207.0
46140H10,28.66,28.67,2014-03-19,DBA,INVESCO DB MULTI SECT COM TR,6726.0,207.0
46140H10,28.11,28.48,2014-03-20,DBA,INVESCO DB MULTI SECT COM TR,6726.0,207.0
46140H10,27.85,28.04,2014-03-21,DBA,INVESCO DB MULTI SECT COM TR,6726.0,207.0
46140H10,28.04,27.96,2014-03-24,DBA,INVESCO DB MULTI SECT COM TR,6726.0,207.0
46140H10,28.06,27.96,2014-03-25,DBA,INVESCO DB MULTI SECT COM TR,6726.0,207.0
46140H10,28.13,28.13,2014-03-26,DBA,INVESCO DB MULTI SECT COM TR,6726.0,207.0
46140H10,28.45,28.18,2014-03-27,DBA,INVESCO DB MULTI SECT COM TR,6726.0,207.0
46140H10,28.43,28.44,2014-03-28,DBA,INVESCO DB MULTI SECT COM TR,6726.0,207.0
46140H10,28.33,28.39,2014-03-31,DBA,INVESCO DB MULTI SECT COM TR,6726.0,207.0
46140H10,28.19,28.31,2014-04-01,DBA,INVESCO DB MULTI SECT COM TR,6726.0,207.0
46140H10,27.83,28.17,2014-04-02,DBA,INVESCO DB MULTI SECT COM TR,6726.0,207.0
46140H10,28.0,27.84,2014-04-03,DBA,INVESCO DB MULTI SECT COM TR,6726.0,207.0
46140H10,28.27,28.06,2014-04-04,DBA,INVESCO DB MULTI SECT COM TR,6726.0,207.0
46140H10,28.48,28.41,2014-04-07,DBA,INVESCO DB MULTI SECT COM TR,6726.0,207.0
46140H10,28.62,28.51,2014-04-08,DBA,INVESCO DB MULTI SECT COM TR,6726.0,207.0
46140H10,28.74,28.54,2014-04-09,DBA,INVESCO DB MULTI SECT COM TR,6726.0,207.0
46140H10,28.78,28.81,2014-04-10,DBA,INVESCO DB MULTI SECT COM TR,6726.0,207.0
46140H10,28.56,28.66,2014-04-11,DBA,INVESCO DB MULTI SECT COM TR,6726.0,207.0
46140H10,28.87,28.62,2014-04-14,DBA,INVESCO DB MULTI SECT COM TR,6726.0,207.0
46140H10,28.65,28.76,2014-04-15,DBA,INVESCO DB MULTI SECT COM TR,6726.0,207.0
46140H10,28.52,28.71,2014-04-16,DBA,INVESCO DB MULTI SECT COM TR,6726.0,207.0
46140H10,28.88,28.57,2014-04-17,DBA,INVESCO DB MULTI SECT COM TR,6726.0,207.0
46140H10,28.49,28.72,2014-04-21,DBA,INVESCO DB MULTI SECT COM TR,6726.0,207.0
46140H10,29.0,28.9,2014-04-22,DBA,INVESCO DB MULTI SECT COM TR,6726.0,207.0
46140H10,29.21,29.0,2014-04-23,DBA,INVESCO DB MULTI SECT COM TR,6726.0,207.0
46140H10,29.21,29.29,2014-04-24,DBA,INVESCO DB MULTI SECT COM TR,6726.0,207.0
46140H10,29.11,29.23,2014-04-25,DBA,INVESCO DB MULTI SECT COM TR,6726.0,207.0
46140H10,29.0,29.29,2014-04-28,DBA,INVESCO DB MULTI SECT COM TR,6726.0,207.0
46140H10,29.38,28.9,2014-04-29,DBA,INVESCO DB MULTI SECT COM TR,6726.0,207.0
46140H10,29.27,29.35,2014-04-30,DBA,INVESCO DB MULTI SECT COM TR,6726.0,207.0
46140H10,29.13,29.19,2014-05-01,DBA,INVESCO DB MULTI SECT COM TR,6726.0,207.0
46140H10,28.94,29.15,2014-05-02,DBA,INVESCO DB MULTI SECT COM TR,6726.0,207.0
46140H10,29.12,29.18,2014-05-05,DBA,INVESCO DB MULTI SECT COM TR,6726.0,207.0
46140H10,29.13,29.04,2014-05-06,DBA,INVESCO DB MULTI SECT COM TR,6726.0,207.0
46140H10,29.03,29.1,2014-05-07,DBA,INVESCO DB MULTI SECT COM TR,6726.0,207.0
46140H10,28.88,28.86,2014-05-08,DBA,INVESCO DB MULTI SECT COM TR,6726.0,207.0
46140H10,28.48,28.64,2014-05-09,DBA,INVESCO DB MULTI SECT COM TR,6726.0,207.0
46140H10,28.51,28.4,2014-05-12,DBA,INVESCO DB MULTI SECT COM TR,6726.0,207.0
46140H10,28.59,28.56,2014-05-13,DBA,INVESCO DB MULTI SECT COM TR,6726.0,207.0
46140H10,28.58,28.58,2014-05-14,DBA,INVESCO DB MULTI SECT COM TR,6726.0,207.0
46140H10,28.61,28.7,2014-05-15,DBA,INVESCO DB MULTI SECT COM TR,6726.0,207.0
46140H10,28.35,28.48,2014-05-16,DBA,INVESCO DB MULTI SECT COM TR,6726.0,207.0
46140H10,28.34,28.27,2014-05-19,DBA,INVESCO DB MULTI SECT COM TR,6726.0,207.0
46140H10,28.28,28.31,2014-05-20,DBA,INVESCO DB MULTI SECT COM TR,6726.0,207.0
46140H10,28.28,28.27,2014-05-21,DBA,INVESCO DB MULTI SECT COM TR,6726.0,207.0
46140H10,28.21,28.28,2014-05-22,DBA,INVESCO DB MULTI SECT COM TR,6726.0,207.0
46140H10,28.12,28.2,2014-05-23,DBA,INVESCO DB MULTI SECT COM TR,6726.0,207.0
46140H10,27.76,27.91,2014-05-27,DBA,INVESCO DB MULTI SECT COM TR,6726.0,207.0
46140H10,27.75,27.68,2014-05-28,DBA,INVESCO DB MULTI SECT COM TR,6726.0,207.0
46140H10,27.99,27.89,2014-05-29,DBA,INVESCO DB MULTI SECT COM TR,6726.0,207.0
46140H10,27.71,27.8,2014-05-30,DBA,INVESCO DB MULTI SECT COM TR,6726.0,207.0
46140H10,27.52,27.56,2014-06-02,DBA,INVESCO DB MULTI SECT COM TR,6726.0,207.0
46140H10,27.47,27.5,2014-06-03,DBA,INVESCO DB MULTI SECT COM TR,6726.0,207.0
46140H10,27.39,27.45,2014-06-04,DBA,INVESCO DB MULTI SECT COM TR,6726.0,207.0
46140H10,27.34,27.37,2014-06-05,DBA,INVESCO DB MULTI SECT COM TR,6726.0,207.0
46140H10,27.65,27.35,2014-06-06,DBA,INVESCO DB MULTI SECT COM TR,6726.0,207.0
46140H10,27.52,27.55,2014-06-09,DBA,INVESCO DB MULTI SECT COM TR,6726.0,207.0
46140H10,27.47,27.48,2014-06-10,DBA,INVESCO DB MULTI SECT COM TR,6726.0,207.0
46140H10,27.45,27.5,2014-06-11,DBA,INVESCO DB MULTI SECT COM TR,6726.0,207.0
46140H10,27.48,27.51,2014-06-12,DBA,INVESCO DB MULTI SECT COM TR,6726.0,207.0
46140H10,27.73,27.71,2014-06-13,DBA,INVESCO DB MULTI SECT COM TR,6726.0,207.0
46140H10,27.6,27.78,2014-06-16,DBA,INVESCO DB MULTI SECT COM TR,6726.0,207.0
46140H10,27.43,27.35,2014-06-17,DBA,INVESCO DB MULTI SECT COM TR,6726.0,207.0
46140H10,27.44,27.43,2014-06-18,DBA,INVESCO DB MULTI SECT COM TR,6726.0,207.0
46140H10,27.75,27.48,2014-06-19,DBA,INVESCO DB MULTI SECT COM TR,6726.0,207.0
46140H10,27.81,27.68,2014-06-20,DBA,INVESCO DB MULTI SECT COM TR,6726.0,207.0
46140H10,27.8,27.82,2014-06-23,DBA,INVESCO DB MULTI SECT COM TR,6726.0,207.0
46140H10,27.78,27.72,2014-06-24,DBA,INVESCO DB MULTI SECT COM TR,6726.0,207.0
46140H10,27.95,27.86,2014-06-25,DBA,INVESCO DB MULTI SECT COM TR,6726.0,207.0
46140H10,28.05,27.94,2014-06-26,DBA,INVESCO DB MULTI SECT COM TR,6726.0,207.0
46140H10,27.84,28.06,2014-06-27,DBA,INVESCO DB MULTI SECT COM TR,6726.0,207.0
46140H10,27.46,27.83,2014-06-30,DBA,INVESCO DB MULTI SECT COM TR,6726.0,207.0
46140H10,27.31,27.33,2014-07-01,DBA,INVESCO DB MULTI SECT COM TR,6726.0,207.0
46140H10,27.47,27.26,2014-07-02,DBA,INVESCO DB MULTI SECT COM TR,6726.0,207.0
46140H10,27.38,27.47,2014-07-03,DBA,INVESCO DB MULTI SECT COM TR,6726.0,207.0
46140H10,27.18,27.28,2014-07-07,DBA,INVESCO DB MULTI SECT COM TR,6726.0,207.0
46140H10,27.13,27.13,2014-07-08,DBA,INVESCO DB MULTI SECT COM TR,6726.0,207.0
46140H10,26.86,27.1,2014-07-09,DBA,INVESCO DB MULTI SECT COM TR,6726.0,207.0
46140H10,26.31,26.87,2014-07-10,DBA,INVESCO DB MULTI SECT COM TR,6726.0,207.0
46140H10,26.12,26.25,2014-07-11,DBA,INVESCO DB MULTI SECT COM TR,6726.0,207.0
46140H10,26.35,26.15,2014-07-14,DBA,INVESCO DB MULTI SECT COM TR,6726.0,207.0
46140H10,26.24,26.24,2014-07-15,DBA,INVESCO DB MULTI SECT COM TR,6726.0,207.0
46140H10,26.25,26.25,2014-07-16,DBA,INVESCO DB MULTI SECT COM TR,6726.0,207.0
46140H10,26.27,26.21,2014-07-17,DBA,INVESCO DB MULTI SECT COM TR,6726.0,207.0
46140H10,26.36,26.34,2014-07-18,DBA,INVESCO DB MULTI SECT COM TR,6726.0,207.0
46140H10,26.4,26.22,2014-07-21,DBA,INVESCO DB MULTI SECT COM TR,6726.0,207.0
46140H10,26.33,26.46,2014-07-22,DBA,INVESCO DB MULTI SECT COM TR,6726.0,207.0
46140H10,26.63,26.38,2014-07-23,DBA,INVESCO DB MULTI SECT COM TR,6726.0,207.0
46140H10,26.65,26.86,2014-07-24,DBA,INVESCO DB MULTI SECT COM TR,6726.0,207.0
46140H10,26.72,26.61,2014-07-25,DBA,INVESCO DB MULTI SECT COM TR,6726.0,207.0
46140H10,26.84,26.91,2014-07-28,DBA,INVESCO DB MULTI SECT COM TR,6726.0,207.0
46140H10,26.64,26.68,2014-07-29,DBA,INVESCO DB MULTI SECT COM TR,6726.0,207.0
46140H10,26.66,26.7,2014-07-30,DBA,INVESCO DB MULTI SECT COM TR,6726.0,207.0
46140H10,26.81,26.89,2014-07-31,DBA,INVESCO DB MULTI SECT COM TR,6726.0,207.0
46140H10,26.61,26.92,2014-08-01,DBA,INVESCO DB MULTI SECT COM TR,6726.0,207.0
46140H10,26.73,26.75,2014-08-04,DBA,INVESCO DB MULTI SECT COM TR,6726.0,207.0
46140H10,26.61,26.71,2014-08-05,DBA,INVESCO DB MULTI SECT COM TR,6726.0,207.0
46140H10,26.88,26.66,2014-08-06,DBA,INVESCO DB MULTI SECT COM TR,6726.0,207.0
46140H10,26.49,26.73,2014-08-07,DBA,INVESCO DB MULTI SECT COM TR,6726.0,207.0
46140H10,26.15,26.34,2014-08-08,DBA,INVESCO DB MULTI SECT COM TR,6726.0,207.0
46140H10,26.41,26.15,2014-08-11,DBA,INVESCO DB MULTI SECT COM TR,6726.0,207.0
46140H10,26.04,26.06,2014-08-12,DBA,INVESCO DB MULTI SECT COM TR,6726.0,207.0
46140H10,26.03,26.17,2014-08-13,DBA,INVESCO DB MULTI SECT COM TR,6726.0,207.0
46140H10,26.05,26.0,2014-08-14,DBA,INVESCO DB MULTI SECT COM TR,6726.0,207.0
46140H10,26.27,26.25,2014-08-15,DBA,INVESCO DB MULTI SECT COM TR,6726.0,207.0
46140H10,26.21,26.27,2014-08-18,DBA,INVESCO DB MULTI SECT COM TR,6726.0,207.0
46140H10,25.9,26.15,2014-08-19,DBA,INVESCO DB MULTI SECT COM TR,6726.0,207.0
46140H10,25.84,25.9,2014-08-20,DBA,INVESCO DB MULTI SECT COM TR,6726.0,207.0
46140H10,25.88,25.87,2014-08-21,DBA,INVESCO DB MULTI SECT COM TR,6726.0,207.0
46140H10,25.93,25.93,2014-08-22,DBA,INVESCO DB MULTI SECT COM TR,6726.0,207.0
46140H10,25.84,25.81,2014-08-25,DBA,INVESCO DB MULTI SECT COM TR,6726.0,207.0
46140H10,26.17,26.01,2014-08-26,DBA,INVESCO DB MULTI SECT COM TR,6726.0,207.0
46140H10,26.19,26.33,2014-08-27,DBA,INVESCO DB MULTI SECT COM TR,6726.0,207.0
46140H10,26.4,26.25,2014-08-28,DBA,INVESCO DB MULTI SECT COM TR,6726.0,207.0
46140H10,26.46,26.47,2014-08-29,DBA,INVESCO DB MULTI SECT COM TR,6726.0,207.0
46140H10,26.66,26.55,2014-09-02,DBA,INVESCO DB MULTI SECT COM TR,6726.0,207.0
46140H10,26.43,26.53,2014-09-03,DBA,INVESCO DB MULTI SECT COM TR,6726.0,207.0
46140H10,26.38,26.39,2014-09-04,DBA,INVESCO DB MULTI SECT COM TR,6726.0,207.0
46140H10,26.43,26.43,2014-09-05,DBA,INVESCO DB MULTI SECT COM TR,6726.0,207.0
46140H10,26.17,26.22,2014-09-08,DBA,INVESCO DB MULTI SECT COM TR,6726.0,207.0
46140H10,26.14,26.07,2014-09-09,DBA,INVESCO DB MULTI SECT COM TR,6726.0,207.0
46140H10,25.78,25.97,2014-09-10,DBA,INVESCO DB MULTI SECT COM TR,6726.0,207.0
46140H10,25.67,25.74,2014-09-11,DBA,INVESCO DB MULTI SECT COM TR,6726.0,207.0
46140H10,25.5,25.51,2014-09-12,DBA,INVESCO DB MULTI SECT COM TR,6726.0,207.0
46140H10,25.42,25.35,2014-09-15,DBA,INVESCO DB MULTI SECT COM TR,6726.0,207.0
46140H10,25.47,25.41,2014-09-16,DBA,INVESCO DB MULTI SECT COM TR,6726.0,207.0
46140H10,25.52,25.48,2014-09-17,DBA,INVESCO DB MULTI SECT COM TR,6726.0,207.0
46140H10,25.29,25.34,2014-09-18,DBA,INVESCO DB MULTI SECT COM TR,6726.0,207.0
46140H10,25.16,25.26,2014-09-19,DBA,INVESCO DB MULTI SECT COM TR,6726.0,207.0
46140H10,25.16,25.15,2014-09-22,DBA,INVESCO DB MULTI SECT COM TR,6726.0,207.0
46140H10,25.11,25.22,2014-09-23,DBA,INVESCO DB MULTI SECT COM TR,6726.0,207.0
46140H10,25.46,25.24,2014-09-24,DBA,INVESCO DB MULTI SECT COM TR,6726.0,207.0
46140H10,25.14,25.27,2014-09-25,DBA,INVESCO DB MULTI SECT COM TR,6726.0,207.0
46140H10,25.32,25.19,2014-09-26,DBA,INVESCO DB MULTI SECT COM TR,6726.0,207.0
46140H10,25.7,25.35,2014-09-29,DBA,INVESCO DB MULTI SECT COM TR,6726.0,207.0
46140H10,25.55,25.68,2014-09-30,DBA,INVESCO DB MULTI SECT COM TR,6726.0,207.0
46140H10,25.63,25.52,2014-10-01,DBA,INVESCO DB MULTI SECT COM TR,6726.0,207.0
46140H10,25.82,25.87,2014-10-02,DBA,INVESCO DB MULTI SECT COM TR,6726.0,207.0
46140H10,25.73,25.85,2014-10-03,DBA,INVESCO DB MULTI SECT COM TR,6726.0,207.0
46140H10,26.44,26.24,2014-10-06,DBA,INVESCO DB MULTI SECT COM TR,6726.0,207.0
46140H10,26.41,26.45,2014-10-07,DBA,INVESCO DB MULTI SECT COM TR,6726.0,207.0
46140H10,26.4,26.5,2014-10-08,DBA,INVESCO DB MULTI SECT COM TR,6726.0,207.0
46140H10,26.47,26.53,2014-10-09,DBA,INVESCO DB MULTI SECT COM TR,6726.0,207.0
46140H10,26.44,26.48,2014-10-10,DBA,INVESCO DB MULTI SECT COM TR,6726.0,207.0
46140H10,26.44,26.32,2014-10-13,DBA,INVESCO DB MULTI SECT COM TR,6726.0,207.0
46140H10,26.68,26.54,2014-10-14,DBA,INVESCO DB MULTI SECT COM TR,6726.0,207.0
46140H10,26.28,26.62,2014-10-15,DBA,INVESCO DB MULTI SECT COM TR,6726.0,207.0
46140H10,26.4,26.33,2014-10-16,DBA,INVESCO DB MULTI SECT COM TR,6726.0,207.0
46140H10,26.14,26.29,2014-10-17,DBA,INVESCO DB MULTI SECT COM TR,6726.0,207.0
46140H10,25.87,25.78,2014-10-20,DBA,INVESCO DB MULTI SECT COM TR,6726.0,207.0
46140H10,25.98,25.87,2014-10-21,DBA,INVESCO DB MULTI SECT COM TR,6726.0,207.0
46140H10,25.8,26.06,2014-10-22,DBA,INVESCO DB MULTI SECT COM TR,6726.0,207.0
46140H10,25.92,25.86,2014-10-23,DBA,INVESCO DB MULTI SECT COM TR,6726.0,207.0
46140H10,25.71,25.88,2014-10-24,DBA,INVESCO DB MULTI SECT COM TR,6726.0,207.0
46140H10,25.72,25.59,2014-10-27,DBA,INVESCO DB MULTI SECT COM TR,6726.0,207.0
46140H10,25.74,25.75,2014-10-28,DBA,INVESCO DB MULTI SECT COM TR,6726.0,207.0
46140H10,25.88,25.78,2014-10-29,DBA,INVESCO DB MULTI SECT COM TR,6726.0,207.0
46140H10,25.72,25.7,2014-10-30,DBA,INVESCO DB MULTI SECT COM TR,6726.0,207.0
46140H10,25.66,25.62,2014-10-31,DBA,INVESCO DB MULTI SECT COM TR,6726.0,207.0
46140H10,25.62,25.66,2014-11-03,DBA,INVESCO DB MULTI SECT COM TR,6726.0,207.0
46140H10,25.49,25.51,2014-11-04,DBA,INVESCO DB MULTI SECT COM TR,6726.0,207.0
46140H10,25.35,25.31,2014-11-05,DBA,INVESCO DB MULTI SECT COM TR,6726.0,207.0
46140H10,25.3,25.27,2014-11-06,DBA,INVESCO DB MULTI SECT COM TR,6726.0,207.0
46140H10,25.39,25.38,2014-11-07,DBA,INVESCO DB MULTI SECT COM TR,6726.0,207.0
46140H10,25.38,25.39,2014-11-10,DBA,INVESCO DB MULTI SECT COM TR,6726.0,207.0
46140H10,25.64,25.39,2014-11-11,DBA,INVESCO DB MULTI SECT COM TR,6726.0,207.0
46140H10,25.74,25.66,2014-11-12,DBA,INVESCO DB MULTI SECT COM TR,6726.0,207.0
46140H10,25.9,25.74,2014-11-13,DBA,INVESCO DB MULTI SECT COM TR,6726.0,207.0
46140H10,25.87,25.79,2014-11-14,DBA,INVESCO DB MULTI SECT COM TR,6726.0,207.0
46140H10,25.78,25.85,2014-11-17,DBA,INVESCO DB MULTI SECT COM TR,6726.0,207.0
46140H10,25.64,25.69,2014-11-18,DBA,INVESCO DB MULTI SECT COM TR,6726.0,207.0
46140H10,25.62,25.67,2014-11-19,DBA,INVESCO DB MULTI SECT COM TR,6726.0,207.0
46140H10,25.63,25.55,2014-11-20,DBA,INVESCO DB MULTI SECT COM TR,6726.0,207.0
46140H10,25.69,25.59,2014-11-21,DBA,INVESCO DB MULTI SECT COM TR,6726.0,207.0
46140H10,25.58,25.77,2014-11-24,DBA,INVESCO DB MULTI SECT COM TR,6726.0,207.0
46140H10,25.75,25.67,2014-11-25,DBA,INVESCO DB MULTI SECT COM TR,6726.0,207.0
46140H10,25.76,25.77,2014-11-26,DBA,INVESCO DB MULTI SECT COM TR,6726.0,207.0
46140H10,25.54,25.64,2014-11-28,DBA,INVESCO DB MULTI SECT COM TR,6726.0,207.0
46140H10,25.85,25.52,2014-12-01,DBA,INVESCO DB MULTI SECT COM TR,6726.0,207.0
46140H10,25.49,25.75,2014-12-02,DBA,INVESCO DB MULTI SECT COM TR,6726.0,207.0
46140H10,25.28,25.33,2014-12-03,DBA,INVESCO DB MULTI SECT COM TR,6726.0,207.0
46140H10,25.35,25.29,2014-12-04,DBA,INVESCO DB MULTI SECT COM TR,6726.0,207.0
46140H10,25.37,25.32,2014-12-05,DBA,INVESCO DB MULTI SECT COM TR,6726.0,207.0
46140H10,25.27,25.37,2014-12-08,DBA,INVESCO DB MULTI SECT COM TR,6726.0,207.0
46140H10,25.4,25.22,2014-12-09,DBA,INVESCO DB MULTI SECT COM TR,6726.0,207.0
46140H10,25.23,25.36,2014-12-10,DBA,INVESCO DB MULTI SECT COM TR,6726.0,207.0
46140H10,25.17,25.16,2014-12-11,DBA,INVESCO DB MULTI SECT COM TR,6726.0,207.0
46140H10,25.2,25.19,2014-12-12,DBA,INVESCO DB MULTI SECT COM TR,6726.0,207.0
46140H10,25.27,25.2,2014-12-15,DBA,INVESCO DB MULTI SECT COM TR,6726.0,207.0
46140H10,25.08,25.18,2014-12-16,DBA,INVESCO DB MULTI SECT COM TR,6726.0,207.0
46140H10,25.06,25.05,2014-12-17,DBA,INVESCO DB MULTI SECT COM TR,6726.0,207.0
46140H10,25.48,25.36,2014-12-18,DBA,INVESCO DB MULTI SECT COM TR,6726.0,207.0
46140H10,25.44,25.36,2014-12-19,DBA,INVESCO DB MULTI SECT COM TR,6726.0,207.0
46140H10,25.3,25.46,2014-12-22,DBA,INVESCO DB MULTI SECT COM TR,6726.0,207.0
46140H10,25.37,25.28,2014-12-23,DBA,INVESCO DB MULTI SECT COM TR,6726.0,207.0
46140H10,25.13,25.33,2014-12-24,DBA,INVESCO DB MULTI SECT COM TR,6726.0,207.0
46140H10,25.21,25.14,2014-12-26,DBA,INVESCO DB MULTI SECT COM TR,6726.0,207.0
46140H10,25.23,25.26,2014-12-29,DBA,INVESCO DB MULTI SECT COM TR,6726.0,207.0
46140H10,25.08,25.2,2014-12-30,DBA,INVESCO DB MULTI SECT COM TR,6726.0,207.0
46140H10,24.89,25.01,2014-12-31,DBA,INVESCO DB MULTI SECT COM TR,6726.0,207.0
46140H10,24.64,24.82,2015-01-02,DBA,INVESCO DB MULTI SECT COM TR,6726.0,207.0
46140H10,24.94,24.81,2015-01-05,DBA,INVESCO DB MULTI SECT COM TR,6726.0,207.0
46140H10,25.11,25.12,2015-01-06,DBA,INVESCO DB MULTI SECT COM TR,6726.0,207.0
46140H10,24.99,25.2,2015-01-07,DBA,INVESCO DB MULTI SECT COM TR,6726.0,207.0
46140H10,24.9,25.09,2015-01-08,DBA,INVESCO DB MULTI SECT COM TR,6726.0,207.0
46140H10,24.84,24.94,2015-01-09,DBA,INVESCO DB MULTI SECT COM TR,6726.0,207.0
46140H10,24.66,24.81,2015-01-12,DBA,INVESCO DB MULTI SECT COM TR,6726.0,207.0
46140H10,24.42,24.84,2015-01-13,DBA,INVESCO DB MULTI SECT COM TR,6726.0,207.0
46140H10,24.36,24.41,2015-01-14,DBA,INVESCO DB MULTI SECT COM TR,6726.0,207.0
46140H10,24.24,24.49,2015-01-15,DBA,INVESCO DB MULTI SECT COM TR,6726.0,207.0
46140H10,24.16,24.15,2015-01-16,DBA,INVESCO DB MULTI SECT COM TR,6726.0,207.0
46140H10,23.98,24.08,2015-01-20,DBA,INVESCO DB MULTI SECT COM TR,6726.0,207.0
46140H10,23.84,24.0,2015-01-21,DBA,INVESCO DB MULTI SECT COM TR,6726.0,207.0
46140H10,23.73,23.89,2015-01-22,DBA,INVESCO DB MULTI SECT COM TR,6726.0,207.0
46140H10,23.48,23.52,2015-01-23,DBA,INVESCO DB MULTI SECT COM TR,6726.0,207.0
46140H10,23.52,23.53,2015-01-26,DBA,INVESCO DB MULTI SECT COM TR,6726.0,207.0
46140H10,23.52,23.54,2015-01-27,DBA,INVESCO DB MULTI SECT COM TR,6726.0,207.0
46140H10,23.4,23.54,2015-01-28,DBA,INVESCO DB MULTI SECT COM TR,6726.0,207.0
46140H10,23.2,23.31,2015-01-29,DBA,INVESCO DB MULTI SECT COM TR,6726.0,207.0
46140H10,23.14,23.22,2015-01-30,DBA,INVESCO DB MULTI SECT COM TR,6726.0,207.0
46140H10,22.91,23.075,2015-02-02,DBA,INVESCO DB MULTI SECT COM TR,6726.0,207.0
46140H10,23.24,23.03,2015-02-03,DBA,INVESCO DB MULTI SECT COM TR,6726.0,207.0
46140H10,23.14,23.31,2015-02-04,DBA,INVESCO DB MULTI SECT COM TR,6726.0,207.0
46140H10,23.22,23.13,2015-02-05,DBA,INVESCO DB MULTI SECT COM TR,6726.0,207.0
46140H10,23.4,23.34,2015-02-06,DBA,INVESCO DB MULTI SECT COM TR,6726.0,207.0
46140H10,23.61,23.37,2015-02-09,DBA,INVESCO DB MULTI SECT COM TR,6726.0,207.0
46140H10,23.33,23.57,2015-02-10,DBA,INVESCO DB MULTI SECT COM TR,6726.0,207.0
46140H10,23.23,23.28,2015-02-11,DBA,INVESCO DB MULTI SECT COM TR,6726.0,207.0
46140H10,23.36,23.28,2015-02-12,DBA,INVESCO DB MULTI SECT COM TR,6726.0,207.0
46140H10,23.57,23.46,2015-02-13,DBA,INVESCO DB MULTI SECT COM TR,6726.0,207.0
46140H10,23.555,23.54,2015-02-17,DBA,INVESCO DB MULTI SECT COM TR,6726.0,207.0
46140H10,23.39,23.5,2015-02-18,DBA,INVESCO DB MULTI SECT COM TR,6726.0,207.0
46140H10,23.35,23.33,2015-02-19,DBA,INVESCO DB MULTI SECT COM TR,6726.0,207.0
46140H10,23.15,23.31,2015-02-20,DBA,INVESCO DB MULTI SECT COM TR,6726.0,207.0
46140H10,22.98,23.08,2015-02-23,DBA,INVESCO DB MULTI SECT COM TR,6726.0,207.0
46140H10,23.03,23.05,2015-02-24,DBA,INVESCO DB MULTI SECT COM TR,6726.0,207.0
46140H10,22.83,22.97,2015-02-25,DBA,INVESCO DB MULTI SECT COM TR,6726.0,207.0
46140H10,22.96,22.83,2015-02-26,DBA,INVESCO DB MULTI SECT COM TR,6726.0,207.0
46140H10,23.07,22.98,2015-02-27,DBA,INVESCO DB MULTI SECT COM TR,6726.0,207.0
46140H10,22.88,23.05,2015-03-02,DBA,INVESCO DB MULTI SECT COM TR,6726.0,207.0
46140H10,22.71,22.83,2015-03-03,DBA,INVESCO DB MULTI SECT COM TR,6726.0,207.0
46140H10,22.75,22.58,2015-03-04,DBA,INVESCO DB MULTI SECT COM TR,6726.0,207.0
46140H10,22.6,22.79,2015-03-05,DBA,INVESCO DB MULTI SECT COM TR,6726.0,207.0
46140H10,22.59,22.53,2015-03-06,DBA,INVESCO DB MULTI SECT COM TR,6726.0,207.0
46140H10,22.58,22.64,2015-03-09,DBA,INVESCO DB MULTI SECT COM TR,6726.0,207.0
46140H10,22.45,22.46,2015-03-10,DBA,INVESCO DB MULTI SECT COM TR,6726.0,207.0
46140H10,22.41,22.48,2015-03-11,DBA,INVESCO DB MULTI SECT COM TR,6726.0,207.0
46140H10,22.41,22.45,2015-03-12,DBA,INVESCO DB MULTI SECT COM TR,6726.0,207.0
46140H10,22.07,22.34,2015-03-13,DBA,INVESCO DB MULTI SECT COM TR,6726.0,207.0
46140H10,22.26,22.16,2015-03-16,DBA,INVESCO DB MULTI SECT COM TR,6726.0,207.0
46140H10,22.08,22.14,2015-03-17,DBA,INVESCO DB MULTI SECT COM TR,6726.0,207.0
46140H10,22.35,22.1,2015-03-18,DBA,INVESCO DB MULTI SECT COM TR,6726.0,207.0
46140H10,22.26,22.39,2015-03-19,DBA,INVESCO DB MULTI SECT COM TR,6726.0,207.0
46140H10,22.55,22.35,2015-03-20,DBA,INVESCO DB MULTI SECT COM TR,6726.0,207.0
46140H10,22.74,22.65,2015-03-23,DBA,INVESCO DB MULTI SECT COM TR,6726.0,207.0
46140H10,22.61,22.58,2015-03-24,DBA,INVESCO DB MULTI SECT COM TR,6726.0,207.0
46140H10,22.55,22.63,2015-03-25,DBA,INVESCO DB MULTI SECT COM TR,6726.0,207.0
46140H10,22.39,22.58,2015-03-26,DBA,INVESCO DB MULTI SECT COM TR,6726.0,207.0
46140H10,22.32,22.35,2015-03-27,DBA,INVESCO DB MULTI SECT COM TR,6726.0,207.0
46140H10,22.34,22.29,2015-03-30,DBA,INVESCO DB MULTI SECT COM TR,6726.0,207.0
46140H10,22.14,22.35,2015-03-31,DBA,INVESCO DB MULTI SECT COM TR,6726.0,207.0
46140H10,22.41,22.18,2015-04-01,DBA,INVESCO DB MULTI SECT COM TR,6726.0,207.0
46140H10,22.74,22.52,2015-04-02,DBA,INVESCO DB MULTI SECT COM TR,6726.0,207.0
46140H10,22.69,22.85,2015-04-06,DBA,INVESCO DB MULTI SECT COM TR,6726.0,207.0
46140H10,22.63,22.64,2015-04-07,DBA,INVESCO DB MULTI SECT COM TR,6726.0,207.0
46140H10,22.51,22.69,2015-04-08,DBA,INVESCO DB MULTI SECT COM TR,6726.0,207.0
46140H10,22.44,22.42,2015-04-09,DBA,INVESCO DB MULTI SECT COM TR,6726.0,207.0
46140H10,22.32,22.33,2015-04-10,DBA,INVESCO DB MULTI SECT COM TR,6726.0,207.0
46140H10,22.13,22.25,2015-04-13,DBA,INVESCO DB MULTI SECT COM TR,6726.0,207.0
46140H10,22.27,22.23,2015-04-14,DBA,INVESCO DB MULTI SECT COM TR,6726.0,207.0
46140H10,22.22,22.28,2015-04-15,DBA,INVESCO DB MULTI SECT COM TR,6726.0,207.0
46140H10,22.38,22.34,2015-04-16,DBA,INVESCO DB MULTI SECT COM TR,6726.0,207.0
46140H10,22.25,22.4,2015-04-17,DBA,INVESCO DB MULTI SECT COM TR,6726.0,207.0
46140H10,22.07,22.13,2015-04-20,DBA,INVESCO DB MULTI SECT COM TR,6726.0,207.0
46140H10,22.1,22.02,2015-04-21,DBA,INVESCO DB MULTI SECT COM TR,6726.0,207.0
46140H10,22.03,22.11,2015-04-22,DBA,INVESCO DB MULTI SECT COM TR,6726.0,207.0
46140H10,22.28,22.17,2015-04-23,DBA,INVESCO DB MULTI SECT COM TR,6726.0,207.0
46140H10,22.35,22.38,2015-04-24,DBA,INVESCO DB MULTI SECT COM TR,6726.0,207.0
46140H10,22.22,22.27,2015-04-27,DBA,INVESCO DB MULTI SECT COM TR,6726.0,207.0
46140H10,22.24,22.27,2015-04-28,DBA,INVESCO DB MULTI SECT COM TR,6726.0,207.0
46140H10,22.38,22.22,2015-04-29,DBA,INVESCO DB MULTI SECT COM TR,6726.0,207.0
46140H10,22.29,22.5,2015-04-30,DBA,INVESCO DB MULTI SECT COM TR,6726.0,207.0
46140H10,22.02,22.22,2015-05-01,DBA,INVESCO DB MULTI SECT COM TR,6726.0,207.0
46140H10,21.97,21.94,2015-05-04,DBA,INVESCO DB MULTI SECT COM TR,6726.0,207.0
46140H10,22.11,22.02,2015-05-05,DBA,INVESCO DB MULTI SECT COM TR,6726.0,207.0
46140H10,22.19,22.18,2015-05-06,DBA,INVESCO DB MULTI SECT COM TR,6726.0,207.0
46140H10,22.11,22.16,2015-05-07,DBA,INVESCO DB MULTI SECT COM TR,6726.0,207.0
46140H10,22.36,22.25,2015-05-08,DBA,INVESCO DB MULTI SECT COM TR,6726.0,207.0
46140H10,22.37,22.37,2015-05-11,DBA,INVESCO DB MULTI SECT COM TR,6726.0,207.0
46140H10,22.42,22.33,2015-05-12,DBA,INVESCO DB MULTI SECT COM TR,6726.0,207.0
46140H10,22.39,22.43,2015-05-13,DBA,INVESCO DB MULTI SECT COM TR,6726.0,207.0
46140H10,22.72,22.47,2015-05-14,DBA,INVESCO DB MULTI SECT COM TR,6726.0,207.0
46140H10,22.69,22.72,2015-05-15,DBA,INVESCO DB MULTI SECT COM TR,6726.0,207.0
46140H10,22.74,22.75,2015-05-18,DBA,INVESCO DB MULTI SECT COM TR,6726.0,207.0
46140H10,22.54,22.65,2015-05-19,DBA,INVESCO DB MULTI SECT COM TR,6726.0,207.0
46140H10,22.44,22.49,2015-05-20,DBA,INVESCO DB MULTI SECT COM TR,6726.0,207.0
46140H10,22.43,22.44,2015-05-21,DBA,INVESCO DB MULTI SECT COM TR,6726.0,207.0
46140H10,22.23,22.41,2015-05-22,DBA,INVESCO DB MULTI SECT COM TR,6726.0,207.0
46140H10,21.98,22.16,2015-05-26,DBA,INVESCO DB MULTI SECT COM TR,6726.0,207.0
46140H10,21.87,21.89,2015-05-27,DBA,INVESCO DB MULTI SECT COM TR,6726.0,207.0
46140H10,21.98,21.95,2015-05-28,DBA,INVESCO DB MULTI SECT COM TR,6726.0,207.0
46140H10,21.83,21.96,2015-05-29,DBA,INVESCO DB MULTI SECT COM TR,6726.0,207.0
46140H10,22.01,21.9,2015-06-01,DBA,INVESCO DB MULTI SECT COM TR,6726.0,207.0
46140H10,22.32,22.21,2015-06-02,DBA,INVESCO DB MULTI SECT COM TR,6726.0,207.0
46140H10,22.24,22.3,2015-06-03,DBA,INVESCO DB MULTI SECT COM TR,6726.0,207.0
46140H10,22.37,22.26,2015-06-04,DBA,INVESCO DB MULTI SECT COM TR,6726.0,207.0
46140H10,22.26,22.29,2015-06-05,DBA,INVESCO DB MULTI SECT COM TR,6726.0,207.0
46140H10,22.46,22.36,2015-06-08,DBA,INVESCO DB MULTI SECT COM TR,6726.0,207.0
46140H10,22.48,22.41,2015-06-09,DBA,INVESCO DB MULTI SECT COM TR,6726.0,207.0
46140H10,22.35,22.63,2015-06-10,DBA,INVESCO DB MULTI SECT COM TR,6726.0,207.0
46140H10,22.05,22.18,2015-06-11,DBA,INVESCO DB MULTI SECT COM TR,6726.0,207.0
46140H10,21.98,22.09,2015-06-12,DBA,INVESCO DB MULTI SECT COM TR,6726.0,207.0
46140H10,21.74,21.88,2015-06-15,DBA,INVESCO DB MULTI SECT COM TR,6726.0,207.0
46140H10,21.91,21.87,2015-06-16,DBA,INVESCO DB MULTI SECT COM TR,6726.0,207.0
46140H10,21.98,21.94,2015-06-17,DBA,INVESCO DB MULTI SECT COM TR,6726.0,207.0
46140H10,21.97,22.02,2015-06-18,DBA,INVESCO DB MULTI SECT COM TR,6726.0,207.0
46140H10,21.86,21.92,2015-06-19,DBA,INVESCO DB MULTI SECT COM TR,6726.0,207.0
46140H10,22.13,22.0,2015-06-22,DBA,INVESCO DB MULTI SECT COM TR,6726.0,207.0
46140H10,22.2,22.18,2015-06-23,DBA,INVESCO DB MULTI SECT COM TR,6726.0,207.0
46140H10,22.28,22.21,2015-06-24,DBA,INVESCO DB MULTI SECT COM TR,6726.0,207.0
46140H10,22.41,22.26,2015-06-25,DBA,INVESCO DB MULTI SECT COM TR,6726.0,207.0
46140H10,22.71,22.67,2015-06-26,DBA,INVESCO DB MULTI SECT COM TR,6726.0,207.0
46140H10,22.82,22.79,2015-06-29,DBA,INVESCO DB MULTI SECT COM TR,6726.0,207.0
46140H10,23.35,22.8,2015-06-30,DBA,INVESCO DB MULTI SECT COM TR,6726.0,207.0
46140H10,23.27,23.25,2015-07-01,DBA,INVESCO DB MULTI SECT COM TR,6726.0,207.0
46140H10,23.27,23.18,2015-07-02,DBA,INVESCO DB MULTI SECT COM TR,6726.0,207.0
46140H10,23.2,23.15,2015-07-06,DBA,INVESCO DB MULTI SECT COM TR,6726.0,207.0
46140H10,23.02,23.1,2015-07-07,DBA,INVESCO DB MULTI SECT COM TR,6726.0,207.0
46140H10,22.93,22.96,2015-07-08,DBA,INVESCO DB MULTI SECT COM TR,6726.0,207.0
46140H10,22.91,22.98,2015-07-09,DBA,INVESCO DB MULTI SECT COM TR,6726.0,207.0
46140H10,23.07,23.07,2015-07-10,DBA,INVESCO DB MULTI SECT COM TR,6726.0,207.0
46140H10,23.18,23.07,2015-07-13,DBA,INVESCO DB MULTI SECT COM TR,6726.0,207.0
46140H10,23.23,23.35,2015-07-14,DBA,INVESCO DB MULTI SECT COM TR,6726.0,207.0
46140H10,23.1,23.1,2015-07-15,DBA,INVESCO DB MULTI SECT COM TR,6726.0,207.0
46140H10,22.95,23.13,2015-07-16,DBA,INVESCO DB MULTI SECT COM TR,6726.0,207.0
46140H10,22.76,22.82,2015-07-17,DBA,INVESCO DB MULTI SECT COM TR,6726.0,207.0
46140H10,22.41,22.54,2015-07-20,DBA,INVESCO DB MULTI SECT COM TR,6726.0,207.0
46140H10,22.29,22.37,2015-07-21,DBA,INVESCO DB MULTI SECT COM TR,6726.0,207.0
46140H10,22.16,22.17,2015-07-22,DBA,INVESCO DB MULTI SECT COM TR,6726.0,207.0
46140H10,22.04,22.17,2015-07-23,DBA,INVESCO DB MULTI SECT COM TR,6726.0,207.0
46140H10,21.7,21.91,2015-07-24,DBA,INVESCO DB MULTI SECT COM TR,6726.0,207.0
46140H10,21.33,21.56,2015-07-27,DBA,INVESCO DB MULTI SECT COM TR,6726.0,207.0
46140H10,21.58,21.49,2015-07-28,DBA,INVESCO DB MULTI SECT COM TR,6726.0,207.0
46140H10,21.55,21.61,2015-07-29,DBA,INVESCO DB MULTI SECT COM TR,6726.0,207.0
46140H10,21.6,21.7,2015-07-30,DBA,INVESCO DB MULTI SECT COM TR,6726.0,207.0
46140H10,21.46,21.68,2015-07-31,DBA,INVESCO DB MULTI SECT COM TR,6726.0,207.0
46140H10,21.41,21.29,2015-08-03,DBA,INVESCO DB MULTI SECT COM TR,6726.0,207.0
46140H10,21.5,21.47,2015-08-04,DBA,INVESCO DB MULTI SECT COM TR,6726.0,207.0
46140H10,21.52,21.46,2015-08-05,DBA,INVESCO DB MULTI SECT COM TR,6726.0,207.0
46140H10,21.34,21.5,2015-08-06,DBA,INVESCO DB MULTI SECT COM TR,6726.0,207.0
46140H10,21.5,21.36,2015-08-07,DBA,INVESCO DB MULTI SECT COM TR,6726.0,207.0
46140H10,21.85,21.55,2015-08-10,DBA,INVESCO DB MULTI SECT COM TR,6726.0,207.0
46140H10,21.65,21.73,2015-08-11,DBA,INVESCO DB MULTI SECT COM TR,6726.0,207.0
46140H10,21.11,21.62,2015-08-12,DBA,INVESCO DB MULTI SECT COM TR,6726.0,207.0
46140H10,21.39,21.2,2015-08-13,DBA,INVESCO DB MULTI SECT COM TR,6726.0,207.0
46140H10,21.36,21.34,2015-08-14,DBA,INVESCO DB MULTI SECT COM TR,6726.0,207.0
46140H10,21.31,21.41,2015-08-17,DBA,INVESCO DB MULTI SECT COM TR,6726.0,207.0
46140H10,21.31,21.24,2015-08-18,DBA,INVESCO DB MULTI SECT COM TR,6726.0,207.0
46140H10,21.14,21.33,2015-08-19,DBA,INVESCO DB MULTI SECT COM TR,6726.0,207.0
46140H10,21.26,21.04,2015-08-20,DBA,INVESCO DB MULTI SECT COM TR,6726.0,207.0
46140H10,20.85,21.18,2015-08-21,DBA,INVESCO DB MULTI SECT COM TR,6726.0,207.0
46140H10,20.74,20.43,2015-08-24,DBA,INVESCO DB MULTI SECT COM TR,6726.0,207.0
46140H10,20.77,21.0,2015-08-25,DBA,INVESCO DB MULTI SECT COM TR,6726.0,207.0
46140H10,20.68,20.79,2015-08-26,DBA,INVESCO DB MULTI SECT COM TR,6726.0,207.0
46140H10,20.91,20.86,2015-08-27,DBA,INVESCO DB MULTI SECT COM TR,6726.0,207.0
46140H10,20.88,20.94,2015-08-28,DBA,INVESCO DB MULTI SECT COM TR,6726.0,207.0
46140H10,20.88,20.78,2015-08-31,DBA,INVESCO DB MULTI SECT COM TR,6726.0,207.0
46140H10,20.66,20.79,2015-09-01,DBA,INVESCO DB MULTI SECT COM TR,6726.0,207.0
46140H10,20.62,20.76,2015-09-02,DBA,INVESCO DB MULTI SECT COM TR,6726.0,207.0
46140H10,20.68,20.67,2015-09-03,DBA,INVESCO DB MULTI SECT COM TR,6726.0,207.0
46140H10,20.69,20.75,2015-09-04,DBA,INVESCO DB MULTI SECT COM TR,6726.0,207.0
46140H10,20.93,20.7,2015-09-08,DBA,INVESCO DB MULTI SECT COM TR,6726.0,207.0
46140H10,20.96,21.05,2015-09-09,DBA,INVESCO DB MULTI SECT COM TR,6726.0,207.0
46140H10,20.92,20.88,2015-09-10,DBA,INVESCO DB MULTI SECT COM TR,6726.0,207.0
46140H10,21.0,20.95,2015-09-11,DBA,INVESCO DB MULTI SECT COM TR,6726.0,207.0
46140H10,21.19,21.09,2015-09-14,DBA,INVESCO DB MULTI SECT COM TR,6726.0,207.0
46140H10,21.08,21.15,2015-09-15,DBA,INVESCO DB MULTI SECT COM TR,6726.0,207.0
46140H10,20.95,21.08,2015-09-16,DBA,INVESCO DB MULTI SECT COM TR,6726.0,207.0
46140H10,20.87,20.9,2015-09-17,DBA,INVESCO DB MULTI SECT COM TR,6726.0,207.0
46140H10,20.74,20.89,2015-09-18,DBA,INVESCO DB MULTI SECT COM TR,6726.0,207.0
46140H10,20.89,20.73,2015-09-21,DBA,INVESCO DB MULTI SECT COM TR,6726.0,207.0
46140H10,20.71,20.8,2015-09-22,DBA,INVESCO DB MULTI SECT COM TR,6726.0,207.0
46140H10,20.69,20.74,2015-09-23,DBA,INVESCO DB MULTI SECT COM TR,6726.0,207.0
46140H10,20.76,20.57,2015-09-24,DBA,INVESCO DB MULTI SECT COM TR,6726.0,207.0
46140H10,21.13,20.93,2015-09-25,DBA,INVESCO DB MULTI SECT COM TR,6726.0,207.0
46140H10,20.96,21.09,2015-09-28,DBA,INVESCO DB MULTI SECT COM TR,6726.0,207.0
46140H10,20.89,20.89,2015-09-29,DBA,INVESCO DB MULTI SECT COM TR,6726.0,207.0
46140H10,20.88,20.92,2015-09-30,DBA,INVESCO DB MULTI SECT COM TR,6726.0,207.0
46140H10,20.79,20.93,2015-10-01,DBA,INVESCO DB MULTI SECT COM TR,6726.0,207.0
46140H10,20.93,20.8,2015-10-02,DBA,INVESCO DB MULTI SECT COM TR,6726.0,207.0
46140H10,21.02,20.99,2015-10-05,DBA,INVESCO DB MULTI SECT COM TR,6726.0,207.0
46140H10,21.29,21.05,2015-10-06,DBA,INVESCO DB MULTI SECT COM TR,6726.0,207.0
46140H10,21.26,21.42,2015-10-07,DBA,INVESCO DB MULTI SECT COM TR,6726.0,207.0
46140H10,21.25,21.25,2015-10-08,DBA,INVESCO DB MULTI SECT COM TR,6726.0,207.0
46140H10,21.28,21.39,2015-10-09,DBA,INVESCO DB MULTI SECT COM TR,6726.0,207.0
46140H10,21.37,21.32,2015-10-12,DBA,INVESCO DB MULTI SECT COM TR,6726.0,207.0
46140H10,21.51,21.34,2015-10-13,DBA,INVESCO DB MULTI SECT COM TR,6726.0,207.0
46140H10,21.42,21.59,2015-10-14,DBA,INVESCO DB MULTI SECT COM TR,6726.0,207.0
46140H10,21.29,21.39,2015-10-15,DBA,INVESCO DB MULTI SECT COM TR,6726.0,207.0
46140H10,21.2,21.24,2015-10-16,DBA,INVESCO DB MULTI SECT COM TR,6726.0,207.0
46140H10,21.17,21.17,2015-10-19,DBA,INVESCO DB MULTI SECT COM TR,6726.0,207.0
46140H10,21.39,21.29,2015-10-20,DBA,INVESCO DB MULTI SECT COM TR,6726.0,207.0
46140H10,21.31,21.32,2015-10-21,DBA,INVESCO DB MULTI SECT COM TR,6726.0,207.0
46140H10,21.21,21.38,2015-10-22,DBA,INVESCO DB MULTI SECT COM TR,6726.0,207.0
46140H10,21.07,21.14,2015-10-23,DBA,INVESCO DB MULTI SECT COM TR,6726.0,207.0
46140H10,21.19,21.09,2015-10-26,DBA,INVESCO DB MULTI SECT COM TR,6726.0,207.0
46140H10,21.08,21.15,2015-10-27,DBA,INVESCO DB MULTI SECT COM TR,6726.0,207.0
46140H10,21.18,21.14,2015-10-28,DBA,INVESCO DB MULTI SECT COM TR,6726.0,207.0
46140H10,21.13,21.15,2015-10-29,DBA,INVESCO DB MULTI SECT COM TR,6726.0,207.0
46140H10,21.28,21.19,2015-10-30,DBA,INVESCO DB MULTI SECT COM TR,6726.0,207.0
46140H10,21.18,21.23,2015-11-02,DBA,INVESCO DB MULTI SECT COM TR,6726.0,207.0
46140H10,21.22,21.21,2015-11-03,DBA,INVESCO DB MULTI SECT COM TR,6726.0,207.0
46140H10,21.03,21.14,2015-11-04,DBA,INVESCO DB MULTI SECT COM TR,6726.0,207.0
46140H10,20.88,21.0,2015-11-05,DBA,INVESCO DB MULTI SECT COM TR,6726.0,207.0
46140H10,20.76,20.7,2015-11-06,DBA,INVESCO DB MULTI SECT COM TR,6726.0,207.0
46140H10,20.39,20.72,2015-11-09,DBA,INVESCO DB MULTI SECT COM TR,6726.0,207.0
46140H10,20.31,20.49,2015-11-10,DBA,INVESCO DB MULTI SECT COM TR,6726.0,207.0
46140H10,20.52,20.48,2015-11-11,DBA,INVESCO DB MULTI SECT COM TR,6726.0,207.0
46140H10,20.63,20.43,2015-11-12,DBA,INVESCO DB MULTI SECT COM TR,6726.0,207.0
46140H10,20.41,20.62,2015-11-13,DBA,INVESCO DB MULTI SECT COM TR,6726.0,207.0
46140H10,20.36,20.42,2015-11-16,DBA,INVESCO DB MULTI SECT COM TR,6726.0,207.0
46140H10,20.38,20.4,2015-11-17,DBA,INVESCO DB MULTI SECT COM TR,6726.0,207.0
46140H10,20.33,20.41,2015-11-18,DBA,INVESCO DB MULTI SECT COM TR,6726.0,207.0
46140H10,20.59,20.47,2015-11-19,DBA,INVESCO DB MULTI SECT COM TR,6726.0,207.0
46140H10,20.68,20.7,2015-11-20,DBA,INVESCO DB MULTI SECT COM TR,6726.0,207.0
46140H10,20.74,20.57,2015-11-23,DBA,INVESCO DB MULTI SECT COM TR,6726.0,207.0
46140H10,20.62,20.75,2015-11-24,DBA,INVESCO DB MULTI SECT COM TR,6726.0,207.0
46140H10,20.72,20.62,2015-11-25,DBA,INVESCO DB MULTI SECT COM TR,6726.0,207.0
46140H10,20.58,20.66,2015-11-27,DBA,INVESCO DB MULTI SECT COM TR,6726.0,207.0
46140H10,20.51,20.55,2015-11-30,DBA,INVESCO DB MULTI SECT COM TR,6726.0,207.0
46140H10,20.8,20.52,2015-12-01,DBA,INVESCO DB MULTI SECT COM TR,6726.0,207.0
46140H10,20.6,20.71,2015-12-02,DBA,INVESCO DB MULTI SECT COM TR,6726.0,207.0
46140H10,20.84,20.62,2015-12-03,DBA,INVESCO DB MULTI SECT COM TR,6726.0,207.0
46140H10,20.95,20.88,2015-12-04,DBA,INVESCO DB MULTI SECT COM TR,6726.0,207.0
46140H10,20.65,20.84,2015-12-07,DBA,INVESCO DB MULTI SECT COM TR,6726.0,207.0
46140H10,20.49,20.59,2015-12-08,DBA,INVESCO DB MULTI SECT COM TR,6726.0,207.0
46140H10,20.61,20.56,2015-12-09,DBA,INVESCO DB MULTI SECT COM TR,6726.0,207.0
46140H10,20.63,20.5,2015-12-10,DBA,INVESCO DB MULTI SECT COM TR,6726.0,207.0
46140H10,20.49,20.55,2015-12-11,DBA,INVESCO DB MULTI SECT COM TR,6726.0,207.0
46140H10,20.42,20.4,2015-12-14,DBA,INVESCO DB MULTI SECT COM TR,6726.0,207.0
46140H10,20.38,20.44,2015-12-15,DBA,INVESCO DB MULTI SECT COM TR,6726.0,207.0
46140H10,20.22,20.36,2015-12-16,DBA,INVESCO DB MULTI SECT COM TR,6726.0,207.0
46140H10,20.17,20.07,2015-12-17,DBA,INVESCO DB MULTI SECT COM TR,6726.0,207.0
46140H10,20.4,20.31,2015-12-18,DBA,INVESCO DB MULTI SECT COM TR,6726.0,207.0
46140H10,20.33,20.33,2015-12-21,DBA,INVESCO DB MULTI SECT COM TR,6726.0,207.0
46140H10,20.34,20.36,2015-12-22,DBA,INVESCO DB MULTI SECT COM TR,6726.0,207.0
46140H10,20.48,20.38,2015-12-23,DBA,INVESCO DB MULTI SECT COM TR,6726.0,207.0
46140H10,20.48,20.48,2015-12-24,DBA,INVESCO DB MULTI SECT COM TR,6726.0,207.0
46140H10,20.38,20.42,2015-12-28,DBA,INVESCO DB MULTI SECT COM TR,6726.0,207.0
46140H10,20.49,20.41,2015-12-29,DBA,INVESCO DB MULTI SECT COM TR,6726.0,207.0
46140H10,20.58,20.57,2015-12-30,DBA,INVESCO DB MULTI SECT COM TR,6726.0,207.0
46140H10,20.61,20.64,2015-12-31,DBA,INVESCO DB MULTI SECT COM TR,6726.0,207.0
46140H10,20.41,20.51,2016-01-04,DBA,INVESCO DB MULTI SECT COM TR,6726.0,207.0
46140H10,20.28,20.35,2016-01-05,DBA,INVESCO DB MULTI SECT COM TR,6726.0,207.0
46140H10,20.14,20.13,2016-01-06,DBA,INVESCO DB MULTI SECT COM TR,6726.0,207.0
46140H10,20.06,20.09,2016-01-07,DBA,INVESCO DB MULTI SECT COM TR,6726.0,207.0
46140H10,20.13,20.16,2016-01-08,DBA,INVESCO DB MULTI SECT COM TR,6726.0,207.0
46140H10,19.83,20.0,2016-01-11,DBA,INVESCO DB MULTI SECT COM TR,6726.0,207.0
46140H10,19.95,19.79,2016-01-12,DBA,INVESCO DB MULTI SECT COM TR,6726.0,207.0
46140H10,20.0,20.04,2016-01-13,DBA,INVESCO DB MULTI SECT COM TR,6726.0,207.0
46140H10,19.99,19.99,2016-01-14,DBA,INVESCO DB MULTI SECT COM TR,6726.0,207.0
46140H10,19.97,19.91,2016-01-15,DBA,INVESCO DB MULTI SECT COM TR,6726.0,207.0
46140H10,20.07,20.0,2016-01-19,DBA,INVESCO DB MULTI SECT COM TR,6726.0,207.0
46140H10,19.79,19.87,2016-01-20,DBA,INVESCO DB MULTI SECT COM TR,6726.0,207.0
46140H10,20.01,19.85,2016-01-21,DBA,INVESCO DB MULTI SECT COM TR,6726.0,207.0
46140H10,20.13,20.18,2016-01-22,DBA,INVESCO DB MULTI SECT COM TR,6726.0,207.0
46140H10,20.1,20.11,2016-01-25,DBA,INVESCO DB MULTI SECT COM TR,6726.0,207.0
46140H10,20.13,20.08,2016-01-26,DBA,INVESCO DB MULTI SECT COM TR,6726.0,207.0
46140H10,20.1,20.17,2016-01-27,DBA,INVESCO DB MULTI SECT COM TR,6726.0,207.0
46140H10,20.03,20.1,2016-01-28,DBA,INVESCO DB MULTI SECT COM TR,6726.0,207.0
46140H10,19.99,20.02,2016-01-29,DBA,INVESCO DB MULTI SECT COM TR,6726.0,207.0
46140H10,20.08,20.0,2016-02-01,DBA,INVESCO DB MULTI SECT COM TR,6726.0,207.0
46140H10,20.05,20.04,2016-02-02,DBA,INVESCO DB MULTI SECT COM TR,6726.0,207.0
46140H10,20.13,20.08,2016-02-03,DBA,INVESCO DB MULTI SECT COM TR,6726.0,207.0
46140H10,20.03,20.2,2016-02-04,DBA,INVESCO DB MULTI SECT COM TR,6726.0,207.0
46140H10,19.92,19.99,2016-02-05,DBA,INVESCO DB MULTI SECT COM TR,6726.0,207.0
46140H10,19.78,19.86,2016-02-08,DBA,INVESCO DB MULTI SECT COM TR,6726.0,207.0
46140H10,19.71,19.74,2016-02-09,DBA,INVESCO DB MULTI SECT COM TR,6726.0,207.0
46140H10,19.72,19.72,2016-02-10,DBA,INVESCO DB MULTI SECT COM TR,6726.0,207.0
46140H10,19.63,19.57,2016-02-11,DBA,INVESCO DB MULTI SECT COM TR,6726.0,207.0
46140H10,19.7,19.71,2016-02-12,DBA,INVESCO DB MULTI SECT COM TR,6726.0,207.0
46140H10,19.86,19.73,2016-02-16,DBA,INVESCO DB MULTI SECT COM TR,6726.0,207.0
46140H10,19.91,19.76,2016-02-17,DBA,INVESCO DB MULTI SECT COM TR,6726.0,207.0
46140H10,19.86,19.94,2016-02-18,DBA,INVESCO DB MULTI SECT COM TR,6726.0,207.0
46140H10,19.78,19.84,2016-02-19,DBA,INVESCO DB MULTI SECT COM TR,6726.0,207.0
46140H10,19.94,19.89,2016-02-22,DBA,INVESCO DB MULTI SECT COM TR,6726.0,207.0
46140H10,19.99,19.99,2016-02-23,DBA,INVESCO DB MULTI SECT COM TR,6726.0,207.0
46140H10,20.04,19.86,2016-02-24,DBA,INVESCO DB MULTI SECT COM TR,6726.0,207.0
46140H10,20.01,20.09,2016-02-25,DBA,INVESCO DB MULTI SECT COM TR,6726.0,207.0
46140H10,19.97,20.08,2016-02-26,DBA,INVESCO DB MULTI SECT COM TR,6726.0,207.0
46140H10,19.97,20.03,2016-02-29,DBA,INVESCO DB MULTI SECT COM TR,6726.0,207.0
46140H10,19.92,19.92,2016-03-01,DBA,INVESCO DB MULTI SECT COM TR,6726.0,207.0
46140H10,19.98,19.92,2016-03-02,DBA,INVESCO DB MULTI SECT COM TR,6726.0,207.0
46140H10,20.13,20.09,2016-03-03,DBA,INVESCO DB MULTI SECT COM TR,6726.0,207.0
46140H10,20.36,20.29,2016-03-04,DBA,INVESCO DB MULTI SECT COM TR,6726.0,207.0
46140H10,20.35,20.35,2016-03-07,DBA,INVESCO DB MULTI SECT COM TR,6726.0,207.0
46140H10,20.41,20.32,2016-03-08,DBA,INVESCO DB MULTI SECT COM TR,6726.0,207.0
46140H10,20.43,20.41,2016-03-09,DBA,INVESCO DB MULTI SECT COM TR,6726.0,207.0
46140H10,20.62,20.45,2016-03-10,DBA,INVESCO DB MULTI SECT COM TR,6726.0,207.0
46140H10,20.82,20.71,2016-03-11,DBA,INVESCO DB MULTI SECT COM TR,6726.0,207.0
46140H10,20.94,20.83,2016-03-14,DBA,INVESCO DB MULTI SECT COM TR,6726.0,207.0
46140H10,20.92,20.89,2016-03-15,DBA,INVESCO DB MULTI SECT COM TR,6726.0,207.0
46140H10,21.02,20.87,2016-03-16,DBA,INVESCO DB MULTI SECT COM TR,6726.0,207.0
46140H10,21.15,21.28,2016-03-17,DBA,INVESCO DB MULTI SECT COM TR,6726.0,207.0
46140H10,21.09,21.19,2016-03-18,DBA,INVESCO DB MULTI SECT COM TR,6726.0,207.0
46140H10,21.05,21.09,2016-03-21,DBA,INVESCO DB MULTI SECT COM TR,6726.0,207.0
46140H10,21.16,21.09,2016-03-22,DBA,INVESCO DB MULTI SECT COM TR,6726.0,207.0
46140H10,20.98,20.95,2016-03-23,DBA,INVESCO DB MULTI SECT COM TR,6726.0,207.0
46140H10,20.79,20.86,2016-03-24,DBA,INVESCO DB MULTI SECT COM TR,6726.0,207.0
46140H10,20.88,20.79,2016-03-28,DBA,INVESCO DB MULTI SECT COM TR,6726.0,207.0
46140H10,20.93,20.82,2016-03-29,DBA,INVESCO DB MULTI SECT COM TR,6726.0,207.0
46140H10,20.69,21.0,2016-03-30,DBA,INVESCO DB MULTI SECT COM TR,6726.0,207.0
46140H10,20.6,20.68,2016-03-31,DBA,INVESCO DB MULTI SECT COM TR,6726.0,207.0
46140H10,20.49,20.41,2016-04-01,DBA,INVESCO DB MULTI SECT COM TR,6726.0,207.0
46140H10,20.27,20.4,2016-04-04,DBA,INVESCO DB MULTI SECT COM TR,6726.0,207.0
46140H10,20.16,20.25,2016-04-05,DBA,INVESCO DB MULTI SECT COM TR,6726.0,207.0
46140H10,20.18,20.12,2016-04-06,DBA,INVESCO DB MULTI SECT COM TR,6726.0,207.0
46140H10,20.06,20.16,2016-04-07,DBA,INVESCO DB MULTI SECT COM TR,6726.0,207.0
46140H10,20.29,20.11,2016-04-08,DBA,INVESCO DB MULTI SECT COM TR,6726.0,207.0
46140H10,20.14,20.24,2016-04-11,DBA,INVESCO DB MULTI SECT COM TR,6726.0,207.0
46140H10,20.25,20.23,2016-04-12,DBA,INVESCO DB MULTI SECT COM TR,6726.0,207.0
46140H10,20.33,20.3,2016-04-13,DBA,INVESCO DB MULTI SECT COM TR,6726.0,207.0
46140H10,20.32,20.37,2016-04-14,DBA,INVESCO DB MULTI SECT COM TR,6726.0,207.0
46140H10,20.54,20.37,2016-04-15,DBA,INVESCO DB MULTI SECT COM TR,6726.0,207.0
46140H10,20.66,20.55,2016-04-18,DBA,INVESCO DB MULTI SECT COM TR,6726.0,207.0
46140H10,20.92,20.77,2016-04-19,DBA,INVESCO DB MULTI SECT COM TR,6726.0,207.0
46140H10,21.17,20.98,2016-04-20,DBA,INVESCO DB MULTI SECT COM TR,6726.0,207.0
46140H10,20.98,21.26,2016-04-21,DBA,INVESCO DB MULTI SECT COM TR,6726.0,207.0
46140H10,20.55,20.91,2016-04-22,DBA,INVESCO DB MULTI SECT COM TR,6726.0,207.0
46140H10,20.82,20.66,2016-04-25,DBA,INVESCO DB MULTI SECT COM TR,6726.0,207.0
46140H10,21.06,20.9,2016-04-26,DBA,INVESCO DB MULTI SECT COM TR,6726.0,207.0
46140H10,20.91,21.0,2016-04-27,DBA,INVESCO DB MULTI SECT COM TR,6726.0,207.0
46140H10,20.87,20.87,2016-04-28,DBA,INVESCO DB MULTI SECT COM TR,6726.0,207.0
46140H10,21.08,21.0,2016-04-29,DBA,INVESCO DB MULTI SECT COM TR,6726.0,207.0
46140H10,21.1,21.1,2016-05-02,DBA,INVESCO DB MULTI SECT COM TR,6726.0,207.0
46140H10,20.88,21.1,2016-05-03,DBA,INVESCO DB MULTI SECT COM TR,6726.0,207.0
46140H10,20.97,20.89,2016-05-04,DBA,INVESCO DB MULTI SECT COM TR,6726.0,207.0
46140H10,20.77,21.09,2016-05-05,DBA,INVESCO DB MULTI SECT COM TR,6726.0,207.0
46140H10,20.88,20.8,2016-05-06,DBA,INVESCO DB MULTI SECT COM TR,6726.0,207.0
46140H10,20.87,20.94,2016-05-09,DBA,INVESCO DB MULTI SECT COM TR,6726.0,207.0
46140H10,21.19,20.97,2016-05-10,DBA,INVESCO DB MULTI SECT COM TR,6726.0,207.0
46140H10,21.28,21.28,2016-05-11,DBA,INVESCO DB MULTI SECT COM TR,6726.0,207.0
46140H10,21.37,21.34,2016-05-12,DBA,INVESCO DB MULTI SECT COM TR,6726.0,207.0
46140H10,21.27,21.25,2016-05-13,DBA,INVESCO DB MULTI SECT COM TR,6726.0,207.0
46140H10,21.4,21.23,2016-05-16,DBA,INVESCO DB MULTI SECT COM TR,6726.0,207.0
46140H10,21.47,21.42,2016-05-17,DBA,INVESCO DB MULTI SECT COM TR,6726.0,207.0
46140H10,21.37,21.32,2016-05-18,DBA,INVESCO DB MULTI SECT COM TR,6726.0,207.0
46140H10,21.05,21.21,2016-05-19,DBA,INVESCO DB MULTI SECT COM TR,6726.0,207.0
46140H10,21.12,21.2,2016-05-20,DBA,INVESCO DB MULTI SECT COM TR,6726.0,207.0
46140H10,20.87,20.98,2016-05-23,DBA,INVESCO DB MULTI SECT COM TR,6726.0,207.0
46140H10,20.83,20.77,2016-05-24,DBA,INVESCO DB MULTI SECT COM TR,6726.0,207.0
46140H10,21.07,20.82,2016-05-25,DBA,INVESCO DB MULTI SECT COM TR,6726.0,207.0
46140H10,21.3,21.18,2016-05-26,DBA,INVESCO DB MULTI SECT COM TR,6726.0,207.0
46140H10,21.41,21.29,2016-05-27,DBA,INVESCO DB MULTI SECT COM TR,6726.0,207.0
46140H10,21.31,21.5,2016-05-31,DBA,INVESCO DB MULTI SECT COM TR,6726.0,207.0
46140H10,21.46,21.27,2016-06-01,DBA,INVESCO DB MULTI SECT COM TR,6726.0,207.0
46140H10,21.73,21.59,2016-06-02,DBA,INVESCO DB MULTI SECT COM TR,6726.0,207.0
46140H10,22.07,21.87,2016-06-03,DBA,INVESCO DB MULTI SECT COM TR,6726.0,207.0
46140H10,22.33,22.31,2016-06-06,DBA,INVESCO DB MULTI SECT COM TR,6726.0,207.0
46140H10,22.45,22.33,2016-06-07,DBA,INVESCO DB MULTI SECT COM TR,6726.0,207.0
46140H10,22.96,22.61,2016-06-08,DBA,INVESCO DB MULTI SECT COM TR,6726.0,207.0
46140H10,22.81,22.98,2016-06-09,DBA,INVESCO DB MULTI SECT COM TR,6726.0,207.0
46140H10,22.79,22.82,2016-06-10,DBA,INVESCO DB MULTI SECT COM TR,6726.0,207.0
46140H10,22.68,22.85,2016-06-13,DBA,INVESCO DB MULTI SECT COM TR,6726.0,207.0
46140H10,22.7,22.55,2016-06-14,DBA,INVESCO DB MULTI SECT COM TR,6726.0,207.0
46140H10,22.66,22.79,2016-06-15,DBA,INVESCO DB MULTI SECT COM TR,6726.0,207.0
46140H10,22.55,22.67,2016-06-16,DBA,INVESCO DB MULTI SECT COM TR,6726.0,207.0
46140H10,22.77,22.75,2016-06-17,DBA,INVESCO DB MULTI SECT COM TR,6726.0,207.0
46140H10,22.51,22.63,2016-06-20,DBA,INVESCO DB MULTI SECT COM TR,6726.0,207.0
46140H10,22.18,22.32,2016-06-21,DBA,INVESCO DB MULTI SECT COM TR,6726.0,207.0
46140H10,22.03,22.14,2016-06-22,DBA,INVESCO DB MULTI SECT COM TR,6726.0,207.0
46140H10,22.1,22.08,2016-06-23,DBA,INVESCO DB MULTI SECT COM TR,6726.0,207.0
46140H10,21.63,21.6,2016-06-24,DBA,INVESCO DB MULTI SECT COM TR,6726.0,207.0
46140H10,21.78,21.73,2016-06-27,DBA,INVESCO DB MULTI SECT COM TR,6726.0,207.0
46140H10,22.0,22.12,2016-06-28,DBA,INVESCO DB MULTI SECT COM TR,6726.0,207.0
46140H10,22.19,22.14,2016-06-29,DBA,INVESCO DB MULTI SECT COM TR,6726.0,207.0
46140H10,22.07,22.09,2016-06-30,DBA,INVESCO DB MULTI SECT COM TR,6726.0,207.0
46140H10,21.98,22.16,2016-07-01,DBA,INVESCO DB MULTI SECT COM TR,6726.0,207.0
46140H10,21.84,22.01,2016-07-05,DBA,INVESCO DB MULTI SECT COM TR,6726.0,207.0
46140H10,21.59,21.58,2016-07-06,DBA,INVESCO DB MULTI SECT COM TR,6726.0,207.0
46140H10,21.18,21.64,2016-07-07,DBA,INVESCO DB MULTI SECT COM TR,6726.0,207.0
46140H10,21.43,21.35,2016-07-08,DBA,INVESCO DB MULTI SECT COM TR,6726.0,207.0
46140H10,21.52,21.71,2016-07-11,DBA,INVESCO DB MULTI SECT COM TR,6726.0,207.0
46140H10,21.54,21.41,2016-07-12,DBA,INVESCO DB MULTI SECT COM TR,6726.0,207.0
46140H10,21.68,21.81,2016-07-13,DBA,INVESCO DB MULTI SECT COM TR,6726.0,207.0
46140H10,21.78,22.0,2016-07-14,DBA,INVESCO DB MULTI SECT COM TR,6726.0,207.0
46140H10,21.34,21.64,2016-07-15,DBA,INVESCO DB MULTI SECT COM TR,6726.0,207.0
46140H10,21.51,21.34,2016-07-18,DBA,INVESCO DB MULTI SECT COM TR,6726.0,207.0
46140H10,21.06,21.34,2016-07-19,DBA,INVESCO DB MULTI SECT COM TR,6726.0,207.0
46140H10,20.81,21.05,2016-07-20,DBA,INVESCO DB MULTI SECT COM TR,6726.0,207.0
46140H10,20.73,20.92,2016-07-21,DBA,INVESCO DB MULTI SECT COM TR,6726.0,207.0
46140H10,20.73,20.57,2016-07-22,DBA,INVESCO DB MULTI SECT COM TR,6726.0,207.0
46140H10,20.8,20.79,2016-07-25,DBA,INVESCO DB MULTI SECT COM TR,6726.0,207.0
46140H10,20.72,20.7,2016-07-26,DBA,INVESCO DB MULTI SECT COM TR,6726.0,207.0
46140H10,20.64,20.73,2016-07-27,DBA,INVESCO DB MULTI SECT COM TR,6726.0,207.0
46140H10,20.46,20.6,2016-07-28,DBA,INVESCO DB MULTI SECT COM TR,6726.0,207.0
46140H10,20.59,20.45,2016-07-29,DBA,INVESCO DB MULTI SECT COM TR,6726.0,207.0
46140H10,20.54,20.54,2016-08-01,DBA,INVESCO DB MULTI SECT COM TR,6726.0,207.0
46140H10,20.47,20.65,2016-08-02,DBA,INVESCO DB MULTI SECT COM TR,6726.0,207.0
46140H10,20.56,20.51,2016-08-03,DBA,INVESCO DB MULTI SECT COM TR,6726.0,207.0
46140H10,20.65,20.61,2016-08-04,DBA,INVESCO DB MULTI SECT COM TR,6726.0,207.0
46140H10,20.92,20.75,2016-08-05,DBA,INVESCO DB MULTI SECT COM TR,6726.0,207.0
46140H10,20.93,21.0,2016-08-08,DBA,INVESCO DB MULTI SECT COM TR,6726.0,207.0
46140H10,20.84,20.89,2016-08-09,DBA,INVESCO DB MULTI SECT COM TR,6726.0,207.0
46140H10,20.71,20.85,2016-08-10,DBA,INVESCO DB MULTI SECT COM TR,6726.0,207.0
46140H10,20.62,20.72,2016-08-11,DBA,INVESCO DB MULTI SECT COM TR,6726.0,207.0
46140H10,20.7,20.62,2016-08-12,DBA,INVESCO DB MULTI SECT COM TR,6726.0,207.0
46140H10,20.88,20.78,2016-08-15,DBA,INVESCO DB MULTI SECT COM TR,6726.0,207.0
46140H10,20.88,20.93,2016-08-16,DBA,INVESCO DB MULTI SECT COM TR,6726.0,207.0
46140H10,20.8,20.8,2016-08-17,DBA,INVESCO DB MULTI SECT COM TR,6726.0,207.0
46140H10,20.94,20.84,2016-08-18,DBA,INVESCO DB MULTI SECT COM TR,6726.0,207.0
46140H10,20.86,20.8,2016-08-19,DBA,INVESCO DB MULTI SECT COM TR,6726.0,207.0
46140H10,20.97,20.89,2016-08-22,DBA,INVESCO DB MULTI SECT COM TR,6726.0,207.0
46140H10,20.99,20.9,2016-08-23,DBA,INVESCO DB MULTI SECT COM TR,6726.0,207.0
46140H10,20.74,20.96,2016-08-24,DBA,INVESCO DB MULTI SECT COM TR,6726.0,207.0
46140H10,20.66,20.8,2016-08-25,DBA,INVESCO DB MULTI SECT COM TR,6726.0,207.0
46140H10,20.53,20.67,2016-08-26,DBA,INVESCO DB MULTI SECT COM TR,6726.0,207.0
46140H10,20.38,20.46,2016-08-29,DBA,INVESCO DB MULTI SECT COM TR,6726.0,207.0
46140H10,20.34,20.35,2016-08-30,DBA,INVESCO DB MULTI SECT COM TR,6726.0,207.0
46140H10,20.23,20.34,2016-08-31,DBA,INVESCO DB MULTI SECT COM TR,6726.0,207.0
46140H10,20.23,20.3,2016-09-01,DBA,INVESCO DB MULTI SECT COM TR,6726.0,207.0
46140H10,20.3,20.42,2016-09-02,DBA,INVESCO DB MULTI SECT COM TR,6726.0,207.0
46140H10,20.28,20.21,2016-09-06,DBA,INVESCO DB MULTI SECT COM TR,6726.0,207.0
46140H10,20.5,20.4,2016-09-07,DBA,INVESCO DB MULTI SECT COM TR,6726.0,207.0
46140H10,20.48,20.5,2016-09-08,DBA,INVESCO DB MULTI SECT COM TR,6726.0,207.0
46140H10,20.34,20.37,2016-09-09,DBA,INVESCO DB MULTI SECT COM TR,6726.0,207.0
46140H10,20.36,20.28,2016-09-12,DBA,INVESCO DB MULTI SECT COM TR,6726.0,207.0
46140H10,20.09,20.28,2016-09-13,DBA,INVESCO DB MULTI SECT COM TR,6726.0,207.0
46140H10,20.05,20.04,2016-09-14,DBA,INVESCO DB MULTI SECT COM TR,6726.0,207.0
46140H10,20.12,20.1,2016-09-15,DBA,INVESCO DB MULTI SECT COM TR,6726.0,207.0
46140H10,20.33,20.12,2016-09-16,DBA,INVESCO DB MULTI SECT COM TR,6726.0,207.0
46140H10,20.44,20.48,2016-09-19,DBA,INVESCO DB MULTI SECT COM TR,6726.0,207.0
46140H10,20.62,20.49,2016-09-20,DBA,INVESCO DB MULTI SECT COM TR,6726.0,207.0
46140H10,20.64,20.67,2016-09-21,DBA,INVESCO DB MULTI SECT COM TR,6726.0,207.0
46140H10,20.56,20.75,2016-09-22,DBA,INVESCO DB MULTI SECT COM TR,6726.0,207.0
46140H10,20.47,20.49,2016-09-23,DBA,INVESCO DB MULTI SECT COM TR,6726.0,207.0
46140H10,20.41,20.39,2016-09-26,DBA,INVESCO DB MULTI SECT COM TR,6726.0,207.0
46140H10,20.35,20.39,2016-09-27,DBA,INVESCO DB MULTI SECT COM TR,6726.0,207.0
46140H10,20.34,20.32,2016-09-28,DBA,INVESCO DB MULTI SECT COM TR,6726.0,207.0
46140H10,20.15,20.25,2016-09-29,DBA,INVESCO DB MULTI SECT COM TR,6726.0,207.0
46140H10,19.98,20.11,2016-09-30,DBA,INVESCO DB MULTI SECT COM TR,6726.0,207.0
46140H10,20.0,19.97,2016-10-03,DBA,INVESCO DB MULTI SECT COM TR,6726.0,207.0
46140H10,20.13,20.06,2016-10-04,DBA,INVESCO DB MULTI SECT COM TR,6726.0,207.0
46140H10,20.17,20.16,2016-10-05,DBA,INVESCO DB MULTI SECT COM TR,6726.0,207.0
46140H10,20.04,20.06,2016-10-06,DBA,INVESCO DB MULTI SECT COM TR,6726.0,207.0
46140H10,20.05,20.1,2016-10-07,DBA,INVESCO DB MULTI SECT COM TR,6726.0,207.0
46140H10,20.0,20.0,2016-10-10,DBA,INVESCO DB MULTI SECT COM TR,6726.0,207.0
46140H10,20.02,19.98,2016-10-11,DBA,INVESCO DB MULTI SECT COM TR,6726.0,207.0
46140H10,19.94,19.95,2016-10-12,DBA,INVESCO DB MULTI SECT COM TR,6726.0,207.0
46140H10,20.08,19.95,2016-10-13,DBA,INVESCO DB MULTI SECT COM TR,6726.0,207.0
46140H10,20.18,20.21,2016-10-14,DBA,INVESCO DB MULTI SECT COM TR,6726.0,207.0
46140H10,20.28,20.18,2016-10-17,DBA,INVESCO DB MULTI SECT COM TR,6726.0,207.0
46140H10,20.27,20.24,2016-10-18,DBA,INVESCO DB MULTI SECT COM TR,6726.0,207.0
46140H10,20.26,20.23,2016-10-19,DBA,INVESCO DB MULTI SECT COM TR,6726.0,207.0
46140H10,20.21,20.19,2016-10-20,DBA,INVESCO DB MULTI SECT COM TR,6726.0,207.0
46140H10,20.28,20.17,2016-10-21,DBA,INVESCO DB MULTI SECT COM TR,6726.0,207.0
46140H10,20.45,20.35,2016-10-24,DBA,INVESCO DB MULTI SECT COM TR,6726.0,207.0
46140H10,20.58,20.45,2016-10-25,DBA,INVESCO DB MULTI SECT COM TR,6726.0,207.0
46140H10,20.62,20.6,2016-10-26,DBA,INVESCO DB MULTI SECT COM TR,6726.0,207.0
46140H10,20.7,20.63,2016-10-27,DBA,INVESCO DB MULTI SECT COM TR,6726.0,207.0
46140H10,20.63,20.63,2016-10-28,DBA,INVESCO DB MULTI SECT COM TR,6726.0,207.0
46140H10,20.52,20.51,2016-10-31,DBA,INVESCO DB MULTI SECT COM TR,6726.0,207.0
46140H10,20.34,20.5,2016-11-01,DBA,INVESCO DB MULTI SECT COM TR,6726.0,207.0
46140H10,20.46,20.36,2016-11-02,DBA,INVESCO DB MULTI SECT COM TR,6726.0,207.0
46140H10,20.42,20.5,2016-11-03,DBA,INVESCO DB MULTI SECT COM TR,6726.0,207.0
46140H10,20.42,20.39,2016-11-04,DBA,INVESCO DB MULTI SECT COM TR,6726.0,207.0
46140H10,20.39,20.5,2016-11-07,DBA,INVESCO DB MULTI SECT COM TR,6726.0,207.0
46140H10,20.43,20.36,2016-11-08,DBA,INVESCO DB MULTI SECT COM TR,6726.0,207.0
46140H10,20.34,20.24,2016-11-09,DBA,INVESCO DB MULTI SECT COM TR,6726.0,207.0
46140H10,20.21,20.31,2016-11-10,DBA,INVESCO DB MULTI SECT COM TR,6726.0,207.0
46140H10,20.18,20.17,2016-11-11,DBA,INVESCO DB MULTI SECT COM TR,6726.0,207.0
46140H10,20.06,20.04,2016-11-14,DBA,INVESCO DB MULTI SECT COM TR,6726.0,207.0
46140H10,20.05,20.08,2016-11-15,DBA,INVESCO DB MULTI SECT COM TR,6726.0,207.0
46140H10,20.07,20.03,2016-11-16,DBA,INVESCO DB MULTI SECT COM TR,6726.0,207.0
46140H10,20.13,20.08,2016-11-17,DBA,INVESCO DB MULTI SECT COM TR,6726.0,207.0
46140H10,20.16,20.12,2016-11-18,DBA,INVESCO DB MULTI SECT COM TR,6726.0,207.0
46140H10,20.34,20.2,2016-11-21,DBA,INVESCO DB MULTI SECT COM TR,6726.0,207.0
46140H10,20.31,20.32,2016-11-22,DBA,INVESCO DB MULTI SECT COM TR,6726.0,207.0
46140H10,20.28,20.2,2016-11-23,DBA,INVESCO DB MULTI SECT COM TR,6726.0,207.0
46140H10,20.3,20.25,2016-11-25,DBA,INVESCO DB MULTI SECT COM TR,6726.0,207.0
46140H10,20.25,20.24,2016-11-28,DBA,INVESCO DB MULTI SECT COM TR,6726.0,207.0
46140H10,20.0,20.26,2016-11-29,DBA,INVESCO DB MULTI SECT COM TR,6726.0,207.0
46140H10,19.94,20.01,2016-11-30,DBA,INVESCO DB MULTI SECT COM TR,6726.0,207.0
46140H10,19.72,19.95,2016-12-01,DBA,INVESCO DB MULTI SECT COM TR,6726.0,207.0
46140H10,19.68,19.74,2016-12-02,DBA,INVESCO DB MULTI SECT COM TR,6726.0,207.0
46140H10,19.77,19.73,2016-12-05,DBA,INVESCO DB MULTI SECT COM TR,6726.0,207.0
46140H10,19.91,19.8,2016-12-06,DBA,INVESCO DB MULTI SECT COM TR,6726.0,207.0
46140H10,19.96,19.87,2016-12-07,DBA,INVESCO DB MULTI SECT COM TR,6726.0,207.0
46140H10,19.82,19.94,2016-12-08,DBA,INVESCO DB MULTI SECT COM TR,6726.0,207.0
46140H10,19.8,19.86,2016-12-09,DBA,INVESCO DB MULTI SECT COM TR,6726.0,207.0
46140H10,20.1,19.88,2016-12-12,DBA,INVESCO DB MULTI SECT COM TR,6726.0,207.0
46140H10,20.12,20.11,2016-12-13,DBA,INVESCO DB MULTI SECT COM TR,6726.0,207.0
46140H10,20.07,20.0,2016-12-14,DBA,INVESCO DB MULTI SECT COM TR,6726.0,207.0
46140H10,20.01,19.94,2016-12-15,DBA,INVESCO DB MULTI SECT COM TR,6726.0,207.0
46140H10,20.14,19.98,2016-12-16,DBA,INVESCO DB MULTI SECT COM TR,6726.0,207.0
46140H10,20.22,20.17,2016-12-19,DBA,INVESCO DB MULTI SECT COM TR,6726.0,207.0
46140H10,20.01,20.1,2016-12-20,DBA,INVESCO DB MULTI SECT COM TR,6726.0,207.0
46140H10,20.04,20.03,2016-12-21,DBA,INVESCO DB MULTI SECT COM TR,6726.0,207.0
46140H10,19.83,19.96,2016-12-22,DBA,INVESCO DB MULTI SECT COM TR,6726.0,207.0
46140H10,19.75,19.84,2016-12-23,DBA,INVESCO DB MULTI SECT COM TR,6726.0,207.0
46140H10,19.95,19.79,2016-12-27,DBA,INVESCO DB MULTI SECT COM TR,6726.0,207.0
46140H10,19.94,19.82,2016-12-28,DBA,INVESCO DB MULTI SECT COM TR,6726.0,207.0
46140H10,19.95,19.93,2016-12-29,DBA,INVESCO DB MULTI SECT COM TR,6726.0,207.0
46140H10,19.97,19.98,2016-12-30,DBA,INVESCO DB MULTI SECT COM TR,6726.0,207.0
46140H10,19.96,20.0,2017-01-03,DBA,INVESCO DB MULTI SECT COM TR,6726.0,207.0
46140H10,20.32,20.07,2017-01-04,DBA,INVESCO DB MULTI SECT COM TR,6726.0,207.0
46140H10,20.42,20.34,2017-01-05,DBA,INVESCO DB MULTI SECT COM TR,6726.0,207.0
46140H10,20.34,20.42,2017-01-06,DBA,INVESCO DB MULTI SECT COM TR,6726.0,207.0
46140H10,20.38,20.34,2017-01-09,DBA,INVESCO DB MULTI SECT COM TR,6726.0,207.0
46140H10,20.58,20.4,2017-01-10,DBA,INVESCO DB MULTI SECT COM TR,6726.0,207.0
46140H10,20.47,20.58,2017-01-11,DBA,INVESCO DB MULTI SECT COM TR,6726.0,207.0
46140H10,20.64,20.47,2017-01-12,DBA,INVESCO DB MULTI SECT COM TR,6726.0,207.0
46140H10,20.73,20.62,2017-01-13,DBA,INVESCO DB MULTI SECT COM TR,6726.0,207.0
46140H10,20.89,20.82,2017-01-17,DBA,INVESCO DB MULTI SECT COM TR,6726.0,207.0
46140H10,20.87,20.86,2017-01-18,DBA,INVESCO DB MULTI SECT COM TR,6726.0,207.0
46140H10,20.75,20.84,2017-01-19,DBA,INVESCO DB MULTI SECT COM TR,6726.0,207.0
46140H10,20.83,20.78,2017-01-20,DBA,INVESCO DB MULTI SECT COM TR,6726.0,207.0
46140H10,20.87,20.87,2017-01-23,DBA,INVESCO DB MULTI SECT COM TR,6726.0,207.0
46140H10,20.78,20.93,2017-01-24,DBA,INVESCO DB MULTI SECT COM TR,6726.0,207.0
46140H10,20.85,20.77,2017-01-25,DBA,INVESCO DB MULTI SECT COM TR,6726.0,207.0
46140H10,20.61,20.78,2017-01-26,DBA,INVESCO DB MULTI SECT COM TR,6726.0,207.0
46140H10,20.57,20.61,2017-01-27,DBA,INVESCO DB MULTI SECT COM TR,6726.0,207.0
46140H10,20.34,20.49,2017-01-30,DBA,INVESCO DB MULTI SECT COM TR,6726.0,207.0
46140H10,20.4,20.37,2017-01-31,DBA,INVESCO DB MULTI SECT COM TR,6726.0,207.0
46140H10,20.6,20.45,2017-02-01,DBA,INVESCO DB MULTI SECT COM TR,6726.0,207.0
46140H10,20.56,20.62,2017-02-02,DBA,INVESCO DB MULTI SECT COM TR,6726.0,207.0
46140H10,20.57,20.58,2017-02-03,DBA,INVESCO DB MULTI SECT COM TR,6726.0,207.0
46140H10,20.53,20.6,2017-02-06,DBA,INVESCO DB MULTI SECT COM TR,6726.0,207.0
46140H10,20.55,20.52,2017-02-07,DBA,INVESCO DB MULTI SECT COM TR,6726.0,207.0
46140H10,20.52,20.55,2017-02-08,DBA,INVESCO DB MULTI SECT COM TR,6726.0,207.0
46140H10,20.57,20.53,2017-02-09,DBA,INVESCO DB MULTI SECT COM TR,6726.0,207.0
46140H10,20.57,20.55,2017-02-10,DBA,INVESCO DB MULTI SECT COM TR,6726.0,207.0
46140H10,20.47,20.51,2017-02-13,DBA,INVESCO DB MULTI SECT COM TR,6726.0,207.0
46140H10,20.54,20.45,2017-02-14,DBA,INVESCO DB MULTI SECT COM TR,6726.0,207.0
46140H10,20.66,20.54,2017-02-15,DBA,INVESCO DB MULTI SECT COM TR,6726.0,207.0
46140H10,20.6,20.69,2017-02-16,DBA,INVESCO DB MULTI SECT COM TR,6726.0,207.0
46140H10,20.59,20.52,2017-02-17,DBA,INVESCO DB MULTI SECT COM TR,6726.0,207.0
46140H10,20.64,20.71,2017-02-21,DBA,INVESCO DB MULTI SECT COM TR,6726.0,207.0
46140H10,20.59,20.69,2017-02-22,DBA,INVESCO DB MULTI SECT COM TR,6726.0,207.0
46140H10,20.48,20.72,2017-02-23,DBA,INVESCO DB MULTI SECT COM TR,6726.0,207.0
46140H10,20.29,20.42,2017-02-24,DBA,INVESCO DB MULTI SECT COM TR,6726.0,207.0
46140H10,20.12,20.25,2017-02-27,DBA,INVESCO DB MULTI SECT COM TR,6726.0,207.0
46140H10,20.2,20.13,2017-02-28,DBA,INVESCO DB MULTI SECT COM TR,6726.0,207.0
46140H10,20.47,20.24,2017-03-01,DBA,INVESCO DB MULTI SECT COM TR,6726.0,207.0
46140H10,20.32,20.35,2017-03-02,DBA,INVESCO DB MULTI SECT COM TR,6726.0,207.0
46140H10,20.32,20.32,2017-03-03,DBA,INVESCO DB MULTI SECT COM TR,6726.0,207.0
46140H10,20.28,20.42,2017-03-06,DBA,INVESCO DB MULTI SECT COM TR,6726.0,207.0
46140H10,20.09,20.16,2017-03-07,DBA,INVESCO DB MULTI SECT COM TR,6726.0,207.0
46140H10,20.05,20.04,2017-03-08,DBA,INVESCO DB MULTI SECT COM TR,6726.0,207.0
46140H10,19.94,20.05,2017-03-09,DBA,INVESCO DB MULTI SECT COM TR,6726.0,207.0
46140H10,19.98,19.94,2017-03-10,DBA,INVESCO DB MULTI SECT COM TR,6726.0,207.0
46140H10,20.05,19.95,2017-03-13,DBA,INVESCO DB MULTI SECT COM TR,6726.0,207.0
46140H10,20.01,20.02,2017-03-14,DBA,INVESCO DB MULTI SECT COM TR,6726.0,207.0
46140H10,20.08,20.0,2017-03-15,DBA,INVESCO DB MULTI SECT COM TR,6726.0,207.0
46140H10,20.17,20.19,2017-03-16,DBA,INVESCO DB MULTI SECT COM TR,6726.0,207.0
46140H10,20.15,20.16,2017-03-17,DBA,INVESCO DB MULTI SECT COM TR,6726.0,207.0
46140H10,20.163,20.16,2017-03-20,DBA,INVESCO DB MULTI SECT COM TR,6726.0,207.0
46140H10,20.12,20.16,2017-03-21,DBA,INVESCO DB MULTI SECT COM TR,6726.0,207.0
46140H10,20.13,20.08,2017-03-22,DBA,INVESCO DB MULTI SECT COM TR,6726.0,207.0
46140H10,20.15,20.11,2017-03-23,DBA,INVESCO DB MULTI SECT COM TR,6726.0,207.0
46140H10,20.0,20.1,2017-03-24,DBA,INVESCO DB MULTI SECT COM TR,6726.0,207.0
46140H10,19.9,20.0,2017-03-27,DBA,INVESCO DB MULTI SECT COM TR,6726.0,207.0
46140H10,19.83,19.9,2017-03-28,DBA,INVESCO DB MULTI SECT COM TR,6726.0,207.0
46140H10,19.78,19.81,2017-03-29,DBA,INVESCO DB MULTI SECT COM TR,6726.0,207.0
46140H10,19.71,19.77,2017-03-30,DBA,INVESCO DB MULTI SECT COM TR,6726.0,207.0
46140H10,19.78,19.75,2017-03-31,DBA,INVESCO DB MULTI SECT COM TR,6726.0,207.0
46140H10,19.68,19.87,2017-04-03,DBA,INVESCO DB MULTI SECT COM TR,6726.0,207.0
46140H10,19.53,19.65,2017-04-04,DBA,INVESCO DB MULTI SECT COM TR,6726.0,207.0
46140H10,19.54,19.59,2017-04-05,DBA,INVESCO DB MULTI SECT COM TR,6726.0,207.0
46140H10,19.56,19.6,2017-04-06,DBA,INVESCO DB MULTI SECT COM TR,6726.0,207.0
46140H10,19.58,19.52,2017-04-07,DBA,INVESCO DB MULTI SECT COM TR,6726.0,207.0
46140H10,19.6,19.58,2017-04-10,DBA,INVESCO DB MULTI SECT COM TR,6726.0,207.0
46140H10,19.76,19.62,2017-04-11,DBA,INVESCO DB MULTI SECT COM TR,6726.0,207.0
46140H10,19.7,19.75,2017-04-12,DBA,INVESCO DB MULTI SECT COM TR,6726.0,207.0
46140H10,19.7,19.77,2017-04-13,DBA,INVESCO DB MULTI SECT COM TR,6726.0,207.0
46140H10,19.68,19.69,2017-04-17,DBA,INVESCO DB MULTI SECT COM TR,6726.0,207.0
46140H10,19.73,19.68,2017-04-18,DBA,INVESCO DB MULTI SECT COM TR,6726.0,207.0
46140H10,19.49,19.67,2017-04-19,DBA,INVESCO DB MULTI SECT COM TR,6726.0,207.0
46140H10,19.21,19.52,2017-04-20,DBA,INVESCO DB MULTI SECT COM TR,6726.0,207.0
46140H10,19.29,19.28,2017-04-21,DBA,INVESCO DB MULTI SECT COM TR,6726.0,207.0
46140H10,19.2,19.35,2017-04-24,DBA,INVESCO DB MULTI SECT COM TR,6726.0,207.0
46140H10,19.4,19.2,2017-04-25,DBA,INVESCO DB MULTI SECT COM TR,6726.0,207.0
46140H10,19.34,19.39,2017-04-26,DBA,INVESCO DB MULTI SECT COM TR,6726.0,207.0
46140H10,19.52,19.38,2017-04-27,DBA,INVESCO DB MULTI SECT COM TR,6726.0,207.0
46140H10,19.74,19.59,2017-04-28,DBA,INVESCO DB MULTI SECT COM TR,6726.0,207.0
46140H10,20.01,19.85,2017-05-01,DBA,INVESCO DB MULTI SECT COM TR,6726.0,207.0
46140H10,20.05,20.0,2017-05-02,DBA,INVESCO DB MULTI SECT COM TR,6726.0,207.0
46140H10,20.25,20.0,2017-05-03,DBA,INVESCO DB MULTI SECT COM TR,6726.0,207.0
46140H10,20.01,20.19,2017-05-04,DBA,INVESCO DB MULTI SECT COM TR,6726.0,207.0
46140H10,19.99,20.1,2017-05-05,DBA,INVESCO DB MULTI SECT COM TR,6726.0,207.0
46140H10,20.1,19.99,2017-05-08,DBA,INVESCO DB MULTI SECT COM TR,6726.0,207.0
46140H10,19.97,20.11,2017-05-09,DBA,INVESCO DB MULTI SECT COM TR,6726.0,207.0
46140H10,20.09,19.97,2017-05-10,DBA,INVESCO DB MULTI SECT COM TR,6726.0,207.0
46140H10,20.0,20.04,2017-05-11,DBA,INVESCO DB MULTI SECT COM TR,6726.0,207.0
46140H10,20.18,20.05,2017-05-12,DBA,INVESCO DB MULTI SECT COM TR,6726.0,207.0
46140H10,20.02,20.17,2017-05-15,DBA,INVESCO DB MULTI SECT COM TR,6726.0,207.0
46140H10,20.0,19.99,2017-05-16,DBA,INVESCO DB MULTI SECT COM TR,6726.0,207.0
46140H10,20.15,20.08,2017-05-17,DBA,INVESCO DB MULTI SECT COM TR,6726.0,207.0
46140H10,20.01,19.93,2017-05-18,DBA,INVESCO DB MULTI SECT COM TR,6726.0,207.0
46140H10,20.24,20.09,2017-05-19,DBA,INVESCO DB MULTI SECT COM TR,6726.0,207.0
46140H10,20.29,20.25,2017-05-22,DBA,INVESCO DB MULTI SECT COM TR,6726.0,207.0
46140H10,20.02,20.25,2017-05-23,DBA,INVESCO DB MULTI SECT COM TR,6726.0,207.0
46140H10,19.84,19.91,2017-05-24,DBA,INVESCO DB MULTI SECT COM TR,6726.0,207.0
46140H10,19.89,19.91,2017-05-25,DBA,INVESCO DB MULTI SECT COM TR,6726.0,207.0
46140H10,19.83,19.86,2017-05-26,DBA,INVESCO DB MULTI SECT COM TR,6726.0,207.0
46140H10,19.87,19.84,2017-05-30,DBA,INVESCO DB MULTI SECT COM TR,6726.0,207.0
46140H10,19.98,19.9,2017-05-31,DBA,INVESCO DB MULTI SECT COM TR,6726.0,207.0
46140H10,19.96,19.9,2017-06-01,DBA,INVESCO DB MULTI SECT COM TR,6726.0,207.0
46140H10,19.9,19.98,2017-06-02,DBA,INVESCO DB MULTI SECT COM TR,6726.0,207.0
46140H10,19.93,19.89,2017-06-05,DBA,INVESCO DB MULTI SECT COM TR,6726.0,207.0
46140H10,19.85,19.95,2017-06-06,DBA,INVESCO DB MULTI SECT COM TR,6726.0,207.0
46140H10,20.03,19.94,2017-06-07,DBA,INVESCO DB MULTI SECT COM TR,6726.0,207.0
46140H10,20.07,20.07,2017-06-08,DBA,INVESCO DB MULTI SECT COM TR,6726.0,207.0
46140H10,20.14,20.05,2017-06-09,DBA,INVESCO DB MULTI SECT COM TR,6726.0,207.0
46140H10,19.9,20.12,2017-06-12,DBA,INVESCO DB MULTI SECT COM TR,6726.0,207.0
46140H10,19.83,19.9,2017-06-13,DBA,INVESCO DB MULTI SECT COM TR,6726.0,207.0
46140H10,19.69,19.79,2017-06-14,DBA,INVESCO DB MULTI SECT COM TR,6726.0,207.0
46140H10,19.71,19.61,2017-06-15,DBA,INVESCO DB MULTI SECT COM TR,6726.0,207.0
46140H10,19.75,19.73,2017-06-16,DBA,INVESCO DB MULTI SECT COM TR,6726.0,207.0
46140H10,19.57,19.7,2017-06-19,DBA,INVESCO DB MULTI SECT COM TR,6726.0,207.0
46140H10,19.53,19.54,2017-06-20,DBA,INVESCO DB MULTI SECT COM TR,6726.0,207.0
46140H10,19.27,19.5,2017-06-21,DBA,INVESCO DB MULTI SECT COM TR,6726.0,207.0
46140H10,18.96,19.17,2017-06-22,DBA,INVESCO DB MULTI SECT COM TR,6726.0,207.0
46140H10,19.05,19.03,2017-06-23,DBA,INVESCO DB MULTI SECT COM TR,6726.0,207.0
46140H10,19.1,19.06,2017-06-26,DBA,INVESCO DB MULTI SECT COM TR,6726.0,207.0
46140H10,19.06,19.16,2017-06-27,DBA,INVESCO DB MULTI SECT COM TR,6726.0,207.0
46140H10,19.11,19.03,2017-06-28,DBA,INVESCO DB MULTI SECT COM TR,6726.0,207.0
46140H10,19.37,19.16,2017-06-29,DBA,INVESCO DB MULTI SECT COM TR,6726.0,207.0
46140H10,19.85,19.5,2017-06-30,DBA,INVESCO DB MULTI SECT COM TR,6726.0,207.0
46140H10,20.14,20.04,2017-07-03,DBA,INVESCO DB MULTI SECT COM TR,6726.0,207.0
46140H10,20.17,20.23,2017-07-05,DBA,INVESCO DB MULTI SECT COM TR,6726.0,207.0
46140H10,20.06,19.97,2017-07-06,DBA,INVESCO DB MULTI SECT COM TR,6726.0,207.0
46140H10,20.1,20.04,2017-07-07,DBA,INVESCO DB MULTI SECT COM TR,6726.0,207.0
46140H10,20.12,20.22,2017-07-10,DBA,INVESCO DB MULTI SECT COM TR,6726.0,207.0
46140H10,20.13,20.01,2017-07-11,DBA,INVESCO DB MULTI SECT COM TR,6726.0,207.0
46140H10,20.11,20.08,2017-07-12,DBA,INVESCO DB MULTI SECT COM TR,6726.0,207.0
46140H10,19.95,20.05,2017-07-13,DBA,INVESCO DB MULTI SECT COM TR,6726.0,207.0
46140H10,20.07,20.0,2017-07-14,DBA,INVESCO DB MULTI SECT COM TR,6726.0,207.0
46140H10,20.03,20.0,2017-07-17,DBA,INVESCO DB MULTI SECT COM TR,6726.0,207.0
46140H10,19.96,20.16,2017-07-18,DBA,INVESCO DB MULTI SECT COM TR,6726.0,207.0
46140H10,20.26,20.0,2017-07-19,DBA,INVESCO DB MULTI SECT COM TR,6726.0,207.0
46140H10,20.25,20.29,2017-07-20,DBA,INVESCO DB MULTI SECT COM TR,6726.0,207.0
46140H10,20.13,20.2,2017-07-21,DBA,INVESCO DB MULTI SECT COM TR,6726.0,207.0
46140H10,19.86,19.9,2017-07-24,DBA,INVESCO DB MULTI SECT COM TR,6726.0,207.0
46140H10,19.54,19.81,2017-07-25,DBA,INVESCO DB MULTI SECT COM TR,6726.0,207.0
46140H10,19.71,19.53,2017-07-26,DBA,INVESCO DB MULTI SECT COM TR,6726.0,207.0
46140H10,19.93,19.92,2017-07-27,DBA,INVESCO DB MULTI SECT COM TR,6726.0,207.0
46140H10,19.94,19.96,2017-07-28,DBA,INVESCO DB MULTI SECT COM TR,6726.0,207.0
46140H10,19.93,19.88,2017-07-31,DBA,INVESCO DB MULTI SECT COM TR,6726.0,207.0
46140H10,19.65,19.86,2017-08-01,DBA,INVESCO DB MULTI SECT COM TR,6726.0,207.0
46140H10,19.89,19.74,2017-08-02,DBA,INVESCO DB MULTI SECT COM TR,6726.0,207.0
46140H10,19.73,19.78,2017-08-03,DBA,INVESCO DB MULTI SECT COM TR,6726.0,207.0
46140H10,19.66,19.77,2017-08-04,DBA,INVESCO DB MULTI SECT COM TR,6726.0,207.0
46140H10,19.7,19.7,2017-08-07,DBA,INVESCO DB MULTI SECT COM TR,6726.0,207.0
46140H10,19.63,19.81,2017-08-08,DBA,INVESCO DB MULTI SECT COM TR,6726.0,207.0
46140H10,19.51,19.57,2017-08-09,DBA,INVESCO DB MULTI SECT COM TR,6726.0,207.0
46140H10,19.09,19.5,2017-08-10,DBA,INVESCO DB MULTI SECT COM TR,6726.0,207.0
46140H10,19.2,19.07,2017-08-11,DBA,INVESCO DB MULTI SECT COM TR,6726.0,207.0
46140H10,19.1,19.03,2017-08-14,DBA,INVESCO DB MULTI SECT COM TR,6726.0,207.0
46140H10,18.94,18.97,2017-08-15,DBA,INVESCO DB MULTI SECT COM TR,6726.0,207.0
46140H10,18.78,18.94,2017-08-16,DBA,INVESCO DB MULTI SECT COM TR,6726.0,207.0
46140H10,18.66,18.76,2017-08-17,DBA,INVESCO DB MULTI SECT COM TR,6726.0,207.0
46140H10,18.67,18.68,2017-08-18,DBA,INVESCO DB MULTI SECT COM TR,6726.0,207.0
46140H10,18.58,18.58,2017-08-21,DBA,INVESCO DB MULTI SECT COM TR,6726.0,207.0
46140H10,18.58,18.55,2017-08-22,DBA,INVESCO DB MULTI SECT COM TR,6726.0,207.0
46140H10,18.48,18.59,2017-08-23,DBA,INVESCO DB MULTI SECT COM TR,6726.0,207.0
46140H10,18.66,18.55,2017-08-24,DBA,INVESCO DB MULTI SECT COM TR,6726.0,207.0
46140H10,18.65,18.65,2017-08-25,DBA,INVESCO DB MULTI SECT COM TR,6726.0,207.0
46140H10,18.78,18.7,2017-08-28,DBA,INVESCO DB MULTI SECT COM TR,6726.0,207.0
46140H10,18.48,18.67,2017-08-29,DBA,INVESCO DB MULTI SECT COM TR,6726.0,207.0
46140H10,18.49,18.43,2017-08-30,DBA,INVESCO DB MULTI SECT COM TR,6726.0,207.0
46140H10,18.64,18.49,2017-08-31,DBA,INVESCO DB MULTI SECT COM TR,6726.0,207.0
46140H10,18.6,18.63,2017-09-01,DBA,INVESCO DB MULTI SECT COM TR,6726.0,207.0
46140H10,18.79,18.68,2017-09-05,DBA,INVESCO DB MULTI SECT COM TR,6726.0,207.0
46140H10,18.84,18.75,2017-09-06,DBA,INVESCO DB MULTI SECT COM TR,6726.0,207.0
46140H10,18.75,18.83,2017-09-07,DBA,INVESCO DB MULTI SECT COM TR,6726.0,207.0
46140H10,18.85,18.77,2017-09-08,DBA,INVESCO DB MULTI SECT COM TR,6726.0,207.0
46140H10,18.83,18.85,2017-09-11,DBA,INVESCO DB MULTI SECT COM TR,6726.0,207.0
46140H10,18.72,18.77,2017-09-12,DBA,INVESCO DB MULTI SECT COM TR,6726.0,207.0
46140H10,18.85,18.77,2017-09-13,DBA,INVESCO DB MULTI SECT COM TR,6726.0,207.0
46140H10,18.86,18.87,2017-09-14,DBA,INVESCO DB MULTI SECT COM TR,6726.0,207.0
46140H10,19.06,18.87,2017-09-15,DBA,INVESCO DB MULTI SECT COM TR,6726.0,207.0
46140H10,18.95,19.04,2017-09-18,DBA,INVESCO DB MULTI SECT COM TR,6726.0,207.0
46140H10,18.88,18.93,2017-09-19,DBA,INVESCO DB MULTI SECT COM TR,6726.0,207.0
46140H10,19.12,18.89,2017-09-20,DBA,INVESCO DB MULTI SECT COM TR,6726.0,207.0
46140H10,19.06,19.05,2017-09-21,DBA,INVESCO DB MULTI SECT COM TR,6726.0,207.0
46140H10,19.06,19.09,2017-09-22,DBA,INVESCO DB MULTI SECT COM TR,6726.0,207.0
46140H10,18.89,19.0,2017-09-25,DBA,INVESCO DB MULTI SECT COM TR,6726.0,207.0
46140H10,18.83,18.86,2017-09-26,DBA,INVESCO DB MULTI SECT COM TR,6726.0,207.0
46140H10,18.98,18.8,2017-09-27,DBA,INVESCO DB MULTI SECT COM TR,6726.0,207.0
46140H10,18.84,18.92,2017-09-28,DBA,INVESCO DB MULTI SECT COM TR,6726.0,207.0
46140H10,18.98,18.84,2017-09-29,DBA,INVESCO DB MULTI SECT COM TR,6726.0,207.0
46140H10,18.91,18.78,2017-10-02,DBA,INVESCO DB MULTI SECT COM TR,6726.0,207.0
46140H10,18.92,18.93,2017-10-03,DBA,INVESCO DB MULTI SECT COM TR,6726.0,207.0
46140H10,18.92,18.93,2017-10-04,DBA,INVESCO DB MULTI SECT COM TR,6726.0,207.0
46140H10,19.05,18.92,2017-10-05,DBA,INVESCO DB MULTI SECT COM TR,6726.0,207.0
46140H10,19.09,19.02,2017-10-06,DBA,INVESCO DB MULTI SECT COM TR,6726.0,207.0
46140H10,18.96,19.02,2017-10-09,DBA,INVESCO DB MULTI SECT COM TR,6726.0,207.0
46140H10,19.08,19.0,2017-10-10,DBA,INVESCO DB MULTI SECT COM TR,6726.0,207.0
46140H10,19.1,19.07,2017-10-11,DBA,INVESCO DB MULTI SECT COM TR,6726.0,207.0
46140H10,19.07,19.07,2017-10-12,DBA,INVESCO DB MULTI SECT COM TR,6726.0,207.0
46140H10,19.14,19.06,2017-10-13,DBA,INVESCO DB MULTI SECT COM TR,6726.0,207.0
46140H10,19.05,19.12,2017-10-16,DBA,INVESCO DB MULTI SECT COM TR,6726.0,207.0
46140H10,18.92,19.05,2017-10-17,DBA,INVESCO DB MULTI SECT COM TR,6726.0,207.0
46140H10,18.95,18.9,2017-10-18,DBA,INVESCO DB MULTI SECT COM TR,6726.0,207.0
46140H10,19.12,19.04,2017-10-19,DBA,INVESCO DB MULTI SECT COM TR,6726.0,207.0
46140H10,18.99,19.11,2017-10-20,DBA,INVESCO DB MULTI SECT COM TR,6726.0,207.0
46140H10,19.05,19.0,2017-10-23,DBA,INVESCO DB MULTI SECT COM TR,6726.0,207.0
46140H10,19.17,19.01,2017-10-24,DBA,INVESCO DB MULTI SECT COM TR,6726.0,207.0
46140H10,19.16,19.18,2017-10-25,DBA,INVESCO DB MULTI SECT COM TR,6726.0,207.0
46140H10,19.22,19.18,2017-10-26,DBA,INVESCO DB MULTI SECT COM TR,6726.0,207.0
46140H10,19.27,19.25,2017-10-27,DBA,INVESCO DB MULTI SECT COM TR,6726.0,207.0
46140H10,19.34,19.27,2017-10-30,DBA,INVESCO DB MULTI SECT COM TR,6726.0,207.0
46140H10,19.44,19.33,2017-10-31,DBA,INVESCO DB MULTI SECT COM TR,6726.0,207.0
46140H10,19.44,19.4,2017-11-01,DBA,INVESCO DB MULTI SECT COM TR,6726.0,207.0
46140H10,19.41,19.38,2017-11-02,DBA,INVESCO DB MULTI SECT COM TR,6726.0,207.0
46140H10,19.42,19.43,2017-11-03,DBA,INVESCO DB MULTI SECT COM TR,6726.0,207.0
46140H10,19.44,19.36,2017-11-06,DBA,INVESCO DB MULTI SECT COM TR,6726.0,207.0
46140H10,19.45,19.4,2017-11-07,DBA,INVESCO DB MULTI SECT COM TR,6726.0,207.0
46140H10,19.37,19.42,2017-11-08,DBA,INVESCO DB MULTI SECT COM TR,6726.0,207.0
46140H10,19.33,19.37,2017-11-09,DBA,INVESCO DB MULTI SECT COM TR,6726.0,207.0
46140H10,19.36,19.35,2017-11-10,DBA,INVESCO DB MULTI SECT COM TR,6726.0,207.0
46140H10,19.29,19.33,2017-11-13,DBA,INVESCO DB MULTI SECT COM TR,6726.0,207.0
46140H10,19.13,19.28,2017-11-14,DBA,INVESCO DB MULTI SECT COM TR,6726.0,207.0
46140H10,19.09,19.06,2017-11-15,DBA,INVESCO DB MULTI SECT COM TR,6726.0,207.0
46140H10,19.06,19.09,2017-11-16,DBA,INVESCO DB MULTI SECT COM TR,6726.0,207.0
46140H10,19.08,19.06,2017-11-17,DBA,INVESCO DB MULTI SECT COM TR,6726.0,207.0
46140H10,19.0,18.99,2017-11-20,DBA,INVESCO DB MULTI SECT COM TR,6726.0,207.0
46140H10,19.01,18.97,2017-11-21,DBA,INVESCO DB MULTI SECT COM TR,6726.0,207.0
46140H10,19.17,19.06,2017-11-22,DBA,INVESCO DB MULTI SECT COM TR,6726.0,207.0
46140H10,19.14,19.2,2017-11-24,DBA,INVESCO DB MULTI SECT COM TR,6726.0,207.0
46140H10,19.13,19.11,2017-11-27,DBA,INVESCO DB MULTI SECT COM TR,6726.0,207.0
46140H10,19.12,19.08,2017-11-28,DBA,INVESCO DB MULTI SECT COM TR,6726.0,207.0
46140H10,19.27,19.15,2017-11-29,DBA,INVESCO DB MULTI SECT COM TR,6726.0,207.0
46140H10,19.08,19.21,2017-11-30,DBA,INVESCO DB MULTI SECT COM TR,6726.0,207.0
46140H10,19.06,19.06,2017-12-01,DBA,INVESCO DB MULTI SECT COM TR,6726.0,207.0
46140H10,18.98,19.07,2017-12-04,DBA,INVESCO DB MULTI SECT COM TR,6726.0,207.0
46140H10,18.85,18.96,2017-12-05,DBA,INVESCO DB MULTI SECT COM TR,6726.0,207.0
46140H10,18.65,18.83,2017-12-06,DBA,INVESCO DB MULTI SECT COM TR,6726.0,207.0
46140H10,18.48,18.6,2017-12-07,DBA,INVESCO DB MULTI SECT COM TR,6726.0,207.0
46140H10,18.43,18.52,2017-12-08,DBA,INVESCO DB MULTI SECT COM TR,6726.0,207.0
46140H10,18.3,18.38,2017-12-11,DBA,INVESCO DB MULTI SECT COM TR,6726.0,207.0
46140H10,18.19,18.26,2017-12-12,DBA,INVESCO DB MULTI SECT COM TR,6726.0,207.0
46140H10,18.25,18.2,2017-12-13,DBA,INVESCO DB MULTI SECT COM TR,6726.0,207.0
46140H10,18.24,18.28,2017-12-14,DBA,INVESCO DB MULTI SECT COM TR,6726.0,207.0
46140H10,18.33,18.28,2017-12-15,DBA,INVESCO DB MULTI SECT COM TR,6726.0,207.0
46140H10,18.35,18.43,2017-12-18,DBA,INVESCO DB MULTI SECT COM TR,6726.0,207.0
46140H10,18.37,18.35,2017-12-19,DBA,INVESCO DB MULTI SECT COM TR,6726.0,207.0
46140H10,18.45,18.4,2017-12-20,DBA,INVESCO DB MULTI SECT COM TR,6726.0,207.0
46140H10,18.47,18.4,2017-12-21,DBA,INVESCO DB MULTI SECT COM TR,6726.0,207.0
46140H10,18.41,18.47,2017-12-22,DBA,INVESCO DB MULTI SECT COM TR,6726.0,207.0
46140H10,18.57,18.42,2017-12-26,DBA,INVESCO DB MULTI SECT COM TR,6726.0,207.0
46140H10,18.67,18.6,2017-12-27,DBA,INVESCO DB MULTI SECT COM TR,6726.0,207.0
46140H10,18.72,18.68,2017-12-28,DBA,INVESCO DB MULTI SECT COM TR,6726.0,207.0
46140H10,18.76,18.75,2017-12-29,DBA,INVESCO DB MULTI SECT COM TR,6726.0,207.0
46140H10,18.97,18.79,2018-01-02,DBA,INVESCO DB MULTI SECT COM TR,6726.0,207.0
46140H10,18.96,19.0,2018-01-03,DBA,INVESCO DB MULTI SECT COM TR,6726.0,207.0
46140H10,18.93,18.88,2018-01-04,DBA,INVESCO DB MULTI SECT COM TR,6726.0,207.0
46140H10,18.83,18.89,2018-01-05,DBA,INVESCO DB MULTI SECT COM TR,6726.0,207.0
46140H10,18.7,18.71,2018-01-08,DBA,INVESCO DB MULTI SECT COM TR,6726.0,207.0
46140H10,18.74,18.65,2018-01-09,DBA,INVESCO DB MULTI SECT COM TR,6726.0,207.0
46140H10,18.67,18.75,2018-01-10,DBA,INVESCO DB MULTI SECT COM TR,6726.0,207.0
46140H10,18.6,18.62,2018-01-11,DBA,INVESCO DB MULTI SECT COM TR,6726.0,207.0
46140H10,18.56,18.65,2018-01-12,DBA,INVESCO DB MULTI SECT COM TR,6726.0,207.0
46140H10,18.54,18.51,2018-01-16,DBA,INVESCO DB MULTI SECT COM TR,6726.0,207.0
46140H10,18.69,18.57,2018-01-17,DBA,INVESCO DB MULTI SECT COM TR,6726.0,207.0
46140H10,18.68,18.78,2018-01-18,DBA,INVESCO DB MULTI SECT COM TR,6726.0,207.0
46140H10,18.63,18.64,2018-01-19,DBA,INVESCO DB MULTI SECT COM TR,6726.0,207.0
46140H10,18.69,18.71,2018-01-22,DBA,INVESCO DB MULTI SECT COM TR,6726.0,207.0
46140H10,18.62,18.67,2018-01-23,DBA,INVESCO DB MULTI SECT COM TR,6726.0,207.0
46140H10,18.8,18.69,2018-01-24,DBA,INVESCO DB MULTI SECT COM TR,6726.0,207.0
46140H10,18.74,18.95,2018-01-25,DBA,INVESCO DB MULTI SECT COM TR,6726.0,207.0
46140H10,18.89,18.74,2018-01-26,DBA,INVESCO DB MULTI SECT COM TR,6726.0,207.0
46140H10,18.91,19.0,2018-01-29,DBA,INVESCO DB MULTI SECT COM TR,6726.0,207.0
46140H10,18.94,18.96,2018-01-30,DBA,INVESCO DB MULTI SECT COM TR,6726.0,207.0
46140H10,18.83,18.93,2018-01-31,DBA,INVESCO DB MULTI SECT COM TR,6726.0,207.0
46140H10,19.0,18.79,2018-02-01,DBA,INVESCO DB MULTI SECT COM TR,6726.0,207.0
46140H10,18.97,18.97,2018-02-02,DBA,INVESCO DB MULTI SECT COM TR,6726.0,207.0
46140H10,18.84,18.89,2018-02-05,DBA,INVESCO DB MULTI SECT COM TR,6726.0,207.0
46140H10,18.98,18.86,2018-02-06,DBA,INVESCO DB MULTI SECT COM TR,6726.0,207.0
46140H10,18.96,19.03,2018-02-07,DBA,INVESCO DB MULTI SECT COM TR,6726.0,207.0
46140H10,18.86,18.99,2018-02-08,DBA,INVESCO DB MULTI SECT COM TR,6726.0,207.0
46140H10,18.82,18.84,2018-02-09,DBA,INVESCO DB MULTI SECT COM TR,6726.0,207.0
46140H10,18.94,18.85,2018-02-12,DBA,INVESCO DB MULTI SECT COM TR,6726.0,207.0
46140H10,18.94,18.94,2018-02-13,DBA,INVESCO DB MULTI SECT COM TR,6726.0,207.0
46140H10,19.01,18.9,2018-02-14,DBA,INVESCO DB MULTI SECT COM TR,6726.0,207.0
46140H10,19.12,19.07,2018-02-15,DBA,INVESCO DB MULTI SECT COM TR,6726.0,207.0
46140H10,18.97,19.04,2018-02-16,DBA,INVESCO DB MULTI SECT COM TR,6726.0,207.0
46140H10,18.98,18.97,2018-02-20,DBA,INVESCO DB MULTI SECT COM TR,6726.0,207.0
46140H10,18.93,18.98,2018-02-21,DBA,INVESCO DB MULTI SECT COM TR,6726.0,207.0
46140H10,19.04,18.94,2018-02-22,DBA,INVESCO DB MULTI SECT COM TR,6726.0,207.0
46140H10,19.1,19.09,2018-02-23,DBA,INVESCO DB MULTI SECT COM TR,6726.0,207.0
46140H10,19.14,19.1,2018-02-26,DBA,INVESCO DB MULTI SECT COM TR,6726.0,207.0
46140H10,19.1,19.13,2018-02-27,DBA,INVESCO DB MULTI SECT COM TR,6726.0,207.0
46140H10,19.17,19.17,2018-02-28,DBA,INVESCO DB MULTI SECT COM TR,6726.0,207.0
46140H10,19.46,19.27,2018-03-01,DBA,INVESCO DB MULTI SECT COM TR,6726.0,207.0
46140H10,19.39,19.44,2018-03-02,DBA,INVESCO DB MULTI SECT COM TR,6726.0,207.0
46140H10,19.63,19.45,2018-03-05,DBA,INVESCO DB MULTI SECT COM TR,6726.0,207.0
46140H10,19.59,19.63,2018-03-06,DBA,INVESCO DB MULTI SECT COM TR,6726.0,207.0
46140H10,19.42,19.54,2018-03-07,DBA,INVESCO DB MULTI SECT COM TR,6726.0,207.0
46140H10,19.48,19.4,2018-03-08,DBA,INVESCO DB MULTI SECT COM TR,6726.0,207.0
46140H10,19.35,19.45,2018-03-09,DBA,INVESCO DB MULTI SECT COM TR,6726.0,207.0
46140H10,19.38,19.34,2018-03-12,DBA,INVESCO DB MULTI SECT COM TR,6726.0,207.0
46140H10,19.39,19.44,2018-03-13,DBA,INVESCO DB MULTI SECT COM TR,6726.0,207.0
46140H10,19.4,19.44,2018-03-14,DBA,INVESCO DB MULTI SECT COM TR,6726.0,207.0
46140H10,19.28,19.4,2018-03-15,DBA,INVESCO DB MULTI SECT COM TR,6726.0,207.0
46140H10,19.19,19.28,2018-03-16,DBA,INVESCO DB MULTI SECT COM TR,6726.0,207.0
46140H10,18.84,19.05,2018-03-19,DBA,INVESCO DB MULTI SECT COM TR,6726.0,207.0
46140H10,18.8,18.85,2018-03-20,DBA,INVESCO DB MULTI SECT COM TR,6726.0,207.0
46140H10,18.85,18.86,2018-03-21,DBA,INVESCO DB MULTI SECT COM TR,6726.0,207.0
46140H10,18.85,18.86,2018-03-22,DBA,INVESCO DB MULTI SECT COM TR,6726.0,207.0
46140H10,18.87,18.78,2018-03-23,DBA,INVESCO DB MULTI SECT COM TR,6726.0,207.0
46140H10,18.81,18.86,2018-03-26,DBA,INVESCO DB MULTI SECT COM TR,6726.0,207.0
46140H10,18.7,18.74,2018-03-27,DBA,INVESCO DB MULTI SECT COM TR,6726.0,207.0
46140H10,18.69,18.6,2018-03-28,DBA,INVESCO DB MULTI SECT COM TR,6726.0,207.0
46140H10,18.81,18.69,2018-03-29,DBA,INVESCO DB MULTI SECT COM TR,6726.0,207.0
46140H10,18.71,18.9,2018-04-02,DBA,INVESCO DB MULTI SECT COM TR,6726.0,207.0
46140H10,18.6,18.73,2018-04-03,DBA,INVESCO DB MULTI SECT COM TR,6726.0,207.0
46140H10,18.55,18.38,2018-04-04,DBA,INVESCO DB MULTI SECT COM TR,6726.0,207.0
46140H10,18.82,18.67,2018-04-05,DBA,INVESCO DB MULTI SECT COM TR,6726.0,207.0
46140H10,18.72,18.73,2018-04-06,DBA,INVESCO DB MULTI SECT COM TR,6726.0,207.0
46140H10,18.99,18.85,2018-04-09,DBA,INVESCO DB MULTI SECT COM TR,6726.0,207.0
46140H10,18.89,18.93,2018-04-10,DBA,INVESCO DB MULTI SECT COM TR,6726.0,207.0
46140H10,18.9,18.91,2018-04-11,DBA,INVESCO DB MULTI SECT COM TR,6726.0,207.0
46140H10,18.97,18.91,2018-04-12,DBA,INVESCO DB MULTI SECT COM TR,6726.0,207.0
46140H10,18.91,19.01,2018-04-13,DBA,INVESCO DB MULTI SECT COM TR,6726.0,207.0
46140H10,18.85,19.02,2018-04-16,DBA,INVESCO DB MULTI SECT COM TR,6726.0,207.0
46140H10,18.84,18.88,2018-04-17,DBA,INVESCO DB MULTI SECT COM TR,6726.0,207.0
46140H10,19.05,18.97,2018-04-18,DBA,INVESCO DB MULTI SECT COM TR,6726.0,207.0
46140H10,19.0,19.13,2018-04-19,DBA,INVESCO DB MULTI SECT COM TR,6726.0,207.0
46140H10,18.85,18.9,2018-04-20,DBA,INVESCO DB MULTI SECT COM TR,6726.0,207.0
46140H10,18.79,18.86,2018-04-23,DBA,INVESCO DB MULTI SECT COM TR,6726.0,207.0
46140H10,18.93,18.76,2018-04-24,DBA,INVESCO DB MULTI SECT COM TR,6726.0,207.0
46140H10,19.06,18.84,2018-04-25,DBA,INVESCO DB MULTI SECT COM TR,6726.0,207.0
46140H10,18.97,19.1,2018-04-26,DBA,INVESCO DB MULTI SECT COM TR,6726.0,207.0
46140H10,19.22,18.94,2018-04-27,DBA,INVESCO DB MULTI SECT COM TR,6726.0,207.0
46140H10,19.25,19.23,2018-04-30,DBA,INVESCO DB MULTI SECT COM TR,6726.0,207.0
46140H10,19.48,19.25,2018-05-01,DBA,INVESCO DB MULTI SECT COM TR,6726.0,207.0
46140H10,19.32,19.41,2018-05-02,DBA,INVESCO DB MULTI SECT COM TR,6726.0,207.0
46140H10,19.54,19.34,2018-05-03,DBA,INVESCO DB MULTI SECT COM TR,6726.0,207.0
46140H10,19.32,19.4,2018-05-04,DBA,INVESCO DB MULTI SECT COM TR,6726.0,207.0
46140H10,19.15,19.26,2018-05-07,DBA,INVESCO DB MULTI SECT COM TR,6726.0,207.0
46140H10,19.19,19.21,2018-05-08,DBA,INVESCO DB MULTI SECT COM TR,6726.0,207.0
46140H10,19.04,19.13,2018-05-09,DBA,INVESCO DB MULTI SECT COM TR,6726.0,207.0
46140H10,19.05,19.04,2018-05-10,DBA,INVESCO DB MULTI SECT COM TR,6726.0,207.0
46140H10,18.95,19.0,2018-05-11,DBA,INVESCO DB MULTI SECT COM TR,6726.0,207.0
46140H10,18.85,18.94,2018-05-14,DBA,INVESCO DB MULTI SECT COM TR,6726.0,207.0
46140H10,18.75,18.83,2018-05-15,DBA,INVESCO DB MULTI SECT COM TR,6726.0,207.0
46140H10,18.77,18.82,2018-05-16,DBA,INVESCO DB MULTI SECT COM TR,6726.0,207.0
46140H10,18.66,18.91,2018-05-17,DBA,INVESCO DB MULTI SECT COM TR,6726.0,207.0
46140H10,18.87,18.79,2018-05-18,DBA,INVESCO DB MULTI SECT COM TR,6726.0,207.0
46140H10,18.99,19.06,2018-05-21,DBA,INVESCO DB MULTI SECT COM TR,6726.0,207.0
46140H10,19.1,19.12,2018-05-22,DBA,INVESCO DB MULTI SECT COM TR,6726.0,207.0
46140H10,19.29,19.12,2018-05-23,DBA,INVESCO DB MULTI SECT COM TR,6726.0,207.0
46140H10,19.23,19.38,2018-05-24,DBA,INVESCO DB MULTI SECT COM TR,6726.0,207.0
46140H10,19.36,19.25,2018-05-25,DBA,INVESCO DB MULTI SECT COM TR,6726.0,207.0
46140H10,19.22,19.38,2018-05-29,DBA,INVESCO DB MULTI SECT COM TR,6726.0,207.0
46140H10,19.23,19.2,2018-05-30,DBA,INVESCO DB MULTI SECT COM TR,6726.0,207.0
46140H10,19.21,19.27,2018-05-31,DBA,INVESCO DB MULTI SECT COM TR,6726.0,207.0
46140H10,19.14,19.26,2018-06-01,DBA,INVESCO DB MULTI SECT COM TR,6726.0,207.0
46140H10,18.68,19.36,2018-06-04,DBA,INVESCO DB MULTI SECT COM TR,6726.0,207.0
46140H10,18.64,18.77,2018-06-05,DBA,INVESCO DB MULTI SECT COM TR,6726.0,207.0
46140H10,18.73,18.72,2018-06-06,DBA,INVESCO DB MULTI SECT COM TR,6726.0,207.0
46140H10,18.58,18.84,2018-06-07,DBA,INVESCO DB MULTI SECT COM TR,6726.0,207.0
46140H10,18.77,18.62,2018-06-08,DBA,INVESCO DB MULTI SECT COM TR,6726.0,207.0
46140H10,18.56,18.73,2018-06-11,DBA,INVESCO DB MULTI SECT COM TR,6726.0,207.0
46140H10,18.79,18.63,2018-06-12,DBA,INVESCO DB MULTI SECT COM TR,6726.0,207.0
46140H10,18.67,18.74,2018-06-13,DBA,INVESCO DB MULTI SECT COM TR,6726.0,207.0
46140H10,18.42,18.59,2018-06-14,DBA,INVESCO DB MULTI SECT COM TR,6726.0,207.0
46140H10,18.46,18.31,2018-06-15,DBA,INVESCO DB MULTI SECT COM TR,6726.0,207.0
46140H10,18.28,18.3,2018-06-18,DBA,INVESCO DB MULTI SECT COM TR,6726.0,207.0
46140H10,18.1,18.05,2018-06-19,DBA,INVESCO DB MULTI SECT COM TR,6726.0,207.0
46140H10,18.18,18.19,2018-06-20,DBA,INVESCO DB MULTI SECT COM TR,6726.0,207.0
46140H10,18.13,18.18,2018-06-21,DBA,INVESCO DB MULTI SECT COM TR,6726.0,207.0
46140H10,18.21,18.18,2018-06-22,DBA,INVESCO DB MULTI SECT COM TR,6726.0,207.0
46140H10,17.92,18.0,2018-06-25,DBA,INVESCO DB MULTI SECT COM TR,6726.0,207.0
46140H10,17.89,17.94,2018-06-26,DBA,INVESCO DB MULTI SECT COM TR,6726.0,207.0
46140H10,17.76,17.84,2018-06-27,DBA,INVESCO DB MULTI SECT COM TR,6726.0,207.0
46140H10,17.77,17.8,2018-06-28,DBA,INVESCO DB MULTI SECT COM TR,6726.0,207.0
46140H10,18.03,17.71,2018-06-29,DBA,INVESCO DB MULTI SECT COM TR,6726.0,207.0
46140H10,17.66,17.88,2018-07-02,DBA,INVESCO DB MULTI SECT COM TR,6726.0,207.0
46140H10,17.67,17.74,2018-07-03,DBA,INVESCO DB MULTI SECT COM TR,6726.0,207.0
46140H10,17.66,17.73,2018-07-05,DBA,INVESCO DB MULTI SECT COM TR,6726.0,207.0
46140H10,17.91,17.64,2018-07-06,DBA,INVESCO DB MULTI SECT COM TR,6726.0,207.0
46140H10,17.72,17.84,2018-07-09,DBA,INVESCO DB MULTI SECT COM TR,6726.0,207.0
46140H10,17.62,17.72,2018-07-10,DBA,INVESCO DB MULTI SECT COM TR,6726.0,207.0
46140H10,17.28,17.57,2018-07-11,DBA,INVESCO DB MULTI SECT COM TR,6726.0,207.0
46140H10,17.4,17.28,2018-07-12,DBA,INVESCO DB MULTI SECT COM TR,6726.0,207.0
46140H10,17.36,17.4,2018-07-13,DBA,INVESCO DB MULTI SECT COM TR,6726.0,207.0
46140H10,17.33,17.44,2018-07-16,DBA,INVESCO DB MULTI SECT COM TR,6726.0,207.0
46140H10,17.33,17.32,2018-07-17,DBA,INVESCO DB MULTI SECT COM TR,6726.0,207.0
46140H10,17.28,17.34,2018-07-18,DBA,INVESCO DB MULTI SECT COM TR,6726.0,207.0
46140H10,17.32,17.25,2018-07-19,DBA,INVESCO DB MULTI SECT COM TR,6726.0,207.0
46140H10,17.44,17.4,2018-07-20,DBA,INVESCO DB MULTI SECT COM TR,6726.0,207.0
46140H10,17.48,17.5,2018-07-23,DBA,INVESCO DB MULTI SECT COM TR,6726.0,207.0
46140H10,17.42,17.44,2018-07-24,DBA,INVESCO DB MULTI SECT COM TR,6726.0,207.0
46140H10,17.67,17.5,2018-07-25,DBA,INVESCO DB MULTI SECT COM TR,6726.0,207.0
46140H10,17.55,17.78,2018-07-26,DBA,INVESCO DB MULTI SECT COM TR,6726.0,207.0
46140H10,17.47,17.54,2018-07-27,DBA,INVESCO DB MULTI SECT COM TR,6726.0,207.0
46140H10,17.58,17.44,2018-07-30,DBA,INVESCO DB MULTI SECT COM TR,6726.0,207.0
46140H10,17.53,17.64,2018-07-31,DBA,INVESCO DB MULTI SECT COM TR,6726.0,207.0
46140H10,17.44,17.53,2018-08-01,DBA,INVESCO DB MULTI SECT COM TR,6726.0,207.0
46140H10,17.38,17.44,2018-08-02,DBA,INVESCO DB MULTI SECT COM TR,6726.0,207.0
46140H10,17.51,17.34,2018-08-03,DBA,INVESCO DB MULTI SECT COM TR,6726.0,207.0
46140H10,17.64,17.54,2018-08-06,DBA,INVESCO DB MULTI SECT COM TR,6726.0,207.0
46140H10,17.55,17.68,2018-08-07,DBA,INVESCO DB MULTI SECT COM TR,6726.0,207.0
46140H10,17.54,17.52,2018-08-08,DBA,INVESCO DB MULTI SECT COM TR,6726.0,207.0
46140H10,17.49,17.54,2018-08-09,DBA,INVESCO DB MULTI SECT COM TR,6726.0,207.0
46140H10,17.21,17.41,2018-08-10,DBA,INVESCO DB MULTI SECT COM TR,6726.0,207.0
46140H10,17.08,17.06,2018-08-13,DBA,INVESCO DB MULTI SECT COM TR,6726.0,207.0
46140H10,17.22,17.16,2018-08-14,DBA,INVESCO DB MULTI SECT COM TR,6726.0,207.0
46140H10,17.07,17.24,2018-08-15,DBA,INVESCO DB MULTI SECT COM TR,6726.0,207.0
46140H10,17.29,17.15,2018-08-16,DBA,INVESCO DB MULTI SECT COM TR,6726.0,207.0
46140H10,17.44,17.22,2018-08-17,DBA,INVESCO DB MULTI SECT COM TR,6726.0,207.0
46140H10,17.27,17.46,2018-08-20,DBA,INVESCO DB MULTI SECT COM TR,6726.0,207.0
46140H10,17.25,17.21,2018-08-21,DBA,INVESCO DB MULTI SECT COM TR,6726.0,207.0
46140H10,17.14,17.19,2018-08-22,DBA,INVESCO DB MULTI SECT COM TR,6726.0,207.0
46140H10,16.99,17.05,2018-08-23,DBA,INVESCO DB MULTI SECT COM TR,6726.0,207.0
46140H10,17.04,17.07,2018-08-24,DBA,INVESCO DB MULTI SECT COM TR,6726.0,207.0
46140H10,17.18,16.96,2018-08-27,DBA,INVESCO DB MULTI SECT COM TR,6726.0,207.0
46140H10,16.9,17.12,2018-08-28,DBA,INVESCO DB MULTI SECT COM TR,6726.0,207.0
46140H10,16.99,16.97,2018-08-29,DBA,INVESCO DB MULTI SECT COM TR,6726.0,207.0
46140H10,16.85,16.95,2018-08-30,DBA,INVESCO DB MULTI SECT COM TR,6726.0,207.0
46140H10,17.06,16.9,2018-08-31,DBA,INVESCO DB MULTI SECT COM TR,6726.0,207.0
46140H10,17.05,16.87,2018-09-04,DBA,INVESCO DB MULTI SECT COM TR,6726.0,207.0
46140H10,17.05,17.12,2018-09-05,DBA,INVESCO DB MULTI SECT COM TR,6726.0,207.0
46140H10,17.01,17.0,2018-09-06,DBA,INVESCO DB MULTI SECT COM TR,6726.0,207.0
46140H10,17.1,17.05,2018-09-07,DBA,INVESCO DB MULTI SECT COM TR,6726.0,207.0
46140H10,17.22,17.16,2018-09-10,DBA,INVESCO DB MULTI SECT COM TR,6726.0,207.0
46140H10,17.05,17.17,2018-09-11,DBA,INVESCO DB MULTI SECT COM TR,6726.0,207.0
46140H10,17.16,17.04,2018-09-12,DBA,INVESCO DB MULTI SECT COM TR,6726.0,207.0
46140H10,17.08,17.17,2018-09-13,DBA,INVESCO DB MULTI SECT COM TR,6726.0,207.0
46140H10,17.05,17.08,2018-09-14,DBA,INVESCO DB MULTI SECT COM TR,6726.0,207.0
46140H10,16.9,17.1,2018-09-17,DBA,INVESCO DB MULTI SECT COM TR,6726.0,207.0
46140H10,16.89,16.94,2018-09-18,DBA,INVESCO DB MULTI SECT COM TR,6726.0,207.0
46140H10,16.97,16.9,2018-09-19,DBA,INVESCO DB MULTI SECT COM TR,6726.0,207.0
46140H10,17.08,16.96,2018-09-20,DBA,INVESCO DB MULTI SECT COM TR,6726.0,207.0
46140H10,17.08,17.06,2018-09-21,DBA,INVESCO DB MULTI SECT COM TR,6726.0,207.0
46140H10,17.03,17.05,2018-09-24,DBA,INVESCO DB MULTI SECT COM TR,6726.0,207.0
46140H10,16.98,16.99,2018-09-25,DBA,INVESCO DB MULTI SECT COM TR,6726.0,207.0
46140H10,16.96,16.96,2018-09-26,DBA,INVESCO DB MULTI SECT COM TR,6726.0,207.0
46140H10,16.89,16.96,2018-09-27,DBA,INVESCO DB MULTI SECT COM TR,6726.0,207.0
46140H10,16.91,16.88,2018-09-28,DBA,INVESCO DB MULTI SECT COM TR,6726.0,207.0
46140H10,17.05,16.92,2018-10-01,DBA,INVESCO DB MULTI SECT COM TR,6726.0,207.0
46140H10,17.36,17.08,2018-10-02,DBA,INVESCO DB MULTI SECT COM TR,6726.0,207.0
46140H10,17.18,17.39,2018-10-03,DBA,INVESCO DB MULTI SECT COM TR,6726.0,207.0
46140H10,17.15,17.18,2018-10-04,DBA,INVESCO DB MULTI SECT COM TR,6726.0,207.0
46140H10,17.35,17.22,2018-10-05,DBA,INVESCO DB MULTI SECT COM TR,6726.0,207.0
46140H10,17.45,17.4,2018-10-08,DBA,INVESCO DB MULTI SECT COM TR,6726.0,207.0
46140H10,17.43,17.45,2018-10-09,DBA,INVESCO DB MULTI SECT COM TR,6726.0,207.0
46140H10,17.28,17.36,2018-10-10,DBA,INVESCO DB MULTI SECT COM TR,6726.0,207.0
46140H10,17.32,17.28,2018-10-11,DBA,INVESCO DB MULTI SECT COM TR,6726.0,207.0
46140H10,17.55,17.47,2018-10-12,DBA,INVESCO DB MULTI SECT COM TR,6726.0,207.0
46140H10,17.76,17.55,2018-10-15,DBA,INVESCO DB MULTI SECT COM TR,6726.0,207.0
46140H10,17.76,17.77,2018-10-16,DBA,INVESCO DB MULTI SECT COM TR,6726.0,207.0
46140H10,17.75,17.72,2018-10-17,DBA,INVESCO DB MULTI SECT COM TR,6726.0,207.0
46140H10,17.55,17.7,2018-10-18,DBA,INVESCO DB MULTI SECT COM TR,6726.0,207.0
46140H10,17.54,17.55,2018-10-19,DBA,INVESCO DB MULTI SECT COM TR,6726.0,207.0
46140H10,17.62,17.59,2018-10-22,DBA,INVESCO DB MULTI SECT COM TR,6726.0,207.0
46140H10,17.66,17.51,2018-10-23,DBA,INVESCO DB MULTI SECT COM TR,6726.0,207.0
46140H10,17.62,17.75,2018-10-24,DBA,INVESCO DB MULTI SECT COM TR,6726.0,207.0
46140H10,17.56,17.62,2018-10-25,DBA,INVESCO DB MULTI SECT COM TR,6726.0,207.0
46140H10,17.72,17.64,2018-10-26,DBA,INVESCO DB MULTI SECT COM TR,6726.0,207.0
46140H10,17.51,17.72,2018-10-29,DBA,INVESCO DB MULTI SECT COM TR,6726.0,207.0
46140H10,17.45,17.55,2018-10-30,DBA,INVESCO DB MULTI SECT COM TR,6726.0,207.0
46140H10,17.41,17.4,2018-10-31,DBA,INVESCO DB MULTI SECT COM TR,6726.0,207.0
46140H10,17.62,17.53,2018-11-01,DBA,INVESCO DB MULTI SECT COM TR,6726.0,207.0
46140H10,17.77,17.72,2018-11-02,DBA,INVESCO DB MULTI SECT COM TR,6726.0,207.0
46140H10,17.67,17.75,2018-11-05,DBA,INVESCO DB MULTI SECT COM TR,6726.0,207.0
46140H10,17.58,17.67,2018-11-06,DBA,INVESCO DB MULTI SECT COM TR,6726.0,207.0
46140H10,17.59,17.59,2018-11-07,DBA,INVESCO DB MULTI SECT COM TR,6726.0,207.0
46140H10,17.5,17.57,2018-11-08,DBA,INVESCO DB MULTI SECT COM TR,6726.0,207.0
46140H10,17.31,17.39,2018-11-09,DBA,INVESCO DB MULTI SECT COM TR,6726.0,207.0
46140H10,17.3,17.26,2018-11-12,DBA,INVESCO DB MULTI SECT COM TR,6726.0,207.0
46140H10,17.23,17.3,2018-11-13,DBA,INVESCO DB MULTI SECT COM TR,6726.0,207.0
46140H10,17.28,17.3,2018-11-14,DBA,INVESCO DB MULTI SECT COM TR,6726.0,207.0
46140H10,17.24,17.29,2018-11-15,DBA,INVESCO DB MULTI SECT COM TR,6726.0,207.0
46140H10,17.42,17.21,2018-11-16,DBA,INVESCO DB MULTI SECT COM TR,6726.0,207.0
46140H10,17.36,17.37,2018-11-19,DBA,INVESCO DB MULTI SECT COM TR,6726.0,207.0
46140H10,17.25,17.36,2018-11-20,DBA,INVESCO DB MULTI SECT COM TR,6726.0,207.0
46140H10,17.24,17.27,2018-11-21,DBA,INVESCO DB MULTI SECT COM TR,6726.0,207.0
46140H10,17.16,17.14,2018-11-23,DBA,INVESCO DB MULTI SECT COM TR,6726.0,207.0
46140H10,17.08,17.15,2018-11-26,DBA,INVESCO DB MULTI SECT COM TR,6726.0,207.0
46140H10,17.09,17.14,2018-11-27,DBA,INVESCO DB MULTI SECT COM TR,6726.0,207.0
46140H10,17.25,17.19,2018-11-28,DBA,INVESCO DB MULTI SECT COM TR,6726.0,207.0
46140H10,17.29,17.26,2018-11-29,DBA,INVESCO DB MULTI SECT COM TR,6726.0,207.0
46140H10,17.29,17.24,2018-11-30,DBA,INVESCO DB MULTI SECT COM TR,6726.0,207.0
46140H10,17.37,17.42,2018-12-03,DBA,INVESCO DB MULTI SECT COM TR,6726.0,207.0
46140H10,17.29,17.3,2018-12-04,DBA,INVESCO DB MULTI SECT COM TR,6726.0,207.0
46140H10,17.25,17.19,2018-12-06,DBA,INVESCO DB MULTI SECT COM TR,6726.0,207.0
46140H10,17.41,17.36,2018-12-07,DBA,INVESCO DB MULTI SECT COM TR,6726.0,207.0
46140H10,17.34,17.4,2018-12-10,DBA,INVESCO DB MULTI SECT COM TR,6726.0,207.0
46140H10,17.25,17.3,2018-12-11,DBA,INVESCO DB MULTI SECT COM TR,6726.0,207.0
46140H10,17.33,17.3,2018-12-12,DBA,INVESCO DB MULTI SECT COM TR,6726.0,207.0
46140H10,17.41,17.3,2018-12-13,DBA,INVESCO DB MULTI SECT COM TR,6726.0,207.0
46140H10,17.33,17.41,2018-12-14,DBA,INVESCO DB MULTI SECT COM TR,6726.0,207.0
46140H10,17.22,17.31,2018-12-17,DBA,INVESCO DB MULTI SECT COM TR,6726.0,207.0
46140H10,17.22,17.27,2018-12-18,DBA,INVESCO DB MULTI SECT COM TR,6726.0,207.0
46140H10,17.19,17.22,2018-12-19,DBA,INVESCO DB MULTI SECT COM TR,6726.0,207.0
46140H10,17.14,17.24,2018-12-20,DBA,INVESCO DB MULTI SECT COM TR,6726.0,207.0
46140H10,17.0,17.08,2018-12-21,DBA,INVESCO DB MULTI SECT COM TR,6726.0,207.0
46140H10,16.95,16.87,2018-12-24,DBA,INVESCO DB MULTI SECT COM TR,6726.0,207.0
46140H10,16.96,16.92,2018-12-26,DBA,INVESCO DB MULTI SECT COM TR,6726.0,207.0
46140H10,16.9,16.96,2018-12-27,DBA,INVESCO DB MULTI SECT COM TR,6726.0,207.0
46140H10,16.97,16.98,2018-12-28,DBA,INVESCO DB MULTI SECT COM TR,6726.0,207.0
46140H10,16.94,16.98,2018-12-31,DBA,INVESCO DB MULTI SECT COM TR,6726.0,207.0
46140H10,16.91,16.88,2019-01-02,DBA,INVESCO DB MULTI SECT COM TR,6726.0,207.0
46140H10,16.97,16.92,2019-01-03,DBA,INVESCO DB MULTI SECT COM TR,6726.0,207.0
46140H10,16.94,16.98,2019-01-04,DBA,INVESCO DB MULTI SECT COM TR,6726.0,207.0
46140H10,17.16,17.09,2019-01-07,DBA,INVESCO DB MULTI SECT COM TR,6726.0,207.0
46140H10,17.28,17.24,2019-01-08,DBA,INVESCO DB MULTI SECT COM TR,6726.0,207.0
46140H10,17.31,17.29,2019-01-09,DBA,INVESCO DB MULTI SECT COM TR,6726.0,207.0
46140H10,17.18,17.22,2019-01-10,DBA,INVESCO DB MULTI SECT COM TR,6726.0,207.0
46140H10,17.24,17.21,2019-01-11,DBA,INVESCO DB MULTI SECT COM TR,6726.0,207.0
46140H10,17.16,17.15,2019-01-14,DBA,INVESCO DB MULTI SECT COM TR,6726.0,207.0
46140H10,17.08,17.1,2019-01-15,DBA,INVESCO DB MULTI SECT COM TR,6726.0,207.0
46140H10,17.1,17.15,2019-01-16,DBA,INVESCO DB MULTI SECT COM TR,6726.0,207.0
46140H10,17.2,17.14,2019-01-17,DBA,INVESCO DB MULTI SECT COM TR,6726.0,207.0
46140H10,17.28,17.19,2019-01-18,DBA,INVESCO DB MULTI SECT COM TR,6726.0,207.0
46140H10,17.13,17.18,2019-01-22,DBA,INVESCO DB MULTI SECT COM TR,6726.0,207.0
46140H10,17.18,17.13,2019-01-23,DBA,INVESCO DB MULTI SECT COM TR,6726.0,207.0
46140H10,17.19,17.18,2019-01-24,DBA,INVESCO DB MULTI SECT COM TR,6726.0,207.0
46140H10,17.08,17.08,2019-01-25,DBA,INVESCO DB MULTI SECT COM TR,6726.0,207.0
46140H10,17.09,17.07,2019-01-28,DBA,INVESCO DB MULTI SECT COM TR,6726.0,207.0
46140H10,17.01,17.07,2019-01-29,DBA,INVESCO DB MULTI SECT COM TR,6726.0,207.0
46140H10,17.0,17.01,2019-01-30,DBA,INVESCO DB MULTI SECT COM TR,6726.0,207.0
46140H10,16.92,17.03,2019-01-31,DBA,INVESCO DB MULTI SECT COM TR,6726.0,207.0
46140H10,16.93,16.98,2019-02-01,DBA,INVESCO DB MULTI SECT COM TR,6726.0,207.0
46140H10,17.12,16.95,2019-02-04,DBA,INVESCO DB MULTI SECT COM TR,6726.0,207.0
46140H10,17.07,17.06,2019-02-05,DBA,INVESCO DB MULTI SECT COM TR,6726.0,207.0
46140H10,17.11,17.1,2019-02-06,DBA,INVESCO DB MULTI SECT COM TR,6726.0,207.0
46140H10,16.95,17.03,2019-02-07,DBA,INVESCO DB MULTI SECT COM TR,6726.0,207.0
46140H10,16.83,16.95,2019-02-08,DBA,INVESCO DB MULTI SECT COM TR,6726.0,207.0
46140H10,16.81,16.82,2019-02-11,DBA,INVESCO DB MULTI SECT COM TR,6726.0,207.0
46140H10,16.89,16.85,2019-02-12,DBA,INVESCO DB MULTI SECT COM TR,6726.0,207.0
46140H10,16.86,16.84,2019-02-13,DBA,INVESCO DB MULTI SECT COM TR,6726.0,207.0
46140H10,16.71,16.83,2019-02-14,DBA,INVESCO DB MULTI SECT COM TR,6726.0,207.0
46140H10,16.87,16.8,2019-02-15,DBA,INVESCO DB MULTI SECT COM TR,6726.0,207.0
46140H10,16.8,16.85,2019-02-19,DBA,INVESCO DB MULTI SECT COM TR,6726.0,207.0
46140H10,16.69,16.7,2019-02-20,DBA,INVESCO DB MULTI SECT COM TR,6726.0,207.0
46140H10,16.73,16.74,2019-02-21,DBA,INVESCO DB MULTI SECT COM TR,6726.0,207.0
46140H10,16.76,16.8,2019-02-22,DBA,INVESCO DB MULTI SECT COM TR,6726.0,207.0
46140H10,16.57,16.74,2019-02-25,DBA,INVESCO DB MULTI SECT COM TR,6726.0,207.0
46140H10,16.54,16.57,2019-02-26,DBA,INVESCO DB MULTI SECT COM TR,6726.0,207.0
46140H10,16.61,16.56,2019-02-27,DBA,INVESCO DB MULTI SECT COM TR,6726.0,207.0
46140H10,16.44,16.56,2019-02-28,DBA,INVESCO DB MULTI SECT COM TR,6726.0,207.0
46140H10,16.45,16.47,2019-03-01,DBA,INVESCO DB MULTI SECT COM TR,6726.0,207.0
46140H10,16.33,16.45,2019-03-04,DBA,INVESCO DB MULTI SECT COM TR,6726.0,207.0
46140H10,16.42,16.35,2019-03-05,DBA,INVESCO DB MULTI SECT COM TR,6726.0,207.0
46140H10,16.34,16.36,2019-03-06,DBA,INVESCO DB MULTI SECT COM TR,6726.0,207.0
46140H10,16.21,16.29,2019-03-07,DBA,INVESCO DB MULTI SECT COM TR,6726.0,207.0
46140H10,16.3,16.25,2019-03-08,DBA,INVESCO DB MULTI SECT COM TR,6726.0,207.0
46140H10,16.24,16.3,2019-03-11,DBA,INVESCO DB MULTI SECT COM TR,6726.0,207.0
46140H10,16.33,16.23,2019-03-12,DBA,INVESCO DB MULTI SECT COM TR,6726.0,207.0
46140H10,16.37,16.32,2019-03-13,DBA,INVESCO DB MULTI SECT COM TR,6726.0,207.0
46140H10,16.47,16.4,2019-03-14,DBA,INVESCO DB MULTI SECT COM TR,6726.0,207.0
46140H10,16.68,16.45,2019-03-15,DBA,INVESCO DB MULTI SECT COM TR,6726.0,207.0
46140H10,16.69,16.69,2019-03-18,DBA,INVESCO DB MULTI SECT COM TR,6726.0,207.0
46140H10,16.65,16.7,2019-03-19,DBA,INVESCO DB MULTI SECT COM TR,6726.0,207.0
46140H10,16.69,16.59,2019-03-20,DBA,INVESCO DB MULTI SECT COM TR,6726.0,207.0
46140H10,16.82,16.67,2019-03-21,DBA,INVESCO DB MULTI SECT COM TR,6726.0,207.0
46140H10,16.76,16.84,2019-03-22,DBA,INVESCO DB MULTI SECT COM TR,6726.0,207.0
46140H10,16.83,16.79,2019-03-25,DBA,INVESCO DB MULTI SECT COM TR,6726.0,207.0
46140H10,16.81,16.85,2019-03-26,DBA,INVESCO DB MULTI SECT COM TR,6726.0,207.0
46140H10,16.71,16.76,2019-03-27,DBA,INVESCO DB MULTI SECT COM TR,6726.0,207.0
46140H10,16.65,16.69,2019-03-28,DBA,INVESCO DB MULTI SECT COM TR,6726.0,207.0
46140H10,16.47,16.65,2019-03-29,DBA,INVESCO DB MULTI SECT COM TR,6726.0,207.0
46140H10,16.61,16.51,2019-04-01,DBA,INVESCO DB MULTI SECT COM TR,6726.0,207.0
46140H10,16.66,16.61,2019-04-02,DBA,INVESCO DB MULTI SECT COM TR,6726.0,207.0
46140H10,16.78,16.71,2019-04-03,DBA,INVESCO DB MULTI SECT COM TR,6726.0,207.0
46140H10,16.99,16.8,2019-04-04,DBA,INVESCO DB MULTI SECT COM TR,6726.0,207.0
46140H10,16.91,16.92,2019-04-05,DBA,INVESCO DB MULTI SECT COM TR,6726.0,207.0
46140H10,16.85,16.87,2019-04-08,DBA,INVESCO DB MULTI SECT COM TR,6726.0,207.0
46140H10,16.8,16.86,2019-04-09,DBA,INVESCO DB MULTI SECT COM TR,6726.0,207.0
46140H10,16.85,16.81,2019-04-10,DBA,INVESCO DB MULTI SECT COM TR,6726.0,207.0
46140H10,16.76,16.87,2019-04-11,DBA,INVESCO DB MULTI SECT COM TR,6726.0,207.0
46140H10,16.88,16.74,2019-04-12,DBA,INVESCO DB MULTI SECT COM TR,6726.0,207.0
46140H10,16.85,16.85,2019-04-15,DBA,INVESCO DB MULTI SECT COM TR,6726.0,207.0
46140H10,16.68,16.71,2019-04-16,DBA,INVESCO DB MULTI SECT COM TR,6726.0,207.0
46140H10,16.62,16.69,2019-04-17,DBA,INVESCO DB MULTI SECT COM TR,6726.0,207.0
46140H10,16.73,16.73,2019-04-18,DBA,INVESCO DB MULTI SECT COM TR,6726.0,207.0
46140H10,16.53,16.72,2019-04-22,DBA,INVESCO DB MULTI SECT COM TR,6726.0,207.0
46140H10,16.46,16.52,2019-04-23,DBA,INVESCO DB MULTI SECT COM TR,6726.0,207.0
46140H10,16.26,16.39,2019-04-24,DBA,INVESCO DB MULTI SECT COM TR,6726.0,207.0
46140H10,16.19,16.26,2019-04-25,DBA,INVESCO DB MULTI SECT COM TR,6726.0,207.0
46140H10,16.2,16.21,2019-04-26,DBA,INVESCO DB MULTI SECT COM TR,6726.0,207.0
46140H10,16.1,16.25,2019-04-29,DBA,INVESCO DB MULTI SECT COM TR,6726.0,207.0
46140H10,16.06,16.15,2019-04-30,DBA,INVESCO DB MULTI SECT COM TR,6726.0,207.0
46140H10,16.08,16.02,2019-05-01,DBA,INVESCO DB MULTI SECT COM TR,6726.0,207.0
46140H10,16.12,16.09,2019-05-02,DBA,INVESCO DB MULTI SECT COM TR,6726.0,207.0
46140H10,16.03,16.13,2019-05-03,DBA,INVESCO DB MULTI SECT COM TR,6726.0,207.0
46140H10,15.87,15.82,2019-05-06,DBA,INVESCO DB MULTI SECT COM TR,6726.0,207.0
46140H10,15.81,15.75,2019-05-07,DBA,INVESCO DB MULTI SECT COM TR,6726.0,207.0
46140H10,15.68,15.81,2019-05-08,DBA,INVESCO DB MULTI SECT COM TR,6726.0,207.0
46140H10,15.63,15.68,2019-05-09,DBA,INVESCO DB MULTI SECT COM TR,6726.0,207.0
46140H10,15.59,15.66,2019-05-10,DBA,INVESCO DB MULTI SECT COM TR,6726.0,207.0
46140H10,15.55,15.52,2019-05-13,DBA,INVESCO DB MULTI SECT COM TR,6726.0,207.0
46140H10,15.81,15.66,2019-05-14,DBA,INVESCO DB MULTI SECT COM TR,6726.0,207.0
46140H10,15.84,15.85,2019-05-15,DBA,INVESCO DB MULTI SECT COM TR,6726.0,207.0
46140H10,16.07,15.92,2019-05-16,DBA,INVESCO DB MULTI SECT COM TR,6726.0,207.0
46140H10,15.92,16.02,2019-05-17,DBA,INVESCO DB MULTI SECT COM TR,6726.0,207.0
46140H10,16.13,16.11,2019-05-20,DBA,INVESCO DB MULTI SECT COM TR,6726.0,207.0
46140H10,16.21,16.22,2019-05-21,DBA,INVESCO DB MULTI SECT COM TR,6726.0,207.0
46140H10,16.16,16.17,2019-05-22,DBA,INVESCO DB MULTI SECT COM TR,6726.0,207.0
46140H10,16.11,16.12,2019-05-23,DBA,INVESCO DB MULTI SECT COM TR,6726.0,207.0
46140H10,16.27,16.19,2019-05-24,DBA,INVESCO DB MULTI SECT COM TR,6726.0,207.0
46140H10,16.53,16.47,2019-05-28,DBA,INVESCO DB MULTI SECT COM TR,6726.0,207.0
46140H10,16.53,16.68,2019-05-29,DBA,INVESCO DB MULTI SECT COM TR,6726.0,207.0
46140H10,16.75,16.71,2019-05-30,DBA,INVESCO DB MULTI SECT COM TR,6726.0,207.0
46140H10,16.62,16.67,2019-05-31,DBA,INVESCO DB MULTI SECT COM TR,6726.0,207.0
46140H10,16.59,16.68,2019-06-03,DBA,INVESCO DB MULTI SECT COM TR,6726.0,207.0
46140H10,16.65,16.58,2019-06-04,DBA,INVESCO DB MULTI SECT COM TR,6726.0,207.0
46140H10,16.42,16.58,2019-06-05,DBA,INVESCO DB MULTI SECT COM TR,6726.0,207.0
46140H10,16.64,16.5,2019-06-06,DBA,INVESCO DB MULTI SECT COM TR,6726.0,207.0
46140H10,16.46,16.6,2019-06-07,DBA,INVESCO DB MULTI SECT COM TR,6726.0,207.0
46140H10,16.59,16.43,2019-06-10,DBA,INVESCO DB MULTI SECT COM TR,6726.0,207.0
46140H10,16.66,16.61,2019-06-11,DBA,INVESCO DB MULTI SECT COM TR,6726.0,207.0
46140H10,16.75,16.71,2019-06-12,DBA,INVESCO DB MULTI SECT COM TR,6726.0,207.0
46140H10,16.77,16.79,2019-06-13,DBA,INVESCO DB MULTI SECT COM TR,6726.0,207.0
46140H10,16.78,16.84,2019-06-14,DBA,INVESCO DB MULTI SECT COM TR,6726.0,207.0
46140H10,16.9,16.84,2019-06-17,DBA,INVESCO DB MULTI SECT COM TR,6726.0,207.0
46140H10,16.81,16.79,2019-06-18,DBA,INVESCO DB MULTI SECT COM TR,6726.0,207.0
46140H10,16.74,16.76,2019-06-19,DBA,INVESCO DB MULTI SECT COM TR,6726.0,207.0
46140H10,16.76,16.69,2019-06-20,DBA,INVESCO DB MULTI SECT COM TR,6726.0,207.0
46140H10,16.57,16.78,2019-06-21,DBA,INVESCO DB MULTI SECT COM TR,6726.0,207.0
46140H10,16.6,16.64,2019-06-24,DBA,INVESCO DB MULTI SECT COM TR,6726.0,207.0
46140H10,16.68,16.71,2019-06-25,DBA,INVESCO DB MULTI SECT COM TR,6726.0,207.0
46140H10,16.69,16.66,2019-06-26,DBA,INVESCO DB MULTI SECT COM TR,6726.0,207.0
46140H10,16.75,16.73,2019-06-27,DBA,INVESCO DB MULTI SECT COM TR,6726.0,207.0
46140H10,16.57,16.76,2019-06-28,DBA,INVESCO DB MULTI SECT COM TR,6726.0,207.0
46140H10,16.55,16.62,2019-07-01,DBA,INVESCO DB MULTI SECT COM TR,6726.0,207.0
46140H10,16.47,16.48,2019-07-02,DBA,INVESCO DB MULTI SECT COM TR,6726.0,207.0
46140H10,16.69,16.52,2019-07-03,DBA,INVESCO DB MULTI SECT COM TR,6726.0,207.0
46140H10,16.59,16.69,2019-07-05,DBA,INVESCO DB MULTI SECT COM TR,6726.0,207.0
46140H10,16.59,16.67,2019-07-08,DBA,INVESCO DB MULTI SECT COM TR,6726.0,207.0
46140H10,16.64,16.64,2019-07-09,DBA,INVESCO DB MULTI SECT COM TR,6726.0,207.0
46140H10,16.66,16.69,2019-07-10,DBA,INVESCO DB MULTI SECT COM TR,6726.0,207.0
46140H10,16.77,16.67,2019-07-11,DBA,INVESCO DB MULTI SECT COM TR,6726.0,207.0
46140H10,16.89,16.74,2019-07-12,DBA,INVESCO DB MULTI SECT COM TR,6726.0,207.0
46140H10,16.71,16.76,2019-07-15,DBA,INVESCO DB MULTI SECT COM TR,6726.0,207.0
46140H10,16.58,16.6,2019-07-16,DBA,INVESCO DB MULTI SECT COM TR,6726.0,207.0
46140H10,16.53,16.61,2019-07-17,DBA,INVESCO DB MULTI SECT COM TR,6726.0,207.0
46140H10,16.41,16.5,2019-07-18,DBA,INVESCO DB MULTI SECT COM TR,6726.0,207.0
46140H10,16.6,16.41,2019-07-19,DBA,INVESCO DB MULTI SECT COM TR,6726.0,207.0
46140H10,16.51,16.58,2019-07-22,DBA,INVESCO DB MULTI SECT COM TR,6726.0,207.0
46140H10,16.56,16.46,2019-07-23,DBA,INVESCO DB MULTI SECT COM TR,6726.0,207.0
46140H10,16.56,16.62,2019-07-24,DBA,INVESCO DB MULTI SECT COM TR,6726.0,207.0
46140H10,16.42,16.61,2019-07-25,DBA,INVESCO DB MULTI SECT COM TR,6726.0,207.0
46140H10,16.35,16.43,2019-07-26,DBA,INVESCO DB MULTI SECT COM TR,6726.0,207.0
46140H10,16.32,16.4,2019-07-29,DBA,INVESCO DB MULTI SECT COM TR,6726.0,207.0
46140H10,16.18,16.32,2019-07-30,DBA,INVESCO DB MULTI SECT COM TR,6726.0,207.0
46140H10,15.94,16.16,2019-07-31,DBA,INVESCO DB MULTI SECT COM TR,6726.0,207.0
46140H10,15.75,15.95,2019-08-01,DBA,INVESCO DB MULTI SECT COM TR,6726.0,207.0
46140H10,15.73,15.77,2019-08-02,DBA,INVESCO DB MULTI SECT COM TR,6726.0,207.0
46140H10,15.74,15.49,2019-08-05,DBA,INVESCO DB MULTI SECT COM TR,6726.0,207.0
46140H10,15.59,15.7,2019-08-06,DBA,INVESCO DB MULTI SECT COM TR,6726.0,207.0
46140H10,15.57,15.51,2019-08-07,DBA,INVESCO DB MULTI SECT COM TR,6726.0,207.0
46140H10,15.68,15.58,2019-08-08,DBA,INVESCO DB MULTI SECT COM TR,6726.0,207.0
46140H10,15.75,15.73,2019-08-09,DBA,INVESCO DB MULTI SECT COM TR,6726.0,207.0
46140H10,15.23,15.8,2019-08-12,DBA,INVESCO DB MULTI SECT COM TR,6726.0,207.0
46140H10,15.18,15.23,2019-08-13,DBA,INVESCO DB MULTI SECT COM TR,6726.0,207.0
46140H10,15.21,15.13,2019-08-14,DBA,INVESCO DB MULTI SECT COM TR,6726.0,207.0
46140H10,15.13,15.15,2019-08-15,DBA,INVESCO DB MULTI SECT COM TR,6726.0,207.0
46140H10,15.08,15.05,2019-08-16,DBA,INVESCO DB MULTI SECT COM TR,6726.0,207.0
46140H10,15.03,15.05,2019-08-19,DBA,INVESCO DB MULTI SECT COM TR,6726.0,207.0
46140H10,15.04,15.04,2019-08-20,DBA,INVESCO DB MULTI SECT COM TR,6726.0,207.0
46140H10,15.07,15.11,2019-08-21,DBA,INVESCO DB MULTI SECT COM TR,6726.0,207.0
46140H10,15.12,15.14,2019-08-22,DBA,INVESCO DB MULTI SECT COM TR,6726.0,207.0
46140H10,14.94,15.2,2019-08-23,DBA,INVESCO DB MULTI SECT COM TR,6726.0,207.0
46140H10,15.13,15.07,2019-08-26,DBA,INVESCO DB MULTI SECT COM TR,6726.0,207.0
46140H10,15.02,15.1,2019-08-27,DBA,INVESCO DB MULTI SECT COM TR,6726.0,207.0
46140H10,15.06,14.98,2019-08-28,DBA,INVESCO DB MULTI SECT COM TR,6726.0,207.0
46140H10,15.0,15.06,2019-08-29,DBA,INVESCO DB MULTI SECT COM TR,6726.0,207.0
46140H10,14.98,15.02,2019-08-30,DBA,INVESCO DB MULTI SECT COM TR,6726.0,207.0
46140H10,14.97,14.92,2019-09-03,DBA,INVESCO DB MULTI SECT COM TR,6726.0,207.0
46140H10,15.03,15.02,2019-09-04,DBA,INVESCO DB MULTI SECT COM TR,6726.0,207.0
46140H10,14.92,15.08,2019-09-05,DBA,INVESCO DB MULTI SECT COM TR,6726.0,207.0
46140H10,14.84,14.91,2019-09-06,DBA,INVESCO DB MULTI SECT COM TR,6726.0,207.0
46140H10,14.84,14.8,2019-09-09,DBA,INVESCO DB MULTI SECT COM TR,6726.0,207.0
46140H10,15.08,14.9,2019-09-10,DBA,INVESCO DB MULTI SECT COM TR,6726.0,207.0
46140H10,15.11,15.07,2019-09-11,DBA,INVESCO DB MULTI SECT COM TR,6726.0,207.0
46140H10,15.4,15.2,2019-09-12,DBA,INVESCO DB MULTI SECT COM TR,6726.0,207.0
46140H10,15.44,15.47,2019-09-13,DBA,INVESCO DB MULTI SECT COM TR,6726.0,207.0
46140H10,15.59,15.52,2019-09-16,DBA,INVESCO DB MULTI SECT COM TR,6726.0,207.0
46140H10,15.46,15.54,2019-09-17,DBA,INVESCO DB MULTI SECT COM TR,6726.0,207.0
46140H10,15.46,15.43,2019-09-18,DBA,INVESCO DB MULTI SECT COM TR,6726.0,207.0
46140H10,15.51,15.43,2019-09-19,DBA,INVESCO DB MULTI SECT COM TR,6726.0,207.0
46140H10,15.42,15.47,2019-09-20,DBA,INVESCO DB MULTI SECT COM TR,6726.0,207.0
46140H10,15.53,15.5,2019-09-23,DBA,INVESCO DB MULTI SECT COM TR,6726.0,207.0
46140H10,15.56,15.53,2019-09-24,DBA,INVESCO DB MULTI SECT COM TR,6726.0,207.0
46140H10,15.71,15.56,2019-09-25,DBA,INVESCO DB MULTI SECT COM TR,6726.0,207.0
46140H10,15.74,15.73,2019-09-26,DBA,INVESCO DB MULTI SECT COM TR,6726.0,207.0
46140H10,15.72,15.74,2019-09-27,DBA,INVESCO DB MULTI SECT COM TR,6726.0,207.0
46140H10,15.86,15.74,2019-09-30,DBA,INVESCO DB MULTI SECT COM TR,6726.0,207.0
46140H10,15.88,15.83,2019-10-01,DBA,INVESCO DB MULTI SECT COM TR,6726.0,207.0
46140H10,15.84,15.87,2019-10-02,DBA,INVESCO DB MULTI SECT COM TR,6726.0,207.0
46140H10,15.88,15.77,2019-10-03,DBA,INVESCO DB MULTI SECT COM TR,6726.0,207.0
46140H10,15.77,15.84,2019-10-04,DBA,INVESCO DB MULTI SECT COM TR,6726.0,207.0
46140H10,15.63,15.71,2019-10-07,DBA,INVESCO DB MULTI SECT COM TR,6726.0,207.0
46140H10,15.72,15.57,2019-10-08,DBA,INVESCO DB MULTI SECT COM TR,6726.0,207.0
46140H10,15.75,15.77,2019-10-09,DBA,INVESCO DB MULTI SECT COM TR,6726.0,207.0
46140H10,15.69,15.77,2019-10-10,DBA,INVESCO DB MULTI SECT COM TR,6726.0,207.0
46140H10,15.9,15.77,2019-10-11,DBA,INVESCO DB MULTI SECT COM TR,6726.0,207.0
46140H10,15.89,15.93,2019-10-14,DBA,INVESCO DB MULTI SECT COM TR,6726.0,207.0
46140H10,15.99,15.88,2019-10-15,DBA,INVESCO DB MULTI SECT COM TR,6726.0,207.0
46140H10,15.95,15.94,2019-10-16,DBA,INVESCO DB MULTI SECT COM TR,6726.0,207.0
46140H10,15.9,15.98,2019-10-17,DBA,INVESCO DB MULTI SECT COM TR,6726.0,207.0
46140H10,15.93,15.91,2019-10-18,DBA,INVESCO DB MULTI SECT COM TR,6726.0,207.0
46140H10,15.9,15.93,2019-10-21,DBA,INVESCO DB MULTI SECT COM TR,6726.0,207.0
46140H10,15.85,15.9,2019-10-22,DBA,INVESCO DB MULTI SECT COM TR,6726.0,207.0
46140H10,15.88,15.81,2019-10-23,DBA,INVESCO DB MULTI SECT COM TR,6726.0,207.0
46140H10,15.84,15.86,2019-10-24,DBA,INVESCO DB MULTI SECT COM TR,6726.0,207.0
46140H10,15.88,15.83,2019-10-25,DBA,INVESCO DB MULTI SECT COM TR,6726.0,207.0
46140H10,15.97,15.89,2019-10-28,DBA,INVESCO DB MULTI SECT COM TR,6726.0,207.0
46140H10,15.92,15.99,2019-10-29,DBA,INVESCO DB MULTI SECT COM TR,6726.0,207.0
46140H10,15.97,15.9,2019-10-30,DBA,INVESCO DB MULTI SECT COM TR,6726.0,207.0
46140H10,15.94,15.93,2019-10-31,DBA,INVESCO DB MULTI SECT COM TR,6726.0,207.0
46140H10,16.07,15.93,2019-11-01,DBA,INVESCO DB MULTI SECT COM TR,6726.0,207.0
46140H10,16.07,16.07,2019-11-04,DBA,INVESCO DB MULTI SECT COM TR,6726.0,207.0
46140H10,16.2,16.09,2019-11-05,DBA,INVESCO DB MULTI SECT COM TR,6726.0,207.0
46140H10,16.1,16.16,2019-11-06,DBA,INVESCO DB MULTI SECT COM TR,6726.0,207.0
46140H10,16.08,16.12,2019-11-07,DBA,INVESCO DB MULTI SECT COM TR,6726.0,207.0
46140H10,16.12,16.1,2019-11-08,DBA,INVESCO DB MULTI SECT COM TR,6726.0,207.0
46140H10,16.07,16.08,2019-11-11,DBA,INVESCO DB MULTI SECT COM TR,6726.0,207.0
46140H10,16.26,16.11,2019-11-12,DBA,INVESCO DB MULTI SECT COM TR,6726.0,207.0
46140H10,16.2,16.27,2019-11-13,DBA,INVESCO DB MULTI SECT COM TR,6726.0,207.0
46140H10,16.19,16.18,2019-11-14,DBA,INVESCO DB MULTI SECT COM TR,6726.0,207.0
46140H10,16.13,16.18,2019-11-15,DBA,INVESCO DB MULTI SECT COM TR,6726.0,207.0
46140H10,16.05,16.1,2019-11-18,DBA,INVESCO DB MULTI SECT COM TR,6726.0,207.0
46140H10,15.99,16.05,2019-11-19,DBA,INVESCO DB MULTI SECT COM TR,6726.0,207.0
46140H10,15.98,16.02,2019-11-20,DBA,INVESCO DB MULTI SECT COM TR,6726.0,207.0
46140H10,16.04,16.03,2019-11-21,DBA,INVESCO DB MULTI SECT COM TR,6726.0,207.0
46140H10,16.03,16.07,2019-11-22,DBA,INVESCO DB MULTI SECT COM TR,6726.0,207.0
46140H10,16.18,16.06,2019-11-25,DBA,INVESCO DB MULTI SECT COM TR,6726.0,207.0
46140H10,16.13,16.12,2019-11-26,DBA,INVESCO DB MULTI SECT COM TR,6726.0,207.0
46140H10,16.08,16.15,2019-11-27,DBA,INVESCO DB MULTI SECT COM TR,6726.0,207.0
46140H10,16.15,16.08,2019-11-29,DBA,INVESCO DB MULTI SECT COM TR,6726.0,207.0
46140H10,16.08,16.12,2019-12-02,DBA,INVESCO DB MULTI SECT COM TR,6726.0,207.0
46140H10,16.18,16.12,2019-12-03,DBA,INVESCO DB MULTI SECT COM TR,6726.0,207.0
46140H10,16.14,16.22,2019-12-04,DBA,INVESCO DB MULTI SECT COM TR,6726.0,207.0
46140H10,16.19,16.1,2019-12-05,DBA,INVESCO DB MULTI SECT COM TR,6726.0,207.0
46140H10,16.26,16.27,2019-12-06,DBA,INVESCO DB MULTI SECT COM TR,6726.0,207.0
46140H10,16.33,16.24,2019-12-09,DBA,INVESCO DB MULTI SECT COM TR,6726.0,207.0
46140H10,16.46,16.34,2019-12-10,DBA,INVESCO DB MULTI SECT COM TR,6726.0,207.0
46140H10,16.43,16.39,2019-12-11,DBA,INVESCO DB MULTI SECT COM TR,6726.0,207.0
46140H10,16.59,16.46,2019-12-12,DBA,INVESCO DB MULTI SECT COM TR,6726.0,207.0
46140H10,16.54,16.59,2019-12-13,DBA,INVESCO DB MULTI SECT COM TR,6726.0,207.0
46140H10,16.83,16.67,2019-12-16,DBA,INVESCO DB MULTI SECT COM TR,6726.0,207.0
46140H10,16.71,16.8,2019-12-17,DBA,INVESCO DB MULTI SECT COM TR,6726.0,207.0
46140H10,16.68,16.69,2019-12-18,DBA,INVESCO DB MULTI SECT COM TR,6726.0,207.0
46140H10,16.55,16.6,2019-12-19,DBA,INVESCO DB MULTI SECT COM TR,6726.0,207.0
46140H10,16.62,16.55,2019-12-20,DBA,INVESCO DB MULTI SECT COM TR,6726.0,207.0
46140H10,16.26,16.48,2019-12-23,DBA,INVESCO DB MULTI SECT COM TR,6726.0,207.0
46140H10,16.34,16.28,2019-12-24,DBA,INVESCO DB MULTI SECT COM TR,6726.0,207.0
46140H10,16.37,16.38,2019-12-26,DBA,INVESCO DB MULTI SECT COM TR,6726.0,207.0
46140H10,16.52,16.47,2019-12-27,DBA,INVESCO DB MULTI SECT COM TR,6726.0,207.0
46140H10,16.53,16.56,2019-12-30,DBA,INVESCO DB MULTI SECT COM TR,6726.0,207.0
46140H10,16.56,16.63,2019-12-31,DBA,INVESCO DB MULTI SECT COM TR,6726.0,207.0
46140H10,16.5,16.66,2020-01-02,DBA,INVESCO DB MULTI SECT COM TR,6726.0,207.0
46140H10,16.31,16.48,2020-01-03,DBA,INVESCO DB MULTI SECT COM TR,6726.0,207.0
46140H10,16.35,16.41,2020-01-06,DBA,INVESCO DB MULTI SECT COM TR,6726.0,207.0
46140H10,16.39,16.31,2020-01-07,DBA,INVESCO DB MULTI SECT COM TR,6726.0,207.0
46140H10,16.31,16.34,2020-01-08,DBA,INVESCO DB MULTI SECT COM TR,6726.0,207.0
46140H10,16.35,16.34,2020-01-09,DBA,INVESCO DB MULTI SECT COM TR,6726.0,207.0
46140H10,16.5,16.4,2020-01-10,DBA,INVESCO DB MULTI SECT COM TR,6726.0,207.0
46140H10,16.4,16.6,2020-01-13,DBA,INVESCO DB MULTI SECT COM TR,6726.0,207.0
46140H10,16.49,16.44,2020-01-14,DBA,INVESCO DB MULTI SECT COM TR,6726.0,207.0
46140H10,16.53,16.53,2020-01-15,DBA,INVESCO DB MULTI SECT COM TR,6726.0,207.0
46140H10,16.35,16.53,2020-01-16,DBA,INVESCO DB MULTI SECT COM TR,6726.0,207.0
46140H10,16.5,16.37,2020-01-17,DBA,INVESCO DB MULTI SECT COM TR,6726.0,207.0
46140H10,16.49,16.51,2020-01-21,DBA,INVESCO DB MULTI SECT COM TR,6726.0,207.0
46140H10,16.45,16.55,2020-01-22,DBA,INVESCO DB MULTI SECT COM TR,6726.0,207.0
46140H10,16.41,16.54,2020-01-23,DBA,INVESCO DB MULTI SECT COM TR,6726.0,207.0
46140H10,16.23,16.35,2020-01-24,DBA,INVESCO DB MULTI SECT COM TR,6726.0,207.0
46140H10,15.97,16.11,2020-01-27,DBA,INVESCO DB MULTI SECT COM TR,6726.0,207.0
46140H10,16.0,15.97,2020-01-28,DBA,INVESCO DB MULTI SECT COM TR,6726.0,207.0
46140H10,15.86,15.96,2020-01-29,DBA,INVESCO DB MULTI SECT COM TR,6726.0,207.0
46140H10,15.74,15.83,2020-01-30,DBA,INVESCO DB MULTI SECT COM TR,6726.0,207.0
46140H10,15.65,15.71,2020-01-31,DBA,INVESCO DB MULTI SECT COM TR,6726.0,207.0
46140H10,15.62,15.55,2020-02-03,DBA,INVESCO DB MULTI SECT COM TR,6726.0,207.0
46140H10,15.65,15.71,2020-02-04,DBA,INVESCO DB MULTI SECT COM TR,6726.0,207.0
46140H10,15.66,15.72,2020-02-05,DBA,INVESCO DB MULTI SECT COM TR,6726.0,207.0
46140H10,15.77,15.66,2020-02-06,DBA,INVESCO DB MULTI SECT COM TR,6726.0,207.0
46140H10,15.84,15.78,2020-02-07,DBA,INVESCO DB MULTI SECT COM TR,6726.0,207.0
46140H10,15.82,15.8,2020-02-10,DBA,INVESCO DB MULTI SECT COM TR,6726.0,207.0
46140H10,15.82,15.83,2020-02-11,DBA,INVESCO DB MULTI SECT COM TR,6726.0,207.0
46140H10,15.83,15.84,2020-02-12,DBA,INVESCO DB MULTI SECT COM TR,6726.0,207.0
46140H10,15.91,15.86,2020-02-13,DBA,INVESCO DB MULTI SECT COM TR,6726.0,207.0
46140H10,15.94,15.96,2020-02-14,DBA,INVESCO DB MULTI SECT COM TR,6726.0,207.0
46140H10,16.06,16.02,2020-02-18,DBA,INVESCO DB MULTI SECT COM TR,6726.0,207.0
46140H10,16.05,16.05,2020-02-19,DBA,INVESCO DB MULTI SECT COM TR,6726.0,207.0
46140H10,15.95,16.0,2020-02-20,DBA,INVESCO DB MULTI SECT COM TR,6726.0,207.0
46140H10,15.97,16.01,2020-02-21,DBA,INVESCO DB MULTI SECT COM TR,6726.0,207.0
46140H10,15.65,15.68,2020-02-24,DBA,INVESCO DB MULTI SECT COM TR,6726.0,207.0
46140H10,15.64,15.63,2020-02-25,DBA,INVESCO DB MULTI SECT COM TR,6726.0,207.0
46140H10,15.57,15.56,2020-02-26,DBA,INVESCO DB MULTI SECT COM TR,6726.0,207.0
46140H10,15.35,15.48,2020-02-27,DBA,INVESCO DB MULTI SECT COM TR,6726.0,207.0
46140H10,15.25,15.18,2020-02-28,DBA,INVESCO DB MULTI SECT COM TR,6726.0,207.0
46140H10,15.43,15.35,2020-03-02,DBA,INVESCO DB MULTI SECT COM TR,6726.0,207.0
46140H10,15.53,15.51,2020-03-03,DBA,INVESCO DB MULTI SECT COM TR,6726.0,207.0
46140H10,15.43,15.52,2020-03-04,DBA,INVESCO DB MULTI SECT COM TR,6726.0,207.0
46140H10,15.23,15.34,2020-03-05,DBA,INVESCO DB MULTI SECT COM TR,6726.0,207.0
46140H10,15.03,15.16,2020-03-06,DBA,INVESCO DB MULTI SECT COM TR,6726.0,207.0
46140H10,14.77,14.73,2020-03-09,DBA,INVESCO DB MULTI SECT COM TR,6726.0,207.0
46140H10,15.01,14.92,2020-03-10,DBA,INVESCO DB MULTI SECT COM TR,6726.0,207.0
46140H10,14.84,14.94,2020-03-11,DBA,INVESCO DB MULTI SECT COM TR,6726.0,207.0
46140H10,14.27,14.56,2020-03-12,DBA,INVESCO DB MULTI SECT COM TR,6726.0,207.0
46140H10,14.25,14.53,2020-03-13,DBA,INVESCO DB MULTI SECT COM TR,6726.0,207.0
46140H10,13.65,13.75,2020-03-16,DBA,INVESCO DB MULTI SECT COM TR,6726.0,207.0
46140H10,13.63,13.54,2020-03-17,DBA,INVESCO DB MULTI SECT COM TR,6726.0,207.0
46140H10,13.71,13.54,2020-03-18,DBA,INVESCO DB MULTI SECT COM TR,6726.0,207.0
46140H10,13.88,13.76,2020-03-19,DBA,INVESCO DB MULTI SECT COM TR,6726.0,207.0
46140H10,13.99,14.0,2020-03-20,DBA,INVESCO DB MULTI SECT COM TR,6726.0,207.0
46140H10,14.34,13.93,2020-03-23,DBA,INVESCO DB MULTI SECT COM TR,6726.0,207.0
46140H10,14.7,14.5,2020-03-24,DBA,INVESCO DB MULTI SECT COM TR,6726.0,207.0
46140H10,14.68,14.67,2020-03-25,DBA,INVESCO DB MULTI SECT COM TR,6726.0,207.0
46140H10,14.47,14.68,2020-03-26,DBA,INVESCO DB MULTI SECT COM TR,6726.0,207.0
46140H10,14.13,14.38,2020-03-27,DBA,INVESCO DB MULTI SECT COM TR,6726.0,207.0
46140H10,14.02,14.13,2020-03-30,DBA,INVESCO DB MULTI SECT COM TR,6726.0,207.0
46140H10,14.07,14.03,2020-03-31,DBA,INVESCO DB MULTI SECT COM TR,6726.0,207.0
46140H10,13.63,13.95,2020-04-01,DBA,INVESCO DB MULTI SECT COM TR,6726.0,207.0
46140H10,13.6,13.77,2020-04-02,DBA,INVESCO DB MULTI SECT COM TR,6726.0,207.0
46140H10,13.45,13.54,2020-04-03,DBA,INVESCO DB MULTI SECT COM TR,6726.0,207.0
46140H10,13.63,13.51,2020-04-06,DBA,INVESCO DB MULTI SECT COM TR,6726.0,207.0
46140H10,13.88,13.75,2020-04-07,DBA,INVESCO DB MULTI SECT COM TR,6726.0,207.0
46140H10,13.93,13.9,2020-04-08,DBA,INVESCO DB MULTI SECT COM TR,6726.0,207.0
46140H10,13.78,14.1,2020-04-09,DBA,INVESCO DB MULTI SECT COM TR,6726.0,207.0
46140H10,13.58,13.87,2020-04-13,DBA,INVESCO DB MULTI SECT COM TR,6726.0,207.0
46140H10,13.6,13.58,2020-04-14,DBA,INVESCO DB MULTI SECT COM TR,6726.0,207.0
46140H10,13.53,13.49,2020-04-15,DBA,INVESCO DB MULTI SECT COM TR,6726.0,207.0
46140H10,13.49,13.53,2020-04-16,DBA,INVESCO DB MULTI SECT COM TR,6726.0,207.0
46140H10,13.65,13.68,2020-04-17,DBA,INVESCO DB MULTI SECT COM TR,6726.0,207.0
46140H10,13.53,13.68,2020-04-20,DBA,INVESCO DB MULTI SECT COM TR,6726.0,207.0
46140H10,13.4,13.3,2020-04-21,DBA,INVESCO DB MULTI SECT COM TR,6726.0,207.0
46140H10,13.43,13.4,2020-04-22,DBA,INVESCO DB MULTI SECT COM TR,6726.0,207.0
46140H10,13.56,13.53,2020-04-23,DBA,INVESCO DB MULTI SECT COM TR,6726.0,207.0
46140H10,13.32,13.56,2020-04-24,DBA,INVESCO DB MULTI SECT COM TR,6726.0,207.0
46140H10,13.23,13.28,2020-04-27,DBA,INVESCO DB MULTI SECT COM TR,6726.0,207.0
46140H10,13.35,13.3,2020-04-28,DBA,INVESCO DB MULTI SECT COM TR,6726.0,207.0
46140H10,13.37,13.42,2020-04-29,DBA,INVESCO DB MULTI SECT COM TR,6726.0,207.0
46140H10,13.69,13.35,2020-04-30,DBA,INVESCO DB MULTI SECT COM TR,6726.0,207.0
46140H10,13.73,13.67,2020-05-01,DBA,INVESCO DB MULTI SECT COM TR,6726.0,207.0
46140H10,13.68,13.63,2020-05-04,DBA,INVESCO DB MULTI SECT COM TR,6726.0,207.0
46140H10,13.66,13.77,2020-05-05,DBA,INVESCO DB MULTI SECT COM TR,6726.0,207.0
46140H10,13.66,13.68,2020-05-06,DBA,INVESCO DB MULTI SECT COM TR,6726.0,207.0
46140H10,13.85,13.75,2020-05-07,DBA,INVESCO DB MULTI SECT COM TR,6726.0,207.0
46140H10,13.87,13.9,2020-05-08,DBA,INVESCO DB MULTI SECT COM TR,6726.0,207.0
46140H10,13.75,13.95,2020-05-11,DBA,INVESCO DB MULTI SECT COM TR,6726.0,207.0
46140H10,13.76,13.75,2020-05-12,DBA,INVESCO DB MULTI SECT COM TR,6726.0,207.0
46140H10,13.55,13.75,2020-05-13,DBA,INVESCO DB MULTI SECT COM TR,6726.0,207.0
46140H10,13.53,13.54,2020-05-14,DBA,INVESCO DB MULTI SECT COM TR,6726.0,207.0
46140H10,13.53,13.6,2020-05-15,DBA,INVESCO DB MULTI SECT COM TR,6726.0,207.0
46140H10,13.61,13.65,2020-05-18,DBA,INVESCO DB MULTI SECT COM TR,6726.0,207.0
46140H10,13.61,13.63,2020-05-19,DBA,INVESCO DB MULTI SECT COM TR,6726.0,207.0
46140H10,13.68,13.69,2020-05-20,DBA,INVESCO DB MULTI SECT COM TR,6726.0,207.0
46140H10,13.57,13.69,2020-05-21,DBA,INVESCO DB MULTI SECT COM TR,6726.0,207.0
46140H10,13.51,13.53,2020-05-22,DBA,INVESCO DB MULTI SECT COM TR,6726.0,207.0
46140H10,13.75,13.66,2020-05-26,DBA,INVESCO DB MULTI SECT COM TR,6726.0,207.0
46140H10,13.64,13.63,2020-05-27,DBA,INVESCO DB MULTI SECT COM TR,6726.0,207.0
46140H10,13.67,13.64,2020-05-28,DBA,INVESCO DB MULTI SECT COM TR,6726.0,207.0
46140H10,13.66,13.59,2020-05-29,DBA,INVESCO DB MULTI SECT COM TR,6726.0,207.0
46140H10,13.67,13.57,2020-06-01,DBA,INVESCO DB MULTI SECT COM TR,6726.0,207.0
46140H10,13.6,13.7,2020-06-02,DBA,INVESCO DB MULTI SECT COM TR,6726.0,207.0
46140H10,13.68,13.6,2020-06-03,DBA,INVESCO DB MULTI SECT COM TR,6726.0,207.0
46140H10,13.82,13.68,2020-06-04,DBA,INVESCO DB MULTI SECT COM TR,6726.0,207.0
46140H10,13.85,13.88,2020-06-05,DBA,INVESCO DB MULTI SECT COM TR,6726.0,207.0
46140H10,13.84,13.89,2020-06-08,DBA,INVESCO DB MULTI SECT COM TR,6726.0,207.0
46140H10,13.85,13.83,2020-06-09,DBA,INVESCO DB MULTI SECT COM TR,6726.0,207.0
46140H10,13.79,13.88,2020-06-10,DBA,INVESCO DB MULTI SECT COM TR,6726.0,207.0
46140H10,13.6,13.69,2020-06-11,DBA,INVESCO DB MULTI SECT COM TR,6726.0,207.0
46140H10,13.61,13.68,2020-06-12,DBA,INVESCO DB MULTI SECT COM TR,6726.0,207.0
46140H10,13.53,13.45,2020-06-15,DBA,INVESCO DB MULTI SECT COM TR,6726.0,207.0
46140H10,13.53,13.66,2020-06-16,DBA,INVESCO DB MULTI SECT COM TR,6726.0,207.0
46140H10,13.53,13.5,2020-06-17,DBA,INVESCO DB MULTI SECT COM TR,6726.0,207.0
46140H10,13.49,13.51,2020-06-18,DBA,INVESCO DB MULTI SECT COM TR,6726.0,207.0
46140H10,13.49,13.54,2020-06-19,DBA,INVESCO DB MULTI SECT COM TR,6726.0,207.0
46140H10,13.48,13.45,2020-06-22,DBA,INVESCO DB MULTI SECT COM TR,6726.0,207.0
46140H10,13.5,13.43,2020-06-23,DBA,INVESCO DB MULTI SECT COM TR,6726.0,207.0
46140H10,13.395,13.49,2020-06-24,DBA,INVESCO DB MULTI SECT COM TR,6726.0,207.0
46140H10,13.42,13.45,2020-06-25,DBA,INVESCO DB MULTI SECT COM TR,6726.0,207.0
46140H10,13.16,13.33,2020-06-26,DBA,INVESCO DB MULTI SECT COM TR,6726.0,207.0
46140H10,13.35,13.24,2020-06-29,DBA,INVESCO DB MULTI SECT COM TR,6726.0,207.0
46140H10,13.505,13.36,2020-06-30,DBA,INVESCO DB MULTI SECT COM TR,6726.0,207.0
46140H10,13.68,13.58,2020-07-01,DBA,INVESCO DB MULTI SECT COM TR,6726.0,207.0
46140H10,13.63,13.68,2020-07-02,DBA,INVESCO DB MULTI SECT COM TR,6726.0,207.0
46140H10,13.56,13.66,2020-07-06,DBA,INVESCO DB MULTI SECT COM TR,6726.0,207.0
46140H10,13.61,13.52,2020-07-07,DBA,INVESCO DB MULTI SECT COM TR,6726.0,207.0
46140H10,13.66,13.63,2020-07-08,DBA,INVESCO DB MULTI SECT COM TR,6726.0,207.0
46140H10,13.71,13.74,2020-07-09,DBA,INVESCO DB MULTI SECT COM TR,6726.0,207.0
46140H10,13.56,13.69,2020-07-10,DBA,INVESCO DB MULTI SECT COM TR,6726.0,207.0
46140H10,13.44,13.57,2020-07-13,DBA,INVESCO DB MULTI SECT COM TR,6726.0,207.0
46140H10,13.39,13.42,2020-07-14,DBA,INVESCO DB MULTI SECT COM TR,6726.0,207.0
46140H10,13.59,13.41,2020-07-15,DBA,INVESCO DB MULTI SECT COM TR,6726.0,207.0
46140H10,13.66,13.59,2020-07-16,DBA,INVESCO DB MULTI SECT COM TR,6726.0,207.0
46140H10,13.71,13.72,2020-07-17,DBA,INVESCO DB MULTI SECT COM TR,6726.0,207.0
46140H10,13.61,13.7,2020-07-20,DBA,INVESCO DB MULTI SECT COM TR,6726.0,207.0
46140H10,13.57,13.59,2020-07-21,DBA,INVESCO DB MULTI SECT COM TR,6726.0,207.0
46140H10,13.8,13.66,2020-07-22,DBA,INVESCO DB MULTI SECT COM TR,6726.0,207.0
46140H10,13.73,13.8,2020-07-23,DBA,INVESCO DB MULTI SECT COM TR,6726.0,207.0
46140H10,13.75,13.75,2020-07-24,DBA,INVESCO DB MULTI SECT COM TR,6726.0,207.0
46140H10,13.87,13.86,2020-07-27,DBA,INVESCO DB MULTI SECT COM TR,6726.0,207.0
46140H10,13.79,13.77,2020-07-28,DBA,INVESCO DB MULTI SECT COM TR,6726.0,207.0
46140H10,13.91,13.87,2020-07-29,DBA,INVESCO DB MULTI SECT COM TR,6726.0,207.0
46140H10,13.96,13.92,2020-07-30,DBA,INVESCO DB MULTI SECT COM TR,6726.0,207.0
46140H10,14.18,14.03,2020-07-31,DBA,INVESCO DB MULTI SECT COM TR,6726.0,207.0
46140H10,14.16,14.18,2020-08-03,DBA,INVESCO DB MULTI SECT COM TR,6726.0,207.0
46140H10,14.12,14.16,2020-08-04,DBA,INVESCO DB MULTI SECT COM TR,6726.0,207.0
46140H10,14.18,14.17,2020-08-05,DBA,INVESCO DB MULTI SECT COM TR,6726.0,207.0
46140H10,14.14,14.19,2020-08-06,DBA,INVESCO DB MULTI SECT COM TR,6726.0,207.0
46140H10,13.99,14.11,2020-08-07,DBA,INVESCO DB MULTI SECT COM TR,6726.0,207.0
46140H10,13.97,14.0,2020-08-10,DBA,INVESCO DB MULTI SECT COM TR,6726.0,207.0
46140H10,13.93,13.92,2020-08-11,DBA,INVESCO DB MULTI SECT COM TR,6726.0,207.0
46140H10,14.05,13.97,2020-08-12,DBA,INVESCO DB MULTI SECT COM TR,6726.0,207.0
46140H10,14.28,14.14,2020-08-13,DBA,INVESCO DB MULTI SECT COM TR,6726.0,207.0
46140H10,14.23,14.31,2020-08-14,DBA,INVESCO DB MULTI SECT COM TR,6726.0,207.0
46140H10,14.33,14.26,2020-08-17,DBA,INVESCO DB MULTI SECT COM TR,6726.0,207.0
46140H10,14.32,14.38,2020-08-18,DBA,INVESCO DB MULTI SECT COM TR,6726.0,207.0
46140H10,14.38,14.35,2020-08-19,DBA,INVESCO DB MULTI SECT COM TR,6726.0,207.0
46140H10,14.31,14.35,2020-08-20,DBA,INVESCO DB MULTI SECT COM TR,6726.0,207.0
46140H10,14.29,14.27,2020-08-21,DBA,INVESCO DB MULTI SECT COM TR,6726.0,207.0
46140H10,14.29,14.4,2020-08-24,DBA,INVESCO DB MULTI SECT COM TR,6726.0,207.0
46140H10,14.5,14.36,2020-08-25,DBA,INVESCO DB MULTI SECT COM TR,6726.0,207.0
46140H10,14.42,14.51,2020-08-26,DBA,INVESCO DB MULTI SECT COM TR,6726.0,207.0
46140H10,14.6,14.52,2020-08-27,DBA,INVESCO DB MULTI SECT COM TR,6726.0,207.0
46140H10,14.65,14.64,2020-08-28,DBA,INVESCO DB MULTI SECT COM TR,6726.0,207.0
46140H10,14.74,14.74,2020-08-31,DBA,INVESCO DB MULTI SECT COM TR,6726.0,207.0
46140H10,14.81,14.77,2020-09-01,DBA,INVESCO DB MULTI SECT COM TR,6726.0,207.0
46140H10,14.79,14.76,2020-09-02,DBA,INVESCO DB MULTI SECT COM TR,6726.0,207.0
46140H10,14.67,14.78,2020-09-03,DBA,INVESCO DB MULTI SECT COM TR,6726.0,207.0
46140H10,14.75,14.73,2020-09-04,DBA,INVESCO DB MULTI SECT COM TR,6726.0,207.0
46140H10,14.67,14.54,2020-09-08,DBA,INVESCO DB MULTI SECT COM TR,6726.0,207.0
46140H10,14.62,14.67,2020-09-09,DBA,INVESCO DB MULTI SECT COM TR,6726.0,207.0
46140H10,14.72,14.7,2020-09-10,DBA,INVESCO DB MULTI SECT COM TR,6726.0,207.0
46140H10,14.86,14.77,2020-09-11,DBA,INVESCO DB MULTI SECT COM TR,6726.0,207.0
46140H10,14.71,14.85,2020-09-14,DBA,INVESCO DB MULTI SECT COM TR,6726.0,207.0
46140H10,14.75,14.76,2020-09-15,DBA,INVESCO DB MULTI SECT COM TR,6726.0,207.0
46140H10,14.72,14.72,2020-09-16,DBA,INVESCO DB MULTI SECT COM TR,6726.0,207.0
46140H10,14.89,14.7,2020-09-17,DBA,INVESCO DB MULTI SECT COM TR,6726.0,207.0
46140H10,14.98,14.92,2020-09-18,DBA,INVESCO DB MULTI SECT COM TR,6726.0,207.0
46140H10,14.72,14.93,2020-09-21,DBA,INVESCO DB MULTI SECT COM TR,6726.0,207.0
46140H10,14.67,14.73,2020-09-22,DBA,INVESCO DB MULTI SECT COM TR,6726.0,207.0
46140H10,14.62,14.65,2020-09-23,DBA,INVESCO DB MULTI SECT COM TR,6726.0,207.0
46140H10,14.62,14.6,2020-09-24,DBA,INVESCO DB MULTI SECT COM TR,6726.0,207.0
46140H10,14.63,14.62,2020-09-25,DBA,INVESCO DB MULTI SECT COM TR,6726.0,207.0
46140H10,14.53,14.63,2020-09-28,DBA,INVESCO DB MULTI SECT COM TR,6726.0,207.0
46140H10,14.54,14.51,2020-09-29,DBA,INVESCO DB MULTI SECT COM TR,6726.0,207.0
46140H10,14.74,14.54,2020-09-30,DBA,INVESCO DB MULTI SECT COM TR,6726.0,207.0
46140H10,14.65,14.72,2020-10-01,DBA,INVESCO DB MULTI SECT COM TR,6726.0,207.0
46140H10,14.64,14.55,2020-10-02,DBA,INVESCO DB MULTI SECT COM TR,6726.0,207.0
46140H10,14.71,14.7,2020-10-05,DBA,INVESCO DB MULTI SECT COM TR,6726.0,207.0
46140H10,14.71,14.72,2020-10-06,DBA,INVESCO DB MULTI SECT COM TR,6726.0,207.0
46140H10,14.92,14.83,2020-10-07,DBA,INVESCO DB MULTI SECT COM TR,6726.0,207.0
46140H10,14.91,15.0,2020-10-08,DBA,INVESCO DB MULTI SECT COM TR,6726.0,207.0
46140H10,14.96,14.93,2020-10-09,DBA,INVESCO DB MULTI SECT COM TR,6726.0,207.0
46140H10,14.79,14.96,2020-10-12,DBA,INVESCO DB MULTI SECT COM TR,6726.0,207.0
46140H10,14.81,14.81,2020-10-13,DBA,INVESCO DB MULTI SECT COM TR,6726.0,207.0
46140H10,14.89,14.81,2020-10-14,DBA,INVESCO DB MULTI SECT COM TR,6726.0,207.0
46140H10,14.87,14.76,2020-10-15,DBA,INVESCO DB MULTI SECT COM TR,6726.0,207.0
46140H10,14.82,14.9,2020-10-16,DBA,INVESCO DB MULTI SECT COM TR,6726.0,207.0
46140H10,14.88,14.92,2020-10-19,DBA,INVESCO DB MULTI SECT COM TR,6726.0,207.0
46140H10,14.87,14.88,2020-10-20,DBA,INVESCO DB MULTI SECT COM TR,6726.0,207.0
46140H10,14.88,14.92,2020-10-21,DBA,INVESCO DB MULTI SECT COM TR,6726.0,207.0
46140H10,14.92,14.93,2020-10-22,DBA,INVESCO DB MULTI SECT COM TR,6726.0,207.0
46140H10,14.94,14.91,2020-10-23,DBA,INVESCO DB MULTI SECT COM TR,6726.0,207.0
46140H10,14.89,14.88,2020-10-26,DBA,INVESCO DB MULTI SECT COM TR,6726.0,207.0
46140H10,14.79,14.89,2020-10-27,DBA,INVESCO DB MULTI SECT COM TR,6726.0,207.0
46140H10,14.59,14.59,2020-10-28,DBA,INVESCO DB MULTI SECT COM TR,6726.0,207.0
46140H10,14.54,14.57,2020-10-29,DBA,INVESCO DB MULTI SECT COM TR,6726.0,207.0
46140H10,14.55,14.53,2020-10-30,DBA,INVESCO DB MULTI SECT COM TR,6726.0,207.0
46140H10,14.56,14.53,2020-11-02,DBA,INVESCO DB MULTI SECT COM TR,6726.0,207.0
46140H10,14.62,14.66,2020-11-03,DBA,INVESCO DB MULTI SECT COM TR,6726.0,207.0
46140H10,14.68,14.63,2020-11-04,DBA,INVESCO DB MULTI SECT COM TR,6726.0,207.0
46140H10,14.81,14.78,2020-11-05,DBA,INVESCO DB MULTI SECT COM TR,6726.0,207.0
46140H10,14.88,14.87,2020-11-06,DBA,INVESCO DB MULTI SECT COM TR,6726.0,207.0
46140H10,14.95,14.98,2020-11-09,DBA,INVESCO DB MULTI SECT COM TR,6726.0,207.0
46140H10,15.12,14.93,2020-11-10,DBA,INVESCO DB MULTI SECT COM TR,6726.0,207.0
46140H10,15.09,15.14,2020-11-11,DBA,INVESCO DB MULTI SECT COM TR,6726.0,207.0
46140H10,15.01,15.04,2020-11-12,DBA,INVESCO DB MULTI SECT COM TR,6726.0,207.0
46140H10,15.02,15.0,2020-11-13,DBA,INVESCO DB MULTI SECT COM TR,6726.0,207.0
46140H10,15.23,15.15,2020-11-16,DBA,INVESCO DB MULTI SECT COM TR,6726.0,207.0
46140H10,15.36,15.29,2020-11-17,DBA,INVESCO DB MULTI SECT COM TR,6726.0,207.0
46140H10,15.46,15.43,2020-11-18,DBA,INVESCO DB MULTI SECT COM TR,6726.0,207.0
46140H10,15.4,15.42,2020-11-19,DBA,INVESCO DB MULTI SECT COM TR,6726.0,207.0
46140H10,15.39,15.46,2020-11-20,DBA,INVESCO DB MULTI SECT COM TR,6726.0,207.0
46140H10,15.51,15.45,2020-11-23,DBA,INVESCO DB MULTI SECT COM TR,6726.0,207.0
46140H10,15.57,15.41,2020-11-24,DBA,INVESCO DB MULTI SECT COM TR,6726.0,207.0
46140H10,15.48,15.55,2020-11-25,DBA,INVESCO DB MULTI SECT COM TR,6726.0,207.0
46140H10,15.66,15.55,2020-11-27,DBA,INVESCO DB MULTI SECT COM TR,6726.0,207.0
46140H10,15.56,15.69,2020-11-30,DBA,INVESCO DB MULTI SECT COM TR,6726.0,207.0
46140H10,15.39,15.6,2020-12-01,DBA,INVESCO DB MULTI SECT COM TR,6726.0,207.0
46140H10,15.42,15.31,2020-12-02,DBA,INVESCO DB MULTI SECT COM TR,6726.0,207.0
46140H10,15.38,15.5,2020-12-03,DBA,INVESCO DB MULTI SECT COM TR,6726.0,207.0
46140H10,15.3,15.35,2020-12-04,DBA,INVESCO DB MULTI SECT COM TR,6726.0,207.0
46140H10,15.29,15.24,2020-12-07,DBA,INVESCO DB MULTI SECT COM TR,6726.0,207.0
46140H10,15.24,15.24,2020-12-08,DBA,INVESCO DB MULTI SECT COM TR,6726.0,207.0
46140H10,15.27,15.23,2020-12-09,DBA,INVESCO DB MULTI SECT COM TR,6726.0,207.0
46140H10,15.34,15.33,2020-12-10,DBA,INVESCO DB MULTI SECT COM TR,6726.0,207.0
46140H10,15.48,15.43,2020-12-11,DBA,INVESCO DB MULTI SECT COM TR,6726.0,207.0
46140H10,15.48,15.44,2020-12-14,DBA,INVESCO DB MULTI SECT COM TR,6726.0,207.0
46140H10,15.51,15.48,2020-12-15,DBA,INVESCO DB MULTI SECT COM TR,6726.0,207.0
46140H10,15.52,15.55,2020-12-16,DBA,INVESCO DB MULTI SECT COM TR,6726.0,207.0
46140H10,15.61,15.56,2020-12-17,DBA,INVESCO DB MULTI SECT COM TR,6726.0,207.0
46140H10,15.61,15.57,2020-12-18,DBA,INVESCO DB MULTI SECT COM TR,6726.0,207.0
46140H10,15.68,15.53,2020-12-21,DBA,INVESCO DB MULTI SECT COM TR,6726.0,207.0
46140H10,15.62,15.69,2020-12-22,DBA,INVESCO DB MULTI SECT COM TR,6726.0,207.0
46140H10,15.78,15.72,2020-12-23,DBA,INVESCO DB MULTI SECT COM TR,6726.0,207.0
46140H10,15.83,15.8,2020-12-24,DBA,INVESCO DB MULTI SECT COM TR,6726.0,207.0
46140H10,15.77,15.8,2020-12-28,DBA,INVESCO DB MULTI SECT COM TR,6726.0,207.0
46140H10,15.82,15.75,2020-12-29,DBA,INVESCO DB MULTI SECT COM TR,6726.0,207.0
46140H10,15.98,15.84,2020-12-30,DBA,INVESCO DB MULTI SECT COM TR,6726.0,207.0
46140H10,16.14,16.01,2020-12-31,DBA,INVESCO DB MULTI SECT COM TR,6726.0,207.0
46140H10,16.11,16.32,2021-01-04,DBA,INVESCO DB MULTI SECT COM TR,6726.0,207.0
46140H10,16.2,16.11,2021-01-05,DBA,INVESCO DB MULTI SECT COM TR,6726.0,207.0
46140H10,16.13,16.19,2021-01-06,DBA,INVESCO DB MULTI SECT COM TR,6726.0,207.0
46140H10,16.12,16.12,2021-01-07,DBA,INVESCO DB MULTI SECT COM TR,6726.0,207.0
46140H10,16.14,16.12,2021-01-08,DBA,INVESCO DB MULTI SECT COM TR,6726.0,207.0
46140H10,16.02,16.08,2021-01-11,DBA,INVESCO DB MULTI SECT COM TR,6726.0,207.0
46140H10,16.27,16.07,2021-01-12,DBA,INVESCO DB MULTI SECT COM TR,6726.0,207.0
46140H10,16.33,16.4,2021-01-13,DBA,INVESCO DB MULTI SECT COM TR,6726.0,207.0
46140H10,16.51,16.33,2021-01-14,DBA,INVESCO DB MULTI SECT COM TR,6726.0,207.0
46140H10,16.56,16.57,2021-01-15,DBA,INVESCO DB MULTI SECT COM TR,6726.0,207.0
46140H10,16.52,16.63,2021-01-19,DBA,INVESCO DB MULTI SECT COM TR,6726.0,207.0
46140H10,16.44,16.45,2021-01-20,DBA,INVESCO DB MULTI SECT COM TR,6726.0,207.0
46140H10,16.47,16.5,2021-01-21,DBA,INVESCO DB MULTI SECT COM TR,6726.0,207.0
46140H10,16.21,16.29,2021-01-22,DBA,INVESCO DB MULTI SECT COM TR,6726.0,207.0
46140H10,16.33,16.15,2021-01-25,DBA,INVESCO DB MULTI SECT COM TR,6726.0,207.0
46140H10,16.49,16.4,2021-01-26,DBA,INVESCO DB MULTI SECT COM TR,6726.0,207.0
46140H10,16.43,16.52,2021-01-27,DBA,INVESCO DB MULTI SECT COM TR,6726.0,207.0
46140H10,16.3,16.46,2021-01-28,DBA,INVESCO DB MULTI SECT COM TR,6726.0,207.0
46140H10,16.39,16.35,2021-01-29,DBA,INVESCO DB MULTI SECT COM TR,6726.0,207.0
46140H10,16.45,16.46,2021-02-01,DBA,INVESCO DB MULTI SECT COM TR,6726.0,207.0
46140H10,16.48,16.37,2021-02-02,DBA,INVESCO DB MULTI SECT COM TR,6726.0,207.0
46140H10,16.5,16.43,2021-02-03,DBA,INVESCO DB MULTI SECT COM TR,6726.0,207.0
46140H10,16.56,16.5,2021-02-04,DBA,INVESCO DB MULTI SECT COM TR,6726.0,207.0
46140H10,16.67,16.61,2021-02-05,DBA,INVESCO DB MULTI SECT COM TR,6726.0,207.0
46140H10,16.75,16.73,2021-02-08,DBA,INVESCO DB MULTI SECT COM TR,6726.0,207.0
46140H10,16.75,16.77,2021-02-09,DBA,INVESCO DB MULTI SECT COM TR,6726.0,207.0
46140H10,16.62,16.7,2021-02-10,DBA,INVESCO DB MULTI SECT COM TR,6726.0,207.0
46140H10,16.66,16.63,2021-02-11,DBA,INVESCO DB MULTI SECT COM TR,6726.0,207.0
46140H10,16.69,16.67,2021-02-12,DBA,INVESCO DB MULTI SECT COM TR,6726.0,207.0
46140H10,16.96,16.858,2021-02-16,DBA,INVESCO DB MULTI SECT COM TR,6726.0,207.0
46140H10,16.89,16.96,2021-02-17,DBA,INVESCO DB MULTI SECT COM TR,6726.0,207.0
46140H10,16.95,16.96,2021-02-18,DBA,INVESCO DB MULTI SECT COM TR,6726.0,207.0
46140H10,17.05,17.04,2021-02-19,DBA,INVESCO DB MULTI SECT COM TR,6726.0,207.0
46140H10,17.29,17.1,2021-02-22,DBA,INVESCO DB MULTI SECT COM TR,6726.0,207.0
46140H10,17.37,17.34,2021-02-23,DBA,INVESCO DB MULTI SECT COM TR,6726.0,207.0
46140H10,17.61,17.46,2021-02-24,DBA,INVESCO DB MULTI SECT COM TR,6726.0,207.0
46140H10,17.55,17.58,2021-02-25,DBA,INVESCO DB MULTI SECT COM TR,6726.0,207.0
46140H10,17.3,17.38,2021-02-26,DBA,INVESCO DB MULTI SECT COM TR,6726.0,207.0
46140H10,17.19,17.45,2021-03-01,DBA,INVESCO DB MULTI SECT COM TR,6726.0,207.0
46140H10,17.27,17.14,2021-03-02,DBA,INVESCO DB MULTI SECT COM TR,6726.0,207.0
46140H10,17.17,17.15,2021-03-03,DBA,INVESCO DB MULTI SECT COM TR,6726.0,207.0
46140H10,17.12,17.15,2021-03-04,DBA,INVESCO DB MULTI SECT COM TR,6726.0,207.0
46140H10,17.2,17.15,2021-03-05,DBA,INVESCO DB MULTI SECT COM TR,6726.0,207.0
46140H10,17.17,17.19,2021-03-08,DBA,INVESCO DB MULTI SECT COM TR,6726.0,207.0
46140H10,17.25,17.17,2021-03-09,DBA,INVESCO DB MULTI SECT COM TR,6726.0,207.0
46140H10,17.19,17.22,2021-03-10,DBA,INVESCO DB MULTI SECT COM TR,6726.0,207.0
46140H10,17.31,17.29,2021-03-11,DBA,INVESCO DB MULTI SECT COM TR,6726.0,207.0
46140H10,17.3,17.25,2021-03-12,DBA,INVESCO DB MULTI SECT COM TR,6726.0,207.0
46140H10,17.27,17.25,2021-03-15,DBA,INVESCO DB MULTI SECT COM TR,6726.0,207.0
46140H10,17.36,17.31,2021-03-16,DBA,INVESCO DB MULTI SECT COM TR,6726.0,207.0
46140H10,17.31,17.3,2021-03-17,DBA,INVESCO DB MULTI SECT COM TR,6726.0,207.0
46140H10,16.94,17.28,2021-03-18,DBA,INVESCO DB MULTI SECT COM TR,6726.0,207.0
46140H10,16.92,16.94,2021-03-19,DBA,INVESCO DB MULTI SECT COM TR,6726.0,207.0
46140H10,16.93,16.92,2021-03-22,DBA,INVESCO DB MULTI SECT COM TR,6726.0,207.0
46140H10,16.89,16.8,2021-03-23,DBA,INVESCO DB MULTI SECT COM TR,6726.0,207.0
46140H10,16.86,16.87,2021-03-24,DBA,INVESCO DB MULTI SECT COM TR,6726.0,207.0
46140H10,16.81,16.83,2021-03-25,DBA,INVESCO DB MULTI SECT COM TR,6726.0,207.0
46140H10,16.92,16.86,2021-03-26,DBA,INVESCO DB MULTI SECT COM TR,6726.0,207.0
46140H10,16.83,16.87,2021-03-29,DBA,INVESCO DB MULTI SECT COM TR,6726.0,207.0
46140H10,16.62,16.77,2021-03-30,DBA,INVESCO DB MULTI SECT COM TR,6726.0,207.0
46140H10,16.94,16.57,2021-03-31,DBA,INVESCO DB MULTI SECT COM TR,6726.0,207.0
46140H10,16.91,17.04,2021-04-01,DBA,INVESCO DB MULTI SECT COM TR,6726.0,207.0
46140H10,16.92,16.97,2021-04-05,DBA,INVESCO DB MULTI SECT COM TR,6726.0,207.0
46140H10,17.04,16.99,2021-04-06,DBA,INVESCO DB MULTI SECT COM TR,6726.0,207.0
46140H10,17.13,17.08,2021-04-07,DBA,INVESCO DB MULTI SECT COM TR,6726.0,207.0
46140H10,17.29,17.19,2021-04-08,DBA,INVESCO DB MULTI SECT COM TR,6726.0,207.0
46140H10,17.27,17.34,2021-04-09,DBA,INVESCO DB MULTI SECT COM TR,6726.0,207.0
46140H10,17.15,17.25,2021-04-12,DBA,INVESCO DB MULTI SECT COM TR,6726.0,207.0
46140H10,17.29,17.25,2021-04-13,DBA,INVESCO DB MULTI SECT COM TR,6726.0,207.0
46140H10,17.49,17.39,2021-04-14,DBA,INVESCO DB MULTI SECT COM TR,6726.0,207.0
46140H10,17.53,17.58,2021-04-15,DBA,INVESCO DB MULTI SECT COM TR,6726.0,207.0
46140H10,17.49,17.58,2021-04-16,DBA,INVESCO DB MULTI SECT COM TR,6726.0,207.0
46140H10,17.55,17.55,2021-04-19,DBA,INVESCO DB MULTI SECT COM TR,6726.0,207.0
46140H10,17.76,17.7,2021-04-20,DBA,INVESCO DB MULTI SECT COM TR,6726.0,207.0
46140H10,17.84,17.76,2021-04-21,DBA,INVESCO DB MULTI SECT COM TR,6726.0,207.0
46140H10,18.06,17.9,2021-04-22,DBA,INVESCO DB MULTI SECT COM TR,6726.0,207.0
46140H10,18.21,18.1,2021-04-23,DBA,INVESCO DB MULTI SECT COM TR,6726.0,207.0
46140H10,18.58,18.36,2021-04-26,DBA,INVESCO DB MULTI SECT COM TR,6726.0,207.0
46140H10,18.58,18.58,2021-04-27,DBA,INVESCO DB MULTI SECT COM TR,6726.0,207.0
46140H10,18.37,18.35,2021-04-28,DBA,INVESCO DB MULTI SECT COM TR,6726.0,207.0
46140H10,18.29,18.43,2021-04-29,DBA,INVESCO DB MULTI SECT COM TR,6726.0,207.0
46140H10,18.4,18.19,2021-04-30,DBA,INVESCO DB MULTI SECT COM TR,6726.0,207.0
46140H10,18.34,18.57,2021-05-03,DBA,INVESCO DB MULTI SECT COM TR,6726.0,207.0
46140H10,18.49,18.43,2021-05-04,DBA,INVESCO DB MULTI SECT COM TR,6726.0,207.0
46140H10,18.92,18.64,2021-05-05,DBA,INVESCO DB MULTI SECT COM TR,6726.0,207.0
46140H10,19.21,19.0,2021-05-06,DBA,INVESCO DB MULTI SECT COM TR,6726.0,207.0
46140H10,19.33,19.25,2021-05-07,DBA,INVESCO DB MULTI SECT COM TR,6726.0,207.0
46140H10,18.98,19.25,2021-05-10,DBA,INVESCO DB MULTI SECT COM TR,6726.0,207.0
46140H10,19.24,19.1,2021-05-11,DBA,INVESCO DB MULTI SECT COM TR,6726.0,207.0
46140H10,19.06,19.2,2021-05-12,DBA,INVESCO DB MULTI SECT COM TR,6726.0,207.0
46140H10,18.53,18.89,2021-05-13,DBA,INVESCO DB MULTI SECT COM TR,6726.0,207.0
46140H10,18.36,18.7,2021-05-14,DBA,INVESCO DB MULTI SECT COM TR,6726.0,207.0
46140H10,18.39,18.4,2021-05-17,DBA,INVESCO DB MULTI SECT COM TR,6726.0,207.0
46140H10,18.59,18.59,2021-05-18,DBA,INVESCO DB MULTI SECT COM TR,6726.0,207.0
46140H10,18.41,18.34,2021-05-19,DBA,INVESCO DB MULTI SECT COM TR,6726.0,207.0
46140H10,18.38,18.41,2021-05-20,DBA,INVESCO DB MULTI SECT COM TR,6726.0,207.0
46140H10,18.39,18.29,2021-05-21,DBA,INVESCO DB MULTI SECT COM TR,6726.0,207.0
46140H10,18.28,18.18,2021-05-24,DBA,INVESCO DB MULTI SECT COM TR,6726.0,207.0
46140H10,18.19,18.35,2021-05-25,DBA,INVESCO DB MULTI SECT COM TR,6726.0,207.0
46140H10,18.22,18.15,2021-05-26,DBA,INVESCO DB MULTI SECT COM TR,6726.0,207.0
46140H10,18.58,18.3,2021-05-27,DBA,INVESCO DB MULTI SECT COM TR,6726.0,207.0
46140H10,18.59,18.64,2021-05-28,DBA,INVESCO DB MULTI SECT COM TR,6726.0,207.0
46140H10,18.89,18.9,2021-06-01,DBA,INVESCO DB MULTI SECT COM TR,6726.0,207.0
46140H10,18.92,18.97,2021-06-02,DBA,INVESCO DB MULTI SECT COM TR,6726.0,207.0
46140H10,18.67,18.96,2021-06-03,DBA,INVESCO DB MULTI SECT COM TR,6726.0,207.0
46140H10,19.01,18.77,2021-06-04,DBA,INVESCO DB MULTI SECT COM TR,6726.0,207.0
46140H10,19.0,19.13,2021-06-07,DBA,INVESCO DB MULTI SECT COM TR,6726.0,207.0
46140H10,19.08,19.08,2021-06-08,DBA,INVESCO DB MULTI SECT COM TR,6726.0,207.0
46140H10,19.03,19.01,2021-06-09,DBA,INVESCO DB MULTI SECT COM TR,6726.0,207.0
46140H10,19.14,19.09,2021-06-10,DBA,INVESCO DB MULTI SECT COM TR,6726.0,207.0
46140H10,19.04,19.01,2021-06-11,DBA,INVESCO DB MULTI SECT COM TR,6726.0,207.0
46140H10,18.68,18.53,2021-06-14,DBA,INVESCO DB MULTI SECT COM TR,6726.0,207.0
46140H10,18.52,18.48,2021-06-15,DBA,INVESCO DB MULTI SECT COM TR,6726.0,207.0
46140H10,18.39,18.53,2021-06-16,DBA,INVESCO DB MULTI SECT COM TR,6726.0,207.0
46140H10,17.68,18.12,2021-06-17,DBA,INVESCO DB MULTI SECT COM TR,6726.0,207.0
46140H10,18.02,17.98,2021-06-18,DBA,INVESCO DB MULTI SECT COM TR,6726.0,207.0
46140H10,18.07,17.84,2021-06-21,DBA,INVESCO DB MULTI SECT COM TR,6726.0,207.0
46140H10,17.89,18.03,2021-06-22,DBA,INVESCO DB MULTI SECT COM TR,6726.0,207.0
46140H10,17.9,17.95,2021-06-23,DBA,INVESCO DB MULTI SECT COM TR,6726.0,207.0
46140H10,17.84,17.67,2021-06-24,DBA,INVESCO DB MULTI SECT COM TR,6726.0,207.0
46140H10,17.83,17.89,2021-06-25,DBA,INVESCO DB MULTI SECT COM TR,6726.0,207.0
46140H10,18.21,17.89,2021-06-28,DBA,INVESCO DB MULTI SECT COM TR,6726.0,207.0
46140H10,18.14,18.19,2021-06-29,DBA,INVESCO DB MULTI SECT COM TR,6726.0,207.0
46140H10,18.63,18.04,2021-06-30,DBA,INVESCO DB MULTI SECT COM TR,6726.0,207.0
46140H10,18.47,18.85,2021-07-01,DBA,INVESCO DB MULTI SECT COM TR,6726.0,207.0
46140H10,18.35,18.56,2021-07-02,DBA,INVESCO DB MULTI SECT COM TR,6726.0,207.0
46140H10,17.83,18.33,2021-07-06,DBA,INVESCO DB MULTI SECT COM TR,6726.0,207.0
46140H10,17.8,17.81,2021-07-07,DBA,INVESCO DB MULTI SECT COM TR,6726.0,207.0
46140H10,17.67,17.69,2021-07-08,DBA,INVESCO DB MULTI SECT COM TR,6726.0,207.0
46140H10,17.71,17.67,2021-07-09,DBA,INVESCO DB MULTI SECT COM TR,6726.0,207.0
46140H10,18.01,17.79,2021-07-12,DBA,INVESCO DB MULTI SECT COM TR,6726.0,207.0
46140H10,18.06,18.0,2021-07-13,DBA,INVESCO DB MULTI SECT COM TR,6726.0,207.0
46140H10,18.26,18.16,2021-07-14,DBA,INVESCO DB MULTI SECT COM TR,6726.0,207.0
46140H10,18.32,18.23,2021-07-15,DBA,INVESCO DB MULTI SECT COM TR,6726.0,207.0
46140H10,18.37,18.46,2021-07-16,DBA,INVESCO DB MULTI SECT COM TR,6726.0,207.0
46140H10,18.15,18.37,2021-07-19,DBA,INVESCO DB MULTI SECT COM TR,6726.0,207.0
46140H10,18.46,18.38,2021-07-20,DBA,INVESCO DB MULTI SECT COM TR,6726.0,207.0
46140H10,18.74,18.585,2021-07-21,DBA,INVESCO DB MULTI SECT COM TR,6726.0,207.0
46140H10,18.92,18.8,2021-07-22,DBA,INVESCO DB MULTI SECT COM TR,6726.0,207.0
46140H10,18.83,19.0,2021-07-23,DBA,INVESCO DB MULTI SECT COM TR,6726.0,207.0
46140H10,19.27,19.03,2021-07-26,DBA,INVESCO DB MULTI SECT COM TR,6726.0,207.0
46140H10,19.16,19.3,2021-07-27,DBA,INVESCO DB MULTI SECT COM TR,6726.0,207.0
46140H10,19.19,19.23,2021-07-28,DBA,INVESCO DB MULTI SECT COM TR,6726.0,207.0
46140H10,19.12,19.17,2021-07-29,DBA,INVESCO DB MULTI SECT COM TR,6726.0,207.0
46140H10,18.65,18.85,2021-07-30,DBA,INVESCO DB MULTI SECT COM TR,6726.0,207.0
46140H10,18.68,18.63,2021-08-02,DBA,INVESCO DB MULTI SECT COM TR,6726.0,207.0
46140H10,18.75,18.63,2021-08-03,DBA,INVESCO DB MULTI SECT COM TR,6726.0,207.0
46140H10,18.66,18.76,2021-08-04,DBA,INVESCO DB MULTI SECT COM TR,6726.0,207.0
46140H10,18.76,18.76,2021-08-05,DBA,INVESCO DB MULTI SECT COM TR,6726.0,207.0
46140H10,18.88,18.79,2021-08-06,DBA,INVESCO DB MULTI SECT COM TR,6726.0,207.0
46140H10,18.76,18.77,2021-08-09,DBA,INVESCO DB MULTI SECT COM TR,6726.0,207.0
46140H10,19.04,18.91,2021-08-10,DBA,INVESCO DB MULTI SECT COM TR,6726.0,207.0
46140H10,19.12,19.05,2021-08-11,DBA,INVESCO DB MULTI SECT COM TR,6726.0,207.0
46140H10,19.28,19.07,2021-08-12,DBA,INVESCO DB MULTI SECT COM TR,6726.0,207.0
46140H10,19.33,19.36,2021-08-13,DBA,INVESCO DB MULTI SECT COM TR,6726.0,207.0
46140H10,19.41,19.42,2021-08-16,DBA,INVESCO DB MULTI SECT COM TR,6726.0,207.0
46140H10,19.29,19.35,2021-08-17,DBA,INVESCO DB MULTI SECT COM TR,6726.0,207.0
46140H10,19.3,19.3,2021-08-18,DBA,INVESCO DB MULTI SECT COM TR,6726.0,207.0
46140H10,19.03,19.17,2021-08-19,DBA,INVESCO DB MULTI SECT COM TR,6726.0,207.0
46140H10,18.84,18.95,2021-08-20,DBA,INVESCO DB MULTI SECT COM TR,6726.0,207.0
46140H10,18.95,18.94,2021-08-23,DBA,INVESCO DB MULTI SECT COM TR,6726.0,207.0
46140H10,19.15,19.0,2021-08-24,DBA,INVESCO DB MULTI SECT COM TR,6726.0,207.0
46140H10,19.24,19.09,2021-08-25,DBA,INVESCO DB MULTI SECT COM TR,6726.0,207.0
46140H10,19.17,19.22,2021-08-26,DBA,INVESCO DB MULTI SECT COM TR,6726.0,207.0
46140H10,19.32,19.26,2021-08-27,DBA,INVESCO DB MULTI SECT COM TR,6726.0,207.0
46140H10,19.39,19.45,2021-08-30,DBA,INVESCO DB MULTI SECT COM TR,6726.0,207.0
46140H10,19.13,19.25,2021-08-31,DBA,INVESCO DB MULTI SECT COM TR,6726.0,207.0
46140H10,19.06,19.1,2021-09-01,DBA,INVESCO DB MULTI SECT COM TR,6726.0,207.0
46140H10,19.08,19.15,2021-09-02,DBA,INVESCO DB MULTI SECT COM TR,6726.0,207.0
46140H10,19.07,19.09,2021-09-03,DBA,INVESCO DB MULTI SECT COM TR,6726.0,207.0
46140H10,18.95,19.1,2021-09-07,DBA,INVESCO DB MULTI SECT COM TR,6726.0,207.0
46140H10,18.83,19.01,2021-09-08,DBA,INVESCO DB MULTI SECT COM TR,6726.0,207.0
46140H10,18.67,18.74,2021-09-09,DBA,INVESCO DB MULTI SECT COM TR,6726.0,207.0
46140H10,18.59,18.6,2021-09-10,DBA,INVESCO DB MULTI SECT COM TR,6726.0,207.0
46140H10,18.54,18.53,2021-09-13,DBA,INVESCO DB MULTI SECT COM TR,6726.0,207.0
46140H10,18.57,18.56,2021-09-14,DBA,INVESCO DB MULTI SECT COM TR,6726.0,207.0
46140H10,18.76,18.68,2021-09-15,DBA,INVESCO DB MULTI SECT COM TR,6726.0,207.0
46140H10,18.75,18.71,2021-09-16,DBA,INVESCO DB MULTI SECT COM TR,6726.0,207.0
46140H10,18.6,18.7,2021-09-17,DBA,INVESCO DB MULTI SECT COM TR,6726.0,207.0
46140H10,18.42,18.42,2021-09-20,DBA,INVESCO DB MULTI SECT COM TR,6726.0,207.0
46140H10,18.4,18.44,2021-09-21,DBA,INVESCO DB MULTI SECT COM TR,6726.0,207.0
46140H10,18.57,18.53,2021-09-22,DBA,INVESCO DB MULTI SECT COM TR,6726.0,207.0
46140H10,18.8,18.64,2021-09-23,DBA,INVESCO DB MULTI SECT COM TR,6726.0,207.0
46140H10,18.8,18.74,2021-09-24,DBA,INVESCO DB MULTI SECT COM TR,6726.0,207.0
46140H10,18.94,18.83,2021-09-27,DBA,INVESCO DB MULTI SECT COM TR,6726.0,207.0
46140H10,19.0,18.99,2021-09-28,DBA,INVESCO DB MULTI SECT COM TR,6726.0,207.0
46140H10,19.0,19.04,2021-09-29,DBA,INVESCO DB MULTI SECT COM TR,6726.0,207.0
46140H10,19.12,19.04,2021-09-30,DBA,INVESCO DB MULTI SECT COM TR,6726.0,207.0
46140H10,19.4,19.2,2021-10-01,DBA,INVESCO DB MULTI SECT COM TR,6726.0,207.0
46140H10,19.36,19.36,2021-10-04,DBA,INVESCO DB MULTI SECT COM TR,6726.0,207.0
46140H10,19.24,19.21,2021-10-05,DBA,INVESCO DB MULTI SECT COM TR,6726.0,207.0
46140H10,19.21,19.19,2021-10-06,DBA,INVESCO DB MULTI SECT COM TR,6726.0,207.0
46140H10,19.36,19.27,2021-10-07,DBA,INVESCO DB MULTI SECT COM TR,6726.0,207.0
46140H10,19.41,19.45,2021-10-08,DBA,INVESCO DB MULTI SECT COM TR,6726.0,207.0
46140H10,19.35,19.36,2021-10-11,DBA,INVESCO DB MULTI SECT COM TR,6726.0,207.0
46140H10,19.35,19.46,2021-10-12,DBA,INVESCO DB MULTI SECT COM TR,6726.0,207.0
46140H10,19.05,19.21,2021-10-13,DBA,INVESCO DB MULTI SECT COM TR,6726.0,207.0
46140H10,19.12,19.11,2021-10-14,DBA,INVESCO DB MULTI SECT COM TR,6726.0,207.0
46140H10,19.2,19.2,2021-10-15,DBA,INVESCO DB MULTI SECT COM TR,6726.0,207.0
46140H10,19.17,19.18,2021-10-18,DBA,INVESCO DB MULTI SECT COM TR,6726.0,207.0
46140H10,19.12,19.14,2021-10-19,DBA,INVESCO DB MULTI SECT COM TR,6726.0,207.0
46140H10,19.18,19.1,2021-10-20,DBA,INVESCO DB MULTI SECT COM TR,6726.0,207.0
46140H10,18.99,19.1,2021-10-21,DBA,INVESCO DB MULTI SECT COM TR,6726.0,207.0
46140H10,18.98,19.01,2021-10-22,DBA,INVESCO DB MULTI SECT COM TR,6726.0,207.0
46140H10,19.14,19.06,2021-10-25,DBA,INVESCO DB MULTI SECT COM TR,6726.0,207.0
46140H10,19.25,19.14,2021-10-26,DBA,INVESCO DB MULTI SECT COM TR,6726.0,207.0
46140H10,19.21,19.19,2021-10-27,DBA,INVESCO DB MULTI SECT COM TR,6726.0,207.0
46140H10,19.3,19.29,2021-10-28,DBA,INVESCO DB MULTI SECT COM TR,6726.0,207.0
46140H10,19.29,19.26,2021-10-29,DBA,INVESCO DB MULTI SECT COM TR,6726.0,207.0
46140H10,19.52,19.42,2021-11-01,DBA,INVESCO DB MULTI SECT COM TR,6726.0,207.0
46140H10,19.45,19.48,2021-11-02,DBA,INVESCO DB MULTI SECT COM TR,6726.0,207.0
46140H10,19.43,19.4,2021-11-03,DBA,INVESCO DB MULTI SECT COM TR,6726.0,207.0
46140H10,19.37,19.41,2021-11-04,DBA,INVESCO DB MULTI SECT COM TR,6726.0,207.0
46140H10,19.27,19.34,2021-11-05,DBA,INVESCO DB MULTI SECT COM TR,6726.0,207.0
46140H10,19.22,19.27,2021-11-08,DBA,INVESCO DB MULTI SECT COM TR,6726.0,207.0
46140H10,19.36,19.22,2021-11-09,DBA,INVESCO DB MULTI SECT COM TR,6726.0,207.0
46140H10,19.49,19.39,2021-11-10,DBA,INVESCO DB MULTI SECT COM TR,6726.0,207.0
46140H10,19.6,19.49,2021-11-11,DBA,INVESCO DB MULTI SECT COM TR,6726.0,207.0
46140H10,19.75,19.65,2021-11-12,DBA,INVESCO DB MULTI SECT COM TR,6726.0,207.0
46140H10,19.86,19.82,2021-11-15,DBA,INVESCO DB MULTI SECT COM TR,6726.0,207.0
46140H10,19.87,19.8,2021-11-16,DBA,INVESCO DB MULTI SECT COM TR,6726.0,207.0
46140H10,20.11,19.95,2021-11-17,DBA,INVESCO DB MULTI SECT COM TR,6726.0,207.0
46140H10,20.02,20.15,2021-11-18,DBA,INVESCO DB MULTI SECT COM TR,6726.0,207.0
46140H10,20.07,20.08,2021-11-19,DBA,INVESCO DB MULTI SECT COM TR,6726.0,207.0
46140H10,20.16,20.03,2021-11-22,DBA,INVESCO DB MULTI SECT COM TR,6726.0,207.0
46140H10,20.31,20.15,2021-11-23,DBA,INVESCO DB MULTI SECT COM TR,6726.0,207.0
46140H10,20.26,20.28,2021-11-24,DBA,INVESCO DB MULTI SECT COM TR,6726.0,207.0
46140H10,19.97,20.01,2021-11-26,DBA,INVESCO DB MULTI SECT COM TR,6726.0,207.0
46140H10,19.74,20.05,2021-11-29,DBA,INVESCO DB MULTI SECT COM TR,6726.0,207.0
46140H10,19.36,19.54,2021-11-30,DBA,INVESCO DB MULTI SECT COM TR,6726.0,207.0
46140H10,19.33,19.42,2021-12-01,DBA,INVESCO DB MULTI SECT COM TR,6726.0,207.0
46140H10,19.66,19.57,2021-12-02,DBA,INVESCO DB MULTI SECT COM TR,6726.0,207.0
46140H10,19.74,19.79,2021-12-03,DBA,INVESCO DB MULTI SECT COM TR,6726.0,207.0
46140H10,19.8,19.76,2021-12-06,DBA,INVESCO DB MULTI SECT COM TR,6726.0,207.0
46140H10,19.78,19.81,2021-12-07,DBA,INVESCO DB MULTI SECT COM TR,6726.0,207.0
46140H10,19.79,19.78,2021-12-08,DBA,INVESCO DB MULTI SECT COM TR,6726.0,207.0
46140H10,19.68,19.68,2021-12-09,DBA,INVESCO DB MULTI SECT COM TR,6726.0,207.0
46140H10,19.72,19.63,2021-12-10,DBA,INVESCO DB MULTI SECT COM TR,6726.0,207.0
46140H10,19.77,19.7,2021-12-13,DBA,INVESCO DB MULTI SECT COM TR,6726.0,207.0
46140H10,19.77,19.76,2021-12-14,DBA,INVESCO DB MULTI SECT COM TR,6726.0,207.0
46140H10,19.68,19.74,2021-12-15,DBA,INVESCO DB MULTI SECT COM TR,6726.0,207.0
46140H10,19.74,19.62,2021-12-16,DBA,INVESCO DB MULTI SECT COM TR,6726.0,207.0
46140H10,19.58,19.69,2021-12-17,DBA,INVESCO DB MULTI SECT COM TR,6726.0,207.0
46140H10,19.35,19.42,2021-12-20,DBA,INVESCO DB MULTI SECT COM TR,6726.0,207.0
46140H10,19.67,19.42,2021-12-21,DBA,INVESCO DB MULTI SECT COM TR,6726.0,207.0
46140H10,19.9,19.79,2021-12-22,DBA,INVESCO DB MULTI SECT COM TR,6726.0,207.0
46140H10,19.93,19.89,2021-12-23,DBA,INVESCO DB MULTI SECT COM TR,6726.0,207.0
46140H10,19.95,19.92,2021-12-27,DBA,INVESCO DB MULTI SECT COM TR,6726.0,207.0
46140H10,19.77,19.89,2021-12-28,DBA,INVESCO DB MULTI SECT COM TR,6726.0,207.0
46140H10,19.96,19.76,2021-12-29,DBA,INVESCO DB MULTI SECT COM TR,6726.0,207.0
46140H10,19.82,19.9,2021-12-30,DBA,INVESCO DB MULTI SECT COM TR,6726.0,207.0
46140H10,19.75,19.82,2021-12-31,DBA,INVESCO DB MULTI SECT COM TR,6726.0,207.0
46140H10,19.67,19.69,2022-01-03,DBA,INVESCO DB MULTI SECT COM TR,6726.0,207.0
46140H10,19.8,19.73,2022-01-04,DBA,INVESCO DB MULTI SECT COM TR,6726.0,207.0
46140H10,19.69,19.72,2022-01-05,DBA,INVESCO DB MULTI SECT COM TR,6726.0,207.0
46140H10,19.67,19.64,2022-01-06,DBA,INVESCO DB MULTI SECT COM TR,6726.0,207.0
46140H10,19.84,19.74,2022-01-07,DBA,INVESCO DB MULTI SECT COM TR,6726.0,207.0
46140H10,19.68,19.71,2022-01-10,DBA,INVESCO DB MULTI SECT COM TR,6726.0,207.0
46140H10,19.8,19.65,2022-01-11,DBA,INVESCO DB MULTI SECT COM TR,6726.0,207.0
46140H10,19.81,19.87,2022-01-12,DBA,INVESCO DB MULTI SECT COM TR,6726.0,207.0
46140H10,19.7,19.85,2022-01-13,DBA,INVESCO DB MULTI SECT COM TR,6726.0,207.0
46140H10,19.94,19.75,2022-01-14,DBA,INVESCO DB MULTI SECT COM TR,6726.0,207.0
46140H10,19.96,19.89,2022-01-18,DBA,INVESCO DB MULTI SECT COM TR,6726.0,207.0
46140H10,20.3,20.09,2022-01-19,DBA,INVESCO DB MULTI SECT COM TR,6726.0,207.0
46140H10,20.26,20.33,2022-01-20,DBA,INVESCO DB MULTI SECT COM TR,6726.0,207.0
46140H10,20.15,20.21,2022-01-21,DBA,INVESCO DB MULTI SECT COM TR,6726.0,207.0
46140H10,20.12,20.0,2022-01-24,DBA,INVESCO DB MULTI SECT COM TR,6726.0,207.0
46140H10,20.2,20.12,2022-01-25,DBA,INVESCO DB MULTI SECT COM TR,6726.0,207.0
46140H10,20.17,20.19,2022-01-26,DBA,INVESCO DB MULTI SECT COM TR,6726.0,207.0
46140H10,19.94,20.1,2022-01-27,DBA,INVESCO DB MULTI SECT COM TR,6726.0,207.0
46140H10,20.18,20.03,2022-01-28,DBA,INVESCO DB MULTI SECT COM TR,6726.0,207.0
46140H10,20.19,20.22,2022-01-31,DBA,INVESCO DB MULTI SECT COM TR,6726.0,207.0
46140H10,20.47,20.31,2022-02-01,DBA,INVESCO DB MULTI SECT COM TR,6726.0,207.0
46140H10,20.42,20.52,2022-02-02,DBA,INVESCO DB MULTI SECT COM TR,6726.0,207.0
46140H10,20.45,20.39,2022-02-03,DBA,INVESCO DB MULTI SECT COM TR,6726.0,207.0
46140H10,20.59,20.49,2022-02-04,DBA,INVESCO DB MULTI SECT COM TR,6726.0,207.0
46140H10,20.68,20.67,2022-02-07,DBA,INVESCO DB MULTI SECT COM TR,6726.0,207.0
46140H10,20.83,20.69,2022-02-08,DBA,INVESCO DB MULTI SECT COM TR,6726.0,207.0
46140H10,21.18,20.95,2022-02-09,DBA,INVESCO DB MULTI SECT COM TR,6726.0,207.0
46140H10,21.03,21.25,2022-02-10,DBA,INVESCO DB MULTI SECT COM TR,6726.0,207.0
46140H10,21.1,21.03,2022-02-11,DBA,INVESCO DB MULTI SECT COM TR,6726.0,207.0
46140H10,21.02,20.995,2022-02-14,DBA,INVESCO DB MULTI SECT COM TR,6726.0,207.0
46140H10,20.94,20.91,2022-02-15,DBA,INVESCO DB MULTI SECT COM TR,6726.0,207.0
46140H10,21.0,20.97,2022-02-16,DBA,INVESCO DB MULTI SECT COM TR,6726.0,207.0
46140H10,21.07,21.05,2022-02-17,DBA,INVESCO DB MULTI SECT COM TR,6726.0,207.0
46140H10,21.04,21.07,2022-02-18,DBA,INVESCO DB MULTI SECT COM TR,6726.0,207.0
46140H10,21.39,21.07,2022-02-22,DBA,INVESCO DB MULTI SECT COM TR,6726.0,207.0
46140H10,21.4,21.45,2022-02-23,DBA,INVESCO DB MULTI SECT COM TR,6726.0,207.0
46140H10,21.29,21.88,2022-02-24,DBA,INVESCO DB MULTI SECT COM TR,6726.0,207.0
46140H10,20.69,20.88,2022-02-25,DBA,INVESCO DB MULTI SECT COM TR,6726.0,207.0
46140H10,20.93,20.96,2022-02-28,DBA,INVESCO DB MULTI SECT COM TR,6726.0,207.0
46140H10,21.44,21.32,2022-03-01,DBA,INVESCO DB MULTI SECT COM TR,6726.0,207.0
46140H10,21.43,21.65,2022-03-02,DBA,INVESCO DB MULTI SECT COM TR,6726.0,207.0
46140H10,21.91,21.58,2022-03-03,DBA,INVESCO DB MULTI SECT COM TR,6726.0,207.0
46140H10,21.84,22.32,2022-03-04,DBA,INVESCO DB MULTI SECT COM TR,6726.0,207.0
46140H10,22.23,22.23,2022-03-07,DBA,INVESCO DB MULTI SECT COM TR,6726.0,207.0
46140H10,22.2,22.23,2022-03-08,DBA,INVESCO DB MULTI SECT COM TR,6726.0,207.0
46140H10,21.86,22.01,2022-03-09,DBA,INVESCO DB MULTI SECT COM TR,6726.0,207.0
46140H10,21.77,21.97,2022-03-10,DBA,INVESCO DB MULTI SECT COM TR,6726.0,207.0
46140H10,21.84,21.68,2022-03-11,DBA,INVESCO DB MULTI SECT COM TR,6726.0,207.0
46140H10,21.8,21.73,2022-03-14,DBA,INVESCO DB MULTI SECT COM TR,6726.0,207.0
46140H10,21.72,21.6,2022-03-15,DBA,INVESCO DB MULTI SECT COM TR,6726.0,207.0
46140H10,21.37,21.72,2022-03-16,DBA,INVESCO DB MULTI SECT COM TR,6726.0,207.0
46140H10,21.62,21.4,2022-03-17,DBA,INVESCO DB MULTI SECT COM TR,6726.0,207.0
46140H10,21.63,21.53,2022-03-18,DBA,INVESCO DB MULTI SECT COM TR,6726.0,207.0
46140H10,22.09,21.86,2022-03-21,DBA,INVESCO DB MULTI SECT COM TR,6726.0,207.0
46140H10,22.13,22.2,2022-03-22,DBA,INVESCO DB MULTI SECT COM TR,6726.0,207.0
46140H10,22.23,22.27,2022-03-23,DBA,INVESCO DB MULTI SECT COM TR,6726.0,207.0
46140H10,22.08,22.18,2022-03-24,DBA,INVESCO DB MULTI SECT COM TR,6726.0,207.0
46140H10,22.25,22.09,2022-03-25,DBA,INVESCO DB MULTI SECT COM TR,6726.0,207.0
46140H10,21.92,21.94,2022-03-28,DBA,INVESCO DB MULTI SECT COM TR,6726.0,207.0
46140H10,21.75,21.61,2022-03-29,DBA,INVESCO DB MULTI SECT COM TR,6726.0,207.0
46140H10,22.02,21.88,2022-03-30,DBA,INVESCO DB MULTI SECT COM TR,6726.0,207.0
46140H10,21.88,22.08,2022-03-31,DBA,INVESCO DB MULTI SECT COM TR,6726.0,207.0
46140H10,21.74,21.88,2022-04-01,DBA,INVESCO DB MULTI SECT COM TR,6726.0,207.0
46140H10,21.89,21.94,2022-04-04,DBA,INVESCO DB MULTI SECT COM TR,6726.0,207.0
46140H10,21.97,22.07,2022-04-05,DBA,INVESCO DB MULTI SECT COM TR,6726.0,207.0
46140H10,21.96,21.89,2022-04-06,DBA,INVESCO DB MULTI SECT COM TR,6726.0,207.0
46140H10,22.01,21.96,2022-04-07,DBA,INVESCO DB MULTI SECT COM TR,6726.0,207.0
46140H10,22.35,22.12,2022-04-08,DBA,INVESCO DB MULTI SECT COM TR,6726.0,207.0
46140H10,22.53,22.44,2022-04-11,DBA,INVESCO DB MULTI SECT COM TR,6726.0,207.0
46140H10,22.71,22.66,2022-04-12,DBA,INVESCO DB MULTI SECT COM TR,6726.0,207.0
46140H10,22.68,22.64,2022-04-13,DBA,INVESCO DB MULTI SECT COM TR,6726.0,207.0
46140H10,22.57,22.63,2022-04-14,DBA,INVESCO DB MULTI SECT COM TR,6726.0,207.0
46140H10,22.84,22.68,2022-04-18,DBA,INVESCO DB MULTI SECT COM TR,6726.0,207.0
46140H10,22.62,22.75,2022-04-19,DBA,INVESCO DB MULTI SECT COM TR,6726.0,207.0
46140H10,22.65,22.7,2022-04-20,DBA,INVESCO DB MULTI SECT COM TR,6726.0,207.0
46140H10,22.61,22.65,2022-04-21,DBA,INVESCO DB MULTI SECT COM TR,6726.0,207.0
46140H10,22.33,22.57,2022-04-22,DBA,INVESCO DB MULTI SECT COM TR,6726.0,207.0
46140H10,22.15,22.12,2022-04-25,DBA,INVESCO DB MULTI SECT COM TR,6726.0,207.0
46140H10,22.21,22.31,2022-04-26,DBA,INVESCO DB MULTI SECT COM TR,6726.0,207.0
46140H10,22.21,22.23,2022-04-27,DBA,INVESCO DB MULTI SECT COM TR,6726.0,207.0
46140H10,22.31,22.27,2022-04-28,DBA,INVESCO DB MULTI SECT COM TR,6726.0,207.0
46140H10,22.07,22.36,2022-04-29,DBA,INVESCO DB MULTI SECT COM TR,6726.0,207.0
46140H10,21.99,21.97,2022-05-02,DBA,INVESCO DB MULTI SECT COM TR,6726.0,207.0
46140H10,21.87,22.04,2022-05-03,DBA,INVESCO DB MULTI SECT COM TR,6726.0,207.0
46140H10,22.07,22.02,2022-05-04,DBA,INVESCO DB MULTI SECT COM TR,6726.0,207.0
46140H10,22.11,22.17,2022-05-05,DBA,INVESCO DB MULTI SECT COM TR,6726.0,207.0
46140H10,21.84,21.978,2022-05-06,DBA,INVESCO DB MULTI SECT COM TR,6726.0,207.0
46140H10,21.33,21.71,2022-05-09,DBA,INVESCO DB MULTI SECT COM TR,6726.0,207.0
46140H10,21.48,21.57,2022-05-10,DBA,INVESCO DB MULTI SECT COM TR,6726.0,207.0
46140H10,21.87,21.7,2022-05-11,DBA,INVESCO DB MULTI SECT COM TR,6726.0,207.0
46140H10,21.97,21.78,2022-05-12,DBA,INVESCO DB MULTI SECT COM TR,6726.0,207.0
46140H10,22.18,22.0,2022-05-13,DBA,INVESCO DB MULTI SECT COM TR,6726.0,207.0
46140H10,22.84,22.62,2022-05-16,DBA,INVESCO DB MULTI SECT COM TR,6726.0,207.0
46140H10,22.96,22.7,2022-05-17,DBA,INVESCO DB MULTI SECT COM TR,6726.0,207.0
46140H10,22.4,22.72,2022-05-18,DBA,INVESCO DB MULTI SECT COM TR,6726.0,207.0
46140H10,22.39,22.27,2022-05-19,DBA,INVESCO DB MULTI SECT COM TR,6726.0,207.0
46140H10,22.24,22.29,2022-05-20,DBA,INVESCO DB MULTI SECT COM TR,6726.0,207.0
46140H10,22.44,22.31,2022-05-23,DBA,INVESCO DB MULTI SECT COM TR,6726.0,207.0
46140H10,22.17,22.37,2022-05-24,DBA,INVESCO DB MULTI SECT COM TR,6726.0,207.0
46140H10,22.06,21.96,2022-05-25,DBA,INVESCO DB MULTI SECT COM TR,6726.0,207.0
46140H10,22.28,22.11,2022-05-26,DBA,INVESCO DB MULTI SECT COM TR,6726.0,207.0
46140H10,22.42,22.32,2022-05-27,DBA,INVESCO DB MULTI SECT COM TR,6726.0,207.0
46140H10,21.99,22.4,2022-05-31,DBA,INVESCO DB MULTI SECT COM TR,6726.0,207.0
46140H10,21.97,22.09,2022-06-01,DBA,INVESCO DB MULTI SECT COM TR,6726.0,207.0
46140H10,22.08,22.13,2022-06-02,DBA,INVESCO DB MULTI SECT COM TR,6726.0,207.0
46140H10,21.87,22.03,2022-06-03,DBA,INVESCO DB MULTI SECT COM TR,6726.0,207.0
46140H10,22.16,22.11,2022-06-06,DBA,INVESCO DB MULTI SECT COM TR,6726.0,207.0
46140H10,22.11,22.1,2022-06-07,DBA,INVESCO DB MULTI SECT COM TR,6726.0,207.0
46140H10,22.18,22.17,2022-06-08,DBA,INVESCO DB MULTI SECT COM TR,6726.0,207.0
46140H10,22.18,22.08,2022-06-09,DBA,INVESCO DB MULTI SECT COM TR,6726.0,207.0
46140H10,22.01,22.06,2022-06-10,DBA,INVESCO DB MULTI SECT COM TR,6726.0,207.0
46140H10,21.76,21.88,2022-06-13,DBA,INVESCO DB MULTI SECT COM TR,6726.0,207.0
46140H10,21.7,21.75,2022-06-14,DBA,INVESCO DB MULTI SECT COM TR,6726.0,207.0
46140H10,21.71,21.6,2022-06-15,DBA,INVESCO DB MULTI SECT COM TR,6726.0,207.0
46140H10,21.93,21.79,2022-06-16,DBA,INVESCO DB MULTI SECT COM TR,6726.0,207.0
46140H10,21.8,22.02,2022-06-17,DBA,INVESCO DB MULTI SECT COM TR,6726.0,207.0
46140H10,21.56,21.74,2022-06-21,DBA,INVESCO DB MULTI SECT COM TR,6726.0,207.0
46140H10,21.3,21.48,2022-06-22,DBA,INVESCO DB MULTI SECT COM TR,6726.0,207.0
46140H10,20.66,21.11,2022-06-23,DBA,INVESCO DB MULTI SECT COM TR,6726.0,207.0
46140H10,20.73,20.82,2022-06-24,DBA,INVESCO DB MULTI SECT COM TR,6726.0,207.0
46140H10,20.48,20.71,2022-06-27,DBA,INVESCO DB MULTI SECT COM TR,6726.0,207.0
46140H10,20.57,20.62,2022-06-28,DBA,INVESCO DB MULTI SECT COM TR,6726.0,207.0
46140H10,20.7,20.74,2022-06-29,DBA,INVESCO DB MULTI SECT COM TR,6726.0,207.0
46140H10,20.38,20.62,2022-06-30,DBA,INVESCO DB MULTI SECT COM TR,6726.0,207.0
46140H10,19.98,20.36,2022-07-01,DBA,INVESCO DB MULTI SECT COM TR,6726.0,207.0
46140H10,19.55,19.87,2022-07-05,DBA,INVESCO DB MULTI SECT COM TR,6726.0,207.0
46140H10,19.64,19.75,2022-07-06,DBA,INVESCO DB MULTI SECT COM TR,6726.0,207.0
46140H10,20.01,20.0,2022-07-07,DBA,INVESCO DB MULTI SECT COM TR,6726.0,207.0
46140H10,20.38,20.1,2022-07-08,DBA,INVESCO DB MULTI SECT COM TR,6726.0,207.0
46140H10,20.25,20.5,2022-07-11,DBA,INVESCO DB MULTI SECT COM TR,6726.0,207.0
46140H10,19.69,20.04,2022-07-12,DBA,INVESCO DB MULTI SECT COM TR,6726.0,207.0
46140H10,19.76,19.76,2022-07-13,DBA,INVESCO DB MULTI SECT COM TR,6726.0,207.0
46140H10,19.52,19.65,2022-07-14,DBA,INVESCO DB MULTI SECT COM TR,6726.0,207.0
46140H10,19.65,19.56,2022-07-15,DBA,INVESCO DB MULTI SECT COM TR,6726.0,207.0
46140H10,20.07,19.97,2022-07-18,DBA,INVESCO DB MULTI SECT COM TR,6726.0,207.0
46140H10,19.95,19.86,2022-07-19,DBA,INVESCO DB MULTI SECT COM TR,6726.0,207.0
46140H10,19.95,19.99,2022-07-20,DBA,INVESCO DB MULTI SECT COM TR,6726.0,207.0
46140H10,19.6,19.7,2022-07-21,DBA,INVESCO DB MULTI SECT COM TR,6726.0,207.0
46140H10,19.3,19.39,2022-07-22,DBA,INVESCO DB MULTI SECT COM TR,6726.0,207.0
46140H10,19.56,19.53,2022-07-25,DBA,INVESCO DB MULTI SECT COM TR,6726.0,207.0
46140H10,19.8,19.8,2022-07-26,DBA,INVESCO DB MULTI SECT COM TR,6726.0,207.0
46140H10,19.94,19.95,2022-07-27,DBA,INVESCO DB MULTI SECT COM TR,6726.0,207.0
46140H10,20.13,20.09,2022-07-28,DBA,INVESCO DB MULTI SECT COM TR,6726.0,207.0
46140H10,20.19,20.24,2022-07-29,DBA,INVESCO DB MULTI SECT COM TR,6726.0,207.0
46140H10,19.96,19.93,2022-08-01,DBA,INVESCO DB MULTI SECT COM TR,6726.0,207.0
46140H10,19.68,19.78,2022-08-02,DBA,INVESCO DB MULTI SECT COM TR,6726.0,207.0
46140H10,19.76,19.88,2022-08-03,DBA,INVESCO DB MULTI SECT COM TR,6726.0,207.0
46140H10,20.06,19.76,2022-08-04,DBA,INVESCO DB MULTI SECT COM TR,6726.0,207.0
46140H10,19.97,19.92,2022-08-05,DBA,INVESCO DB MULTI SECT COM TR,6726.0,207.0
46140H10,20.08,19.94,2022-08-08,DBA,INVESCO DB MULTI SECT COM TR,6726.0,207.0
46140H10,20.16,20.14,2022-08-09,DBA,INVESCO DB MULTI SECT COM TR,6726.0,207.0
46140H10,20.43,20.34,2022-08-10,DBA,INVESCO DB MULTI SECT COM TR,6726.0,207.0
46140H10,20.62,20.49,2022-08-11,DBA,INVESCO DB MULTI SECT COM TR,6726.0,207.0
46140H10,20.66,20.6,2022-08-12,DBA,INVESCO DB MULTI SECT COM TR,6726.0,207.0
46140H10,20.52,20.47,2022-08-15,DBA,INVESCO DB MULTI SECT COM TR,6726.0,207.0
46140H10,20.21,20.42,2022-08-16,DBA,INVESCO DB MULTI SECT COM TR,6726.0,207.0
46140H10,20.21,20.28,2022-08-17,DBA,INVESCO DB MULTI SECT COM TR,6726.0,207.0
46140H10,19.91,20.21,2022-08-18,DBA,INVESCO DB MULTI SECT COM TR,6726.0,207.0
46140H10,20.1,19.94,2022-08-19,DBA,INVESCO DB MULTI SECT COM TR,6726.0,207.0
46140H10,20.26,20.1,2022-08-22,DBA,INVESCO DB MULTI SECT COM TR,6726.0,207.0
46140H10,20.55,20.35,2022-08-23,DBA,INVESCO DB MULTI SECT COM TR,6726.0,207.0
46140H10,20.63,20.66,2022-08-24,DBA,INVESCO DB MULTI SECT COM TR,6726.0,207.0
46140H10,20.5,20.61,2022-08-25,DBA,INVESCO DB MULTI SECT COM TR,6726.0,207.0
46140H10,20.76,20.57,2022-08-26,DBA,INVESCO DB MULTI SECT COM TR,6726.0,207.0
46140H10,20.79,20.66,2022-08-29,DBA,INVESCO DB MULTI SECT COM TR,6726.0,207.0
46140H10,20.7,20.7,2022-08-30,DBA,INVESCO DB MULTI SECT COM TR,6726.0,207.0
46140H10,20.63,20.63,2022-08-31,DBA,INVESCO DB MULTI SECT COM TR,6726.0,207.0
46140H10,20.31,20.52,2022-09-01,DBA,INVESCO DB MULTI SECT COM TR,6726.0,207.0
46140H10,20.38,20.4,2022-09-02,DBA,INVESCO DB MULTI SECT COM TR,6726.0,207.0
46140H10,20.43,20.4,2022-09-06,DBA,INVESCO DB MULTI SECT COM TR,6726.0,207.0
46140H10,20.3,20.42,2022-09-07,DBA,INVESCO DB MULTI SECT COM TR,6726.0,207.0
46140H10,20.29,20.32,2022-09-08,DBA,INVESCO DB MULTI SECT COM TR,6726.0,207.0
46140H10,20.67,20.42,2022-09-09,DBA,INVESCO DB MULTI SECT COM TR,6726.0,207.0
46140H10,20.81,20.63,2022-09-12,DBA,INVESCO DB MULTI SECT COM TR,6726.0,207.0
46140H10,20.68,20.63,2022-09-13,DBA,INVESCO DB MULTI SECT COM TR,6726.0,207.0
46140H10,20.55,20.62,2022-09-14,DBA,INVESCO DB MULTI SECT COM TR,6726.0,207.0
46140H10,20.54,20.55,2022-09-15,DBA,INVESCO DB MULTI SECT COM TR,6726.0,207.0
46140H10,20.52,20.41,2022-09-16,DBA,INVESCO DB MULTI SECT COM TR,6726.0,207.0
46140H10,20.52,20.37,2022-09-19,DBA,INVESCO DB MULTI SECT COM TR,6726.0,207.0
46140H10,20.79,20.6,2022-09-20,DBA,INVESCO DB MULTI SECT COM TR,6726.0,207.0
46140H10,20.65,20.81,2022-09-21,DBA,INVESCO DB MULTI SECT COM TR,6726.0,207.0
46140H10,20.66,20.66,2022-09-22,DBA,INVESCO DB MULTI SECT COM TR,6726.0,207.0
46140H10,20.26,20.41,2022-09-23,DBA,INVESCO DB MULTI SECT COM TR,6726.0,207.0
46140H10,19.93,20.3,2022-09-26,DBA,INVESCO DB MULTI SECT COM TR,6726.0,207.0
46140H10,19.97,20.17,2022-09-27,DBA,INVESCO DB MULTI SECT COM TR,6726.0,207.0
46140H10,20.14,20.02,2022-09-28,DBA,INVESCO DB MULTI SECT COM TR,6726.0,207.0
46140H10,20.15,20.18,2022-09-29,DBA,INVESCO DB MULTI SECT COM TR,6726.0,207.0
46140H10,20.02,20.19,2022-09-30,DBA,INVESCO DB MULTI SECT COM TR,6726.0,207.0
46140H10,20.06,20.05,2022-10-03,DBA,INVESCO DB MULTI SECT COM TR,6726.0,207.0
46140H10,20.12,20.19,2022-10-04,DBA,INVESCO DB MULTI SECT COM TR,6726.0,207.0
46140H10,20.24,20.12,2022-10-05,DBA,INVESCO DB MULTI SECT COM TR,6726.0,207.0
46140H10,20.15,20.2,2022-10-06,DBA,INVESCO DB MULTI SECT COM TR,6726.0,207.0
46140H10,20.18,20.17,2022-10-07,DBA,INVESCO DB MULTI SECT COM TR,6726.0,207.0
46140H10,20.42,20.34,2022-10-10,DBA,INVESCO DB MULTI SECT COM TR,6726.0,207.0
46140H10,20.34,20.37,2022-10-11,DBA,INVESCO DB MULTI SECT COM TR,6726.0,207.0
46140H10,20.18,20.23,2022-10-12,DBA,INVESCO DB MULTI SECT COM TR,6726.0,207.0
46140H10,20.18,20.01,2022-10-13,DBA,INVESCO DB MULTI SECT COM TR,6726.0,207.0
46140H10,20.06,20.2,2022-10-14,DBA,INVESCO DB MULTI SECT COM TR,6726.0,207.0
46140H10,20.06,20.08,2022-10-17,DBA,INVESCO DB MULTI SECT COM TR,6726.0,207.0
46140H10,20.03,19.98,2022-10-18,DBA,INVESCO DB MULTI SECT COM TR,6726.0,207.0
46140H10,19.99,19.96,2022-10-19,DBA,INVESCO DB MULTI SECT COM TR,6726.0,207.0
46140H10,20.0,20.0,2022-10-20,DBA,INVESCO DB MULTI SECT COM TR,6726.0,207.0
46140H10,20.05,19.94,2022-10-21,DBA,INVESCO DB MULTI SECT COM TR,6726.0,207.0
46140H10,19.98,20.07,2022-10-24,DBA,INVESCO DB MULTI SECT COM TR,6726.0,207.0
46140H10,19.92,19.89,2022-10-25,DBA,INVESCO DB MULTI SECT COM TR,6726.0,207.0
46140H10,19.84,19.9,2022-10-26,DBA,INVESCO DB MULTI SECT COM TR,6726.0,207.0
46140H10,19.72,19.88,2022-10-27,DBA,INVESCO DB MULTI SECT COM TR,6726.0,207.0
46140H10,19.62,19.61,2022-10-28,DBA,INVESCO DB MULTI SECT COM TR,6726.0,207.0
46140H10,19.83,19.79,2022-10-31,DBA,INVESCO DB MULTI SECT COM TR,6726.0,207.0
46140H10,20.05,19.9,2022-11-01,DBA,INVESCO DB MULTI SECT COM TR,6726.0,207.0
46140H10,19.94,19.97,2022-11-02,DBA,INVESCO DB MULTI SECT COM TR,6726.0,207.0
46140H10,19.84,19.78,2022-11-03,DBA,INVESCO DB MULTI SECT COM TR,6726.0,207.0
46140H10,20.09,20.06,2022-11-04,DBA,INVESCO DB MULTI SECT COM TR,6726.0,207.0
46140H10,20.16,20.06,2022-11-07,DBA,INVESCO DB MULTI SECT COM TR,6726.0,207.0
46140H10,20.06,20.1,2022-11-08,DBA,INVESCO DB MULTI SECT COM TR,6726.0,207.0
46140H10,19.97,20.04,2022-11-09,DBA,INVESCO DB MULTI SECT COM TR,6726.0,207.0
46140H10,20.03,20.01,2022-11-10,DBA,INVESCO DB MULTI SECT COM TR,6726.0,207.0
46140H10,20.08,20.12,2022-11-11,DBA,INVESCO DB MULTI SECT COM TR,6726.0,207.0
46140H10,20.07,19.97,2022-11-14,DBA,INVESCO DB MULTI SECT COM TR,6726.0,207.0
46140H10,20.13,19.97,2022-11-15,DBA,INVESCO DB MULTI SECT COM TR,6726.0,207.0
46140H10,20.06,20.07,2022-11-16,DBA,INVESCO DB MULTI SECT COM TR,6726.0,207.0
46140H10,19.88,19.84,2022-11-17,DBA,INVESCO DB MULTI SECT COM TR,6726.0,207.0
46140H10,19.89,19.89,2022-11-18,DBA,INVESCO DB MULTI SECT COM TR,6726.0,207.0
46140H10,19.93,19.89,2022-11-21,DBA,INVESCO DB MULTI SECT COM TR,6726.0,207.0
46140H10,19.96,19.93,2022-11-22,DBA,INVESCO DB MULTI SECT COM TR,6726.0,207.0
46140H10,19.88,19.85,2022-11-23,DBA,INVESCO DB MULTI SECT COM TR,6726.0,207.0
46140H10,19.87,19.86,2022-11-25,DBA,INVESCO DB MULTI SECT COM TR,6726.0,207.0
46140H10,19.76,19.76,2022-11-28,DBA,INVESCO DB MULTI SECT COM TR,6726.0,207.0
46140H10,19.82,19.8,2022-11-29,DBA,INVESCO DB MULTI SECT COM TR,6726.0,207.0
46140H10,20.05,19.9,2022-11-30,DBA,INVESCO DB MULTI SECT COM TR,6726.0,207.0
46140H10,19.92,19.98,2022-12-01,DBA,INVESCO DB MULTI SECT COM TR,6726.0,207.0
46140H10,19.86,19.86,2022-12-02,DBA,INVESCO DB MULTI SECT COM TR,6726.0,207.0
46140H10,19.77,19.89,2022-12-05,DBA,INVESCO DB MULTI SECT COM TR,6726.0,207.0
46140H10,19.63,19.77,2022-12-06,DBA,INVESCO DB MULTI SECT COM TR,6726.0,207.0
46140H10,19.65,19.659,2022-12-07,DBA,INVESCO DB MULTI SECT COM TR,6726.0,207.0
46140H10,19.66,19.68,2022-12-08,DBA,INVESCO DB MULTI SECT COM TR,6726.0,207.0
46140H10,19.56,19.66,2022-12-09,DBA,INVESCO DB MULTI SECT COM TR,6726.0,207.0
46140H10,19.73,19.62,2022-12-12,DBA,INVESCO DB MULTI SECT COM TR,6726.0,207.0
46140H10,19.85,19.87,2022-12-13,DBA,INVESCO DB MULTI SECT COM TR,6726.0,207.0
46140H10,19.83,19.79,2022-12-14,DBA,INVESCO DB MULTI SECT COM TR,6726.0,207.0
46140H10,19.82,19.86,2022-12-15,DBA,INVESCO DB MULTI SECT COM TR,6726.0,207.0
46140H10,19.76,19.73,2022-12-16,DBA,INVESCO DB MULTI SECT COM TR,6726.0,207.0
46140H10,19.67,19.68,2022-12-19,DBA,INVESCO DB MULTI SECT COM TR,6726.0,207.0
46140H10,19.82,19.73,2022-12-20,DBA,INVESCO DB MULTI SECT COM TR,6726.0,207.0
46140H10,20.04,19.83,2022-12-21,DBA,INVESCO DB MULTI SECT COM TR,6726.0,207.0
46140H10,20.09,20.03,2022-12-22,DBA,INVESCO DB MULTI SECT COM TR,6726.0,207.0
46140H10,20.2,20.14,2022-12-23,DBA,INVESCO DB MULTI SECT COM TR,6726.0,207.0
46140H10,20.11,20.15,2022-12-27,DBA,INVESCO DB MULTI SECT COM TR,6726.0,207.0
46140H10,20.25,20.21,2022-12-28,DBA,INVESCO DB MULTI SECT COM TR,6726.0,207.0
46140H10,20.15,20.16,2022-12-29,DBA,INVESCO DB MULTI SECT COM TR,6726.0,207.0
46140H10,20.15,20.15,2022-12-30,DBA,INVESCO DB MULTI SECT COM TR,6726.0,207.0
46140H10,19.93,20.11,2023-01-03,DBA,INVESCO DB MULTI SECT COM TR,6726.0,207.0
46140H10,19.69,19.83,2023-01-04,DBA,INVESCO DB MULTI SECT COM TR,6726.0,207.0
46140H10,19.64,19.69,2023-01-05,DBA,INVESCO DB MULTI SECT COM TR,6726.0,207.0
46140H10,19.56,19.65,2023-01-06,DBA,INVESCO DB MULTI SECT COM TR,6726.0,207.0
46140H10,19.63,19.63,2023-01-09,DBA,INVESCO DB MULTI SECT COM TR,6726.0,207.0
46140H10,19.42,19.55,2023-01-10,DBA,INVESCO DB MULTI SECT COM TR,6726.0,207.0
46140H10,19.37,19.4,2023-01-11,DBA,INVESCO DB MULTI SECT COM TR,6726.0,207.0
46140H10,19.5,19.39,2023-01-12,DBA,INVESCO DB MULTI SECT COM TR,6726.0,207.0
46140H10,19.53,19.45,2023-01-13,DBA,INVESCO DB MULTI SECT COM TR,6726.0,207.0
46140H10,19.6,19.5,2023-01-17,DBA,INVESCO DB MULTI SECT COM TR,6726.0,207.0
46140H10,19.47,19.65,2023-01-18,DBA,INVESCO DB MULTI SECT COM TR,6726.0,207.0
46140H10,19.36,19.5,2023-01-19,DBA,INVESCO DB MULTI SECT COM TR,6726.0,207.0
46140H10,19.41,19.27,2023-01-20,DBA,INVESCO DB MULTI SECT COM TR,6726.0,207.0
46140H10,19.38,19.43,2023-01-23,DBA,INVESCO DB MULTI SECT COM TR,6726.0,207.0
46140H10,19.51,19.42,2023-01-24,DBA,INVESCO DB MULTI SECT COM TR,6726.0,207.0
46140H10,19.56,19.51,2023-01-25,DBA,INVESCO DB MULTI SECT COM TR,6726.0,207.0
46140H10,19.83,19.75,2023-01-26,DBA,INVESCO DB MULTI SECT COM TR,6726.0,207.0
46140H10,19.87,19.83,2023-01-27,DBA,INVESCO DB MULTI SECT COM TR,6726.0,207.0
46140H10,19.98,19.96,2023-01-30,DBA,INVESCO DB MULTI SECT COM TR,6726.0,207.0
46140H10,20.23,20.04,2023-01-31,DBA,INVESCO DB MULTI SECT COM TR,6726.0,207.0
46140H10,20.09,20.19,2023-02-01,DBA,INVESCO DB MULTI SECT COM TR,6726.0,207.0
46140H10,20.17,20.19,2023-02-02,DBA,INVESCO DB MULTI SECT COM TR,6726.0,207.0
46140H10,20.06,20.09,2023-02-03,DBA,INVESCO DB MULTI SECT COM TR,6726.0,207.0
46140H10,20.01,20.1,2023-02-06,DBA,INVESCO DB MULTI SECT COM TR,6726.0,207.0
46140H10,20.06,19.99,2023-02-07,DBA,INVESCO DB MULTI SECT COM TR,6726.0,207.0
46140H10,20.12,20.04,2023-02-08,DBA,INVESCO DB MULTI SECT COM TR,6726.0,207.0
46140H10,19.99,20.17,2023-02-09,DBA,INVESCO DB MULTI SECT COM TR,6726.0,207.0
46140H10,20.18,20.02,2023-02-10,DBA,INVESCO DB MULTI SECT COM TR,6726.0,207.0
46140H10,20.3,20.16,2023-02-13,DBA,INVESCO DB MULTI SECT COM TR,6726.0,207.0
46140H10,20.46,20.3,2023-02-14,DBA,INVESCO DB MULTI SECT COM TR,6726.0,207.0
46140H10,20.29,20.4,2023-02-15,DBA,INVESCO DB MULTI SECT COM TR,6726.0,207.0
46140H10,20.38,20.25,2023-02-16,DBA,INVESCO DB MULTI SECT COM TR,6726.0,207.0
46140H10,20.48,20.44,2023-02-17,DBA,INVESCO DB MULTI SECT COM TR,6726.0,207.0
46140H10,20.68,20.63,2023-02-21,DBA,INVESCO DB MULTI SECT COM TR,6726.0,207.0
46140H10,20.58,20.68,2023-02-22,DBA,INVESCO DB MULTI SECT COM TR,6726.0,207.0
46140H10,20.56,20.6,2023-02-23,DBA,INVESCO DB MULTI SECT COM TR,6726.0,207.0
46140H10,20.26,20.41,2023-02-24,DBA,INVESCO DB MULTI SECT COM TR,6726.0,207.0
46140H10,20.24,20.3,2023-02-27,DBA,INVESCO DB MULTI SECT COM TR,6726.0,207.0
46140H10,20.19,20.27,2023-02-28,DBA,INVESCO DB MULTI SECT COM TR,6726.0,207.0
46140H10,20.32,20.21,2023-03-01,DBA,INVESCO DB MULTI SECT COM TR,6726.0,207.0
46140H10,20.2,20.26,2023-03-02,DBA,INVESCO DB MULTI SECT COM TR,6726.0,207.0
46140H10,20.32,20.21,2023-03-03,DBA,INVESCO DB MULTI SECT COM TR,6726.0,207.0
46140H10,20.25,20.18,2023-03-06,DBA,INVESCO DB MULTI SECT COM TR,6726.0,207.0
46140H10,20.22,20.21,2023-03-07,DBA,INVESCO DB MULTI SECT COM TR,6726.0,207.0
46140H10,20.07,20.18,2023-03-08,DBA,INVESCO DB MULTI SECT COM TR,6726.0,207.0
46140H10,19.95,20.1,2023-03-09,DBA,INVESCO DB MULTI SECT COM TR,6726.0,207.0
46140H10,20.03,19.93,2023-03-10,DBA,INVESCO DB MULTI SECT COM TR,6726.0,207.0
46140H10,19.93,19.89,2023-03-13,DBA,INVESCO DB MULTI SECT COM TR,6726.0,207.0
46140H10,19.93,19.91,2023-03-14,DBA,INVESCO DB MULTI SECT COM TR,6726.0,207.0
46140H10,19.71,19.8,2023-03-15,DBA,INVESCO DB MULTI SECT COM TR,6726.0,207.0
46140H10,19.85,19.88,2023-03-16,DBA,INVESCO DB MULTI SECT COM TR,6726.0,207.0
46140H10,19.83,19.88,2023-03-17,DBA,INVESCO DB MULTI SECT COM TR,6726.0,207.0
46140H10,19.82,19.78,2023-03-20,DBA,INVESCO DB MULTI SECT COM TR,6726.0,207.0
46140H10,19.84,19.98,2023-03-21,DBA,INVESCO DB MULTI SECT COM TR,6726.0,207.0
46140H10,19.77,19.89,2023-03-22,DBA,INVESCO DB MULTI SECT COM TR,6726.0,207.0
46140H10,19.66,19.74,2023-03-23,DBA,INVESCO DB MULTI SECT COM TR,6726.0,207.0
46140H10,19.96,19.75,2023-03-24,DBA,INVESCO DB MULTI SECT COM TR,6726.0,207.0
46140H10,20.15,20.03,2023-03-27,DBA,INVESCO DB MULTI SECT COM TR,6726.0,207.0
46140H10,20.24,20.12,2023-03-28,DBA,INVESCO DB MULTI SECT COM TR,6726.0,207.0
46140H10,20.12,20.17,2023-03-29,DBA,INVESCO DB MULTI SECT COM TR,6726.0,207.0
46140H10,20.31,20.29,2023-03-30,DBA,INVESCO DB MULTI SECT COM TR,6726.0,207.0
46140H10,20.43,20.2,2023-03-31,DBA,INVESCO DB MULTI SECT COM TR,6726.0,207.0
46140H10,20.45,20.53,2023-04-03,DBA,INVESCO DB MULTI SECT COM TR,6726.0,207.0
46140H10,20.35,20.46,2023-04-04,DBA,INVESCO DB MULTI SECT COM TR,6726.0,207.0
46140H10,20.45,20.38,2023-04-05,DBA,INVESCO DB MULTI SECT COM TR,6726.0,207.0
46140H10,20.65,20.52,2023-04-06,DBA,INVESCO DB MULTI SECT COM TR,6726.0,207.0
46140H10,20.7,20.62,2023-04-10,DBA,INVESCO DB MULTI SECT COM TR,6726.0,207.0
46140H10,20.84,20.76,2023-04-11,DBA,INVESCO DB MULTI SECT COM TR,6726.0,207.0
46140H10,20.77,20.84,2023-04-12,DBA,INVESCO DB MULTI SECT COM TR,6726.0,207.0
46140H10,20.87,20.98,2023-04-13,DBA,INVESCO DB MULTI SECT COM TR,6726.0,207.0
46140H10,20.91,20.82,2023-04-14,DBA,INVESCO DB MULTI SECT COM TR,6726.0,207.0
46140H10,21.2,20.98,2023-04-17,DBA,INVESCO DB MULTI SECT COM TR,6726.0,207.0
46140H10,21.3,21.13,2023-04-18,DBA,INVESCO DB MULTI SECT COM TR,6726.0,207.0
46140H10,21.11,21.18,2023-04-19,DBA,INVESCO DB MULTI SECT COM TR,6726.0,207.0
46140H10,21.08,21.0,2023-04-20,DBA,INVESCO DB MULTI SECT COM TR,6726.0,207.0
46140H10,20.94,21.01,2023-04-21,DBA,INVESCO DB MULTI SECT COM TR,6726.0,207.0
46140H10,21.06,20.98,2023-04-24,DBA,INVESCO DB MULTI SECT COM TR,6726.0,207.0
46140H10,20.99,20.9,2023-04-25,DBA,INVESCO DB MULTI SECT COM TR,6726.0,207.0
46140H10,21.02,21.04,2023-04-26,DBA,INVESCO DB MULTI SECT COM TR,6726.0,207.0
46140H10,20.98,21.05,2023-04-27,DBA,INVESCO DB MULTI SECT COM TR,6726.0,207.0
46140H10,20.95,20.86,2023-04-28,DBA,INVESCO DB MULTI SECT COM TR,6726.0,207.0
46140H10,20.73,20.94,2023-05-01,DBA,INVESCO DB MULTI SECT COM TR,6726.0,207.0
46140H10,20.54,20.71,2023-05-02,DBA,INVESCO DB MULTI SECT COM TR,6726.0,207.0
46140H10,20.6,20.5,2023-05-03,DBA,INVESCO DB MULTI SECT COM TR,6726.0,207.0
46140H10,20.7,20.5,2023-05-04,DBA,INVESCO DB MULTI SECT COM TR,6726.0,207.0
46140H10,21.03,20.75,2023-05-05,DBA,INVESCO DB MULTI SECT COM TR,6726.0,207.0
46140H10,20.91,21.03,2023-05-08,DBA,INVESCO DB MULTI SECT COM TR,6726.0,207.0
46140H10,20.96,20.83,2023-05-09,DBA,INVESCO DB MULTI SECT COM TR,6726.0,207.0
46140H10,21.03,20.87,2023-05-10,DBA,INVESCO DB MULTI SECT COM TR,6726.0,207.0
46140H10,20.78,20.86,2023-05-11,DBA,INVESCO DB MULTI SECT COM TR,6726.0,207.0
46140H10,20.83,20.87,2023-05-12,DBA,INVESCO DB MULTI SECT COM TR,6726.0,207.0
46140H10,21.09,20.9,2023-05-15,DBA,INVESCO DB MULTI SECT COM TR,6726.0,207.0
46140H10,20.94,21.11,2023-05-16,DBA,INVESCO DB MULTI SECT COM TR,6726.0,207.0
46140H10,20.78,20.87,2023-05-17,DBA,INVESCO DB MULTI SECT COM TR,6726.0,207.0
46140H10,20.7,20.6,2023-05-18,DBA,INVESCO DB MULTI SECT COM TR,6726.0,207.0
46140H10,20.78,20.94,2023-05-19,DBA,INVESCO DB MULTI SECT COM TR,6726.0,207.0
46140H10,20.76,20.77,2023-05-22,DBA,INVESCO DB MULTI SECT COM TR,6726.0,207.0
46140H10,20.74,20.81,2023-05-23,DBA,INVESCO DB MULTI SECT COM TR,6726.0,207.0
46140H10,20.63,20.7,2023-05-24,DBA,INVESCO DB MULTI SECT COM TR,6726.0,207.0
46140H10,20.4,20.55,2023-05-25,DBA,INVESCO DB MULTI SECT COM TR,6726.0,207.0
46140H10,20.57,20.53,2023-05-26,DBA,INVESCO DB MULTI SECT COM TR,6726.0,207.0
46140H10,20.44,20.5,2023-05-30,DBA,INVESCO DB MULTI SECT COM TR,6726.0,207.0
46140H10,20.46,20.35,2023-05-31,DBA,INVESCO DB MULTI SECT COM TR,6726.0,207.0
46140H10,20.76,20.66,2023-06-01,DBA,INVESCO DB MULTI SECT COM TR,6726.0,207.0
46140H10,20.88,20.78,2023-06-02,DBA,INVESCO DB MULTI SECT COM TR,6726.0,207.0
46140H10,20.85,20.83,2023-06-05,DBA,INVESCO DB MULTI SECT COM TR,6726.0,207.0
46140H10,21.02,20.94,2023-06-06,DBA,INVESCO DB MULTI SECT COM TR,6726.0,207.0
46140H10,20.89,21.0,2023-06-07,DBA,INVESCO DB MULTI SECT COM TR,6726.0,207.0
46140H10,21.24,20.95,2023-06-08,DBA,INVESCO DB MULTI SECT COM TR,6726.0,207.0
46140H10,21.19,21.12,2023-06-09,DBA,INVESCO DB MULTI SECT COM TR,6726.0,207.0
46140H10,21.24,21.2,2023-06-12,DBA,INVESCO DB MULTI SECT COM TR,6726.0,207.0
46140H10,21.3,21.29,2023-06-13,DBA,INVESCO DB MULTI SECT COM TR,6726.0,207.0
46140H10,21.33,21.23,2023-06-14,DBA,INVESCO DB MULTI SECT COM TR,6726.0,207.0
46140H10,21.7,21.51,2023-06-15,DBA,INVESCO DB MULTI SECT COM TR,6726.0,207.0
46140H10,21.99,21.78,2023-06-16,DBA,INVESCO DB MULTI SECT COM TR,6726.0,207.0
46140H10,21.9,21.99,2023-06-20,DBA,INVESCO DB MULTI SECT COM TR,6726.0,207.0
46140H10,22.13,21.96,2023-06-21,DBA,INVESCO DB MULTI SECT COM TR,6726.0,207.0
46140H10,21.95,21.96,2023-06-22,DBA,INVESCO DB MULTI SECT COM TR,6726.0,207.0
46140H10,21.53,21.65,2023-06-23,DBA,INVESCO DB MULTI SECT COM TR,6726.0,207.0
46140H10,21.51,21.54,2023-06-26,DBA,INVESCO DB MULTI SECT COM TR,6726.0,207.0
46140H10,21.29,21.4,2023-06-27,DBA,INVESCO DB MULTI SECT COM TR,6726.0,207.0
46140H10,21.05,21.05,2023-06-28,DBA,INVESCO DB MULTI SECT COM TR,6726.0,207.0
46140H10,20.93,20.96,2023-06-29,DBA,INVESCO DB MULTI SECT COM TR,6726.0,207.0
46140H10,21.07,21.07,2023-06-30,DBA,INVESCO DB MULTI SECT COM TR,6726.0,207.0
46140H10,21.31,21.16,2023-07-03,DBA,INVESCO DB MULTI SECT COM TR,6726.0,207.0
46140H10,21.24,21.4,2023-07-05,DBA,INVESCO DB MULTI SECT COM TR,6726.0,207.0
46140H10,21.22,21.21,2023-07-06,DBA,INVESCO DB MULTI SECT COM TR,6726.0,207.0
46140H10,21.16,21.18,2023-07-07,DBA,INVESCO DB MULTI SECT COM TR,6726.0,207.0
46140H10,21.18,21.21,2023-07-10,DBA,INVESCO DB MULTI SECT COM TR,6726.0,207.0
46140H10,21.39,21.27,2023-07-11,DBA,INVESCO DB MULTI SECT COM TR,6726.0,207.0
46140H10,21.21,21.4,2023-07-12,DBA,INVESCO DB MULTI SECT COM TR,6726.0,207.0
46140H10,21.35,21.21,2023-07-13,DBA,INVESCO DB MULTI SECT COM TR,6726.0,207.0
46140H10,21.59,21.55,2023-07-14,DBA,INVESCO DB MULTI SECT COM TR,6726.0,207.0
46140H10,21.44,21.68,2023-07-17,DBA,INVESCO DB MULTI SECT COM TR,6726.0,207.0
46140H10,21.74,21.53,2023-07-18,DBA,INVESCO DB MULTI SECT COM TR,6726.0,207.0
46140H10,22.0,21.86,2023-07-19,DBA,INVESCO DB MULTI SECT COM TR,6726.0,207.0
46140H10,22.05,22.11,2023-07-20,DBA,INVESCO DB MULTI SECT COM TR,6726.0,207.0
46140H10,22.01,22.0,2023-07-21,DBA,INVESCO DB MULTI SECT COM TR,6726.0,207.0
46140H10,22.35,22.15,2023-07-24,DBA,INVESCO DB MULTI SECT COM TR,6726.0,207.0
46140H10,22.36,22.32,2023-07-25,DBA,INVESCO DB MULTI SECT COM TR,6726.0,207.0
46140H10,22.31,22.3,2023-07-26,DBA,INVESCO DB MULTI SECT COM TR,6726.0,207.0
46140H10,22.11,22.29,2023-07-27,DBA,INVESCO DB MULTI SECT COM TR,6726.0,207.0
46140H10,21.99,21.96,2023-07-28,DBA,INVESCO DB MULTI SECT COM TR,6726.0,207.0
46140H10,21.93,21.93,2023-07-31,DBA,INVESCO DB MULTI SECT COM TR,6726.0,207.0
46140H10,21.96,21.82,2023-08-01,DBA,INVESCO DB MULTI SECT COM TR,6726.0,207.0
46140H10,21.79,21.91,2023-08-02,DBA,INVESCO DB MULTI SECT COM TR,6726.0,207.0
46140H10,21.62,21.69,2023-08-03,DBA,INVESCO DB MULTI SECT COM TR,6726.0,207.0
46140H10,21.64,21.66,2023-08-04,DBA,INVESCO DB MULTI SECT COM TR,6726.0,207.0
46140H10,21.59,21.72,2023-08-07,DBA,INVESCO DB MULTI SECT COM TR,6726.0,207.0
46140H10,21.43,21.48,2023-08-08,DBA,INVESCO DB MULTI SECT COM TR,6726.0,207.0
46140H10,21.39,21.44,2023-08-09,DBA,INVESCO DB MULTI SECT COM TR,6726.0,207.0
46140H10,21.41,21.4,2023-08-10,DBA,INVESCO DB MULTI SECT COM TR,6726.0,207.0
46140H10,21.41,21.42,2023-08-11,DBA,INVESCO DB MULTI SECT COM TR,6726.0,207.0
46140H10,21.25,21.32,2023-08-14,DBA,INVESCO DB MULTI SECT COM TR,6726.0,207.0
46140H10,21.08,21.27,2023-08-15,DBA,INVESCO DB MULTI SECT COM TR,6726.0,207.0
46140H10,21.19,21.12,2023-08-16,DBA,INVESCO DB MULTI SECT COM TR,6726.0,207.0
46140H10,21.18,21.23,2023-08-17,DBA,INVESCO DB MULTI SECT COM TR,6726.0,207.0
46140H10,21.35,21.29,2023-08-18,DBA,INVESCO DB MULTI SECT COM TR,6726.0,207.0
46140H10,21.29,21.49,2023-08-21,DBA,INVESCO DB MULTI SECT COM TR,6726.0,207.0
46140H10,21.16,21.38,2023-08-22,DBA,INVESCO DB MULTI SECT COM TR,6726.0,207.0
46140H10,21.38,21.3,2023-08-23,DBA,INVESCO DB MULTI SECT COM TR,6726.0,207.0
46140H10,21.56,21.34,2023-08-24,DBA,INVESCO DB MULTI SECT COM TR,6726.0,207.0
46140H10,21.62,21.56,2023-08-25,DBA,INVESCO DB MULTI SECT COM TR,6726.0,207.0
46140H10,21.83,21.69,2023-08-28,DBA,INVESCO DB MULTI SECT COM TR,6726.0,207.0
46140H10,21.8,21.79,2023-08-29,DBA,INVESCO DB MULTI SECT COM TR,6726.0,207.0
46140H10,21.85,21.84,2023-08-30,DBA,INVESCO DB MULTI SECT COM TR,6726.0,207.0
46140H10,21.74,21.82,2023-08-31,DBA,INVESCO DB MULTI SECT COM TR,6726.0,207.0
46140H10,21.78,21.81,2023-09-01,DBA,INVESCO DB MULTI SECT COM TR,6726.0,207.0
46140H10,21.92,21.85,2023-09-05,DBA,INVESCO DB MULTI SECT COM TR,6726.0,207.0
46140H10,21.94,21.9,2023-09-06,DBA,INVESCO DB MULTI SECT COM TR,6726.0,207.0
46140H10,21.9,21.88,2023-09-07,DBA,INVESCO DB MULTI SECT COM TR,6726.0,207.0
46140H10,21.85,21.92,2023-09-08,DBA,INVESCO DB MULTI SECT COM TR,6726.0,207.0
46140H10,22.01,21.91,2023-09-11,DBA,INVESCO DB MULTI SECT COM TR,6726.0,207.0
46140H10,22.04,22.03,2023-09-12,DBA,INVESCO DB MULTI SECT COM TR,6726.0,207.0
46140H10,22.11,22.07,2023-09-13,DBA,INVESCO DB MULTI SECT COM TR,6726.0,207.0
46140H10,22.21,22.11,2023-09-14,DBA,INVESCO DB MULTI SECT COM TR,6726.0,207.0
46140H10,22.34,22.31,2023-09-15,DBA,INVESCO DB MULTI SECT COM TR,6726.0,207.0
46140H10,22.18,22.32,2023-09-18,DBA,INVESCO DB MULTI SECT COM TR,6726.0,207.0
46140H10,22.27,22.24,2023-09-19,DBA,INVESCO DB MULTI SECT COM TR,6726.0,207.0
46140H10,22.21,22.13,2023-09-20,DBA,INVESCO DB MULTI SECT COM TR,6726.0,207.0
46140H10,21.9,22.08,2023-09-21,DBA,INVESCO DB MULTI SECT COM TR,6726.0,207.0
46140H10,21.86,21.91,2023-09-22,DBA,INVESCO DB MULTI SECT COM TR,6726.0,207.0
46140H10,21.75,21.73,2023-09-25,DBA,INVESCO DB MULTI SECT COM TR,6726.0,207.0
46140H10,21.67,21.75,2023-09-26,DBA,INVESCO DB MULTI SECT COM TR,6726.0,207.0
46140H10,21.61,21.65,2023-09-27,DBA,INVESCO DB MULTI SECT COM TR,6726.0,207.0
46140H10,21.8,21.6,2023-09-28,DBA,INVESCO DB MULTI SECT COM TR,6726.0,207.0
46140H10,21.41,21.74,2023-09-29,DBA,INVESCO DB MULTI SECT COM TR,6726.0,207.0
46140H10,21.58,21.5,2023-10-02,DBA,INVESCO DB MULTI SECT COM TR,6726.0,207.0
46140H10,21.37,21.51,2023-10-03,DBA,INVESCO DB MULTI SECT COM TR,6726.0,207.0
46140H10,21.32,21.4,2023-10-04,DBA,INVESCO DB MULTI SECT COM TR,6726.0,207.0
46140H10,21.44,21.27,2023-10-05,DBA,INVESCO DB MULTI SECT COM TR,6726.0,207.0
46140H10,21.58,21.41,2023-10-06,DBA,INVESCO DB MULTI SECT COM TR,6726.0,207.0
46140H10,21.57,21.58,2023-10-09,DBA,INVESCO DB MULTI SECT COM TR,6726.0,207.0
46140H10,21.55,21.5,2023-10-10,DBA,INVESCO DB MULTI SECT COM TR,6726.0,207.0
46140H10,21.41,21.51,2023-10-11,DBA,INVESCO DB MULTI SECT COM TR,6726.0,207.0
46140H10,21.61,21.55,2023-10-12,DBA,INVESCO DB MULTI SECT COM TR,6726.0,207.0
46140H10,21.71,21.76,2023-10-13,DBA,INVESCO DB MULTI SECT COM TR,6726.0,207.0
46140H10,21.73,21.74,2023-10-16,DBA,INVESCO DB MULTI SECT COM TR,6726.0,207.0
46140H10,21.86,21.82,2023-10-17,DBA,INVESCO DB MULTI SECT COM TR,6726.0,207.0
46140H10,21.92,21.93,2023-10-18,DBA,INVESCO DB MULTI SECT COM TR,6726.0,207.0
46140H10,21.97,21.9,2023-10-19,DBA,INVESCO DB MULTI SECT COM TR,6726.0,207.0
46140H10,21.92,22.01,2023-10-20,DBA,INVESCO DB MULTI SECT COM TR,6726.0,207.0
46140H10,21.93,21.94,2023-10-23,DBA,INVESCO DB MULTI SECT COM TR,6726.0,207.0
46140H10,21.91,21.89,2023-10-24,DBA,INVESCO DB MULTI SECT COM TR,6726.0,207.0
46140H10,21.81,21.91,2023-10-25,DBA,INVESCO DB MULTI SECT COM TR,6726.0,207.0
46140H10,21.85,21.81,2023-10-26,DBA,INVESCO DB MULTI SECT COM TR,6726.0,207.0
46140H10,22.05,21.92,2023-10-27,DBA,INVESCO DB MULTI SECT COM TR,6726.0,207.0
46140H10,21.9,21.97,2023-10-30,DBA,INVESCO DB MULTI SECT COM TR,6726.0,207.0
46140H10,22.01,21.97,2023-10-31,DBA,INVESCO DB MULTI SECT COM TR,6726.0,207.0
46140H10,21.98,21.95,2023-11-01,DBA,INVESCO DB MULTI SECT COM TR,6726.0,207.0
46140H10,22.24,22.04,2023-11-02,DBA,INVESCO DB MULTI SECT COM TR,6726.0,207.0
46140H10,22.4,22.21,2023-11-03,DBA,INVESCO DB MULTI SECT COM TR,6726.0,207.0
46140H10,22.46,22.4,2023-11-06,DBA,INVESCO DB MULTI SECT COM TR,6726.0,207.0
46140H10,22.16,22.35,2023-11-07,DBA,INVESCO DB MULTI SECT COM TR,6726.0,207.0
46140H10,22.26,22.16,2023-11-08,DBA,INVESCO DB MULTI SECT COM TR,6726.0,207.0
46140H10,22.13,22.27,2023-11-09,DBA,INVESCO DB MULTI SECT COM TR,6726.0,207.0
46140H10,22.04,22.13,2023-11-10,DBA,INVESCO DB MULTI SECT COM TR,6726.0,207.0
46140H10,22.36,22.08,2023-11-13,DBA,INVESCO DB MULTI SECT COM TR,6726.0,207.0
46140H10,22.25,22.28,2023-11-14,DBA,INVESCO DB MULTI SECT COM TR,6726.0,207.0
46140H10,22.29,22.2,2023-11-15,DBA,INVESCO DB MULTI SECT COM TR,6726.0,207.0
46140H10,22.12,22.22,2023-11-16,DBA,INVESCO DB MULTI SECT COM TR,6726.0,207.0
46140H10,22.08,22.08,2023-11-17,DBA,INVESCO DB MULTI SECT COM TR,6726.0,207.0
46140H10,22.14,22.13,2023-11-20,DBA,INVESCO DB MULTI SECT COM TR,6726.0,207.0
46140H10,22.18,22.16,2023-11-21,DBA,INVESCO DB MULTI SECT COM TR,6726.0,207.0
46140H10,22.07,22.1,2023-11-22,DBA,INVESCO DB MULTI SECT COM TR,6726.0,207.0
46140H10,21.74,22.01,2023-11-24,DBA,INVESCO DB MULTI SECT COM TR,6726.0,207.0
46140H10,21.59,21.79,2023-11-27,DBA,INVESCO DB MULTI SECT COM TR,6726.0,207.0
46140H10,21.94,21.64,2023-11-28,DBA,INVESCO DB MULTI SECT COM TR,6726.0,207.0
46140H10,22.08,21.96,2023-11-29,DBA,INVESCO DB MULTI SECT COM TR,6726.0,207.0
46140H10,22.28,22.14,2023-11-30,DBA,INVESCO DB MULTI SECT COM TR,6726.0,207.0
46140H10,22.02,22.06,2023-12-01,DBA,INVESCO DB MULTI SECT COM TR,6726.0,207.0
46140H10,21.98,21.97,2023-12-04,DBA,INVESCO DB MULTI SECT COM TR,6726.0,207.0
46140H10,22.01,21.9,2023-12-05,DBA,INVESCO DB MULTI SECT COM TR,6726.0,207.0
46140H10,21.55,21.89,2023-12-06,DBA,INVESCO DB MULTI SECT COM TR,6726.0,207.0
46140H10,21.68,21.62,2023-12-07,DBA,INVESCO DB MULTI SECT COM TR,6726.0,207.0
46140H10,21.82,21.7,2023-12-08,DBA,INVESCO DB MULTI SECT COM TR,6726.0,207.0
46140H10,21.71,21.8,2023-12-11,DBA,INVESCO DB MULTI SECT COM TR,6726.0,207.0
46140H10,21.85,21.72,2023-12-12,DBA,INVESCO DB MULTI SECT COM TR,6726.0,207.0
46140H10,21.72,21.77,2023-12-13,DBA,INVESCO DB MULTI SECT COM TR,6726.0,207.0
46140H10,21.9,21.76,2023-12-14,DBA,INVESCO DB MULTI SECT COM TR,6726.0,207.0
46140H10,21.96,21.88,2023-12-15,DBA,INVESCO DB MULTI SECT COM TR,6726.0,207.0
46140H10,21.02,20.96,2023-12-18,DBA,INVESCO DB MULTI SECT COM TR,6726.0,207.0
46140H10,21.07,20.95,2023-12-19,DBA,INVESCO DB MULTI SECT COM TR,6726.0,207.0
46140H10,20.82,20.98,2023-12-20,DBA,INVESCO DB MULTI SECT COM TR,6726.0,207.0
46140H10,20.79,20.84,2023-12-21,DBA,INVESCO DB MULTI SECT COM TR,6726.0,207.0
46140H10,20.89,20.86,2023-12-22,DBA,INVESCO DB MULTI SECT COM TR,6726.0,207.0
46140H10,20.98,20.9,2023-12-26,DBA,INVESCO DB MULTI SECT COM TR,6726.0,207.0
46140H10,21.0,20.97,2023-12-27,DBA,INVESCO DB MULTI SECT COM TR,6726.0,207.0
46140H10,21.05,21.0,2023-12-28,DBA,INVESCO DB MULTI SECT COM TR,6726.0,207.0
46140H10,20.74,20.88,2023-12-29,DBA,INVESCO DB MULTI SECT COM TR,6726.0,207.0
