cusip,prc,openprc,date,htick,hcomnam,hsiccd,numshr
72376210,8.01,7.72,2009-01-02,MAV,PIONEER MUNI HIGH INC ADV FD INC,6726.0,240.0
72376210,8.3924,8.05,2009-01-05,MAV,PIONEER MUNI HIGH INC ADV FD INC,6726.0,240.0
72376210,8.5,8.48,2009-01-06,MAV,PIONEER MUNI HIGH INC ADV FD INC,6726.0,240.0
72376210,8.42,8.58,2009-01-07,MAV,PIONEER MUNI HIGH INC ADV FD INC,6726.0,240.0
72376210,8.69,8.48,2009-01-08,MAV,PIONEER MUNI HIGH INC ADV FD INC,6726.0,240.0
72376210,8.98,8.72,2009-01-09,MAV,PIONEER MUNI HIGH INC ADV FD INC,6726.0,240.0
72376210,9.29,9.16,2009-01-12,MAV,PIONEER MUNI HIGH INC ADV FD INC,6726.0,240.0
72376210,9.67,9.24,2009-01-13,MAV,PIONEER MUNI HIGH INC ADV FD INC,6726.0,240.0
72376210,9.57,9.6,2009-01-14,MAV,PIONEER MUNI HIGH INC ADV FD INC,6726.0,240.0
72376210,9.36,9.44,2009-01-15,MAV,PIONEER MUNI HIGH INC ADV FD INC,6726.0,240.0
72376210,9.82,9.27,2009-01-16,MAV,PIONEER MUNI HIGH INC ADV FD INC,6726.0,240.0
72376210,9.61,9.81,2009-01-20,MAV,PIONEER MUNI HIGH INC ADV FD INC,6726.0,240.0
72376210,9.52,9.55,2009-01-21,MAV,PIONEER MUNI HIGH INC ADV FD INC,6726.0,240.0
72376210,9.5,9.5,2009-01-22,MAV,PIONEER MUNI HIGH INC ADV FD INC,6726.0,240.0
72376210,9.45,9.45,2009-01-23,MAV,PIONEER MUNI HIGH INC ADV FD INC,6726.0,240.0
72376210,9.46,9.44,2009-01-26,MAV,PIONEER MUNI HIGH INC ADV FD INC,6726.0,240.0
72376210,9.8,9.86,2009-01-27,MAV,PIONEER MUNI HIGH INC ADV FD INC,6726.0,240.0
72376210,9.86,9.8,2009-01-28,MAV,PIONEER MUNI HIGH INC ADV FD INC,6726.0,240.0
72376210,9.98,9.86,2009-01-29,MAV,PIONEER MUNI HIGH INC ADV FD INC,6726.0,240.0
72376210,10.22,10.0,2009-01-30,MAV,PIONEER MUNI HIGH INC ADV FD INC,6726.0,240.0
72376210,10.25,10.3,2009-02-02,MAV,PIONEER MUNI HIGH INC ADV FD INC,6726.0,240.0
72376210,10.03,10.18,2009-02-03,MAV,PIONEER MUNI HIGH INC ADV FD INC,6726.0,240.0
72376210,10.13,10.1,2009-02-04,MAV,PIONEER MUNI HIGH INC ADV FD INC,6726.0,240.0
72376210,10.48,10.13,2009-02-05,MAV,PIONEER MUNI HIGH INC ADV FD INC,6726.0,240.0
72376210,10.32,10.5,2009-02-06,MAV,PIONEER MUNI HIGH INC ADV FD INC,6726.0,240.0
72376210,10.3599,10.37,2009-02-09,MAV,PIONEER MUNI HIGH INC ADV FD INC,6726.0,240.0
72376210,10.4,10.32,2009-02-10,MAV,PIONEER MUNI HIGH INC ADV FD INC,6726.0,240.0
72376210,10.43,10.4,2009-02-11,MAV,PIONEER MUNI HIGH INC ADV FD INC,6726.0,240.0
72376210,10.49,10.49,2009-02-12,MAV,PIONEER MUNI HIGH INC ADV FD INC,6726.0,240.0
72376210,10.49,10.53,2009-02-13,MAV,PIONEER MUNI HIGH INC ADV FD INC,6726.0,240.0
72376210,9.89,10.45,2009-02-17,MAV,PIONEER MUNI HIGH INC ADV FD INC,6726.0,240.0
72376210,9.37,9.89,2009-02-18,MAV,PIONEER MUNI HIGH INC ADV FD INC,6726.0,240.0
72376210,9.12,9.37,2009-02-19,MAV,PIONEER MUNI HIGH INC ADV FD INC,6726.0,240.0
72376210,8.89,9.09,2009-02-20,MAV,PIONEER MUNI HIGH INC ADV FD INC,6726.0,240.0
72376210,8.66,8.92,2009-02-23,MAV,PIONEER MUNI HIGH INC ADV FD INC,6726.0,240.0
72376210,9.36,8.95,2009-02-24,MAV,PIONEER MUNI HIGH INC ADV FD INC,6726.0,240.0
72376210,9.74,9.42,2009-02-25,MAV,PIONEER MUNI HIGH INC ADV FD INC,6726.0,240.0
72376210,9.9,10.29,2009-02-26,MAV,PIONEER MUNI HIGH INC ADV FD INC,6726.0,240.0
72376210,9.79,9.87,2009-02-27,MAV,PIONEER MUNI HIGH INC ADV FD INC,6726.0,240.0
72376210,9.5,9.55,2009-03-02,MAV,PIONEER MUNI HIGH INC ADV FD INC,6726.0,240.0
72376210,8.9905,9.41,2009-03-03,MAV,PIONEER MUNI HIGH INC ADV FD INC,6726.0,240.0
72376210,9.01,8.95,2009-03-04,MAV,PIONEER MUNI HIGH INC ADV FD INC,6726.0,240.0
72376210,9.08,9.05,2009-03-05,MAV,PIONEER MUNI HIGH INC ADV FD INC,6726.0,240.0
72376210,8.8,8.99,2009-03-06,MAV,PIONEER MUNI HIGH INC ADV FD INC,6726.0,240.0
72376210,8.31,8.69,2009-03-09,MAV,PIONEER MUNI HIGH INC ADV FD INC,6726.0,240.0
72376210,8.6,8.51,2009-03-10,MAV,PIONEER MUNI HIGH INC ADV FD INC,6726.0,240.0
72376210,9.1,8.52,2009-03-11,MAV,PIONEER MUNI HIGH INC ADV FD INC,6726.0,240.0
72376210,9.17,9.0,2009-03-12,MAV,PIONEER MUNI HIGH INC ADV FD INC,6726.0,240.0
72376210,9.1599,9.17,2009-03-13,MAV,PIONEER MUNI HIGH INC ADV FD INC,6726.0,240.0
72376210,9.01,9.15,2009-03-16,MAV,PIONEER MUNI HIGH INC ADV FD INC,6726.0,240.0
72376210,8.95,9.13,2009-03-17,MAV,PIONEER MUNI HIGH INC ADV FD INC,6726.0,240.0
72376210,9.07,8.82,2009-03-18,MAV,PIONEER MUNI HIGH INC ADV FD INC,6726.0,240.0
72376210,9.01,9.09,2009-03-19,MAV,PIONEER MUNI HIGH INC ADV FD INC,6726.0,240.0
72376210,8.91,8.92,2009-03-20,MAV,PIONEER MUNI HIGH INC ADV FD INC,6726.0,240.0
72376210,8.9,9.07,2009-03-23,MAV,PIONEER MUNI HIGH INC ADV FD INC,6726.0,240.0
72376210,8.76,8.86,2009-03-24,MAV,PIONEER MUNI HIGH INC ADV FD INC,6726.0,240.0
72376210,8.94,8.68,2009-03-25,MAV,PIONEER MUNI HIGH INC ADV FD INC,6726.0,240.0
72376210,9.19,8.98,2009-03-26,MAV,PIONEER MUNI HIGH INC ADV FD INC,6726.0,240.0
72376210,9.25,9.19,2009-03-27,MAV,PIONEER MUNI HIGH INC ADV FD INC,6726.0,240.0
72376210,9.08,9.14,2009-03-30,MAV,PIONEER MUNI HIGH INC ADV FD INC,6726.0,240.0
72376210,9.04,9.12,2009-03-31,MAV,PIONEER MUNI HIGH INC ADV FD INC,6726.0,240.0
72376210,9.24,9.03,2009-04-01,MAV,PIONEER MUNI HIGH INC ADV FD INC,6726.0,240.0
72376210,9.21,9.24,2009-04-02,MAV,PIONEER MUNI HIGH INC ADV FD INC,6726.0,240.0
72376210,9.14,9.16,2009-04-03,MAV,PIONEER MUNI HIGH INC ADV FD INC,6726.0,240.0
72376210,9.17,9.15,2009-04-06,MAV,PIONEER MUNI HIGH INC ADV FD INC,6726.0,240.0
72376210,9.17,9.1,2009-04-07,MAV,PIONEER MUNI HIGH INC ADV FD INC,6726.0,240.0
72376210,9.12,9.15,2009-04-08,MAV,PIONEER MUNI HIGH INC ADV FD INC,6726.0,240.0
72376210,9.24,9.4,2009-04-09,MAV,PIONEER MUNI HIGH INC ADV FD INC,6726.0,240.0
72376210,9.05,9.21,2009-04-13,MAV,PIONEER MUNI HIGH INC ADV FD INC,6726.0,240.0
72376210,9.1,9.0,2009-04-14,MAV,PIONEER MUNI HIGH INC ADV FD INC,6726.0,240.0
72376210,9.18,9.18,2009-04-15,MAV,PIONEER MUNI HIGH INC ADV FD INC,6726.0,240.0
72376210,9.11,9.22,2009-04-16,MAV,PIONEER MUNI HIGH INC ADV FD INC,6726.0,240.0
72376210,9.1,9.1,2009-04-17,MAV,PIONEER MUNI HIGH INC ADV FD INC,6726.0,240.0
72376210,9.16,9.11,2009-04-20,MAV,PIONEER MUNI HIGH INC ADV FD INC,6726.0,240.0
72376210,9.25,9.05,2009-04-21,MAV,PIONEER MUNI HIGH INC ADV FD INC,6726.0,240.0
72376210,9.25,9.16,2009-04-22,MAV,PIONEER MUNI HIGH INC ADV FD INC,6726.0,240.0
72376210,9.34,9.32,2009-04-23,MAV,PIONEER MUNI HIGH INC ADV FD INC,6726.0,240.0
72376210,9.33,9.34,2009-04-24,MAV,PIONEER MUNI HIGH INC ADV FD INC,6726.0,240.0
72376210,9.44,9.26,2009-04-27,MAV,PIONEER MUNI HIGH INC ADV FD INC,6726.0,240.0
72376210,9.5,9.44,2009-04-28,MAV,PIONEER MUNI HIGH INC ADV FD INC,6726.0,240.0
72376210,9.54,9.5,2009-04-29,MAV,PIONEER MUNI HIGH INC ADV FD INC,6726.0,240.0
72376210,9.75,9.62,2009-04-30,MAV,PIONEER MUNI HIGH INC ADV FD INC,6726.0,240.0
72376210,9.94,9.81,2009-05-01,MAV,PIONEER MUNI HIGH INC ADV FD INC,6726.0,240.0
72376210,10.07,10.01,2009-05-04,MAV,PIONEER MUNI HIGH INC ADV FD INC,6726.0,240.0
72376210,10.11,10.05,2009-05-05,MAV,PIONEER MUNI HIGH INC ADV FD INC,6726.0,240.0
72376210,10.18,10.16,2009-05-06,MAV,PIONEER MUNI HIGH INC ADV FD INC,6726.0,240.0
72376210,10.29,10.17,2009-05-07,MAV,PIONEER MUNI HIGH INC ADV FD INC,6726.0,240.0
72376210,10.47,10.28,2009-05-08,MAV,PIONEER MUNI HIGH INC ADV FD INC,6726.0,240.0
72376210,10.37,10.57,2009-05-11,MAV,PIONEER MUNI HIGH INC ADV FD INC,6726.0,240.0
72376210,10.67,10.36,2009-05-12,MAV,PIONEER MUNI HIGH INC ADV FD INC,6726.0,240.0
72376210,10.44,10.63,2009-05-13,MAV,PIONEER MUNI HIGH INC ADV FD INC,6726.0,240.0
72376210,10.16,10.39,2009-05-14,MAV,PIONEER MUNI HIGH INC ADV FD INC,6726.0,240.0
72376210,10.22,10.24,2009-05-15,MAV,PIONEER MUNI HIGH INC ADV FD INC,6726.0,240.0
72376210,10.49,10.26,2009-05-18,MAV,PIONEER MUNI HIGH INC ADV FD INC,6726.0,240.0
72376210,10.69,10.63,2009-05-19,MAV,PIONEER MUNI HIGH INC ADV FD INC,6726.0,240.0
72376210,10.68,10.69,2009-05-20,MAV,PIONEER MUNI HIGH INC ADV FD INC,6726.0,240.0
72376210,10.57,10.66,2009-05-21,MAV,PIONEER MUNI HIGH INC ADV FD INC,6726.0,240.0
72376210,10.54,10.57,2009-05-22,MAV,PIONEER MUNI HIGH INC ADV FD INC,6726.0,240.0
72376210,10.57,10.5,2009-05-26,MAV,PIONEER MUNI HIGH INC ADV FD INC,6726.0,240.0
72376210,10.42,10.43,2009-05-27,MAV,PIONEER MUNI HIGH INC ADV FD INC,6726.0,240.0
72376210,10.37,10.41,2009-05-28,MAV,PIONEER MUNI HIGH INC ADV FD INC,6726.0,240.0
72376210,10.3399,10.39,2009-05-29,MAV,PIONEER MUNI HIGH INC ADV FD INC,6726.0,240.0
72376210,10.33,10.3,2009-06-01,MAV,PIONEER MUNI HIGH INC ADV FD INC,6726.0,240.0
72376210,10.2499,10.35,2009-06-02,MAV,PIONEER MUNI HIGH INC ADV FD INC,6726.0,240.0
72376210,10.347,10.27,2009-06-03,MAV,PIONEER MUNI HIGH INC ADV FD INC,6726.0,240.0
72376210,10.47,10.32,2009-06-04,MAV,PIONEER MUNI HIGH INC ADV FD INC,6726.0,240.0
72376210,10.6,10.47,2009-06-05,MAV,PIONEER MUNI HIGH INC ADV FD INC,6726.0,240.0
72376210,10.6,10.47,2009-06-08,MAV,PIONEER MUNI HIGH INC ADV FD INC,6726.0,240.0
72376210,10.65,10.65,2009-06-09,MAV,PIONEER MUNI HIGH INC ADV FD INC,6726.0,240.0
72376210,10.627,10.64,2009-06-10,MAV,PIONEER MUNI HIGH INC ADV FD INC,6726.0,240.0
72376210,10.3699,10.54,2009-06-11,MAV,PIONEER MUNI HIGH INC ADV FD INC,6726.0,240.0
72376210,10.08,10.29,2009-06-12,MAV,PIONEER MUNI HIGH INC ADV FD INC,6726.0,240.0
72376210,9.94,10.0,2009-06-15,MAV,PIONEER MUNI HIGH INC ADV FD INC,6726.0,240.0
72376210,9.95,9.95,2009-06-16,MAV,PIONEER MUNI HIGH INC ADV FD INC,6726.0,240.0
72376210,10.0114,10.01,2009-06-17,MAV,PIONEER MUNI HIGH INC ADV FD INC,6726.0,240.0
72376210,10.07,10.0,2009-06-18,MAV,PIONEER MUNI HIGH INC ADV FD INC,6726.0,240.0
72376210,10.19,10.14,2009-06-19,MAV,PIONEER MUNI HIGH INC ADV FD INC,6726.0,240.0
72376210,10.12,10.22,2009-06-22,MAV,PIONEER MUNI HIGH INC ADV FD INC,6726.0,240.0
72376210,10.03,10.2,2009-06-23,MAV,PIONEER MUNI HIGH INC ADV FD INC,6726.0,240.0
72376210,9.948,10.05,2009-06-24,MAV,PIONEER MUNI HIGH INC ADV FD INC,6726.0,240.0
72376210,9.93,9.91,2009-06-25,MAV,PIONEER MUNI HIGH INC ADV FD INC,6726.0,240.0
72376210,9.9,9.83,2009-06-26,MAV,PIONEER MUNI HIGH INC ADV FD INC,6726.0,240.0
72376210,9.91,9.84,2009-06-29,MAV,PIONEER MUNI HIGH INC ADV FD INC,6726.0,240.0
72376210,9.92,9.97,2009-06-30,MAV,PIONEER MUNI HIGH INC ADV FD INC,6726.0,240.0
72376210,10.0679,9.92,2009-07-01,MAV,PIONEER MUNI HIGH INC ADV FD INC,6726.0,240.0
72376210,10.08,10.0,2009-07-02,MAV,PIONEER MUNI HIGH INC ADV FD INC,6726.0,240.0
72376210,10.01,10.08,2009-07-06,MAV,PIONEER MUNI HIGH INC ADV FD INC,6726.0,240.0
72376210,10.08,10.12,2009-07-07,MAV,PIONEER MUNI HIGH INC ADV FD INC,6726.0,240.0
72376210,10.18,10.1,2009-07-08,MAV,PIONEER MUNI HIGH INC ADV FD INC,6726.0,240.0
72376210,10.14,10.15,2009-07-09,MAV,PIONEER MUNI HIGH INC ADV FD INC,6726.0,240.0
72376210,10.25,10.12,2009-07-10,MAV,PIONEER MUNI HIGH INC ADV FD INC,6726.0,240.0
72376210,10.21,10.25,2009-07-13,MAV,PIONEER MUNI HIGH INC ADV FD INC,6726.0,240.0
72376210,10.18,10.23,2009-07-14,MAV,PIONEER MUNI HIGH INC ADV FD INC,6726.0,240.0
72376210,10.19,10.2,2009-07-15,MAV,PIONEER MUNI HIGH INC ADV FD INC,6726.0,240.0
72376210,10.21,10.19,2009-07-16,MAV,PIONEER MUNI HIGH INC ADV FD INC,6726.0,240.0
72376210,10.27,10.25,2009-07-17,MAV,PIONEER MUNI HIGH INC ADV FD INC,6726.0,240.0
72376210,10.2,10.32,2009-07-20,MAV,PIONEER MUNI HIGH INC ADV FD INC,6726.0,240.0
72376210,10.28,10.26,2009-07-21,MAV,PIONEER MUNI HIGH INC ADV FD INC,6726.0,240.0
72376210,10.43,10.3,2009-07-22,MAV,PIONEER MUNI HIGH INC ADV FD INC,6726.0,240.0
72376210,10.54,10.43,2009-07-23,MAV,PIONEER MUNI HIGH INC ADV FD INC,6726.0,240.0
72376210,10.46,10.54,2009-07-24,MAV,PIONEER MUNI HIGH INC ADV FD INC,6726.0,240.0
72376210,10.56,10.47,2009-07-27,MAV,PIONEER MUNI HIGH INC ADV FD INC,6726.0,240.0
72376210,10.52,10.58,2009-07-28,MAV,PIONEER MUNI HIGH INC ADV FD INC,6726.0,240.0
72376210,10.48,10.42,2009-07-29,MAV,PIONEER MUNI HIGH INC ADV FD INC,6726.0,240.0
72376210,10.59,10.44,2009-07-30,MAV,PIONEER MUNI HIGH INC ADV FD INC,6726.0,240.0
72376210,10.63,10.59,2009-07-31,MAV,PIONEER MUNI HIGH INC ADV FD INC,6726.0,240.0
72376210,10.83,10.66,2009-08-03,MAV,PIONEER MUNI HIGH INC ADV FD INC,6726.0,240.0
72376210,11.0,10.84,2009-08-04,MAV,PIONEER MUNI HIGH INC ADV FD INC,6726.0,240.0
72376210,10.8,10.97,2009-08-05,MAV,PIONEER MUNI HIGH INC ADV FD INC,6726.0,240.0
72376210,10.89,10.83,2009-08-06,MAV,PIONEER MUNI HIGH INC ADV FD INC,6726.0,240.0
72376210,10.842,10.95,2009-08-07,MAV,PIONEER MUNI HIGH INC ADV FD INC,6726.0,240.0
72376210,10.79,10.92,2009-08-10,MAV,PIONEER MUNI HIGH INC ADV FD INC,6726.0,240.0
72376210,10.891,10.77,2009-08-11,MAV,PIONEER MUNI HIGH INC ADV FD INC,6726.0,240.0
72376210,10.78,10.89,2009-08-12,MAV,PIONEER MUNI HIGH INC ADV FD INC,6726.0,240.0
72376210,10.84,10.79,2009-08-13,MAV,PIONEER MUNI HIGH INC ADV FD INC,6726.0,240.0
72376210,10.7,10.82,2009-08-14,MAV,PIONEER MUNI HIGH INC ADV FD INC,6726.0,240.0
72376210,10.52,10.7,2009-08-17,MAV,PIONEER MUNI HIGH INC ADV FD INC,6726.0,240.0
72376210,10.73,10.55,2009-08-18,MAV,PIONEER MUNI HIGH INC ADV FD INC,6726.0,240.0
72376210,10.85,10.77,2009-08-19,MAV,PIONEER MUNI HIGH INC ADV FD INC,6726.0,240.0
72376210,11.12,10.95,2009-08-20,MAV,PIONEER MUNI HIGH INC ADV FD INC,6726.0,240.0
72376210,11.35,11.15,2009-08-21,MAV,PIONEER MUNI HIGH INC ADV FD INC,6726.0,240.0
72376210,11.35,11.38,2009-08-24,MAV,PIONEER MUNI HIGH INC ADV FD INC,6726.0,240.0
72376210,11.31,11.37,2009-08-25,MAV,PIONEER MUNI HIGH INC ADV FD INC,6726.0,240.0
72376210,11.35,11.37,2009-08-26,MAV,PIONEER MUNI HIGH INC ADV FD INC,6726.0,240.0
72376210,11.4,11.35,2009-08-27,MAV,PIONEER MUNI HIGH INC ADV FD INC,6726.0,240.0
72376210,11.36,11.42,2009-08-28,MAV,PIONEER MUNI HIGH INC ADV FD INC,6726.0,240.0
72376210,11.42,11.41,2009-08-31,MAV,PIONEER MUNI HIGH INC ADV FD INC,6726.0,240.0
72376210,11.54,11.43,2009-09-01,MAV,PIONEER MUNI HIGH INC ADV FD INC,6726.0,240.0
72376210,11.49,11.48,2009-09-02,MAV,PIONEER MUNI HIGH INC ADV FD INC,6726.0,240.0
72376210,11.48,11.51,2009-09-03,MAV,PIONEER MUNI HIGH INC ADV FD INC,6726.0,240.0
72376210,11.73,11.5,2009-09-04,MAV,PIONEER MUNI HIGH INC ADV FD INC,6726.0,240.0
72376210,12.13,11.73,2009-09-08,MAV,PIONEER MUNI HIGH INC ADV FD INC,6726.0,240.0
72376210,12.25,12.13,2009-09-09,MAV,PIONEER MUNI HIGH INC ADV FD INC,6726.0,240.0
72376210,12.2473,12.25,2009-09-10,MAV,PIONEER MUNI HIGH INC ADV FD INC,6726.0,240.0
72376210,12.1,12.1,2009-09-11,MAV,PIONEER MUNI HIGH INC ADV FD INC,6726.0,240.0
72376210,12.3,12.16,2009-09-14,MAV,PIONEER MUNI HIGH INC ADV FD INC,6726.0,240.0
72376210,12.43,12.4,2009-09-15,MAV,PIONEER MUNI HIGH INC ADV FD INC,6726.0,240.0
72376210,12.59,12.41,2009-09-16,MAV,PIONEER MUNI HIGH INC ADV FD INC,6726.0,240.0
72376210,12.56,12.69,2009-09-17,MAV,PIONEER MUNI HIGH INC ADV FD INC,6726.0,240.0
72376210,12.73,12.69,2009-09-18,MAV,PIONEER MUNI HIGH INC ADV FD INC,6726.0,240.0
72376210,12.66,12.79,2009-09-21,MAV,PIONEER MUNI HIGH INC ADV FD INC,6726.0,240.0
72376210,12.41,12.53,2009-09-22,MAV,PIONEER MUNI HIGH INC ADV FD INC,6726.0,240.0
72376210,12.42,12.31,2009-09-23,MAV,PIONEER MUNI HIGH INC ADV FD INC,6726.0,240.0
72376210,12.24,12.4,2009-09-24,MAV,PIONEER MUNI HIGH INC ADV FD INC,6726.0,240.0
72376210,12.11,12.15,2009-09-25,MAV,PIONEER MUNI HIGH INC ADV FD INC,6726.0,240.0
72376210,12.33,12.15,2009-09-28,MAV,PIONEER MUNI HIGH INC ADV FD INC,6726.0,240.0
72376210,12.25,12.37,2009-09-29,MAV,PIONEER MUNI HIGH INC ADV FD INC,6726.0,240.0
72376210,12.22,12.35,2009-09-30,MAV,PIONEER MUNI HIGH INC ADV FD INC,6726.0,240.0
72376210,12.24,12.22,2009-10-01,MAV,PIONEER MUNI HIGH INC ADV FD INC,6726.0,240.0
72376210,12.35,12.22,2009-10-02,MAV,PIONEER MUNI HIGH INC ADV FD INC,6726.0,240.0
72376210,12.65,12.29,2009-10-05,MAV,PIONEER MUNI HIGH INC ADV FD INC,6726.0,240.0
72376210,12.82,12.75,2009-10-06,MAV,PIONEER MUNI HIGH INC ADV FD INC,6726.0,240.0
72376210,12.82,12.84,2009-10-07,MAV,PIONEER MUNI HIGH INC ADV FD INC,6726.0,240.0
72376210,12.87,12.81,2009-10-08,MAV,PIONEER MUNI HIGH INC ADV FD INC,6726.0,240.0
72376210,12.66,12.92,2009-10-09,MAV,PIONEER MUNI HIGH INC ADV FD INC,6726.0,240.0
72376210,12.25,12.54,2009-10-12,MAV,PIONEER MUNI HIGH INC ADV FD INC,6726.0,240.0
72376210,12.27,12.21,2009-10-13,MAV,PIONEER MUNI HIGH INC ADV FD INC,6726.0,240.0
72376210,11.61,12.27,2009-10-14,MAV,PIONEER MUNI HIGH INC ADV FD INC,6726.0,240.0
72376210,11.47,11.6,2009-10-15,MAV,PIONEER MUNI HIGH INC ADV FD INC,6726.0,240.0
72376210,11.8,11.42,2009-10-16,MAV,PIONEER MUNI HIGH INC ADV FD INC,6726.0,240.0
72376210,11.93,11.84,2009-10-19,MAV,PIONEER MUNI HIGH INC ADV FD INC,6726.0,240.0
72376210,12.0836,12.07,2009-10-20,MAV,PIONEER MUNI HIGH INC ADV FD INC,6726.0,240.0
72376210,12.13,12.07,2009-10-21,MAV,PIONEER MUNI HIGH INC ADV FD INC,6726.0,240.0
72376210,12.116,11.97,2009-10-22,MAV,PIONEER MUNI HIGH INC ADV FD INC,6726.0,240.0
72376210,12.1568,12.09,2009-10-23,MAV,PIONEER MUNI HIGH INC ADV FD INC,6726.0,240.0
72376210,12.18,12.17,2009-10-26,MAV,PIONEER MUNI HIGH INC ADV FD INC,6726.0,240.0
72376210,12.18,12.2,2009-10-27,MAV,PIONEER MUNI HIGH INC ADV FD INC,6726.0,240.0
72376210,12.05,12.24,2009-10-28,MAV,PIONEER MUNI HIGH INC ADV FD INC,6726.0,240.0
72376210,12.0533,12.26,2009-10-29,MAV,PIONEER MUNI HIGH INC ADV FD INC,6726.0,240.0
72376210,11.96,12.11,2009-10-30,MAV,PIONEER MUNI HIGH INC ADV FD INC,6726.0,240.0
72376210,12.09,12.07,2009-11-02,MAV,PIONEER MUNI HIGH INC ADV FD INC,6726.0,240.0
72376210,12.02,11.98,2009-11-03,MAV,PIONEER MUNI HIGH INC ADV FD INC,6726.0,240.0
72376210,11.95,12.13,2009-11-04,MAV,PIONEER MUNI HIGH INC ADV FD INC,6726.0,240.0
72376210,12.26,12.11,2009-11-05,MAV,PIONEER MUNI HIGH INC ADV FD INC,6726.0,240.0
72376210,12.36,12.2,2009-11-06,MAV,PIONEER MUNI HIGH INC ADV FD INC,6726.0,240.0
72376210,12.45,12.29,2009-11-09,MAV,PIONEER MUNI HIGH INC ADV FD INC,6726.0,240.0
72376210,12.54,12.45,2009-11-10,MAV,PIONEER MUNI HIGH INC ADV FD INC,6726.0,240.0
72376210,12.46,12.52,2009-11-11,MAV,PIONEER MUNI HIGH INC ADV FD INC,6726.0,240.0
72376210,12.17,12.42,2009-11-12,MAV,PIONEER MUNI HIGH INC ADV FD INC,6726.0,240.0
72376210,12.0899,12.19,2009-11-13,MAV,PIONEER MUNI HIGH INC ADV FD INC,6726.0,240.0
72376210,12.17,12.15,2009-11-16,MAV,PIONEER MUNI HIGH INC ADV FD INC,6726.0,240.0
72376210,12.22,12.19,2009-11-17,MAV,PIONEER MUNI HIGH INC ADV FD INC,6726.0,240.0
72376210,12.22,12.16,2009-11-18,MAV,PIONEER MUNI HIGH INC ADV FD INC,6726.0,240.0
72376210,12.23,12.21,2009-11-19,MAV,PIONEER MUNI HIGH INC ADV FD INC,6726.0,240.0
72376210,12.23,12.23,2009-11-20,MAV,PIONEER MUNI HIGH INC ADV FD INC,6726.0,240.0
72376210,12.33,12.32,2009-11-23,MAV,PIONEER MUNI HIGH INC ADV FD INC,6726.0,240.0
72376210,12.44,12.27,2009-11-24,MAV,PIONEER MUNI HIGH INC ADV FD INC,6726.0,240.0
72376210,12.4301,12.415,2009-11-25,MAV,PIONEER MUNI HIGH INC ADV FD INC,6726.0,240.0
72376210,12.47,12.42,2009-11-27,MAV,PIONEER MUNI HIGH INC ADV FD INC,6726.0,240.0
72376210,12.56,12.51,2009-11-30,MAV,PIONEER MUNI HIGH INC ADV FD INC,6726.0,240.0
72376210,12.57,12.51,2009-12-01,MAV,PIONEER MUNI HIGH INC ADV FD INC,6726.0,240.0
72376210,12.56,12.55,2009-12-02,MAV,PIONEER MUNI HIGH INC ADV FD INC,6726.0,240.0
72376210,12.51,12.58,2009-12-03,MAV,PIONEER MUNI HIGH INC ADV FD INC,6726.0,240.0
72376210,12.65,12.54,2009-12-04,MAV,PIONEER MUNI HIGH INC ADV FD INC,6726.0,240.0
72376210,12.81,12.7,2009-12-07,MAV,PIONEER MUNI HIGH INC ADV FD INC,6726.0,240.0
72376210,12.7,12.79,2009-12-08,MAV,PIONEER MUNI HIGH INC ADV FD INC,6726.0,240.0
72376210,12.57,12.62,2009-12-09,MAV,PIONEER MUNI HIGH INC ADV FD INC,6726.0,240.0
72376210,12.58,12.59,2009-12-10,MAV,PIONEER MUNI HIGH INC ADV FD INC,6726.0,240.0
72376210,12.52,12.59,2009-12-11,MAV,PIONEER MUNI HIGH INC ADV FD INC,6726.0,240.0
72376210,12.54,12.53,2009-12-14,MAV,PIONEER MUNI HIGH INC ADV FD INC,6726.0,240.0
72376210,12.3657,12.55,2009-12-15,MAV,PIONEER MUNI HIGH INC ADV FD INC,6726.0,240.0
72376210,12.37,12.33,2009-12-16,MAV,PIONEER MUNI HIGH INC ADV FD INC,6726.0,240.0
72376210,12.29,12.3,2009-12-17,MAV,PIONEER MUNI HIGH INC ADV FD INC,6726.0,240.0
72376210,12.22,12.3,2009-12-18,MAV,PIONEER MUNI HIGH INC ADV FD INC,6726.0,240.0
72376210,12.18,12.19,2009-12-21,MAV,PIONEER MUNI HIGH INC ADV FD INC,6726.0,240.0
72376210,12.11,12.14,2009-12-22,MAV,PIONEER MUNI HIGH INC ADV FD INC,6726.0,240.0
72376210,12.24,12.12,2009-12-23,MAV,PIONEER MUNI HIGH INC ADV FD INC,6726.0,240.0
72376210,12.326,12.24,2009-12-24,MAV,PIONEER MUNI HIGH INC ADV FD INC,6726.0,240.0
72376210,12.47,12.38,2009-12-28,MAV,PIONEER MUNI HIGH INC ADV FD INC,6726.0,240.0
72376210,12.57,12.6,2009-12-29,MAV,PIONEER MUNI HIGH INC ADV FD INC,6726.0,240.0
72376210,12.57,12.56,2009-12-30,MAV,PIONEER MUNI HIGH INC ADV FD INC,6726.0,240.0
72376210,12.67,12.54,2009-12-31,MAV,PIONEER MUNI HIGH INC ADV FD INC,6726.0,240.0
72376210,12.68,12.65,2010-01-04,MAV,PIONEER MUNI HIGH INC ADV FD INC,6726.0,240.0
72376210,12.5401,12.69,2010-01-05,MAV,PIONEER MUNI HIGH INC ADV FD INC,6726.0,240.0
72376210,12.75,12.55,2010-01-06,MAV,PIONEER MUNI HIGH INC ADV FD INC,6726.0,240.0
72376210,12.8091,12.77,2010-01-07,MAV,PIONEER MUNI HIGH INC ADV FD INC,6726.0,240.0
72376210,12.91,12.86,2010-01-08,MAV,PIONEER MUNI HIGH INC ADV FD INC,6726.0,240.0
72376210,13.014,12.92,2010-01-11,MAV,PIONEER MUNI HIGH INC ADV FD INC,6726.0,240.0
72376210,13.1,13.05,2010-01-12,MAV,PIONEER MUNI HIGH INC ADV FD INC,6726.0,240.0
72376210,13.11,13.05,2010-01-13,MAV,PIONEER MUNI HIGH INC ADV FD INC,6726.0,240.0
72376210,13.1,13.07,2010-01-14,MAV,PIONEER MUNI HIGH INC ADV FD INC,6726.0,240.0
72376210,13.08,13.04,2010-01-15,MAV,PIONEER MUNI HIGH INC ADV FD INC,6726.0,240.0
72376210,13.13,13.07,2010-01-19,MAV,PIONEER MUNI HIGH INC ADV FD INC,6726.0,240.0
72376210,13.11,13.12,2010-01-20,MAV,PIONEER MUNI HIGH INC ADV FD INC,6726.0,240.0
72376210,13.01,13.11,2010-01-21,MAV,PIONEER MUNI HIGH INC ADV FD INC,6726.0,240.0
72376210,12.82,12.99,2010-01-22,MAV,PIONEER MUNI HIGH INC ADV FD INC,6726.0,240.0
72376210,12.94,12.8,2010-01-25,MAV,PIONEER MUNI HIGH INC ADV FD INC,6726.0,240.0
72376210,12.89,12.94,2010-01-26,MAV,PIONEER MUNI HIGH INC ADV FD INC,6726.0,240.0
72376210,12.95,12.9,2010-01-27,MAV,PIONEER MUNI HIGH INC ADV FD INC,6726.0,240.0
72376210,12.86,12.97,2010-01-28,MAV,PIONEER MUNI HIGH INC ADV FD INC,6726.0,240.0
72376210,13.0,12.89,2010-01-29,MAV,PIONEER MUNI HIGH INC ADV FD INC,6726.0,240.0
72376210,13.01,13.02,2010-02-01,MAV,PIONEER MUNI HIGH INC ADV FD INC,6726.0,240.0
72376210,13.08,13.02,2010-02-02,MAV,PIONEER MUNI HIGH INC ADV FD INC,6726.0,240.0
72376210,13.14,13.05,2010-02-03,MAV,PIONEER MUNI HIGH INC ADV FD INC,6726.0,240.0
72376210,13.09,13.18,2010-02-04,MAV,PIONEER MUNI HIGH INC ADV FD INC,6726.0,240.0
72376210,12.96,12.99,2010-02-05,MAV,PIONEER MUNI HIGH INC ADV FD INC,6726.0,240.0
72376210,13.03,13.0,2010-02-08,MAV,PIONEER MUNI HIGH INC ADV FD INC,6726.0,240.0
72376210,13.12,13.01,2010-02-09,MAV,PIONEER MUNI HIGH INC ADV FD INC,6726.0,240.0
72376210,12.93,13.09,2010-02-10,MAV,PIONEER MUNI HIGH INC ADV FD INC,6726.0,240.0
72376210,12.87,12.91,2010-02-11,MAV,PIONEER MUNI HIGH INC ADV FD INC,6726.0,240.0
72376210,12.77,12.77,2010-02-12,MAV,PIONEER MUNI HIGH INC ADV FD INC,6726.0,240.0
72376210,12.81,12.79,2010-02-16,MAV,PIONEER MUNI HIGH INC ADV FD INC,6726.0,240.0
72376210,12.71,12.76,2010-02-17,MAV,PIONEER MUNI HIGH INC ADV FD INC,6726.0,240.0
72376210,12.57,12.69,2010-02-18,MAV,PIONEER MUNI HIGH INC ADV FD INC,6726.0,240.0
72376210,12.43,12.5,2010-02-19,MAV,PIONEER MUNI HIGH INC ADV FD INC,6726.0,240.0
72376210,12.44,12.4,2010-02-22,MAV,PIONEER MUNI HIGH INC ADV FD INC,6726.0,240.0
72376210,12.7,12.48,2010-02-23,MAV,PIONEER MUNI HIGH INC ADV FD INC,6726.0,240.0
72376210,12.74,12.68,2010-02-24,MAV,PIONEER MUNI HIGH INC ADV FD INC,6726.0,240.0
72376210,12.65,12.7,2010-02-25,MAV,PIONEER MUNI HIGH INC ADV FD INC,6726.0,240.0
72376210,12.75,12.62,2010-02-26,MAV,PIONEER MUNI HIGH INC ADV FD INC,6726.0,240.0
72376210,12.87,12.82,2010-03-01,MAV,PIONEER MUNI HIGH INC ADV FD INC,6726.0,240.0
72376210,12.89,12.87,2010-03-02,MAV,PIONEER MUNI HIGH INC ADV FD INC,6726.0,240.0
72376210,12.77,12.91,2010-03-03,MAV,PIONEER MUNI HIGH INC ADV FD INC,6726.0,240.0
72376210,12.75,12.86,2010-03-04,MAV,PIONEER MUNI HIGH INC ADV FD INC,6726.0,240.0
72376210,12.75,12.76,2010-03-05,MAV,PIONEER MUNI HIGH INC ADV FD INC,6726.0,240.0
72376210,12.83,12.78,2010-03-08,MAV,PIONEER MUNI HIGH INC ADV FD INC,6726.0,240.0
72376210,12.84,12.82,2010-03-09,MAV,PIONEER MUNI HIGH INC ADV FD INC,6726.0,240.0
72376210,12.83,12.8,2010-03-10,MAV,PIONEER MUNI HIGH INC ADV FD INC,6726.0,240.0
72376210,12.75,12.75,2010-03-11,MAV,PIONEER MUNI HIGH INC ADV FD INC,6726.0,240.0
72376210,12.75,12.75,2010-03-12,MAV,PIONEER MUNI HIGH INC ADV FD INC,6726.0,240.0
72376210,12.78,12.85,2010-03-15,MAV,PIONEER MUNI HIGH INC ADV FD INC,6726.0,240.0
72376210,12.78,12.73,2010-03-16,MAV,PIONEER MUNI HIGH INC ADV FD INC,6726.0,240.0
72376210,12.76,12.75,2010-03-17,MAV,PIONEER MUNI HIGH INC ADV FD INC,6726.0,240.0
72376210,12.86,12.77,2010-03-18,MAV,PIONEER MUNI HIGH INC ADV FD INC,6726.0,240.0
72376210,12.92,12.83,2010-03-19,MAV,PIONEER MUNI HIGH INC ADV FD INC,6726.0,240.0
72376210,12.9899,12.92,2010-03-22,MAV,PIONEER MUNI HIGH INC ADV FD INC,6726.0,240.0
72376210,12.94,12.92,2010-03-23,MAV,PIONEER MUNI HIGH INC ADV FD INC,6726.0,240.0
72376210,13.0,12.93,2010-03-24,MAV,PIONEER MUNI HIGH INC ADV FD INC,6726.0,240.0
72376210,13.01,13.04,2010-03-25,MAV,PIONEER MUNI HIGH INC ADV FD INC,6726.0,240.0
72376210,13.11,13.07,2010-03-26,MAV,PIONEER MUNI HIGH INC ADV FD INC,6726.0,240.0
72376210,13.06,13.59,2010-03-29,MAV,PIONEER MUNI HIGH INC ADV FD INC,6726.0,240.0
72376210,13.1,13.03,2010-03-30,MAV,PIONEER MUNI HIGH INC ADV FD INC,6726.0,240.0
72376210,13.1,13.12,2010-03-31,MAV,PIONEER MUNI HIGH INC ADV FD INC,6726.0,240.0
72376210,13.09,13.1,2010-04-01,MAV,PIONEER MUNI HIGH INC ADV FD INC,6726.0,240.0
72376210,13.198,13.09,2010-04-05,MAV,PIONEER MUNI HIGH INC ADV FD INC,6726.0,240.0
72376210,13.395,13.19,2010-04-06,MAV,PIONEER MUNI HIGH INC ADV FD INC,6726.0,240.0
72376210,13.41,13.43,2010-04-07,MAV,PIONEER MUNI HIGH INC ADV FD INC,6726.0,240.0
72376210,13.55,13.42,2010-04-08,MAV,PIONEER MUNI HIGH INC ADV FD INC,6726.0,240.0
72376210,13.6,13.56,2010-04-09,MAV,PIONEER MUNI HIGH INC ADV FD INC,6726.0,240.0
72376210,13.64,13.57,2010-04-12,MAV,PIONEER MUNI HIGH INC ADV FD INC,6726.0,240.0
72376210,13.57,13.55,2010-04-13,MAV,PIONEER MUNI HIGH INC ADV FD INC,6726.0,240.0
72376210,13.52,13.55,2010-04-14,MAV,PIONEER MUNI HIGH INC ADV FD INC,6726.0,240.0
72376210,13.41,13.49,2010-04-15,MAV,PIONEER MUNI HIGH INC ADV FD INC,6726.0,240.0
72376210,13.44,13.44,2010-04-16,MAV,PIONEER MUNI HIGH INC ADV FD INC,6726.0,240.0
72376210,13.38,13.39,2010-04-19,MAV,PIONEER MUNI HIGH INC ADV FD INC,6726.0,240.0
72376210,13.54,13.38,2010-04-20,MAV,PIONEER MUNI HIGH INC ADV FD INC,6726.0,240.0
72376210,13.43,13.46,2010-04-21,MAV,PIONEER MUNI HIGH INC ADV FD INC,6726.0,240.0
72376210,13.52,13.46,2010-04-22,MAV,PIONEER MUNI HIGH INC ADV FD INC,6726.0,240.0
72376210,13.55,13.49,2010-04-23,MAV,PIONEER MUNI HIGH INC ADV FD INC,6726.0,240.0
72376210,13.54,13.53,2010-04-26,MAV,PIONEER MUNI HIGH INC ADV FD INC,6726.0,240.0
72376210,13.4704,13.5,2010-04-27,MAV,PIONEER MUNI HIGH INC ADV FD INC,6726.0,240.0
72376210,13.518,13.54,2010-04-28,MAV,PIONEER MUNI HIGH INC ADV FD INC,6726.0,240.0
72376210,13.5,13.52,2010-04-29,MAV,PIONEER MUNI HIGH INC ADV FD INC,6726.0,240.0
72376210,13.45,13.49,2010-04-30,MAV,PIONEER MUNI HIGH INC ADV FD INC,6726.0,240.0
72376210,13.49,13.47,2010-05-03,MAV,PIONEER MUNI HIGH INC ADV FD INC,6726.0,240.0
72376210,13.5,13.53,2010-05-04,MAV,PIONEER MUNI HIGH INC ADV FD INC,6726.0,240.0
72376210,13.478,13.5,2010-05-05,MAV,PIONEER MUNI HIGH INC ADV FD INC,6726.0,240.0
72376210,12.7899,13.51,2010-05-06,MAV,PIONEER MUNI HIGH INC ADV FD INC,6726.0,240.0
72376210,12.952,12.89,2010-05-07,MAV,PIONEER MUNI HIGH INC ADV FD INC,6726.0,240.0
72376210,13.14,13.1,2010-05-10,MAV,PIONEER MUNI HIGH INC ADV FD INC,6726.0,240.0
72376210,13.27,13.14,2010-05-11,MAV,PIONEER MUNI HIGH INC ADV FD INC,6726.0,240.0
72376210,13.282,13.15,2010-05-12,MAV,PIONEER MUNI HIGH INC ADV FD INC,6726.0,240.0
72376210,13.25,13.31,2010-05-13,MAV,PIONEER MUNI HIGH INC ADV FD INC,6726.0,240.0
72376210,13.07,13.29,2010-05-14,MAV,PIONEER MUNI HIGH INC ADV FD INC,6726.0,240.0
72376210,13.01,13.04,2010-05-17,MAV,PIONEER MUNI HIGH INC ADV FD INC,6726.0,240.0
72376210,12.98,13.03,2010-05-18,MAV,PIONEER MUNI HIGH INC ADV FD INC,6726.0,240.0
72376210,13.04,12.91,2010-05-19,MAV,PIONEER MUNI HIGH INC ADV FD INC,6726.0,240.0
72376210,12.83,13.02,2010-05-20,MAV,PIONEER MUNI HIGH INC ADV FD INC,6726.0,240.0
72376210,12.85,12.76,2010-05-21,MAV,PIONEER MUNI HIGH INC ADV FD INC,6726.0,240.0
72376210,12.83,12.91,2010-05-24,MAV,PIONEER MUNI HIGH INC ADV FD INC,6726.0,240.0
72376210,12.64,12.83,2010-05-25,MAV,PIONEER MUNI HIGH INC ADV FD INC,6726.0,240.0
72376210,12.72,12.6,2010-05-26,MAV,PIONEER MUNI HIGH INC ADV FD INC,6726.0,240.0
72376210,12.84,12.74,2010-05-27,MAV,PIONEER MUNI HIGH INC ADV FD INC,6726.0,240.0
72376210,12.83,12.86,2010-05-28,MAV,PIONEER MUNI HIGH INC ADV FD INC,6726.0,240.0
72376210,12.84,12.83,2010-06-01,MAV,PIONEER MUNI HIGH INC ADV FD INC,6726.0,240.0
72376210,12.88,12.84,2010-06-02,MAV,PIONEER MUNI HIGH INC ADV FD INC,6726.0,240.0
72376210,12.888,12.85,2010-06-03,MAV,PIONEER MUNI HIGH INC ADV FD INC,6726.0,240.0
72376210,12.9999,12.88,2010-06-04,MAV,PIONEER MUNI HIGH INC ADV FD INC,6726.0,240.0
72376210,12.94,13.06,2010-06-07,MAV,PIONEER MUNI HIGH INC ADV FD INC,6726.0,240.0
72376210,13.05,12.94,2010-06-08,MAV,PIONEER MUNI HIGH INC ADV FD INC,6726.0,240.0
72376210,13.0999,13.0,2010-06-09,MAV,PIONEER MUNI HIGH INC ADV FD INC,6726.0,240.0
72376210,13.23,13.05,2010-06-10,MAV,PIONEER MUNI HIGH INC ADV FD INC,6726.0,240.0
72376210,13.08,13.2,2010-06-11,MAV,PIONEER MUNI HIGH INC ADV FD INC,6726.0,240.0
72376210,13.08,13.02,2010-06-14,MAV,PIONEER MUNI HIGH INC ADV FD INC,6726.0,240.0
72376210,13.04,13.05,2010-06-15,MAV,PIONEER MUNI HIGH INC ADV FD INC,6726.0,240.0
72376210,12.9699,13.01,2010-06-16,MAV,PIONEER MUNI HIGH INC ADV FD INC,6726.0,240.0
72376210,13.0,12.99,2010-06-17,MAV,PIONEER MUNI HIGH INC ADV FD INC,6726.0,240.0
72376210,12.94,13.02,2010-06-18,MAV,PIONEER MUNI HIGH INC ADV FD INC,6726.0,240.0
72376210,13.03,13.0,2010-06-21,MAV,PIONEER MUNI HIGH INC ADV FD INC,6726.0,240.0
72376210,12.9299,12.96,2010-06-22,MAV,PIONEER MUNI HIGH INC ADV FD INC,6726.0,240.0
72376210,12.93,12.91,2010-06-23,MAV,PIONEER MUNI HIGH INC ADV FD INC,6726.0,240.0
72376210,12.97,12.96,2010-06-24,MAV,PIONEER MUNI HIGH INC ADV FD INC,6726.0,240.0
72376210,13.202,12.94,2010-06-25,MAV,PIONEER MUNI HIGH INC ADV FD INC,6726.0,240.0
72376210,13.23,13.24,2010-06-28,MAV,PIONEER MUNI HIGH INC ADV FD INC,6726.0,240.0
72376210,13.21,13.19,2010-06-29,MAV,PIONEER MUNI HIGH INC ADV FD INC,6726.0,240.0
72376210,13.32,13.24,2010-06-30,MAV,PIONEER MUNI HIGH INC ADV FD INC,6726.0,240.0
72376210,13.26,13.33,2010-07-01,MAV,PIONEER MUNI HIGH INC ADV FD INC,6726.0,240.0
72376210,13.37,13.29,2010-07-02,MAV,PIONEER MUNI HIGH INC ADV FD INC,6726.0,240.0
72376210,13.32,13.39,2010-07-06,MAV,PIONEER MUNI HIGH INC ADV FD INC,6726.0,240.0
72376210,13.39,13.3,2010-07-07,MAV,PIONEER MUNI HIGH INC ADV FD INC,6726.0,240.0
72376210,13.39,13.34,2010-07-08,MAV,PIONEER MUNI HIGH INC ADV FD INC,6726.0,240.0
72376210,13.34,13.38,2010-07-09,MAV,PIONEER MUNI HIGH INC ADV FD INC,6726.0,240.0
72376210,13.375,13.32,2010-07-12,MAV,PIONEER MUNI HIGH INC ADV FD INC,6726.0,240.0
72376210,13.37,13.36,2010-07-13,MAV,PIONEER MUNI HIGH INC ADV FD INC,6726.0,240.0
72376210,13.28,13.36,2010-07-14,MAV,PIONEER MUNI HIGH INC ADV FD INC,6726.0,240.0
72376210,13.35,13.3,2010-07-15,MAV,PIONEER MUNI HIGH INC ADV FD INC,6726.0,240.0
72376210,13.44,13.33,2010-07-16,MAV,PIONEER MUNI HIGH INC ADV FD INC,6726.0,240.0
72376210,13.41,13.41,2010-07-19,MAV,PIONEER MUNI HIGH INC ADV FD INC,6726.0,240.0
72376210,13.41,13.34,2010-07-20,MAV,PIONEER MUNI HIGH INC ADV FD INC,6726.0,240.0
72376210,13.45,13.39,2010-07-21,MAV,PIONEER MUNI HIGH INC ADV FD INC,6726.0,240.0
72376210,13.42,13.43,2010-07-22,MAV,PIONEER MUNI HIGH INC ADV FD INC,6726.0,240.0
72376210,13.29,13.4,2010-07-23,MAV,PIONEER MUNI HIGH INC ADV FD INC,6726.0,240.0
72376210,13.36,13.3,2010-07-26,MAV,PIONEER MUNI HIGH INC ADV FD INC,6726.0,240.0
72376210,13.45,13.38,2010-07-27,MAV,PIONEER MUNI HIGH INC ADV FD INC,6726.0,240.0
72376210,13.43,13.44,2010-07-28,MAV,PIONEER MUNI HIGH INC ADV FD INC,6726.0,240.0
72376210,13.39,13.46,2010-07-29,MAV,PIONEER MUNI HIGH INC ADV FD INC,6726.0,240.0
72376210,13.48,13.41,2010-07-30,MAV,PIONEER MUNI HIGH INC ADV FD INC,6726.0,240.0
72376210,13.6,13.53,2010-08-02,MAV,PIONEER MUNI HIGH INC ADV FD INC,6726.0,240.0
72376210,13.64,13.62,2010-08-03,MAV,PIONEER MUNI HIGH INC ADV FD INC,6726.0,240.0
72376210,13.76,13.66,2010-08-04,MAV,PIONEER MUNI HIGH INC ADV FD INC,6726.0,240.0
72376210,13.98,13.77,2010-08-05,MAV,PIONEER MUNI HIGH INC ADV FD INC,6726.0,240.0
72376210,14.17,13.99,2010-08-06,MAV,PIONEER MUNI HIGH INC ADV FD INC,6726.0,240.0
72376210,14.28,14.25,2010-08-09,MAV,PIONEER MUNI HIGH INC ADV FD INC,6726.0,240.0
72376210,14.27,14.31,2010-08-10,MAV,PIONEER MUNI HIGH INC ADV FD INC,6726.0,240.0
72376210,14.26,14.24,2010-08-11,MAV,PIONEER MUNI HIGH INC ADV FD INC,6726.0,240.0
72376210,14.17,14.13,2010-08-12,MAV,PIONEER MUNI HIGH INC ADV FD INC,6726.0,240.0
72376210,14.16,14.17,2010-08-13,MAV,PIONEER MUNI HIGH INC ADV FD INC,6726.0,240.0
72376210,14.21,14.09,2010-08-16,MAV,PIONEER MUNI HIGH INC ADV FD INC,6726.0,240.0
72376210,14.25,14.2,2010-08-17,MAV,PIONEER MUNI HIGH INC ADV FD INC,6726.0,240.0
72376210,14.27,14.23,2010-08-18,MAV,PIONEER MUNI HIGH INC ADV FD INC,6726.0,240.0
72376210,14.17,14.29,2010-08-19,MAV,PIONEER MUNI HIGH INC ADV FD INC,6726.0,240.0
72376210,14.27,14.23,2010-08-20,MAV,PIONEER MUNI HIGH INC ADV FD INC,6726.0,240.0
72376210,14.28,14.22,2010-08-23,MAV,PIONEER MUNI HIGH INC ADV FD INC,6726.0,240.0
72376210,14.23,14.3,2010-08-24,MAV,PIONEER MUNI HIGH INC ADV FD INC,6726.0,240.0
72376210,14.28,14.2,2010-08-25,MAV,PIONEER MUNI HIGH INC ADV FD INC,6726.0,240.0
72376210,14.12,14.3,2010-08-26,MAV,PIONEER MUNI HIGH INC ADV FD INC,6726.0,240.0
72376210,14.13,14.11,2010-08-27,MAV,PIONEER MUNI HIGH INC ADV FD INC,6726.0,240.0
72376210,14.11,14.12,2010-08-30,MAV,PIONEER MUNI HIGH INC ADV FD INC,6726.0,240.0
72376210,14.15,14.11,2010-08-31,MAV,PIONEER MUNI HIGH INC ADV FD INC,6726.0,240.0
72376210,14.18,14.19,2010-09-01,MAV,PIONEER MUNI HIGH INC ADV FD INC,6726.0,240.0
72376210,14.28,14.17,2010-09-02,MAV,PIONEER MUNI HIGH INC ADV FD INC,6726.0,240.0
72376210,14.25,14.28,2010-09-03,MAV,PIONEER MUNI HIGH INC ADV FD INC,6726.0,240.0
72376210,14.194,14.23,2010-09-07,MAV,PIONEER MUNI HIGH INC ADV FD INC,6726.0,240.0
72376210,14.2197,14.24,2010-09-08,MAV,PIONEER MUNI HIGH INC ADV FD INC,6726.0,240.0
72376210,14.25,14.24,2010-09-09,MAV,PIONEER MUNI HIGH INC ADV FD INC,6726.0,240.0
72376210,14.24,14.25,2010-09-10,MAV,PIONEER MUNI HIGH INC ADV FD INC,6726.0,240.0
72376210,14.15,14.24,2010-09-13,MAV,PIONEER MUNI HIGH INC ADV FD INC,6726.0,240.0
72376210,14.14,14.2,2010-09-14,MAV,PIONEER MUNI HIGH INC ADV FD INC,6726.0,240.0
72376210,13.87,14.18,2010-09-15,MAV,PIONEER MUNI HIGH INC ADV FD INC,6726.0,240.0
72376210,13.81,13.82,2010-09-16,MAV,PIONEER MUNI HIGH INC ADV FD INC,6726.0,240.0
72376210,13.92,13.8,2010-09-17,MAV,PIONEER MUNI HIGH INC ADV FD INC,6726.0,240.0
72376210,14.05,13.9,2010-09-20,MAV,PIONEER MUNI HIGH INC ADV FD INC,6726.0,240.0
72376210,14.11,14.02,2010-09-21,MAV,PIONEER MUNI HIGH INC ADV FD INC,6726.0,240.0
72376210,14.14,14.06,2010-09-22,MAV,PIONEER MUNI HIGH INC ADV FD INC,6726.0,240.0
72376210,14.25,14.15,2010-09-23,MAV,PIONEER MUNI HIGH INC ADV FD INC,6726.0,240.0
72376210,14.22,14.22,2010-09-24,MAV,PIONEER MUNI HIGH INC ADV FD INC,6726.0,240.0
72376210,14.08,14.18,2010-09-27,MAV,PIONEER MUNI HIGH INC ADV FD INC,6726.0,240.0
72376210,14.12,14.05,2010-09-28,MAV,PIONEER MUNI HIGH INC ADV FD INC,6726.0,240.0
72376210,14.15,14.15,2010-09-29,MAV,PIONEER MUNI HIGH INC ADV FD INC,6726.0,240.0
72376210,14.08,14.13,2010-09-30,MAV,PIONEER MUNI HIGH INC ADV FD INC,6726.0,240.0
72376210,14.2,14.12,2010-10-01,MAV,PIONEER MUNI HIGH INC ADV FD INC,6726.0,240.0
72376210,14.2315,14.15,2010-10-04,MAV,PIONEER MUNI HIGH INC ADV FD INC,6726.0,240.0
72376210,14.18,14.2,2010-10-05,MAV,PIONEER MUNI HIGH INC ADV FD INC,6726.0,240.0
72376210,14.18,14.14,2010-10-06,MAV,PIONEER MUNI HIGH INC ADV FD INC,6726.0,240.0
72376210,14.16,14.19,2010-10-07,MAV,PIONEER MUNI HIGH INC ADV FD INC,6726.0,240.0
72376210,14.24,14.15,2010-10-08,MAV,PIONEER MUNI HIGH INC ADV FD INC,6726.0,240.0
72376210,14.3,14.32,2010-10-11,MAV,PIONEER MUNI HIGH INC ADV FD INC,6726.0,240.0
72376210,14.25,14.24,2010-10-12,MAV,PIONEER MUNI HIGH INC ADV FD INC,6726.0,240.0
72376210,14.07,14.23,2010-10-13,MAV,PIONEER MUNI HIGH INC ADV FD INC,6726.0,240.0
72376210,14.06,14.07,2010-10-14,MAV,PIONEER MUNI HIGH INC ADV FD INC,6726.0,240.0
72376210,13.96,14.03,2010-10-15,MAV,PIONEER MUNI HIGH INC ADV FD INC,6726.0,240.0
72376210,13.96,13.94,2010-10-18,MAV,PIONEER MUNI HIGH INC ADV FD INC,6726.0,240.0
72376210,13.87,13.93,2010-10-19,MAV,PIONEER MUNI HIGH INC ADV FD INC,6726.0,240.0
72376210,13.87,13.86,2010-10-20,MAV,PIONEER MUNI HIGH INC ADV FD INC,6726.0,240.0
72376210,13.88,13.86,2010-10-21,MAV,PIONEER MUNI HIGH INC ADV FD INC,6726.0,240.0
72376210,13.88,13.89,2010-10-22,MAV,PIONEER MUNI HIGH INC ADV FD INC,6726.0,240.0
72376210,13.89,13.88,2010-10-25,MAV,PIONEER MUNI HIGH INC ADV FD INC,6726.0,240.0
72376210,14.0,13.88,2010-10-26,MAV,PIONEER MUNI HIGH INC ADV FD INC,6726.0,240.0
72376210,13.91,13.95,2010-10-27,MAV,PIONEER MUNI HIGH INC ADV FD INC,6726.0,240.0
72376210,13.93,13.9,2010-10-28,MAV,PIONEER MUNI HIGH INC ADV FD INC,6726.0,240.0
72376210,13.97,13.95,2010-10-29,MAV,PIONEER MUNI HIGH INC ADV FD INC,6726.0,240.0
72376210,14.01,14.03,2010-11-01,MAV,PIONEER MUNI HIGH INC ADV FD INC,6726.0,240.0
72376210,14.07,14.01,2010-11-02,MAV,PIONEER MUNI HIGH INC ADV FD INC,6726.0,240.0
72376210,14.15,14.14,2010-11-03,MAV,PIONEER MUNI HIGH INC ADV FD INC,6726.0,240.0
72376210,14.26,14.16,2010-11-04,MAV,PIONEER MUNI HIGH INC ADV FD INC,6726.0,240.0
72376210,14.24,14.24,2010-11-05,MAV,PIONEER MUNI HIGH INC ADV FD INC,6726.0,240.0
72376210,14.084,14.22,2010-11-08,MAV,PIONEER MUNI HIGH INC ADV FD INC,6726.0,240.0
72376210,13.84,14.05,2010-11-09,MAV,PIONEER MUNI HIGH INC ADV FD INC,6726.0,240.0
72376210,13.69,13.86,2010-11-10,MAV,PIONEER MUNI HIGH INC ADV FD INC,6726.0,240.0
72376210,13.48,13.64,2010-11-11,MAV,PIONEER MUNI HIGH INC ADV FD INC,6726.0,240.0
72376210,13.57,13.32,2010-11-12,MAV,PIONEER MUNI HIGH INC ADV FD INC,6726.0,240.0
72376210,12.836,13.36,2010-11-15,MAV,PIONEER MUNI HIGH INC ADV FD INC,6726.0,240.0
72376210,12.696,12.76,2010-11-16,MAV,PIONEER MUNI HIGH INC ADV FD INC,6726.0,240.0
72376210,12.92,12.43,2010-11-17,MAV,PIONEER MUNI HIGH INC ADV FD INC,6726.0,240.0
72376210,12.58,13.0,2010-11-18,MAV,PIONEER MUNI HIGH INC ADV FD INC,6726.0,240.0
72376210,12.96,12.51,2010-11-19,MAV,PIONEER MUNI HIGH INC ADV FD INC,6726.0,240.0
72376210,13.2,12.87,2010-11-22,MAV,PIONEER MUNI HIGH INC ADV FD INC,6726.0,240.0
72376210,13.2,13.2,2010-11-23,MAV,PIONEER MUNI HIGH INC ADV FD INC,6726.0,240.0
72376210,13.04,13.13,2010-11-24,MAV,PIONEER MUNI HIGH INC ADV FD INC,6726.0,240.0
72376210,13.146,13.02,2010-11-26,MAV,PIONEER MUNI HIGH INC ADV FD INC,6726.0,240.0
72376210,13.15,13.11,2010-11-29,MAV,PIONEER MUNI HIGH INC ADV FD INC,6726.0,240.0
72376210,13.2372,13.15,2010-11-30,MAV,PIONEER MUNI HIGH INC ADV FD INC,6726.0,240.0
72376210,13.19,13.21,2010-12-01,MAV,PIONEER MUNI HIGH INC ADV FD INC,6726.0,240.0
72376210,12.86,13.15,2010-12-02,MAV,PIONEER MUNI HIGH INC ADV FD INC,6726.0,240.0
72376210,13.04,12.86,2010-12-03,MAV,PIONEER MUNI HIGH INC ADV FD INC,6726.0,240.0
72376210,12.94,12.98,2010-12-06,MAV,PIONEER MUNI HIGH INC ADV FD INC,6726.0,240.0
72376210,12.73,12.9,2010-12-07,MAV,PIONEER MUNI HIGH INC ADV FD INC,6726.0,240.0
72376210,12.6801,12.68,2010-12-08,MAV,PIONEER MUNI HIGH INC ADV FD INC,6726.0,240.0
72376210,12.5208,12.63,2010-12-09,MAV,PIONEER MUNI HIGH INC ADV FD INC,6726.0,240.0
72376210,12.32,12.4,2010-12-10,MAV,PIONEER MUNI HIGH INC ADV FD INC,6726.0,240.0
72376210,12.15,12.22,2010-12-13,MAV,PIONEER MUNI HIGH INC ADV FD INC,6726.0,240.0
72376210,12.23,12.14,2010-12-14,MAV,PIONEER MUNI HIGH INC ADV FD INC,6726.0,240.0
72376210,12.42,12.2,2010-12-15,MAV,PIONEER MUNI HIGH INC ADV FD INC,6726.0,240.0
72376210,12.791,12.42,2010-12-16,MAV,PIONEER MUNI HIGH INC ADV FD INC,6726.0,240.0
72376210,12.97,12.78,2010-12-17,MAV,PIONEER MUNI HIGH INC ADV FD INC,6726.0,240.0
72376210,12.34,12.99,2010-12-20,MAV,PIONEER MUNI HIGH INC ADV FD INC,6726.0,240.0
72376210,12.23,12.36,2010-12-21,MAV,PIONEER MUNI HIGH INC ADV FD INC,6726.0,240.0
72376210,12.23,12.16,2010-12-22,MAV,PIONEER MUNI HIGH INC ADV FD INC,6726.0,240.0
72376210,12.26,12.17,2010-12-23,MAV,PIONEER MUNI HIGH INC ADV FD INC,6726.0,240.0
72376210,12.2,12.19,2010-12-27,MAV,PIONEER MUNI HIGH INC ADV FD INC,6726.0,240.0
72376210,12.28,12.15,2010-12-28,MAV,PIONEER MUNI HIGH INC ADV FD INC,6726.0,240.0
72376210,12.33,12.26,2010-12-29,MAV,PIONEER MUNI HIGH INC ADV FD INC,6726.0,240.0
72376210,12.19,12.21,2010-12-30,MAV,PIONEER MUNI HIGH INC ADV FD INC,6726.0,240.0
72376210,12.42,12.21,2010-12-31,MAV,PIONEER MUNI HIGH INC ADV FD INC,6726.0,240.0
72376210,12.4,12.41,2011-01-03,MAV,PIONEER MUNI HIGH INC ADV FD INC,6726.0,240.0
72376210,12.5,12.4,2011-01-04,MAV,PIONEER MUNI HIGH INC ADV FD INC,6726.0,240.0
72376210,12.41,12.46,2011-01-05,MAV,PIONEER MUNI HIGH INC ADV FD INC,6726.0,240.0
72376210,12.44,12.4,2011-01-06,MAV,PIONEER MUNI HIGH INC ADV FD INC,6726.0,240.0
72376210,12.4,12.37,2011-01-07,MAV,PIONEER MUNI HIGH INC ADV FD INC,6726.0,240.0
72376210,12.28,12.4,2011-01-10,MAV,PIONEER MUNI HIGH INC ADV FD INC,6726.0,240.0
72376210,12.25,12.29,2011-01-11,MAV,PIONEER MUNI HIGH INC ADV FD INC,6726.0,240.0
72376210,12.12,12.2,2011-01-12,MAV,PIONEER MUNI HIGH INC ADV FD INC,6726.0,240.0
72376210,11.89,12.03,2011-01-13,MAV,PIONEER MUNI HIGH INC ADV FD INC,6726.0,240.0
72376210,11.69,11.84,2011-01-14,MAV,PIONEER MUNI HIGH INC ADV FD INC,6726.0,240.0
72376210,11.82,11.78,2011-01-18,MAV,PIONEER MUNI HIGH INC ADV FD INC,6726.0,240.0
72376210,11.58,11.77,2011-01-19,MAV,PIONEER MUNI HIGH INC ADV FD INC,6726.0,240.0
72376210,11.92,11.58,2011-01-20,MAV,PIONEER MUNI HIGH INC ADV FD INC,6726.0,240.0
72376210,12.17,11.9,2011-01-21,MAV,PIONEER MUNI HIGH INC ADV FD INC,6726.0,240.0
72376210,12.23,12.15,2011-01-24,MAV,PIONEER MUNI HIGH INC ADV FD INC,6726.0,240.0
72376210,12.28,12.28,2011-01-25,MAV,PIONEER MUNI HIGH INC ADV FD INC,6726.0,240.0
72376210,12.32,12.31,2011-01-26,MAV,PIONEER MUNI HIGH INC ADV FD INC,6726.0,240.0
72376210,12.3,12.3,2011-01-27,MAV,PIONEER MUNI HIGH INC ADV FD INC,6726.0,240.0
72376210,12.25,12.3,2011-01-28,MAV,PIONEER MUNI HIGH INC ADV FD INC,6726.0,240.0
72376210,12.21,12.27,2011-01-31,MAV,PIONEER MUNI HIGH INC ADV FD INC,6726.0,240.0
72376210,12.34,12.2,2011-02-01,MAV,PIONEER MUNI HIGH INC ADV FD INC,6726.0,240.0
72376210,12.45,12.36,2011-02-02,MAV,PIONEER MUNI HIGH INC ADV FD INC,6726.0,240.0
72376210,12.43,12.45,2011-02-03,MAV,PIONEER MUNI HIGH INC ADV FD INC,6726.0,240.0
72376210,12.43,12.39,2011-02-04,MAV,PIONEER MUNI HIGH INC ADV FD INC,6726.0,240.0
72376210,12.47,12.32,2011-02-07,MAV,PIONEER MUNI HIGH INC ADV FD INC,6726.0,240.0
72376210,12.34,12.48,2011-02-08,MAV,PIONEER MUNI HIGH INC ADV FD INC,6726.0,240.0
72376210,12.36,12.3,2011-02-09,MAV,PIONEER MUNI HIGH INC ADV FD INC,6726.0,240.0
72376210,12.42,12.31,2011-02-10,MAV,PIONEER MUNI HIGH INC ADV FD INC,6726.0,240.0
72376210,12.3342,12.26,2011-02-11,MAV,PIONEER MUNI HIGH INC ADV FD INC,6726.0,240.0
72376210,12.2,12.27,2011-02-14,MAV,PIONEER MUNI HIGH INC ADV FD INC,6726.0,240.0
72376210,12.31,12.25,2011-02-15,MAV,PIONEER MUNI HIGH INC ADV FD INC,6726.0,240.0
72376210,12.28,12.28,2011-02-16,MAV,PIONEER MUNI HIGH INC ADV FD INC,6726.0,240.0
72376210,12.39,12.32,2011-02-17,MAV,PIONEER MUNI HIGH INC ADV FD INC,6726.0,240.0
72376210,12.37,12.43,2011-02-18,MAV,PIONEER MUNI HIGH INC ADV FD INC,6726.0,240.0
72376210,12.17,12.27,2011-02-22,MAV,PIONEER MUNI HIGH INC ADV FD INC,6726.0,240.0
72376210,12.27,12.19,2011-02-23,MAV,PIONEER MUNI HIGH INC ADV FD INC,6726.0,240.0
72376210,12.33,12.34,2011-02-24,MAV,PIONEER MUNI HIGH INC ADV FD INC,6726.0,240.0
72376210,12.46,12.29,2011-02-25,MAV,PIONEER MUNI HIGH INC ADV FD INC,6726.0,240.0
72376210,12.52,12.51,2011-02-28,MAV,PIONEER MUNI HIGH INC ADV FD INC,6726.0,240.0
72376210,12.51,12.53,2011-03-01,MAV,PIONEER MUNI HIGH INC ADV FD INC,6726.0,240.0
72376210,12.53,12.57,2011-03-02,MAV,PIONEER MUNI HIGH INC ADV FD INC,6726.0,240.0
72376210,12.53,12.53,2011-03-03,MAV,PIONEER MUNI HIGH INC ADV FD INC,6726.0,240.0
72376210,12.55,12.53,2011-03-04,MAV,PIONEER MUNI HIGH INC ADV FD INC,6726.0,240.0
72376210,12.55,12.56,2011-03-07,MAV,PIONEER MUNI HIGH INC ADV FD INC,6726.0,240.0
72376210,12.64,12.55,2011-03-08,MAV,PIONEER MUNI HIGH INC ADV FD INC,6726.0,240.0
72376210,12.6,12.65,2011-03-09,MAV,PIONEER MUNI HIGH INC ADV FD INC,6726.0,240.0
72376210,12.56,12.58,2011-03-10,MAV,PIONEER MUNI HIGH INC ADV FD INC,6726.0,240.0
72376210,12.47,12.51,2011-03-11,MAV,PIONEER MUNI HIGH INC ADV FD INC,6726.0,240.0
72376210,12.48,12.44,2011-03-14,MAV,PIONEER MUNI HIGH INC ADV FD INC,6726.0,240.0
72376210,12.4801,12.5,2011-03-15,MAV,PIONEER MUNI HIGH INC ADV FD INC,6726.0,240.0
72376210,12.4501,12.48,2011-03-16,MAV,PIONEER MUNI HIGH INC ADV FD INC,6726.0,240.0
72376210,12.38,12.4,2011-03-17,MAV,PIONEER MUNI HIGH INC ADV FD INC,6726.0,240.0
72376210,12.31,12.38,2011-03-18,MAV,PIONEER MUNI HIGH INC ADV FD INC,6726.0,240.0
72376210,12.36,12.33,2011-03-21,MAV,PIONEER MUNI HIGH INC ADV FD INC,6726.0,240.0
72376210,12.336,12.38,2011-03-22,MAV,PIONEER MUNI HIGH INC ADV FD INC,6726.0,240.0
72376210,12.49,12.38,2011-03-23,MAV,PIONEER MUNI HIGH INC ADV FD INC,6726.0,240.0
72376210,12.57,12.48,2011-03-24,MAV,PIONEER MUNI HIGH INC ADV FD INC,6726.0,240.0
72376210,12.69,12.52,2011-03-25,MAV,PIONEER MUNI HIGH INC ADV FD INC,6726.0,240.0
72376210,12.689,12.69,2011-03-28,MAV,PIONEER MUNI HIGH INC ADV FD INC,6726.0,240.0
72376210,12.72,12.69,2011-03-29,MAV,PIONEER MUNI HIGH INC ADV FD INC,6726.0,240.0
72376210,12.68,12.72,2011-03-30,MAV,PIONEER MUNI HIGH INC ADV FD INC,6726.0,240.0
72376210,12.65,12.72,2011-03-31,MAV,PIONEER MUNI HIGH INC ADV FD INC,6726.0,240.0
72376210,12.706,12.66,2011-04-01,MAV,PIONEER MUNI HIGH INC ADV FD INC,6726.0,240.0
72376210,12.74,12.69,2011-04-04,MAV,PIONEER MUNI HIGH INC ADV FD INC,6726.0,240.0
72376210,12.76,12.75,2011-04-05,MAV,PIONEER MUNI HIGH INC ADV FD INC,6726.0,240.0
72376210,12.8,12.75,2011-04-06,MAV,PIONEER MUNI HIGH INC ADV FD INC,6726.0,240.0
72376210,12.72,12.78,2011-04-07,MAV,PIONEER MUNI HIGH INC ADV FD INC,6726.0,240.0
72376210,12.69,12.72,2011-04-08,MAV,PIONEER MUNI HIGH INC ADV FD INC,6726.0,240.0
72376210,12.6266,12.68,2011-04-11,MAV,PIONEER MUNI HIGH INC ADV FD INC,6726.0,240.0
72376210,12.64,12.6,2011-04-12,MAV,PIONEER MUNI HIGH INC ADV FD INC,6726.0,240.0
72376210,12.62,12.57,2011-04-13,MAV,PIONEER MUNI HIGH INC ADV FD INC,6726.0,240.0
72376210,12.5,12.57,2011-04-14,MAV,PIONEER MUNI HIGH INC ADV FD INC,6726.0,240.0
72376210,12.69,12.5,2011-04-15,MAV,PIONEER MUNI HIGH INC ADV FD INC,6726.0,240.0
72376210,12.68,12.64,2011-04-18,MAV,PIONEER MUNI HIGH INC ADV FD INC,6726.0,240.0
72376210,12.7,12.67,2011-04-19,MAV,PIONEER MUNI HIGH INC ADV FD INC,6726.0,240.0
72376210,12.6601,12.69,2011-04-20,MAV,PIONEER MUNI HIGH INC ADV FD INC,6726.0,240.0
72376210,12.6805,12.69,2011-04-21,MAV,PIONEER MUNI HIGH INC ADV FD INC,6726.0,240.0
72376210,12.7,12.64,2011-04-25,MAV,PIONEER MUNI HIGH INC ADV FD INC,6726.0,240.0
72376210,12.7,12.68,2011-04-26,MAV,PIONEER MUNI HIGH INC ADV FD INC,6726.0,240.0
72376210,12.71,12.68,2011-04-27,MAV,PIONEER MUNI HIGH INC ADV FD INC,6726.0,240.0
72376210,12.75,12.68,2011-04-28,MAV,PIONEER MUNI HIGH INC ADV FD INC,6726.0,240.0
72376210,12.84,12.76,2011-04-29,MAV,PIONEER MUNI HIGH INC ADV FD INC,6726.0,240.0
72376210,12.8901,12.83,2011-05-02,MAV,PIONEER MUNI HIGH INC ADV FD INC,6726.0,240.0
72376210,12.8,12.89,2011-05-03,MAV,PIONEER MUNI HIGH INC ADV FD INC,6726.0,240.0
72376210,12.9336,12.88,2011-05-04,MAV,PIONEER MUNI HIGH INC ADV FD INC,6726.0,240.0
72376210,13.14,12.94,2011-05-05,MAV,PIONEER MUNI HIGH INC ADV FD INC,6726.0,240.0
72376210,13.25,13.16,2011-05-06,MAV,PIONEER MUNI HIGH INC ADV FD INC,6726.0,240.0
72376210,13.4,13.28,2011-05-09,MAV,PIONEER MUNI HIGH INC ADV FD INC,6726.0,240.0
72376210,13.34,13.41,2011-05-10,MAV,PIONEER MUNI HIGH INC ADV FD INC,6726.0,240.0
72376210,13.25,13.35,2011-05-11,MAV,PIONEER MUNI HIGH INC ADV FD INC,6726.0,240.0
72376210,13.12,13.19,2011-05-12,MAV,PIONEER MUNI HIGH INC ADV FD INC,6726.0,240.0
72376210,13.12,13.12,2011-05-13,MAV,PIONEER MUNI HIGH INC ADV FD INC,6726.0,240.0
72376210,13.07,13.09,2011-05-16,MAV,PIONEER MUNI HIGH INC ADV FD INC,6726.0,240.0
72376210,13.14,13.03,2011-05-17,MAV,PIONEER MUNI HIGH INC ADV FD INC,6726.0,240.0
72376210,13.2,13.12,2011-05-18,MAV,PIONEER MUNI HIGH INC ADV FD INC,6726.0,240.0
72376210,13.31,13.23,2011-05-19,MAV,PIONEER MUNI HIGH INC ADV FD INC,6726.0,240.0
72376210,13.23,13.29,2011-05-20,MAV,PIONEER MUNI HIGH INC ADV FD INC,6726.0,240.0
72376210,13.17,13.23,2011-05-23,MAV,PIONEER MUNI HIGH INC ADV FD INC,6726.0,240.0
72376210,13.2212,13.25,2011-05-24,MAV,PIONEER MUNI HIGH INC ADV FD INC,6726.0,240.0
72376210,13.25,13.21,2011-05-25,MAV,PIONEER MUNI HIGH INC ADV FD INC,6726.0,240.0
72376210,13.3,13.26,2011-05-26,MAV,PIONEER MUNI HIGH INC ADV FD INC,6726.0,240.0
72376210,13.329,13.29,2011-05-27,MAV,PIONEER MUNI HIGH INC ADV FD INC,6726.0,240.0
72376210,13.34,13.36,2011-05-31,MAV,PIONEER MUNI HIGH INC ADV FD INC,6726.0,240.0
72376210,13.38,13.35,2011-06-01,MAV,PIONEER MUNI HIGH INC ADV FD INC,6726.0,240.0
72376210,13.5,13.38,2011-06-02,MAV,PIONEER MUNI HIGH INC ADV FD INC,6726.0,240.0
72376210,13.54,13.45,2011-06-03,MAV,PIONEER MUNI HIGH INC ADV FD INC,6726.0,240.0
72376210,13.55,13.54,2011-06-06,MAV,PIONEER MUNI HIGH INC ADV FD INC,6726.0,240.0
72376210,13.58,13.62,2011-06-07,MAV,PIONEER MUNI HIGH INC ADV FD INC,6726.0,240.0
72376210,13.61,13.63,2011-06-08,MAV,PIONEER MUNI HIGH INC ADV FD INC,6726.0,240.0
72376210,13.62,13.65,2011-06-09,MAV,PIONEER MUNI HIGH INC ADV FD INC,6726.0,240.0
72376210,13.55,13.67,2011-06-10,MAV,PIONEER MUNI HIGH INC ADV FD INC,6726.0,240.0
72376210,13.39,13.47,2011-06-13,MAV,PIONEER MUNI HIGH INC ADV FD INC,6726.0,240.0
72376210,13.27,13.38,2011-06-14,MAV,PIONEER MUNI HIGH INC ADV FD INC,6726.0,240.0
72376210,13.25,13.24,2011-06-15,MAV,PIONEER MUNI HIGH INC ADV FD INC,6726.0,240.0
72376210,13.2,13.21,2011-06-16,MAV,PIONEER MUNI HIGH INC ADV FD INC,6726.0,240.0
72376210,13.26,13.2,2011-06-17,MAV,PIONEER MUNI HIGH INC ADV FD INC,6726.0,240.0
72376210,13.36,13.26,2011-06-20,MAV,PIONEER MUNI HIGH INC ADV FD INC,6726.0,240.0
72376210,13.4,13.31,2011-06-21,MAV,PIONEER MUNI HIGH INC ADV FD INC,6726.0,240.0
72376210,13.41,13.38,2011-06-22,MAV,PIONEER MUNI HIGH INC ADV FD INC,6726.0,240.0
72376210,13.45,13.44,2011-06-23,MAV,PIONEER MUNI HIGH INC ADV FD INC,6726.0,240.0
72376210,13.57,13.47,2011-06-24,MAV,PIONEER MUNI HIGH INC ADV FD INC,6726.0,240.0
72376210,13.61,13.6,2011-06-27,MAV,PIONEER MUNI HIGH INC ADV FD INC,6726.0,240.0
72376210,13.6156,13.61,2011-06-28,MAV,PIONEER MUNI HIGH INC ADV FD INC,6726.0,240.0
72376210,13.7,13.63,2011-06-29,MAV,PIONEER MUNI HIGH INC ADV FD INC,6726.0,240.0
72376210,13.66,13.74,2011-06-30,MAV,PIONEER MUNI HIGH INC ADV FD INC,6726.0,240.0
72376210,13.68,13.61,2011-07-01,MAV,PIONEER MUNI HIGH INC ADV FD INC,6726.0,240.0
72376210,13.7,13.66,2011-07-05,MAV,PIONEER MUNI HIGH INC ADV FD INC,6726.0,240.0
72376210,13.69,13.7,2011-07-06,MAV,PIONEER MUNI HIGH INC ADV FD INC,6726.0,240.0
72376210,13.68,13.71,2011-07-07,MAV,PIONEER MUNI HIGH INC ADV FD INC,6726.0,240.0
72376210,13.77,13.65,2011-07-08,MAV,PIONEER MUNI HIGH INC ADV FD INC,6726.0,240.0
72376210,13.71,13.78,2011-07-11,MAV,PIONEER MUNI HIGH INC ADV FD INC,6726.0,240.0
72376210,13.73,13.7,2011-07-12,MAV,PIONEER MUNI HIGH INC ADV FD INC,6726.0,240.0
72376210,13.6,13.7,2011-07-13,MAV,PIONEER MUNI HIGH INC ADV FD INC,6726.0,240.0
72376210,13.41,13.6,2011-07-14,MAV,PIONEER MUNI HIGH INC ADV FD INC,6726.0,240.0
72376210,13.29,13.43,2011-07-15,MAV,PIONEER MUNI HIGH INC ADV FD INC,6726.0,240.0
72376210,13.16,13.24,2011-07-18,MAV,PIONEER MUNI HIGH INC ADV FD INC,6726.0,240.0
72376210,13.22,13.13,2011-07-19,MAV,PIONEER MUNI HIGH INC ADV FD INC,6726.0,240.0
72376210,13.3,13.24,2011-07-20,MAV,PIONEER MUNI HIGH INC ADV FD INC,6726.0,240.0
72376210,13.31,13.3,2011-07-21,MAV,PIONEER MUNI HIGH INC ADV FD INC,6726.0,240.0
72376210,13.45,13.29,2011-07-22,MAV,PIONEER MUNI HIGH INC ADV FD INC,6726.0,240.0
72376210,13.33,13.27,2011-07-25,MAV,PIONEER MUNI HIGH INC ADV FD INC,6726.0,240.0
72376210,13.22,13.34,2011-07-26,MAV,PIONEER MUNI HIGH INC ADV FD INC,6726.0,240.0
72376210,12.92,13.21,2011-07-27,MAV,PIONEER MUNI HIGH INC ADV FD INC,6726.0,240.0
72376210,13.0,12.88,2011-07-28,MAV,PIONEER MUNI HIGH INC ADV FD INC,6726.0,240.0
72376210,12.97,13.02,2011-07-29,MAV,PIONEER MUNI HIGH INC ADV FD INC,6726.0,240.0
72376210,13.26,13.12,2011-08-01,MAV,PIONEER MUNI HIGH INC ADV FD INC,6726.0,240.0
72376210,13.48,13.26,2011-08-02,MAV,PIONEER MUNI HIGH INC ADV FD INC,6726.0,240.0
72376210,13.58,13.46,2011-08-03,MAV,PIONEER MUNI HIGH INC ADV FD INC,6726.0,240.0
72376210,13.35,13.55,2011-08-04,MAV,PIONEER MUNI HIGH INC ADV FD INC,6726.0,240.0
72376210,13.34,13.31,2011-08-05,MAV,PIONEER MUNI HIGH INC ADV FD INC,6726.0,240.0
72376210,12.75,12.95,2011-08-08,MAV,PIONEER MUNI HIGH INC ADV FD INC,6726.0,240.0
72376210,13.17,12.81,2011-08-09,MAV,PIONEER MUNI HIGH INC ADV FD INC,6726.0,240.0
72376210,13.48,13.1,2011-08-10,MAV,PIONEER MUNI HIGH INC ADV FD INC,6726.0,240.0
72376210,13.42,13.37,2011-08-11,MAV,PIONEER MUNI HIGH INC ADV FD INC,6726.0,240.0
72376210,13.43,13.31,2011-08-12,MAV,PIONEER MUNI HIGH INC ADV FD INC,6726.0,240.0
72376210,13.5,13.39,2011-08-15,MAV,PIONEER MUNI HIGH INC ADV FD INC,6726.0,240.0
72376210,13.4,13.52,2011-08-16,MAV,PIONEER MUNI HIGH INC ADV FD INC,6726.0,240.0
72376210,13.35,13.38,2011-08-17,MAV,PIONEER MUNI HIGH INC ADV FD INC,6726.0,240.0
72376210,13.23,13.29,2011-08-18,MAV,PIONEER MUNI HIGH INC ADV FD INC,6726.0,240.0
72376210,13.16,13.13,2011-08-19,MAV,PIONEER MUNI HIGH INC ADV FD INC,6726.0,240.0
72376210,13.31,13.2,2011-08-22,MAV,PIONEER MUNI HIGH INC ADV FD INC,6726.0,240.0
72376210,13.41,13.31,2011-08-23,MAV,PIONEER MUNI HIGH INC ADV FD INC,6726.0,240.0
72376210,13.37,13.4,2011-08-24,MAV,PIONEER MUNI HIGH INC ADV FD INC,6726.0,240.0
72376210,13.4,13.36,2011-08-25,MAV,PIONEER MUNI HIGH INC ADV FD INC,6726.0,240.0
72376210,13.41,13.44,2011-08-26,MAV,PIONEER MUNI HIGH INC ADV FD INC,6726.0,240.0
72376210,13.49,13.46,2011-08-29,MAV,PIONEER MUNI HIGH INC ADV FD INC,6726.0,240.0
72376210,13.42,13.47,2011-08-30,MAV,PIONEER MUNI HIGH INC ADV FD INC,6726.0,240.0
72376210,13.53,13.48,2011-08-31,MAV,PIONEER MUNI HIGH INC ADV FD INC,6726.0,240.0
72376210,13.52,13.51,2011-09-01,MAV,PIONEER MUNI HIGH INC ADV FD INC,6726.0,240.0
72376210,13.56,13.52,2011-09-02,MAV,PIONEER MUNI HIGH INC ADV FD INC,6726.0,240.0
72376210,13.48,13.52,2011-09-06,MAV,PIONEER MUNI HIGH INC ADV FD INC,6726.0,240.0
72376210,13.51,13.58,2011-09-07,MAV,PIONEER MUNI HIGH INC ADV FD INC,6726.0,240.0
72376210,13.56,13.53,2011-09-08,MAV,PIONEER MUNI HIGH INC ADV FD INC,6726.0,240.0
72376210,13.51,13.54,2011-09-09,MAV,PIONEER MUNI HIGH INC ADV FD INC,6726.0,240.0
72376210,13.63,13.51,2011-09-12,MAV,PIONEER MUNI HIGH INC ADV FD INC,6726.0,240.0
72376210,13.69,13.51,2011-09-13,MAV,PIONEER MUNI HIGH INC ADV FD INC,6726.0,240.0
72376210,13.69,13.72,2011-09-14,MAV,PIONEER MUNI HIGH INC ADV FD INC,6726.0,240.0
72376210,13.6,13.65,2011-09-15,MAV,PIONEER MUNI HIGH INC ADV FD INC,6726.0,240.0
72376210,13.6,13.66,2011-09-16,MAV,PIONEER MUNI HIGH INC ADV FD INC,6726.0,240.0
72376210,13.63,13.57,2011-09-19,MAV,PIONEER MUNI HIGH INC ADV FD INC,6726.0,240.0
72376210,13.71,13.66,2011-09-20,MAV,PIONEER MUNI HIGH INC ADV FD INC,6726.0,240.0
72376210,13.7,13.64,2011-09-21,MAV,PIONEER MUNI HIGH INC ADV FD INC,6726.0,240.0
72376210,13.66,13.7,2011-09-22,MAV,PIONEER MUNI HIGH INC ADV FD INC,6726.0,240.0
72376210,13.66,13.68,2011-09-23,MAV,PIONEER MUNI HIGH INC ADV FD INC,6726.0,240.0
72376210,13.69,13.67,2011-09-26,MAV,PIONEER MUNI HIGH INC ADV FD INC,6726.0,240.0
72376210,13.73,13.68,2011-09-27,MAV,PIONEER MUNI HIGH INC ADV FD INC,6726.0,240.0
72376210,13.73,13.75,2011-09-28,MAV,PIONEER MUNI HIGH INC ADV FD INC,6726.0,240.0
72376210,13.83,13.78,2011-09-29,MAV,PIONEER MUNI HIGH INC ADV FD INC,6726.0,240.0
72376210,13.86,13.85,2011-09-30,MAV,PIONEER MUNI HIGH INC ADV FD INC,6726.0,240.0
72376210,13.89,13.86,2011-10-03,MAV,PIONEER MUNI HIGH INC ADV FD INC,6726.0,240.0
72376210,13.64,13.86,2011-10-04,MAV,PIONEER MUNI HIGH INC ADV FD INC,6726.0,240.0
72376210,13.63,13.64,2011-10-05,MAV,PIONEER MUNI HIGH INC ADV FD INC,6726.0,240.0
72376210,13.65,13.64,2011-10-06,MAV,PIONEER MUNI HIGH INC ADV FD INC,6726.0,240.0
72376210,13.62,13.62,2011-10-07,MAV,PIONEER MUNI HIGH INC ADV FD INC,6726.0,240.0
72376210,13.62,13.75,2011-10-10,MAV,PIONEER MUNI HIGH INC ADV FD INC,6726.0,240.0
72376210,13.62,13.66,2011-10-11,MAV,PIONEER MUNI HIGH INC ADV FD INC,6726.0,240.0
72376210,13.45,13.53,2011-10-12,MAV,PIONEER MUNI HIGH INC ADV FD INC,6726.0,240.0
72376210,13.59,13.41,2011-10-13,MAV,PIONEER MUNI HIGH INC ADV FD INC,6726.0,240.0
72376210,13.59,13.66,2011-10-14,MAV,PIONEER MUNI HIGH INC ADV FD INC,6726.0,240.0
72376210,13.425,13.55,2011-10-17,MAV,PIONEER MUNI HIGH INC ADV FD INC,6726.0,240.0
72376210,13.5,13.45,2011-10-18,MAV,PIONEER MUNI HIGH INC ADV FD INC,6726.0,240.0
72376210,13.44,13.46,2011-10-19,MAV,PIONEER MUNI HIGH INC ADV FD INC,6726.0,240.0
72376210,13.61,13.47,2011-10-20,MAV,PIONEER MUNI HIGH INC ADV FD INC,6726.0,240.0
72376210,13.75,13.65,2011-10-21,MAV,PIONEER MUNI HIGH INC ADV FD INC,6726.0,240.0
72376210,13.73,13.72,2011-10-24,MAV,PIONEER MUNI HIGH INC ADV FD INC,6726.0,240.0
72376210,13.67,13.73,2011-10-25,MAV,PIONEER MUNI HIGH INC ADV FD INC,6726.0,240.0
72376210,13.74,13.66,2011-10-26,MAV,PIONEER MUNI HIGH INC ADV FD INC,6726.0,240.0
72376210,13.68,13.81,2011-10-27,MAV,PIONEER MUNI HIGH INC ADV FD INC,6726.0,240.0
72376210,13.65,13.66,2011-10-28,MAV,PIONEER MUNI HIGH INC ADV FD INC,6726.0,240.0
72376210,13.63,13.7,2011-10-31,MAV,PIONEER MUNI HIGH INC ADV FD INC,6726.0,240.0
72376210,13.68,13.63,2011-11-01,MAV,PIONEER MUNI HIGH INC ADV FD INC,6726.0,240.0
72376210,13.68,13.69,2011-11-02,MAV,PIONEER MUNI HIGH INC ADV FD INC,6726.0,240.0
72376210,13.69,13.69,2011-11-03,MAV,PIONEER MUNI HIGH INC ADV FD INC,6726.0,240.0
72376210,13.65,13.7,2011-11-04,MAV,PIONEER MUNI HIGH INC ADV FD INC,6726.0,240.0
72376210,13.68,13.62,2011-11-07,MAV,PIONEER MUNI HIGH INC ADV FD INC,6726.0,240.0
72376210,13.8,13.68,2011-11-08,MAV,PIONEER MUNI HIGH INC ADV FD INC,6726.0,240.0
72376210,13.75,13.8,2011-11-09,MAV,PIONEER MUNI HIGH INC ADV FD INC,6726.0,240.0
72376210,13.69,13.77,2011-11-10,MAV,PIONEER MUNI HIGH INC ADV FD INC,6726.0,240.0
72376210,13.74,13.79,2011-11-11,MAV,PIONEER MUNI HIGH INC ADV FD INC,6726.0,240.0
72376210,13.72,13.71,2011-11-14,MAV,PIONEER MUNI HIGH INC ADV FD INC,6726.0,240.0
72376210,13.73,13.71,2011-11-15,MAV,PIONEER MUNI HIGH INC ADV FD INC,6726.0,240.0
72376210,13.67,13.7,2011-11-16,MAV,PIONEER MUNI HIGH INC ADV FD INC,6726.0,240.0
72376210,13.69,13.69,2011-11-17,MAV,PIONEER MUNI HIGH INC ADV FD INC,6726.0,240.0
72376210,13.75,13.73,2011-11-18,MAV,PIONEER MUNI HIGH INC ADV FD INC,6726.0,240.0
72376210,13.73,13.71,2011-11-21,MAV,PIONEER MUNI HIGH INC ADV FD INC,6726.0,240.0
72376210,13.76,13.75,2011-11-22,MAV,PIONEER MUNI HIGH INC ADV FD INC,6726.0,240.0
72376210,13.84,13.78,2011-11-23,MAV,PIONEER MUNI HIGH INC ADV FD INC,6726.0,240.0
72376210,14.01,13.84,2011-11-25,MAV,PIONEER MUNI HIGH INC ADV FD INC,6726.0,240.0
72376210,13.98,14.05,2011-11-28,MAV,PIONEER MUNI HIGH INC ADV FD INC,6726.0,240.0
72376210,13.89,13.97,2011-11-29,MAV,PIONEER MUNI HIGH INC ADV FD INC,6726.0,240.0
72376210,13.75,14.04,2011-11-30,MAV,PIONEER MUNI HIGH INC ADV FD INC,6726.0,240.0
72376210,13.75,13.83,2011-12-01,MAV,PIONEER MUNI HIGH INC ADV FD INC,6726.0,240.0
72376210,13.75,13.75,2011-12-02,MAV,PIONEER MUNI HIGH INC ADV FD INC,6726.0,240.0
72376210,13.8,13.8,2011-12-05,MAV,PIONEER MUNI HIGH INC ADV FD INC,6726.0,240.0
72376210,13.87,13.84,2011-12-06,MAV,PIONEER MUNI HIGH INC ADV FD INC,6726.0,240.0
72376210,14.02,13.93,2011-12-07,MAV,PIONEER MUNI HIGH INC ADV FD INC,6726.0,240.0
72376210,13.86,13.9,2011-12-08,MAV,PIONEER MUNI HIGH INC ADV FD INC,6726.0,240.0
72376210,13.85,13.83,2011-12-09,MAV,PIONEER MUNI HIGH INC ADV FD INC,6726.0,240.0
72376210,14.03,13.95,2011-12-12,MAV,PIONEER MUNI HIGH INC ADV FD INC,6726.0,240.0
72376210,14.01,14.04,2011-12-13,MAV,PIONEER MUNI HIGH INC ADV FD INC,6726.0,240.0
72376210,14.07,13.96,2011-12-14,MAV,PIONEER MUNI HIGH INC ADV FD INC,6726.0,240.0
72376210,14.03,14.1,2011-12-15,MAV,PIONEER MUNI HIGH INC ADV FD INC,6726.0,240.0
72376210,14.1,14.02,2011-12-16,MAV,PIONEER MUNI HIGH INC ADV FD INC,6726.0,240.0
72376210,14.14,14.15,2011-12-19,MAV,PIONEER MUNI HIGH INC ADV FD INC,6726.0,240.0
72376210,14.22,14.15,2011-12-20,MAV,PIONEER MUNI HIGH INC ADV FD INC,6726.0,240.0
72376210,14.34,14.25,2011-12-21,MAV,PIONEER MUNI HIGH INC ADV FD INC,6726.0,240.0
72376210,14.3999,14.41,2011-12-22,MAV,PIONEER MUNI HIGH INC ADV FD INC,6726.0,240.0
72376210,14.49,14.38,2011-12-23,MAV,PIONEER MUNI HIGH INC ADV FD INC,6726.0,240.0
72376210,14.38,14.49,2011-12-27,MAV,PIONEER MUNI HIGH INC ADV FD INC,6726.0,240.0
72376210,14.36,14.36,2011-12-28,MAV,PIONEER MUNI HIGH INC ADV FD INC,6726.0,240.0
72376210,14.37,14.44,2011-12-29,MAV,PIONEER MUNI HIGH INC ADV FD INC,6726.0,240.0
72376210,14.4,14.32,2011-12-30,MAV,PIONEER MUNI HIGH INC ADV FD INC,6726.0,240.0
72376210,14.41,14.41,2012-01-03,MAV,PIONEER MUNI HIGH INC ADV FD INC,6726.0,240.0
72376210,14.48,14.44,2012-01-04,MAV,PIONEER MUNI HIGH INC ADV FD INC,6726.0,240.0
72376210,14.59,14.53,2012-01-05,MAV,PIONEER MUNI HIGH INC ADV FD INC,6726.0,240.0
72376210,14.7,14.55,2012-01-06,MAV,PIONEER MUNI HIGH INC ADV FD INC,6726.0,240.0
72376210,14.7,14.73,2012-01-09,MAV,PIONEER MUNI HIGH INC ADV FD INC,6726.0,240.0
72376210,14.65,14.73,2012-01-10,MAV,PIONEER MUNI HIGH INC ADV FD INC,6726.0,240.0
72376210,14.6,14.58,2012-01-11,MAV,PIONEER MUNI HIGH INC ADV FD INC,6726.0,240.0
72376210,14.66,14.59,2012-01-12,MAV,PIONEER MUNI HIGH INC ADV FD INC,6726.0,240.0
72376210,14.78,14.64,2012-01-13,MAV,PIONEER MUNI HIGH INC ADV FD INC,6726.0,240.0
72376210,14.75,14.85,2012-01-17,MAV,PIONEER MUNI HIGH INC ADV FD INC,6726.0,240.0
72376210,14.58,14.68,2012-01-18,MAV,PIONEER MUNI HIGH INC ADV FD INC,6726.0,240.0
72376210,14.65,14.55,2012-01-19,MAV,PIONEER MUNI HIGH INC ADV FD INC,6726.0,240.0
72376210,14.7,14.65,2012-01-20,MAV,PIONEER MUNI HIGH INC ADV FD INC,6726.0,240.0
72376210,14.7254,14.68,2012-01-23,MAV,PIONEER MUNI HIGH INC ADV FD INC,6726.0,240.0
72376210,14.78,14.72,2012-01-24,MAV,PIONEER MUNI HIGH INC ADV FD INC,6726.0,240.0
72376210,14.79,14.77,2012-01-25,MAV,PIONEER MUNI HIGH INC ADV FD INC,6726.0,240.0
72376210,15.03,14.8,2012-01-26,MAV,PIONEER MUNI HIGH INC ADV FD INC,6726.0,240.0
72376210,15.01,14.99,2012-01-27,MAV,PIONEER MUNI HIGH INC ADV FD INC,6726.0,240.0
72376210,15.03,15.01,2012-01-30,MAV,PIONEER MUNI HIGH INC ADV FD INC,6726.0,240.0
72376210,15.07,15.13,2012-01-31,MAV,PIONEER MUNI HIGH INC ADV FD INC,6726.0,240.0
72376210,15.05,15.11,2012-02-01,MAV,PIONEER MUNI HIGH INC ADV FD INC,6726.0,240.0
72376210,15.0,15.05,2012-02-02,MAV,PIONEER MUNI HIGH INC ADV FD INC,6726.0,240.0
72376210,15.03,14.99,2012-02-03,MAV,PIONEER MUNI HIGH INC ADV FD INC,6726.0,240.0
72376210,15.02,15.06,2012-02-06,MAV,PIONEER MUNI HIGH INC ADV FD INC,6726.0,240.0
72376210,15.17,15.04,2012-02-07,MAV,PIONEER MUNI HIGH INC ADV FD INC,6726.0,240.0
72376210,15.28,15.13,2012-02-08,MAV,PIONEER MUNI HIGH INC ADV FD INC,6726.0,240.0
72376210,15.24,15.29,2012-02-09,MAV,PIONEER MUNI HIGH INC ADV FD INC,6726.0,240.0
72376210,15.28,15.25,2012-02-10,MAV,PIONEER MUNI HIGH INC ADV FD INC,6726.0,240.0
72376210,15.31,15.24,2012-02-13,MAV,PIONEER MUNI HIGH INC ADV FD INC,6726.0,240.0
72376210,15.17,15.36,2012-02-14,MAV,PIONEER MUNI HIGH INC ADV FD INC,6726.0,240.0
72376210,14.95,15.11,2012-02-15,MAV,PIONEER MUNI HIGH INC ADV FD INC,6726.0,240.0
72376210,14.56,14.98,2012-02-16,MAV,PIONEER MUNI HIGH INC ADV FD INC,6726.0,240.0
72376210,14.59,14.54,2012-02-17,MAV,PIONEER MUNI HIGH INC ADV FD INC,6726.0,240.0
72376210,14.82,14.63,2012-02-21,MAV,PIONEER MUNI HIGH INC ADV FD INC,6726.0,240.0
72376210,14.83,14.78,2012-02-22,MAV,PIONEER MUNI HIGH INC ADV FD INC,6726.0,240.0
72376210,14.75,14.84,2012-02-23,MAV,PIONEER MUNI HIGH INC ADV FD INC,6726.0,240.0
72376210,15.0,14.72,2012-02-24,MAV,PIONEER MUNI HIGH INC ADV FD INC,6726.0,240.0
72376210,15.05,15.0,2012-02-27,MAV,PIONEER MUNI HIGH INC ADV FD INC,6726.0,240.0
72376210,15.17,15.07,2012-02-28,MAV,PIONEER MUNI HIGH INC ADV FD INC,6726.0,240.0
72376210,15.2,15.19,2012-02-29,MAV,PIONEER MUNI HIGH INC ADV FD INC,6726.0,240.0
72376210,15.32,15.19,2012-03-01,MAV,PIONEER MUNI HIGH INC ADV FD INC,6726.0,240.0
72376210,15.32,15.29,2012-03-02,MAV,PIONEER MUNI HIGH INC ADV FD INC,6726.0,240.0
72376210,15.36,15.36,2012-03-05,MAV,PIONEER MUNI HIGH INC ADV FD INC,6726.0,240.0
72376210,14.85,15.24,2012-03-06,MAV,PIONEER MUNI HIGH INC ADV FD INC,6726.0,240.0
72376210,14.92,14.9,2012-03-07,MAV,PIONEER MUNI HIGH INC ADV FD INC,6726.0,240.0
72376210,15.05,14.98,2012-03-08,MAV,PIONEER MUNI HIGH INC ADV FD INC,6726.0,240.0
72376210,15.16,15.08,2012-03-09,MAV,PIONEER MUNI HIGH INC ADV FD INC,6726.0,240.0
72376210,15.1,15.08,2012-03-12,MAV,PIONEER MUNI HIGH INC ADV FD INC,6726.0,240.0
72376210,15.09,15.09,2012-03-13,MAV,PIONEER MUNI HIGH INC ADV FD INC,6726.0,240.0
72376210,15.0,15.1,2012-03-14,MAV,PIONEER MUNI HIGH INC ADV FD INC,6726.0,240.0
72376210,14.56,14.91,2012-03-15,MAV,PIONEER MUNI HIGH INC ADV FD INC,6726.0,240.0
72376210,14.3,14.54,2012-03-16,MAV,PIONEER MUNI HIGH INC ADV FD INC,6726.0,240.0
72376210,14.32,14.2,2012-03-19,MAV,PIONEER MUNI HIGH INC ADV FD INC,6726.0,240.0
72376210,14.31,14.32,2012-03-20,MAV,PIONEER MUNI HIGH INC ADV FD INC,6726.0,240.0
72376210,14.42,14.42,2012-03-21,MAV,PIONEER MUNI HIGH INC ADV FD INC,6726.0,240.0
72376210,14.53,14.47,2012-03-22,MAV,PIONEER MUNI HIGH INC ADV FD INC,6726.0,240.0
72376210,14.5,14.5,2012-03-23,MAV,PIONEER MUNI HIGH INC ADV FD INC,6726.0,240.0
72376210,14.44,14.51,2012-03-26,MAV,PIONEER MUNI HIGH INC ADV FD INC,6726.0,240.0
72376210,14.56,14.47,2012-03-27,MAV,PIONEER MUNI HIGH INC ADV FD INC,6726.0,240.0
72376210,14.69,14.62,2012-03-28,MAV,PIONEER MUNI HIGH INC ADV FD INC,6726.0,240.0
72376210,14.69,14.68,2012-03-29,MAV,PIONEER MUNI HIGH INC ADV FD INC,6726.0,240.0
72376210,14.72,14.71,2012-03-30,MAV,PIONEER MUNI HIGH INC ADV FD INC,6726.0,240.0
72376210,14.82,14.73,2012-04-02,MAV,PIONEER MUNI HIGH INC ADV FD INC,6726.0,240.0
72376210,14.85,14.77,2012-04-03,MAV,PIONEER MUNI HIGH INC ADV FD INC,6726.0,240.0
72376210,14.75,14.86,2012-04-04,MAV,PIONEER MUNI HIGH INC ADV FD INC,6726.0,240.0
72376210,14.83,14.84,2012-04-05,MAV,PIONEER MUNI HIGH INC ADV FD INC,6726.0,240.0
72376210,15.0,14.78,2012-04-09,MAV,PIONEER MUNI HIGH INC ADV FD INC,6726.0,240.0
72376210,15.04,14.93,2012-04-10,MAV,PIONEER MUNI HIGH INC ADV FD INC,6726.0,240.0
72376210,15.14,15.03,2012-04-11,MAV,PIONEER MUNI HIGH INC ADV FD INC,6726.0,240.0
72376210,14.97,15.05,2012-04-12,MAV,PIONEER MUNI HIGH INC ADV FD INC,6726.0,240.0
72376210,15.03,14.94,2012-04-13,MAV,PIONEER MUNI HIGH INC ADV FD INC,6726.0,240.0
72376210,15.01,15.03,2012-04-16,MAV,PIONEER MUNI HIGH INC ADV FD INC,6726.0,240.0
72376210,15.0,14.99,2012-04-17,MAV,PIONEER MUNI HIGH INC ADV FD INC,6726.0,240.0
72376210,15.07,15.03,2012-04-18,MAV,PIONEER MUNI HIGH INC ADV FD INC,6726.0,240.0
72376210,15.04,15.07,2012-04-19,MAV,PIONEER MUNI HIGH INC ADV FD INC,6726.0,240.0
72376210,15.0,15.01,2012-04-20,MAV,PIONEER MUNI HIGH INC ADV FD INC,6726.0,240.0
72376210,15.1,15.02,2012-04-23,MAV,PIONEER MUNI HIGH INC ADV FD INC,6726.0,240.0
72376210,15.22,15.07,2012-04-24,MAV,PIONEER MUNI HIGH INC ADV FD INC,6726.0,240.0
72376210,15.22,15.22,2012-04-25,MAV,PIONEER MUNI HIGH INC ADV FD INC,6726.0,240.0
72376210,15.16,15.21,2012-04-26,MAV,PIONEER MUNI HIGH INC ADV FD INC,6726.0,240.0
72376210,15.25,15.18,2012-04-27,MAV,PIONEER MUNI HIGH INC ADV FD INC,6726.0,240.0
72376210,15.26,15.27,2012-04-30,MAV,PIONEER MUNI HIGH INC ADV FD INC,6726.0,240.0
72376210,15.28,15.24,2012-05-01,MAV,PIONEER MUNI HIGH INC ADV FD INC,6726.0,240.0
72376210,15.39,15.29,2012-05-02,MAV,PIONEER MUNI HIGH INC ADV FD INC,6726.0,240.0
72376210,15.44,15.38,2012-05-03,MAV,PIONEER MUNI HIGH INC ADV FD INC,6726.0,240.0
72376210,15.37,15.39,2012-05-04,MAV,PIONEER MUNI HIGH INC ADV FD INC,6726.0,240.0
72376210,15.51,15.35,2012-05-07,MAV,PIONEER MUNI HIGH INC ADV FD INC,6726.0,240.0
72376210,15.63,15.49,2012-05-08,MAV,PIONEER MUNI HIGH INC ADV FD INC,6726.0,240.0
72376210,15.5,15.63,2012-05-09,MAV,PIONEER MUNI HIGH INC ADV FD INC,6726.0,240.0
72376210,15.52,15.51,2012-05-10,MAV,PIONEER MUNI HIGH INC ADV FD INC,6726.0,240.0
72376210,15.5,15.58,2012-05-11,MAV,PIONEER MUNI HIGH INC ADV FD INC,6726.0,240.0
72376210,15.42,15.5,2012-05-14,MAV,PIONEER MUNI HIGH INC ADV FD INC,6726.0,240.0
72376210,15.22,15.31,2012-05-15,MAV,PIONEER MUNI HIGH INC ADV FD INC,6726.0,240.0
72376210,15.25,15.21,2012-05-16,MAV,PIONEER MUNI HIGH INC ADV FD INC,6726.0,240.0
72376210,15.18,15.25,2012-05-17,MAV,PIONEER MUNI HIGH INC ADV FD INC,6726.0,240.0
72376210,15.06,15.16,2012-05-18,MAV,PIONEER MUNI HIGH INC ADV FD INC,6726.0,240.0
72376210,15.15,15.06,2012-05-21,MAV,PIONEER MUNI HIGH INC ADV FD INC,6726.0,240.0
72376210,15.17,15.12,2012-05-22,MAV,PIONEER MUNI HIGH INC ADV FD INC,6726.0,240.0
72376210,15.15,15.16,2012-05-23,MAV,PIONEER MUNI HIGH INC ADV FD INC,6726.0,240.0
72376210,15.23,15.14,2012-05-24,MAV,PIONEER MUNI HIGH INC ADV FD INC,6726.0,240.0
72376210,15.24,15.24,2012-05-25,MAV,PIONEER MUNI HIGH INC ADV FD INC,6726.0,240.0
72376210,15.16,15.21,2012-05-29,MAV,PIONEER MUNI HIGH INC ADV FD INC,6726.0,240.0
72376210,15.16,15.14,2012-05-30,MAV,PIONEER MUNI HIGH INC ADV FD INC,6726.0,240.0
72376210,15.22,15.16,2012-05-31,MAV,PIONEER MUNI HIGH INC ADV FD INC,6726.0,240.0
72376210,15.239,15.24,2012-06-01,MAV,PIONEER MUNI HIGH INC ADV FD INC,6726.0,240.0
72376210,15.24,15.21,2012-06-04,MAV,PIONEER MUNI HIGH INC ADV FD INC,6726.0,240.0
72376210,15.25,15.24,2012-06-05,MAV,PIONEER MUNI HIGH INC ADV FD INC,6726.0,240.0
72376210,15.29,15.25,2012-06-06,MAV,PIONEER MUNI HIGH INC ADV FD INC,6726.0,240.0
72376210,15.24,15.29,2012-06-07,MAV,PIONEER MUNI HIGH INC ADV FD INC,6726.0,240.0
72376210,15.35,15.27,2012-06-08,MAV,PIONEER MUNI HIGH INC ADV FD INC,6726.0,240.0
72376210,15.22,15.36,2012-06-11,MAV,PIONEER MUNI HIGH INC ADV FD INC,6726.0,240.0
72376210,15.13,15.25,2012-06-12,MAV,PIONEER MUNI HIGH INC ADV FD INC,6726.0,240.0
72376210,14.88,15.04,2012-06-13,MAV,PIONEER MUNI HIGH INC ADV FD INC,6726.0,240.0
72376210,14.61,14.94,2012-06-14,MAV,PIONEER MUNI HIGH INC ADV FD INC,6726.0,240.0
72376210,14.52,14.63,2012-06-15,MAV,PIONEER MUNI HIGH INC ADV FD INC,6726.0,240.0
72376210,14.76,14.5,2012-06-18,MAV,PIONEER MUNI HIGH INC ADV FD INC,6726.0,240.0
72376210,14.79,14.75,2012-06-19,MAV,PIONEER MUNI HIGH INC ADV FD INC,6726.0,240.0
72376210,14.89,14.82,2012-06-20,MAV,PIONEER MUNI HIGH INC ADV FD INC,6726.0,240.0
72376210,14.96,14.9,2012-06-21,MAV,PIONEER MUNI HIGH INC ADV FD INC,6726.0,240.0
72376210,14.93,14.97,2012-06-22,MAV,PIONEER MUNI HIGH INC ADV FD INC,6726.0,240.0
72376210,14.933,14.93,2012-06-25,MAV,PIONEER MUNI HIGH INC ADV FD INC,6726.0,240.0
72376210,14.99,14.93,2012-06-26,MAV,PIONEER MUNI HIGH INC ADV FD INC,6726.0,240.0
72376210,14.95,14.95,2012-06-27,MAV,PIONEER MUNI HIGH INC ADV FD INC,6726.0,240.0
72376210,14.99,15.0,2012-06-28,MAV,PIONEER MUNI HIGH INC ADV FD INC,6726.0,240.0
72376210,15.07,15.02,2012-06-29,MAV,PIONEER MUNI HIGH INC ADV FD INC,6726.0,240.0
72376210,15.23,15.08,2012-07-02,MAV,PIONEER MUNI HIGH INC ADV FD INC,6726.0,240.0
72376210,15.28,15.23,2012-07-03,MAV,PIONEER MUNI HIGH INC ADV FD INC,6726.0,240.0
72376210,15.37,15.28,2012-07-05,MAV,PIONEER MUNI HIGH INC ADV FD INC,6726.0,240.0
72376210,15.35,15.36,2012-07-06,MAV,PIONEER MUNI HIGH INC ADV FD INC,6726.0,240.0
72376210,15.38,15.39,2012-07-09,MAV,PIONEER MUNI HIGH INC ADV FD INC,6726.0,240.0
72376210,15.39,15.42,2012-07-10,MAV,PIONEER MUNI HIGH INC ADV FD INC,6726.0,240.0
72376210,15.39,15.37,2012-07-11,MAV,PIONEER MUNI HIGH INC ADV FD INC,6726.0,240.0
72376210,15.37,15.28,2012-07-12,MAV,PIONEER MUNI HIGH INC ADV FD INC,6726.0,240.0
72376210,15.36,15.29,2012-07-13,MAV,PIONEER MUNI HIGH INC ADV FD INC,6726.0,240.0
72376210,15.24,15.31,2012-07-16,MAV,PIONEER MUNI HIGH INC ADV FD INC,6726.0,240.0
72376210,15.26,15.15,2012-07-17,MAV,PIONEER MUNI HIGH INC ADV FD INC,6726.0,240.0
72376210,15.3,15.27,2012-07-18,MAV,PIONEER MUNI HIGH INC ADV FD INC,6726.0,240.0
72376210,15.28,15.36,2012-07-19,MAV,PIONEER MUNI HIGH INC ADV FD INC,6726.0,240.0
72376210,15.34,15.35,2012-07-20,MAV,PIONEER MUNI HIGH INC ADV FD INC,6726.0,240.0
72376210,15.32,15.34,2012-07-23,MAV,PIONEER MUNI HIGH INC ADV FD INC,6726.0,240.0
72376210,15.34,15.34,2012-07-24,MAV,PIONEER MUNI HIGH INC ADV FD INC,6726.0,240.0
72376210,15.33,15.36,2012-07-25,MAV,PIONEER MUNI HIGH INC ADV FD INC,6726.0,240.0
72376210,15.31,15.36,2012-07-26,MAV,PIONEER MUNI HIGH INC ADV FD INC,6726.0,240.0
72376210,15.34,15.38,2012-07-27,MAV,PIONEER MUNI HIGH INC ADV FD INC,6726.0,240.0
72376210,15.32,15.36,2012-07-30,MAV,PIONEER MUNI HIGH INC ADV FD INC,6726.0,240.0
72376210,15.39,15.33,2012-07-31,MAV,PIONEER MUNI HIGH INC ADV FD INC,6726.0,240.0
72376210,15.35,15.37,2012-08-01,MAV,PIONEER MUNI HIGH INC ADV FD INC,6726.0,240.0
72376210,15.35,15.36,2012-08-02,MAV,PIONEER MUNI HIGH INC ADV FD INC,6726.0,240.0
72376210,15.46,15.37,2012-08-03,MAV,PIONEER MUNI HIGH INC ADV FD INC,6726.0,240.0
72376210,15.54,15.43,2012-08-06,MAV,PIONEER MUNI HIGH INC ADV FD INC,6726.0,240.0
72376210,15.65,15.51,2012-08-07,MAV,PIONEER MUNI HIGH INC ADV FD INC,6726.0,240.0
72376210,15.74,15.6,2012-08-08,MAV,PIONEER MUNI HIGH INC ADV FD INC,6726.0,240.0
72376210,15.68,15.75,2012-08-09,MAV,PIONEER MUNI HIGH INC ADV FD INC,6726.0,240.0
72376210,15.64,15.7,2012-08-10,MAV,PIONEER MUNI HIGH INC ADV FD INC,6726.0,240.0
72376210,15.28,15.56,2012-08-13,MAV,PIONEER MUNI HIGH INC ADV FD INC,6726.0,240.0
72376210,15.5,15.3,2012-08-14,MAV,PIONEER MUNI HIGH INC ADV FD INC,6726.0,240.0
72376210,15.51,15.49,2012-08-15,MAV,PIONEER MUNI HIGH INC ADV FD INC,6726.0,240.0
72376210,15.61,15.48,2012-08-16,MAV,PIONEER MUNI HIGH INC ADV FD INC,6726.0,240.0
72376210,15.59,15.57,2012-08-17,MAV,PIONEER MUNI HIGH INC ADV FD INC,6726.0,240.0
72376210,15.62,15.58,2012-08-20,MAV,PIONEER MUNI HIGH INC ADV FD INC,6726.0,240.0
72376210,15.64,15.62,2012-08-21,MAV,PIONEER MUNI HIGH INC ADV FD INC,6726.0,240.0
72376210,15.52,15.55,2012-08-22,MAV,PIONEER MUNI HIGH INC ADV FD INC,6726.0,240.0
72376210,15.5,15.48,2012-08-23,MAV,PIONEER MUNI HIGH INC ADV FD INC,6726.0,240.0
72376210,15.53,15.67,2012-08-24,MAV,PIONEER MUNI HIGH INC ADV FD INC,6726.0,240.0
72376210,15.6148,15.52,2012-08-27,MAV,PIONEER MUNI HIGH INC ADV FD INC,6726.0,240.0
72376210,15.63,15.62,2012-08-28,MAV,PIONEER MUNI HIGH INC ADV FD INC,6726.0,240.0
72376210,15.66,15.66,2012-08-29,MAV,PIONEER MUNI HIGH INC ADV FD INC,6726.0,240.0
72376210,15.63,15.67,2012-08-30,MAV,PIONEER MUNI HIGH INC ADV FD INC,6726.0,240.0
72376210,15.668,15.7,2012-08-31,MAV,PIONEER MUNI HIGH INC ADV FD INC,6726.0,240.0
72376210,15.72,15.7,2012-09-04,MAV,PIONEER MUNI HIGH INC ADV FD INC,6726.0,240.0
72376210,15.75,15.72,2012-09-05,MAV,PIONEER MUNI HIGH INC ADV FD INC,6726.0,240.0
72376210,15.73,15.79,2012-09-06,MAV,PIONEER MUNI HIGH INC ADV FD INC,6726.0,240.0
72376210,15.72,15.73,2012-09-07,MAV,PIONEER MUNI HIGH INC ADV FD INC,6726.0,240.0
72376210,15.67,15.72,2012-09-10,MAV,PIONEER MUNI HIGH INC ADV FD INC,6726.0,240.0
72376210,15.72,15.7,2012-09-11,MAV,PIONEER MUNI HIGH INC ADV FD INC,6726.0,240.0
72376210,15.78,15.7,2012-09-12,MAV,PIONEER MUNI HIGH INC ADV FD INC,6726.0,240.0
72376210,15.74,15.7,2012-09-13,MAV,PIONEER MUNI HIGH INC ADV FD INC,6726.0,240.0
72376210,15.7,15.73,2012-09-14,MAV,PIONEER MUNI HIGH INC ADV FD INC,6726.0,240.0
72376210,15.64,15.7,2012-09-17,MAV,PIONEER MUNI HIGH INC ADV FD INC,6726.0,240.0
72376210,15.68,15.67,2012-09-18,MAV,PIONEER MUNI HIGH INC ADV FD INC,6726.0,240.0
72376210,15.83,15.7,2012-09-19,MAV,PIONEER MUNI HIGH INC ADV FD INC,6726.0,240.0
72376210,15.82,15.82,2012-09-20,MAV,PIONEER MUNI HIGH INC ADV FD INC,6726.0,240.0
72376210,15.95,15.89,2012-09-21,MAV,PIONEER MUNI HIGH INC ADV FD INC,6726.0,240.0
72376210,15.96,15.94,2012-09-24,MAV,PIONEER MUNI HIGH INC ADV FD INC,6726.0,240.0
72376210,15.95,15.94,2012-09-25,MAV,PIONEER MUNI HIGH INC ADV FD INC,6726.0,240.0
72376210,15.87,15.94,2012-09-26,MAV,PIONEER MUNI HIGH INC ADV FD INC,6726.0,240.0
72376210,15.98,15.88,2012-09-27,MAV,PIONEER MUNI HIGH INC ADV FD INC,6726.0,240.0
72376210,15.99,15.99,2012-09-28,MAV,PIONEER MUNI HIGH INC ADV FD INC,6726.0,240.0
72376210,16.0,15.98,2012-10-01,MAV,PIONEER MUNI HIGH INC ADV FD INC,6726.0,240.0
72376210,16.03,16.02,2012-10-02,MAV,PIONEER MUNI HIGH INC ADV FD INC,6726.0,240.0
72376210,16.06,16.02,2012-10-03,MAV,PIONEER MUNI HIGH INC ADV FD INC,6726.0,240.0
72376210,16.06,16.05,2012-10-04,MAV,PIONEER MUNI HIGH INC ADV FD INC,6726.0,240.0
72376210,16.07,16.05,2012-10-05,MAV,PIONEER MUNI HIGH INC ADV FD INC,6726.0,240.0
72376210,16.12,16.12,2012-10-08,MAV,PIONEER MUNI HIGH INC ADV FD INC,6726.0,240.0
72376210,16.05,16.12,2012-10-09,MAV,PIONEER MUNI HIGH INC ADV FD INC,6726.0,240.0
72376210,15.85,16.03,2012-10-10,MAV,PIONEER MUNI HIGH INC ADV FD INC,6726.0,240.0
72376210,15.91,15.75,2012-10-11,MAV,PIONEER MUNI HIGH INC ADV FD INC,6726.0,240.0
72376210,15.8,15.81,2012-10-12,MAV,PIONEER MUNI HIGH INC ADV FD INC,6726.0,240.0
72376210,15.78,15.85,2012-10-15,MAV,PIONEER MUNI HIGH INC ADV FD INC,6726.0,240.0
72376210,15.71,15.8,2012-10-16,MAV,PIONEER MUNI HIGH INC ADV FD INC,6726.0,240.0
72376210,15.71,15.73,2012-10-17,MAV,PIONEER MUNI HIGH INC ADV FD INC,6726.0,240.0
72376210,15.71,15.76,2012-10-18,MAV,PIONEER MUNI HIGH INC ADV FD INC,6726.0,240.0
72376210,15.71,15.69,2012-10-19,MAV,PIONEER MUNI HIGH INC ADV FD INC,6726.0,240.0
72376210,15.81,15.72,2012-10-22,MAV,PIONEER MUNI HIGH INC ADV FD INC,6726.0,240.0
72376210,15.78,15.81,2012-10-23,MAV,PIONEER MUNI HIGH INC ADV FD INC,6726.0,240.0
72376210,15.89,15.8,2012-10-24,MAV,PIONEER MUNI HIGH INC ADV FD INC,6726.0,240.0
72376210,15.92,15.94,2012-10-25,MAV,PIONEER MUNI HIGH INC ADV FD INC,6726.0,240.0
72376210,15.93,15.91,2012-10-26,MAV,PIONEER MUNI HIGH INC ADV FD INC,6726.0,240.0
72376210,15.9,15.93,2012-10-31,MAV,PIONEER MUNI HIGH INC ADV FD INC,6726.0,240.0
72376210,15.97,15.96,2012-11-01,MAV,PIONEER MUNI HIGH INC ADV FD INC,6726.0,240.0
72376210,15.94,15.95,2012-11-02,MAV,PIONEER MUNI HIGH INC ADV FD INC,6726.0,240.0
72376210,15.89,15.98,2012-11-05,MAV,PIONEER MUNI HIGH INC ADV FD INC,6726.0,240.0
72376210,15.94,15.94,2012-11-06,MAV,PIONEER MUNI HIGH INC ADV FD INC,6726.0,240.0
72376210,16.05,15.9,2012-11-07,MAV,PIONEER MUNI HIGH INC ADV FD INC,6726.0,240.0
72376210,16.27,16.06,2012-11-08,MAV,PIONEER MUNI HIGH INC ADV FD INC,6726.0,240.0
72376210,16.23,16.3,2012-11-09,MAV,PIONEER MUNI HIGH INC ADV FD INC,6726.0,240.0
72376210,16.07,16.24,2012-11-12,MAV,PIONEER MUNI HIGH INC ADV FD INC,6726.0,240.0
72376210,16.08,16.01,2012-11-13,MAV,PIONEER MUNI HIGH INC ADV FD INC,6726.0,240.0
72376210,15.66,15.98,2012-11-14,MAV,PIONEER MUNI HIGH INC ADV FD INC,6726.0,240.0
72376210,14.96,15.6,2012-11-15,MAV,PIONEER MUNI HIGH INC ADV FD INC,6726.0,240.0
72376210,15.53,14.94,2012-11-16,MAV,PIONEER MUNI HIGH INC ADV FD INC,6726.0,240.0
72376210,15.57,15.71,2012-11-19,MAV,PIONEER MUNI HIGH INC ADV FD INC,6726.0,240.0
72376210,15.64,15.56,2012-11-20,MAV,PIONEER MUNI HIGH INC ADV FD INC,6726.0,240.0
72376210,15.67,15.66,2012-11-21,MAV,PIONEER MUNI HIGH INC ADV FD INC,6726.0,240.0
72376210,15.72,15.71,2012-11-23,MAV,PIONEER MUNI HIGH INC ADV FD INC,6726.0,240.0
72376210,15.53,15.68,2012-11-26,MAV,PIONEER MUNI HIGH INC ADV FD INC,6726.0,240.0
72376210,15.62,15.51,2012-11-27,MAV,PIONEER MUNI HIGH INC ADV FD INC,6726.0,240.0
72376210,15.66,15.61,2012-11-28,MAV,PIONEER MUNI HIGH INC ADV FD INC,6726.0,240.0
72376210,15.76,15.64,2012-11-29,MAV,PIONEER MUNI HIGH INC ADV FD INC,6726.0,240.0
72376210,15.77,15.8,2012-11-30,MAV,PIONEER MUNI HIGH INC ADV FD INC,6726.0,240.0
72376210,15.8,15.8,2012-12-03,MAV,PIONEER MUNI HIGH INC ADV FD INC,6726.0,240.0
72376210,15.74,15.76,2012-12-04,MAV,PIONEER MUNI HIGH INC ADV FD INC,6726.0,240.0
72376210,15.85,15.77,2012-12-05,MAV,PIONEER MUNI HIGH INC ADV FD INC,6726.0,240.0
72376210,15.83,15.78,2012-12-06,MAV,PIONEER MUNI HIGH INC ADV FD INC,6726.0,240.0
72376210,15.79,15.83,2012-12-07,MAV,PIONEER MUNI HIGH INC ADV FD INC,6726.0,240.0
72376210,15.73,15.85,2012-12-10,MAV,PIONEER MUNI HIGH INC ADV FD INC,6726.0,240.0
72376210,15.7,15.71,2012-12-11,MAV,PIONEER MUNI HIGH INC ADV FD INC,6726.0,240.0
72376210,15.65,15.7,2012-12-12,MAV,PIONEER MUNI HIGH INC ADV FD INC,6726.0,240.0
72376210,15.56,15.67,2012-12-13,MAV,PIONEER MUNI HIGH INC ADV FD INC,6726.0,240.0
72376210,15.42,15.43,2012-12-14,MAV,PIONEER MUNI HIGH INC ADV FD INC,6726.0,240.0
72376210,15.28,15.36,2012-12-17,MAV,PIONEER MUNI HIGH INC ADV FD INC,6726.0,240.0
72376210,15.21,15.22,2012-12-18,MAV,PIONEER MUNI HIGH INC ADV FD INC,6726.0,240.0
72376210,15.31,15.18,2012-12-19,MAV,PIONEER MUNI HIGH INC ADV FD INC,6726.0,240.0
72376210,15.47,15.36,2012-12-20,MAV,PIONEER MUNI HIGH INC ADV FD INC,6726.0,240.0
72376210,15.51,15.38,2012-12-21,MAV,PIONEER MUNI HIGH INC ADV FD INC,6726.0,240.0
72376210,15.54,15.58,2012-12-24,MAV,PIONEER MUNI HIGH INC ADV FD INC,6726.0,240.0
72376210,15.4625,15.28,2012-12-26,MAV,PIONEER MUNI HIGH INC ADV FD INC,6726.0,240.0
72376210,15.23,15.41,2012-12-27,MAV,PIONEER MUNI HIGH INC ADV FD INC,6726.0,240.0
72376210,15.4,15.21,2012-12-28,MAV,PIONEER MUNI HIGH INC ADV FD INC,6726.0,240.0
72376210,15.47,15.31,2012-12-31,MAV,PIONEER MUNI HIGH INC ADV FD INC,6726.0,240.0
72376210,15.95,15.51,2013-01-02,MAV,PIONEER MUNI HIGH INC ADV FD INC,6726.0,240.0
72376210,15.96,15.96,2013-01-03,MAV,PIONEER MUNI HIGH INC ADV FD INC,6726.0,240.0
72376210,15.9324,15.98,2013-01-04,MAV,PIONEER MUNI HIGH INC ADV FD INC,6726.0,240.0
72376210,15.97,16.01,2013-01-07,MAV,PIONEER MUNI HIGH INC ADV FD INC,6726.0,240.0
72376210,16.04,15.98,2013-01-08,MAV,PIONEER MUNI HIGH INC ADV FD INC,6726.0,240.0
72376210,16.05,16.03,2013-01-09,MAV,PIONEER MUNI HIGH INC ADV FD INC,6726.0,240.0
72376210,16.08,16.05,2013-01-10,MAV,PIONEER MUNI HIGH INC ADV FD INC,6726.0,240.0
72376210,16.12,16.05,2013-01-11,MAV,PIONEER MUNI HIGH INC ADV FD INC,6726.0,240.0
72376210,16.19,16.14,2013-01-14,MAV,PIONEER MUNI HIGH INC ADV FD INC,6726.0,240.0
72376210,16.18,16.17,2013-01-15,MAV,PIONEER MUNI HIGH INC ADV FD INC,6726.0,240.0
72376210,16.02,16.14,2013-01-16,MAV,PIONEER MUNI HIGH INC ADV FD INC,6726.0,240.0
72376210,16.08,16.06,2013-01-17,MAV,PIONEER MUNI HIGH INC ADV FD INC,6726.0,240.0
72376210,16.15,16.03,2013-01-18,MAV,PIONEER MUNI HIGH INC ADV FD INC,6726.0,240.0
72376210,16.22,16.12,2013-01-22,MAV,PIONEER MUNI HIGH INC ADV FD INC,6726.0,240.0
72376210,16.23,16.2,2013-01-23,MAV,PIONEER MUNI HIGH INC ADV FD INC,6726.0,240.0
72376210,16.2299,16.21,2013-01-24,MAV,PIONEER MUNI HIGH INC ADV FD INC,6726.0,240.0
72376210,16.26,16.16,2013-01-25,MAV,PIONEER MUNI HIGH INC ADV FD INC,6726.0,240.0
72376210,16.31,16.27,2013-01-28,MAV,PIONEER MUNI HIGH INC ADV FD INC,6726.0,240.0
72376210,16.14,16.2,2013-01-29,MAV,PIONEER MUNI HIGH INC ADV FD INC,6726.0,240.0
72376210,16.16,16.14,2013-01-30,MAV,PIONEER MUNI HIGH INC ADV FD INC,6726.0,240.0
72376210,16.151,16.16,2013-01-31,MAV,PIONEER MUNI HIGH INC ADV FD INC,6726.0,240.0
72376210,16.16,16.2,2013-02-01,MAV,PIONEER MUNI HIGH INC ADV FD INC,6726.0,240.0
72376210,16.07,16.13,2013-02-04,MAV,PIONEER MUNI HIGH INC ADV FD INC,6726.0,240.0
72376210,16.1,16.06,2013-02-05,MAV,PIONEER MUNI HIGH INC ADV FD INC,6726.0,240.0
72376210,16.2,16.15,2013-02-06,MAV,PIONEER MUNI HIGH INC ADV FD INC,6726.0,240.0
72376210,16.24,16.16,2013-02-07,MAV,PIONEER MUNI HIGH INC ADV FD INC,6726.0,240.0
72376210,16.28,16.18,2013-02-08,MAV,PIONEER MUNI HIGH INC ADV FD INC,6726.0,240.0
72376210,16.24,16.28,2013-02-11,MAV,PIONEER MUNI HIGH INC ADV FD INC,6726.0,240.0
72376210,16.29,16.26,2013-02-12,MAV,PIONEER MUNI HIGH INC ADV FD INC,6726.0,240.0
72376210,16.16,16.18,2013-02-13,MAV,PIONEER MUNI HIGH INC ADV FD INC,6726.0,240.0
72376210,16.08,16.13,2013-02-14,MAV,PIONEER MUNI HIGH INC ADV FD INC,6726.0,240.0
72376210,16.18,16.08,2013-02-15,MAV,PIONEER MUNI HIGH INC ADV FD INC,6726.0,240.0
72376210,16.24,16.24,2013-02-19,MAV,PIONEER MUNI HIGH INC ADV FD INC,6726.0,240.0
72376210,16.22,16.22,2013-02-20,MAV,PIONEER MUNI HIGH INC ADV FD INC,6726.0,240.0
72376210,16.19,16.28,2013-02-21,MAV,PIONEER MUNI HIGH INC ADV FD INC,6726.0,240.0
72376210,16.09,16.19,2013-02-22,MAV,PIONEER MUNI HIGH INC ADV FD INC,6726.0,240.0
72376210,16.041,16.1,2013-02-25,MAV,PIONEER MUNI HIGH INC ADV FD INC,6726.0,240.0
72376210,16.01,16.02,2013-02-26,MAV,PIONEER MUNI HIGH INC ADV FD INC,6726.0,240.0
72376210,15.96,16.02,2013-02-27,MAV,PIONEER MUNI HIGH INC ADV FD INC,6726.0,240.0
72376210,15.87,15.93,2013-02-28,MAV,PIONEER MUNI HIGH INC ADV FD INC,6726.0,240.0
72376210,15.96,15.9,2013-03-01,MAV,PIONEER MUNI HIGH INC ADV FD INC,6726.0,240.0
72376210,16.02,15.97,2013-03-04,MAV,PIONEER MUNI HIGH INC ADV FD INC,6726.0,240.0
72376210,16.0,16.03,2013-03-05,MAV,PIONEER MUNI HIGH INC ADV FD INC,6726.0,240.0
72376210,16.07,15.95,2013-03-06,MAV,PIONEER MUNI HIGH INC ADV FD INC,6726.0,240.0
72376210,16.07,16.06,2013-03-07,MAV,PIONEER MUNI HIGH INC ADV FD INC,6726.0,240.0
72376210,16.02,16.05,2013-03-08,MAV,PIONEER MUNI HIGH INC ADV FD INC,6726.0,240.0
72376210,16.15,16.08,2013-03-11,MAV,PIONEER MUNI HIGH INC ADV FD INC,6726.0,240.0
72376210,16.05,16.07,2013-03-12,MAV,PIONEER MUNI HIGH INC ADV FD INC,6726.0,240.0
72376210,15.92,16.01,2013-03-13,MAV,PIONEER MUNI HIGH INC ADV FD INC,6726.0,240.0
72376210,15.53,15.76,2013-03-14,MAV,PIONEER MUNI HIGH INC ADV FD INC,6726.0,240.0
72376210,15.42,15.4,2013-03-15,MAV,PIONEER MUNI HIGH INC ADV FD INC,6726.0,240.0
72376210,15.64,15.4,2013-03-18,MAV,PIONEER MUNI HIGH INC ADV FD INC,6726.0,240.0
72376210,15.6,15.61,2013-03-19,MAV,PIONEER MUNI HIGH INC ADV FD INC,6726.0,240.0
72376210,15.65,15.6,2013-03-20,MAV,PIONEER MUNI HIGH INC ADV FD INC,6726.0,240.0
72376210,15.64,15.64,2013-03-21,MAV,PIONEER MUNI HIGH INC ADV FD INC,6726.0,240.0
72376210,15.49,15.57,2013-03-22,MAV,PIONEER MUNI HIGH INC ADV FD INC,6726.0,240.0
72376210,15.32,15.46,2013-03-25,MAV,PIONEER MUNI HIGH INC ADV FD INC,6726.0,240.0
72376210,15.34,15.26,2013-03-26,MAV,PIONEER MUNI HIGH INC ADV FD INC,6726.0,240.0
72376210,15.44,15.24,2013-03-27,MAV,PIONEER MUNI HIGH INC ADV FD INC,6726.0,240.0
72376210,15.51,15.54,2013-03-28,MAV,PIONEER MUNI HIGH INC ADV FD INC,6726.0,240.0
72376210,15.56,15.59,2013-04-01,MAV,PIONEER MUNI HIGH INC ADV FD INC,6726.0,240.0
72376210,15.57,15.6,2013-04-02,MAV,PIONEER MUNI HIGH INC ADV FD INC,6726.0,240.0
72376210,15.51,15.51,2013-04-03,MAV,PIONEER MUNI HIGH INC ADV FD INC,6726.0,240.0
72376210,15.53,15.47,2013-04-04,MAV,PIONEER MUNI HIGH INC ADV FD INC,6726.0,240.0
72376210,15.72,15.57,2013-04-05,MAV,PIONEER MUNI HIGH INC ADV FD INC,6726.0,240.0
72376210,15.68,15.7,2013-04-08,MAV,PIONEER MUNI HIGH INC ADV FD INC,6726.0,240.0
72376210,15.67,15.67,2013-04-09,MAV,PIONEER MUNI HIGH INC ADV FD INC,6726.0,240.0
72376210,15.73,15.61,2013-04-10,MAV,PIONEER MUNI HIGH INC ADV FD INC,6726.0,240.0
72376210,15.73,15.75,2013-04-11,MAV,PIONEER MUNI HIGH INC ADV FD INC,6726.0,240.0
72376210,15.65,15.62,2013-04-12,MAV,PIONEER MUNI HIGH INC ADV FD INC,6726.0,240.0
72376210,15.61,15.69,2013-04-15,MAV,PIONEER MUNI HIGH INC ADV FD INC,6726.0,240.0
72376210,15.54,15.58,2013-04-16,MAV,PIONEER MUNI HIGH INC ADV FD INC,6726.0,240.0
72376210,15.6,15.59,2013-04-17,MAV,PIONEER MUNI HIGH INC ADV FD INC,6726.0,240.0
72376210,15.55,15.63,2013-04-18,MAV,PIONEER MUNI HIGH INC ADV FD INC,6726.0,240.0
72376210,15.64,15.55,2013-04-19,MAV,PIONEER MUNI HIGH INC ADV FD INC,6726.0,240.0
72376210,15.73,15.63,2013-04-22,MAV,PIONEER MUNI HIGH INC ADV FD INC,6726.0,240.0
72376210,15.65,15.74,2013-04-23,MAV,PIONEER MUNI HIGH INC ADV FD INC,6726.0,240.0
72376210,15.76,15.67,2013-04-24,MAV,PIONEER MUNI HIGH INC ADV FD INC,6726.0,240.0
72376210,15.68,15.67,2013-04-25,MAV,PIONEER MUNI HIGH INC ADV FD INC,6726.0,240.0
72376210,15.75,15.68,2013-04-26,MAV,PIONEER MUNI HIGH INC ADV FD INC,6726.0,240.0
72376210,15.79,15.75,2013-04-29,MAV,PIONEER MUNI HIGH INC ADV FD INC,6726.0,240.0
72376210,15.8,15.73,2013-04-30,MAV,PIONEER MUNI HIGH INC ADV FD INC,6726.0,240.0
72376210,15.77,15.76,2013-05-01,MAV,PIONEER MUNI HIGH INC ADV FD INC,6726.0,240.0
72376210,15.85,15.77,2013-05-02,MAV,PIONEER MUNI HIGH INC ADV FD INC,6726.0,240.0
72376210,15.77,15.8,2013-05-03,MAV,PIONEER MUNI HIGH INC ADV FD INC,6726.0,240.0
72376210,15.8,15.78,2013-05-06,MAV,PIONEER MUNI HIGH INC ADV FD INC,6726.0,240.0
72376210,15.86,15.75,2013-05-07,MAV,PIONEER MUNI HIGH INC ADV FD INC,6726.0,240.0
72376210,15.89,15.86,2013-05-08,MAV,PIONEER MUNI HIGH INC ADV FD INC,6726.0,240.0
72376210,15.92,15.87,2013-05-09,MAV,PIONEER MUNI HIGH INC ADV FD INC,6726.0,240.0
72376210,15.93,15.93,2013-05-10,MAV,PIONEER MUNI HIGH INC ADV FD INC,6726.0,240.0
72376210,15.82,15.9,2013-05-13,MAV,PIONEER MUNI HIGH INC ADV FD INC,6726.0,240.0
72376210,15.7,15.71,2013-05-14,MAV,PIONEER MUNI HIGH INC ADV FD INC,6726.0,240.0
72376210,15.67,15.76,2013-05-15,MAV,PIONEER MUNI HIGH INC ADV FD INC,6726.0,240.0
72376210,15.8,15.68,2013-05-16,MAV,PIONEER MUNI HIGH INC ADV FD INC,6726.0,240.0
72376210,15.78,15.71,2013-05-17,MAV,PIONEER MUNI HIGH INC ADV FD INC,6726.0,240.0
72376210,15.8,15.81,2013-05-20,MAV,PIONEER MUNI HIGH INC ADV FD INC,6726.0,240.0
72376210,15.85,15.83,2013-05-21,MAV,PIONEER MUNI HIGH INC ADV FD INC,6726.0,240.0
72376210,15.76,15.84,2013-05-22,MAV,PIONEER MUNI HIGH INC ADV FD INC,6726.0,240.0
72376210,15.7,15.75,2013-05-23,MAV,PIONEER MUNI HIGH INC ADV FD INC,6726.0,240.0
72376210,15.728,15.63,2013-05-24,MAV,PIONEER MUNI HIGH INC ADV FD INC,6726.0,240.0
72376210,15.67,15.73,2013-05-28,MAV,PIONEER MUNI HIGH INC ADV FD INC,6726.0,240.0
72376210,15.45,15.63,2013-05-29,MAV,PIONEER MUNI HIGH INC ADV FD INC,6726.0,240.0
72376210,15.41,15.42,2013-05-30,MAV,PIONEER MUNI HIGH INC ADV FD INC,6726.0,240.0
72376210,15.19,15.4,2013-05-31,MAV,PIONEER MUNI HIGH INC ADV FD INC,6726.0,240.0
72376210,14.93,15.11,2013-06-03,MAV,PIONEER MUNI HIGH INC ADV FD INC,6726.0,240.0
72376210,15.01,14.85,2013-06-04,MAV,PIONEER MUNI HIGH INC ADV FD INC,6726.0,240.0
72376210,15.05,14.91,2013-06-05,MAV,PIONEER MUNI HIGH INC ADV FD INC,6726.0,240.0
72376210,15.1377,15.04,2013-06-06,MAV,PIONEER MUNI HIGH INC ADV FD INC,6726.0,240.0
72376210,15.16,15.16,2013-06-07,MAV,PIONEER MUNI HIGH INC ADV FD INC,6726.0,240.0
72376210,14.89,15.19,2013-06-10,MAV,PIONEER MUNI HIGH INC ADV FD INC,6726.0,240.0
72376210,14.66,14.81,2013-06-11,MAV,PIONEER MUNI HIGH INC ADV FD INC,6726.0,240.0
72376210,14.24,14.66,2013-06-12,MAV,PIONEER MUNI HIGH INC ADV FD INC,6726.0,240.0
72376210,14.31,14.05,2013-06-13,MAV,PIONEER MUNI HIGH INC ADV FD INC,6726.0,240.0
72376210,14.48,14.32,2013-06-14,MAV,PIONEER MUNI HIGH INC ADV FD INC,6726.0,240.0
72376210,14.47,14.52,2013-06-17,MAV,PIONEER MUNI HIGH INC ADV FD INC,6726.0,240.0
72376210,14.36,14.38,2013-06-18,MAV,PIONEER MUNI HIGH INC ADV FD INC,6726.0,240.0
72376210,14.17,14.31,2013-06-19,MAV,PIONEER MUNI HIGH INC ADV FD INC,6726.0,240.0
72376210,13.92,14.02,2013-06-20,MAV,PIONEER MUNI HIGH INC ADV FD INC,6726.0,240.0
72376210,13.9,13.93,2013-06-21,MAV,PIONEER MUNI HIGH INC ADV FD INC,6726.0,240.0
72376210,13.82,13.9,2013-06-24,MAV,PIONEER MUNI HIGH INC ADV FD INC,6726.0,240.0
72376210,14.12,13.82,2013-06-25,MAV,PIONEER MUNI HIGH INC ADV FD INC,6726.0,240.0
72376210,14.62,14.15,2013-06-26,MAV,PIONEER MUNI HIGH INC ADV FD INC,6726.0,240.0
72376210,14.74,14.66,2013-06-27,MAV,PIONEER MUNI HIGH INC ADV FD INC,6726.0,240.0
72376210,14.7,14.75,2013-06-28,MAV,PIONEER MUNI HIGH INC ADV FD INC,6726.0,240.0
72376210,14.65,14.68,2013-07-01,MAV,PIONEER MUNI HIGH INC ADV FD INC,6726.0,240.0
72376210,14.54,14.59,2013-07-02,MAV,PIONEER MUNI HIGH INC ADV FD INC,6726.0,240.0
72376210,14.22,14.54,2013-07-03,MAV,PIONEER MUNI HIGH INC ADV FD INC,6726.0,240.0
72376210,14.04,14.23,2013-07-05,MAV,PIONEER MUNI HIGH INC ADV FD INC,6726.0,240.0
72376210,14.24,14.03,2013-07-08,MAV,PIONEER MUNI HIGH INC ADV FD INC,6726.0,240.0
72376210,14.3,14.35,2013-07-09,MAV,PIONEER MUNI HIGH INC ADV FD INC,6726.0,240.0
72376210,14.2,14.24,2013-07-10,MAV,PIONEER MUNI HIGH INC ADV FD INC,6726.0,240.0
72376210,14.38,14.3,2013-07-11,MAV,PIONEER MUNI HIGH INC ADV FD INC,6726.0,240.0
72376210,14.17,14.27,2013-07-12,MAV,PIONEER MUNI HIGH INC ADV FD INC,6726.0,240.0
72376210,14.14,14.13,2013-07-15,MAV,PIONEER MUNI HIGH INC ADV FD INC,6726.0,240.0
72376210,14.232,14.13,2013-07-16,MAV,PIONEER MUNI HIGH INC ADV FD INC,6726.0,240.0
72376210,14.17,14.25,2013-07-17,MAV,PIONEER MUNI HIGH INC ADV FD INC,6726.0,240.0
72376210,14.12,14.22,2013-07-18,MAV,PIONEER MUNI HIGH INC ADV FD INC,6726.0,240.0
72376210,14.07,14.2,2013-07-19,MAV,PIONEER MUNI HIGH INC ADV FD INC,6726.0,240.0
72376210,13.95,14.01,2013-07-22,MAV,PIONEER MUNI HIGH INC ADV FD INC,6726.0,240.0
72376210,13.95,13.92,2013-07-23,MAV,PIONEER MUNI HIGH INC ADV FD INC,6726.0,240.0
72376210,13.88,13.85,2013-07-24,MAV,PIONEER MUNI HIGH INC ADV FD INC,6726.0,240.0
72376210,13.71,13.77,2013-07-25,MAV,PIONEER MUNI HIGH INC ADV FD INC,6726.0,240.0
72376210,13.59,13.61,2013-07-26,MAV,PIONEER MUNI HIGH INC ADV FD INC,6726.0,240.0
72376210,13.65,13.52,2013-07-29,MAV,PIONEER MUNI HIGH INC ADV FD INC,6726.0,240.0
72376210,13.63,13.64,2013-07-30,MAV,PIONEER MUNI HIGH INC ADV FD INC,6726.0,240.0
72376210,13.665,13.64,2013-07-31,MAV,PIONEER MUNI HIGH INC ADV FD INC,6726.0,240.0
72376210,13.63,13.64,2013-08-01,MAV,PIONEER MUNI HIGH INC ADV FD INC,6726.0,240.0
72376210,13.67,13.63,2013-08-02,MAV,PIONEER MUNI HIGH INC ADV FD INC,6726.0,240.0
72376210,13.61,13.72,2013-08-05,MAV,PIONEER MUNI HIGH INC ADV FD INC,6726.0,240.0
72376210,13.47,13.57,2013-08-06,MAV,PIONEER MUNI HIGH INC ADV FD INC,6726.0,240.0
72376210,13.32,13.45,2013-08-07,MAV,PIONEER MUNI HIGH INC ADV FD INC,6726.0,240.0
72376210,13.33,13.34,2013-08-08,MAV,PIONEER MUNI HIGH INC ADV FD INC,6726.0,240.0
72376210,13.38,13.32,2013-08-09,MAV,PIONEER MUNI HIGH INC ADV FD INC,6726.0,240.0
72376210,13.44,13.38,2013-08-12,MAV,PIONEER MUNI HIGH INC ADV FD INC,6726.0,240.0
72376210,13.4,13.4,2013-08-13,MAV,PIONEER MUNI HIGH INC ADV FD INC,6726.0,240.0
72376210,13.22,13.32,2013-08-14,MAV,PIONEER MUNI HIGH INC ADV FD INC,6726.0,240.0
72376210,13.0,13.07,2013-08-15,MAV,PIONEER MUNI HIGH INC ADV FD INC,6726.0,240.0
72376210,12.5658,12.98,2013-08-16,MAV,PIONEER MUNI HIGH INC ADV FD INC,6726.0,240.0
72376210,12.4,12.5,2013-08-19,MAV,PIONEER MUNI HIGH INC ADV FD INC,6726.0,240.0
72376210,12.63,12.4,2013-08-20,MAV,PIONEER MUNI HIGH INC ADV FD INC,6726.0,240.0
72376210,12.63,12.65,2013-08-21,MAV,PIONEER MUNI HIGH INC ADV FD INC,6726.0,240.0
72376210,12.89,12.67,2013-08-22,MAV,PIONEER MUNI HIGH INC ADV FD INC,6726.0,240.0
72376210,12.99,12.84,2013-08-23,MAV,PIONEER MUNI HIGH INC ADV FD INC,6726.0,240.0
72376210,12.89,12.97,2013-08-26,MAV,PIONEER MUNI HIGH INC ADV FD INC,6726.0,240.0
72376210,12.77,12.89,2013-08-27,MAV,PIONEER MUNI HIGH INC ADV FD INC,6726.0,240.0
72376210,12.68,12.73,2013-08-28,MAV,PIONEER MUNI HIGH INC ADV FD INC,6726.0,240.0
72376210,12.71,12.68,2013-08-29,MAV,PIONEER MUNI HIGH INC ADV FD INC,6726.0,240.0
72376210,12.61,12.66,2013-08-30,MAV,PIONEER MUNI HIGH INC ADV FD INC,6726.0,240.0
72376210,12.56,12.64,2013-09-03,MAV,PIONEER MUNI HIGH INC ADV FD INC,6726.0,240.0
72376210,12.61,12.51,2013-09-04,MAV,PIONEER MUNI HIGH INC ADV FD INC,6726.0,240.0
72376210,12.91,12.56,2013-09-05,MAV,PIONEER MUNI HIGH INC ADV FD INC,6726.0,240.0
72376210,12.93,12.93,2013-09-06,MAV,PIONEER MUNI HIGH INC ADV FD INC,6726.0,240.0
72376210,12.94,12.89,2013-09-09,MAV,PIONEER MUNI HIGH INC ADV FD INC,6726.0,240.0
72376210,12.96,12.94,2013-09-10,MAV,PIONEER MUNI HIGH INC ADV FD INC,6726.0,240.0
72376210,12.8258,12.91,2013-09-11,MAV,PIONEER MUNI HIGH INC ADV FD INC,6726.0,240.0
72376210,12.87,12.83,2013-09-12,MAV,PIONEER MUNI HIGH INC ADV FD INC,6726.0,240.0
72376210,12.89,12.86,2013-09-13,MAV,PIONEER MUNI HIGH INC ADV FD INC,6726.0,240.0
72376210,12.89,12.92,2013-09-16,MAV,PIONEER MUNI HIGH INC ADV FD INC,6726.0,240.0
72376210,12.98,12.84,2013-09-17,MAV,PIONEER MUNI HIGH INC ADV FD INC,6726.0,240.0
72376210,13.2255,13.0,2013-09-18,MAV,PIONEER MUNI HIGH INC ADV FD INC,6726.0,240.0
72376210,13.15,13.28,2013-09-19,MAV,PIONEER MUNI HIGH INC ADV FD INC,6726.0,240.0
72376210,13.26,13.19,2013-09-20,MAV,PIONEER MUNI HIGH INC ADV FD INC,6726.0,240.0
72376210,13.31,13.21,2013-09-23,MAV,PIONEER MUNI HIGH INC ADV FD INC,6726.0,240.0
72376210,13.29,13.32,2013-09-24,MAV,PIONEER MUNI HIGH INC ADV FD INC,6726.0,240.0
72376210,13.4,13.35,2013-09-25,MAV,PIONEER MUNI HIGH INC ADV FD INC,6726.0,240.0
72376210,13.35,13.36,2013-09-26,MAV,PIONEER MUNI HIGH INC ADV FD INC,6726.0,240.0
72376210,13.32,13.38,2013-09-27,MAV,PIONEER MUNI HIGH INC ADV FD INC,6726.0,240.0
72376210,13.43,13.37,2013-09-30,MAV,PIONEER MUNI HIGH INC ADV FD INC,6726.0,240.0
72376210,13.43,13.41,2013-10-01,MAV,PIONEER MUNI HIGH INC ADV FD INC,6726.0,240.0
72376210,13.41,13.44,2013-10-02,MAV,PIONEER MUNI HIGH INC ADV FD INC,6726.0,240.0
72376210,13.25,13.35,2013-10-03,MAV,PIONEER MUNI HIGH INC ADV FD INC,6726.0,240.0
72376210,13.3,13.24,2013-10-04,MAV,PIONEER MUNI HIGH INC ADV FD INC,6726.0,240.0
72376210,13.2,13.25,2013-10-07,MAV,PIONEER MUNI HIGH INC ADV FD INC,6726.0,240.0
72376210,13.1,13.17,2013-10-08,MAV,PIONEER MUNI HIGH INC ADV FD INC,6726.0,240.0
72376210,13.17,13.14,2013-10-09,MAV,PIONEER MUNI HIGH INC ADV FD INC,6726.0,240.0
72376210,13.24,13.22,2013-10-10,MAV,PIONEER MUNI HIGH INC ADV FD INC,6726.0,240.0
72376210,13.22,13.28,2013-10-11,MAV,PIONEER MUNI HIGH INC ADV FD INC,6726.0,240.0
72376210,13.24,13.17,2013-10-14,MAV,PIONEER MUNI HIGH INC ADV FD INC,6726.0,240.0
72376210,13.1,13.07,2013-10-15,MAV,PIONEER MUNI HIGH INC ADV FD INC,6726.0,240.0
72376210,13.15,13.07,2013-10-16,MAV,PIONEER MUNI HIGH INC ADV FD INC,6726.0,240.0
72376210,13.37,13.2,2013-10-17,MAV,PIONEER MUNI HIGH INC ADV FD INC,6726.0,240.0
72376210,13.43,13.4,2013-10-18,MAV,PIONEER MUNI HIGH INC ADV FD INC,6726.0,240.0
72376210,13.47,13.36,2013-10-21,MAV,PIONEER MUNI HIGH INC ADV FD INC,6726.0,240.0
72376210,13.43,13.49,2013-10-22,MAV,PIONEER MUNI HIGH INC ADV FD INC,6726.0,240.0
72376210,13.58,13.39,2013-10-23,MAV,PIONEER MUNI HIGH INC ADV FD INC,6726.0,240.0
72376210,13.68,13.56,2013-10-24,MAV,PIONEER MUNI HIGH INC ADV FD INC,6726.0,240.0
72376210,13.69,13.65,2013-10-25,MAV,PIONEER MUNI HIGH INC ADV FD INC,6726.0,240.0
72376210,13.85,13.66,2013-10-28,MAV,PIONEER MUNI HIGH INC ADV FD INC,6726.0,240.0
72376210,13.75,13.85,2013-10-29,MAV,PIONEER MUNI HIGH INC ADV FD INC,6726.0,240.0
72376210,13.75,13.74,2013-10-30,MAV,PIONEER MUNI HIGH INC ADV FD INC,6726.0,240.0
72376210,13.65,13.78,2013-10-31,MAV,PIONEER MUNI HIGH INC ADV FD INC,6726.0,240.0
72376210,13.45,13.64,2013-11-01,MAV,PIONEER MUNI HIGH INC ADV FD INC,6726.0,240.0
72376210,13.43,13.45,2013-11-04,MAV,PIONEER MUNI HIGH INC ADV FD INC,6726.0,240.0
72376210,13.4,13.44,2013-11-05,MAV,PIONEER MUNI HIGH INC ADV FD INC,6726.0,240.0
72376210,13.54,13.47,2013-11-06,MAV,PIONEER MUNI HIGH INC ADV FD INC,6726.0,240.0
72376210,13.52,13.51,2013-11-07,MAV,PIONEER MUNI HIGH INC ADV FD INC,6726.0,240.0
72376210,13.37,13.48,2013-11-08,MAV,PIONEER MUNI HIGH INC ADV FD INC,6726.0,240.0
72376210,13.39,13.4,2013-11-11,MAV,PIONEER MUNI HIGH INC ADV FD INC,6726.0,240.0
72376210,13.34,13.39,2013-11-12,MAV,PIONEER MUNI HIGH INC ADV FD INC,6726.0,240.0
72376210,13.25,13.38,2013-11-13,MAV,PIONEER MUNI HIGH INC ADV FD INC,6726.0,240.0
72376210,13.16,13.16,2013-11-14,MAV,PIONEER MUNI HIGH INC ADV FD INC,6726.0,240.0
72376210,13.08,13.15,2013-11-15,MAV,PIONEER MUNI HIGH INC ADV FD INC,6726.0,240.0
72376210,13.17,13.06,2013-11-18,MAV,PIONEER MUNI HIGH INC ADV FD INC,6726.0,240.0
72376210,13.18,13.2,2013-11-19,MAV,PIONEER MUNI HIGH INC ADV FD INC,6726.0,240.0
72376210,13.13,13.15,2013-11-20,MAV,PIONEER MUNI HIGH INC ADV FD INC,6726.0,240.0
72376210,13.02,13.1,2013-11-21,MAV,PIONEER MUNI HIGH INC ADV FD INC,6726.0,240.0
72376210,13.01,13.09,2013-11-22,MAV,PIONEER MUNI HIGH INC ADV FD INC,6726.0,240.0
72376210,12.95,13.05,2013-11-25,MAV,PIONEER MUNI HIGH INC ADV FD INC,6726.0,240.0
72376210,12.95,12.96,2013-11-26,MAV,PIONEER MUNI HIGH INC ADV FD INC,6726.0,240.0
72376210,13.0,13.0,2013-11-27,MAV,PIONEER MUNI HIGH INC ADV FD INC,6726.0,240.0
72376210,13.06,13.06,2013-11-29,MAV,PIONEER MUNI HIGH INC ADV FD INC,6726.0,240.0
72376210,12.95,13.05,2013-12-02,MAV,PIONEER MUNI HIGH INC ADV FD INC,6726.0,240.0
72376210,12.91,12.91,2013-12-03,MAV,PIONEER MUNI HIGH INC ADV FD INC,6726.0,240.0
72376210,12.88,12.89,2013-12-04,MAV,PIONEER MUNI HIGH INC ADV FD INC,6726.0,240.0
72376210,12.75,12.81,2013-12-05,MAV,PIONEER MUNI HIGH INC ADV FD INC,6726.0,240.0
72376210,12.75,12.8,2013-12-06,MAV,PIONEER MUNI HIGH INC ADV FD INC,6726.0,240.0
72376210,12.82,13.04,2013-12-09,MAV,PIONEER MUNI HIGH INC ADV FD INC,6726.0,240.0
72376210,12.82,12.85,2013-12-10,MAV,PIONEER MUNI HIGH INC ADV FD INC,6726.0,240.0
72376210,12.6,12.73,2013-12-11,MAV,PIONEER MUNI HIGH INC ADV FD INC,6726.0,240.0
72376210,12.64,12.55,2013-12-12,MAV,PIONEER MUNI HIGH INC ADV FD INC,6726.0,240.0
72376210,12.55,12.63,2013-12-13,MAV,PIONEER MUNI HIGH INC ADV FD INC,6726.0,240.0
72376210,12.48,12.52,2013-12-16,MAV,PIONEER MUNI HIGH INC ADV FD INC,6726.0,240.0
72376210,12.66,12.45,2013-12-17,MAV,PIONEER MUNI HIGH INC ADV FD INC,6726.0,240.0
72376210,12.85,12.71,2013-12-18,MAV,PIONEER MUNI HIGH INC ADV FD INC,6726.0,240.0
72376210,12.92,12.87,2013-12-19,MAV,PIONEER MUNI HIGH INC ADV FD INC,6726.0,240.0
72376210,12.92,12.9,2013-12-20,MAV,PIONEER MUNI HIGH INC ADV FD INC,6726.0,240.0
72376210,12.96,12.93,2013-12-23,MAV,PIONEER MUNI HIGH INC ADV FD INC,6726.0,240.0
72376210,12.91,12.95,2013-12-24,MAV,PIONEER MUNI HIGH INC ADV FD INC,6726.0,240.0
72376210,12.99,12.91,2013-12-26,MAV,PIONEER MUNI HIGH INC ADV FD INC,6726.0,240.0
72376210,12.81,12.97,2013-12-27,MAV,PIONEER MUNI HIGH INC ADV FD INC,6726.0,240.0
72376210,12.81,12.82,2013-12-30,MAV,PIONEER MUNI HIGH INC ADV FD INC,6726.0,240.0
72376210,12.82,12.82,2013-12-31,MAV,PIONEER MUNI HIGH INC ADV FD INC,6726.0,240.0
72376210,12.908,12.81,2014-01-02,MAV,PIONEER MUNI HIGH INC ADV FD INC,6726.0,240.0
72376210,12.91,12.92,2014-01-03,MAV,PIONEER MUNI HIGH INC ADV FD INC,6726.0,240.0
72376210,13.07,12.91,2014-01-06,MAV,PIONEER MUNI HIGH INC ADV FD INC,6726.0,240.0
72376210,13.18,13.12,2014-01-07,MAV,PIONEER MUNI HIGH INC ADV FD INC,6726.0,240.0
72376210,13.26,13.2,2014-01-08,MAV,PIONEER MUNI HIGH INC ADV FD INC,6726.0,240.0
72376210,13.34,13.24,2014-01-09,MAV,PIONEER MUNI HIGH INC ADV FD INC,6726.0,240.0
72376210,13.52,13.34,2014-01-10,MAV,PIONEER MUNI HIGH INC ADV FD INC,6726.0,240.0
72376210,13.67,13.52,2014-01-13,MAV,PIONEER MUNI HIGH INC ADV FD INC,6726.0,240.0
72376210,13.65,13.63,2014-01-14,MAV,PIONEER MUNI HIGH INC ADV FD INC,6726.0,240.0
72376210,13.5,13.57,2014-01-15,MAV,PIONEER MUNI HIGH INC ADV FD INC,6726.0,240.0
72376210,13.52,13.59,2014-01-16,MAV,PIONEER MUNI HIGH INC ADV FD INC,6726.0,240.0
72376210,13.54,13.55,2014-01-17,MAV,PIONEER MUNI HIGH INC ADV FD INC,6726.0,240.0
72376210,13.56,13.55,2014-01-21,MAV,PIONEER MUNI HIGH INC ADV FD INC,6726.0,240.0
72376210,13.54,13.54,2014-01-22,MAV,PIONEER MUNI HIGH INC ADV FD INC,6726.0,240.0
72376210,13.63,13.56,2014-01-23,MAV,PIONEER MUNI HIGH INC ADV FD INC,6726.0,240.0
72376210,13.59,13.63,2014-01-24,MAV,PIONEER MUNI HIGH INC ADV FD INC,6726.0,240.0
72376210,13.64,13.55,2014-01-27,MAV,PIONEER MUNI HIGH INC ADV FD INC,6726.0,240.0
72376210,13.66,13.6,2014-01-28,MAV,PIONEER MUNI HIGH INC ADV FD INC,6726.0,240.0
72376210,13.72,13.66,2014-01-29,MAV,PIONEER MUNI HIGH INC ADV FD INC,6726.0,240.0
72376210,13.7,13.69,2014-01-30,MAV,PIONEER MUNI HIGH INC ADV FD INC,6726.0,240.0
72376210,13.78,13.75,2014-01-31,MAV,PIONEER MUNI HIGH INC ADV FD INC,6726.0,240.0
72376210,13.95,13.82,2014-02-03,MAV,PIONEER MUNI HIGH INC ADV FD INC,6726.0,240.0
72376210,13.81,13.98,2014-02-04,MAV,PIONEER MUNI HIGH INC ADV FD INC,6726.0,240.0
72376210,13.79,13.77,2014-02-05,MAV,PIONEER MUNI HIGH INC ADV FD INC,6726.0,240.0
72376210,13.72,13.8,2014-02-06,MAV,PIONEER MUNI HIGH INC ADV FD INC,6726.0,240.0
72376210,13.78,13.78,2014-02-07,MAV,PIONEER MUNI HIGH INC ADV FD INC,6726.0,240.0
72376210,13.89,13.88,2014-02-10,MAV,PIONEER MUNI HIGH INC ADV FD INC,6726.0,240.0
72376210,13.96,13.93,2014-02-11,MAV,PIONEER MUNI HIGH INC ADV FD INC,6726.0,240.0
72376210,14.01,13.96,2014-02-12,MAV,PIONEER MUNI HIGH INC ADV FD INC,6726.0,240.0
72376210,14.14,14.02,2014-02-13,MAV,PIONEER MUNI HIGH INC ADV FD INC,6726.0,240.0
72376210,14.15,14.17,2014-02-14,MAV,PIONEER MUNI HIGH INC ADV FD INC,6726.0,240.0
72376210,14.22,14.14,2014-02-18,MAV,PIONEER MUNI HIGH INC ADV FD INC,6726.0,240.0
72376210,14.14,14.22,2014-02-19,MAV,PIONEER MUNI HIGH INC ADV FD INC,6726.0,240.0
72376210,14.12,14.11,2014-02-20,MAV,PIONEER MUNI HIGH INC ADV FD INC,6726.0,240.0
72376210,14.1,14.15,2014-02-21,MAV,PIONEER MUNI HIGH INC ADV FD INC,6726.0,240.0
72376210,14.09,14.14,2014-02-24,MAV,PIONEER MUNI HIGH INC ADV FD INC,6726.0,240.0
72376210,14.08,14.06,2014-02-25,MAV,PIONEER MUNI HIGH INC ADV FD INC,6726.0,240.0
72376210,14.1,14.08,2014-02-26,MAV,PIONEER MUNI HIGH INC ADV FD INC,6726.0,240.0
72376210,14.1,14.15,2014-02-27,MAV,PIONEER MUNI HIGH INC ADV FD INC,6726.0,240.0
72376210,14.14,14.1,2014-02-28,MAV,PIONEER MUNI HIGH INC ADV FD INC,6726.0,240.0
72376210,14.16,14.16,2014-03-03,MAV,PIONEER MUNI HIGH INC ADV FD INC,6726.0,240.0
72376210,14.28,14.2,2014-03-04,MAV,PIONEER MUNI HIGH INC ADV FD INC,6726.0,240.0
72376210,14.44,14.29,2014-03-05,MAV,PIONEER MUNI HIGH INC ADV FD INC,6726.0,240.0
72376210,14.27,14.38,2014-03-06,MAV,PIONEER MUNI HIGH INC ADV FD INC,6726.0,240.0
72376210,14.11,14.25,2014-03-07,MAV,PIONEER MUNI HIGH INC ADV FD INC,6726.0,240.0
72376210,14.25,14.4,2014-03-10,MAV,PIONEER MUNI HIGH INC ADV FD INC,6726.0,240.0
72376210,14.39,14.39,2014-03-11,MAV,PIONEER MUNI HIGH INC ADV FD INC,6726.0,240.0
72376210,14.59,14.39,2014-03-12,MAV,PIONEER MUNI HIGH INC ADV FD INC,6726.0,240.0
72376210,14.58,14.56,2014-03-13,MAV,PIONEER MUNI HIGH INC ADV FD INC,6726.0,240.0
72376210,14.53,14.57,2014-03-14,MAV,PIONEER MUNI HIGH INC ADV FD INC,6726.0,240.0
72376210,14.57,14.6,2014-03-17,MAV,PIONEER MUNI HIGH INC ADV FD INC,6726.0,240.0
72376210,14.56,14.52,2014-03-18,MAV,PIONEER MUNI HIGH INC ADV FD INC,6726.0,240.0
72376210,14.13,14.6,2014-03-19,MAV,PIONEER MUNI HIGH INC ADV FD INC,6726.0,240.0
72376210,14.18,14.11,2014-03-20,MAV,PIONEER MUNI HIGH INC ADV FD INC,6726.0,240.0
72376210,14.36,14.21,2014-03-21,MAV,PIONEER MUNI HIGH INC ADV FD INC,6726.0,240.0
72376210,14.37,14.37,2014-03-24,MAV,PIONEER MUNI HIGH INC ADV FD INC,6726.0,240.0
72376210,14.42,14.42,2014-03-25,MAV,PIONEER MUNI HIGH INC ADV FD INC,6726.0,240.0
72376210,14.49,14.46,2014-03-26,MAV,PIONEER MUNI HIGH INC ADV FD INC,6726.0,240.0
72376210,14.6,14.49,2014-03-27,MAV,PIONEER MUNI HIGH INC ADV FD INC,6726.0,240.0
72376210,14.58,14.639,2014-03-28,MAV,PIONEER MUNI HIGH INC ADV FD INC,6726.0,240.0
72376210,14.6,14.56,2014-03-31,MAV,PIONEER MUNI HIGH INC ADV FD INC,6726.0,240.0
72376210,14.61,14.6,2014-04-01,MAV,PIONEER MUNI HIGH INC ADV FD INC,6726.0,240.0
72376210,14.6,14.56,2014-04-02,MAV,PIONEER MUNI HIGH INC ADV FD INC,6726.0,240.0
72376210,14.64,14.61,2014-04-03,MAV,PIONEER MUNI HIGH INC ADV FD INC,6726.0,240.0
72376210,14.62,14.66,2014-04-04,MAV,PIONEER MUNI HIGH INC ADV FD INC,6726.0,240.0
72376210,14.675,14.66,2014-04-07,MAV,PIONEER MUNI HIGH INC ADV FD INC,6726.0,240.0
72376210,14.73,14.78,2014-04-08,MAV,PIONEER MUNI HIGH INC ADV FD INC,6726.0,240.0
72376210,14.77,14.71,2014-04-09,MAV,PIONEER MUNI HIGH INC ADV FD INC,6726.0,240.0
72376210,14.84,14.72,2014-04-10,MAV,PIONEER MUNI HIGH INC ADV FD INC,6726.0,240.0
72376210,14.88,14.81,2014-04-11,MAV,PIONEER MUNI HIGH INC ADV FD INC,6726.0,240.0
72376210,14.65,14.8,2014-04-14,MAV,PIONEER MUNI HIGH INC ADV FD INC,6726.0,240.0
72376210,14.74,14.67,2014-04-15,MAV,PIONEER MUNI HIGH INC ADV FD INC,6726.0,240.0
72376210,14.65,14.73,2014-04-16,MAV,PIONEER MUNI HIGH INC ADV FD INC,6726.0,240.0
72376210,14.62,14.65,2014-04-17,MAV,PIONEER MUNI HIGH INC ADV FD INC,6726.0,240.0
72376210,14.68,14.6,2014-04-21,MAV,PIONEER MUNI HIGH INC ADV FD INC,6726.0,240.0
72376210,14.7599,14.75,2014-04-22,MAV,PIONEER MUNI HIGH INC ADV FD INC,6726.0,240.0
72376210,14.8,14.75,2014-04-23,MAV,PIONEER MUNI HIGH INC ADV FD INC,6726.0,240.0
72376210,14.83,14.85,2014-04-24,MAV,PIONEER MUNI HIGH INC ADV FD INC,6726.0,240.0
72376210,14.88,14.82,2014-04-25,MAV,PIONEER MUNI HIGH INC ADV FD INC,6726.0,240.0
72376210,14.85,14.95,2014-04-28,MAV,PIONEER MUNI HIGH INC ADV FD INC,6726.0,240.0
72376210,14.9,14.85,2014-04-29,MAV,PIONEER MUNI HIGH INC ADV FD INC,6726.0,240.0
72376210,14.92,14.93,2014-04-30,MAV,PIONEER MUNI HIGH INC ADV FD INC,6726.0,240.0
72376210,15.05,14.98,2014-05-01,MAV,PIONEER MUNI HIGH INC ADV FD INC,6726.0,240.0
72376210,15.0,14.99,2014-05-02,MAV,PIONEER MUNI HIGH INC ADV FD INC,6726.0,240.0
72376210,15.0101,15.02,2014-05-05,MAV,PIONEER MUNI HIGH INC ADV FD INC,6726.0,240.0
72376210,15.11,15.04,2014-05-06,MAV,PIONEER MUNI HIGH INC ADV FD INC,6726.0,240.0
72376210,15.23,15.13,2014-05-07,MAV,PIONEER MUNI HIGH INC ADV FD INC,6726.0,240.0
72376210,15.28,15.32,2014-05-08,MAV,PIONEER MUNI HIGH INC ADV FD INC,6726.0,240.0
72376210,15.31,15.25,2014-05-09,MAV,PIONEER MUNI HIGH INC ADV FD INC,6726.0,240.0
72376210,15.4,15.39,2014-05-12,MAV,PIONEER MUNI HIGH INC ADV FD INC,6726.0,240.0
72376210,15.41,15.4,2014-05-13,MAV,PIONEER MUNI HIGH INC ADV FD INC,6726.0,240.0
72376210,15.49,15.2,2014-05-14,MAV,PIONEER MUNI HIGH INC ADV FD INC,6726.0,240.0
72376210,15.34,15.42,2014-05-15,MAV,PIONEER MUNI HIGH INC ADV FD INC,6726.0,240.0
72376210,15.31,15.34,2014-05-16,MAV,PIONEER MUNI HIGH INC ADV FD INC,6726.0,240.0
72376210,15.24,15.32,2014-05-19,MAV,PIONEER MUNI HIGH INC ADV FD INC,6726.0,240.0
72376210,15.23,15.24,2014-05-20,MAV,PIONEER MUNI HIGH INC ADV FD INC,6726.0,240.0
72376210,15.23,15.23,2014-05-21,MAV,PIONEER MUNI HIGH INC ADV FD INC,6726.0,240.0
72376210,15.26,15.25,2014-05-22,MAV,PIONEER MUNI HIGH INC ADV FD INC,6726.0,240.0
72376210,15.24,15.28,2014-05-23,MAV,PIONEER MUNI HIGH INC ADV FD INC,6726.0,240.0
72376210,15.28,15.31,2014-05-27,MAV,PIONEER MUNI HIGH INC ADV FD INC,6726.0,240.0
72376210,15.4,15.32,2014-05-28,MAV,PIONEER MUNI HIGH INC ADV FD INC,6726.0,240.0
72376210,15.41,15.45,2014-05-29,MAV,PIONEER MUNI HIGH INC ADV FD INC,6726.0,240.0
72376210,15.44,15.46,2014-05-30,MAV,PIONEER MUNI HIGH INC ADV FD INC,6726.0,240.0
72376210,15.49,15.41,2014-06-02,MAV,PIONEER MUNI HIGH INC ADV FD INC,6726.0,240.0
72376210,15.45,15.5,2014-06-03,MAV,PIONEER MUNI HIGH INC ADV FD INC,6726.0,240.0
72376210,15.5,15.45,2014-06-04,MAV,PIONEER MUNI HIGH INC ADV FD INC,6726.0,240.0
72376210,15.51,15.45,2014-06-05,MAV,PIONEER MUNI HIGH INC ADV FD INC,6726.0,240.0
72376210,15.61,15.55,2014-06-06,MAV,PIONEER MUNI HIGH INC ADV FD INC,6726.0,240.0
72376210,15.68,15.6,2014-06-09,MAV,PIONEER MUNI HIGH INC ADV FD INC,6726.0,240.0
72376210,15.6599,15.76,2014-06-10,MAV,PIONEER MUNI HIGH INC ADV FD INC,6726.0,240.0
72376210,15.71,15.64,2014-06-11,MAV,PIONEER MUNI HIGH INC ADV FD INC,6726.0,240.0
72376210,15.75,15.7,2014-06-12,MAV,PIONEER MUNI HIGH INC ADV FD INC,6726.0,240.0
72376210,15.56,15.7,2014-06-13,MAV,PIONEER MUNI HIGH INC ADV FD INC,6726.0,240.0
72376210,15.53,15.55,2014-06-16,MAV,PIONEER MUNI HIGH INC ADV FD INC,6726.0,240.0
72376210,15.52,15.59,2014-06-17,MAV,PIONEER MUNI HIGH INC ADV FD INC,6726.0,240.0
72376210,15.57,15.51,2014-06-18,MAV,PIONEER MUNI HIGH INC ADV FD INC,6726.0,240.0
72376210,15.55,15.6,2014-06-19,MAV,PIONEER MUNI HIGH INC ADV FD INC,6726.0,240.0
72376210,15.62,15.6,2014-06-20,MAV,PIONEER MUNI HIGH INC ADV FD INC,6726.0,240.0
72376210,15.74,15.62,2014-06-23,MAV,PIONEER MUNI HIGH INC ADV FD INC,6726.0,240.0
72376210,15.7,15.71,2014-06-24,MAV,PIONEER MUNI HIGH INC ADV FD INC,6726.0,240.0
72376210,15.64,15.76,2014-06-25,MAV,PIONEER MUNI HIGH INC ADV FD INC,6726.0,240.0
72376210,15.64,15.68,2014-06-26,MAV,PIONEER MUNI HIGH INC ADV FD INC,6726.0,240.0
72376210,15.68,15.69,2014-06-27,MAV,PIONEER MUNI HIGH INC ADV FD INC,6726.0,240.0
72376210,15.65,15.76,2014-06-30,MAV,PIONEER MUNI HIGH INC ADV FD INC,6726.0,240.0
72376210,15.65,15.68,2014-07-01,MAV,PIONEER MUNI HIGH INC ADV FD INC,6726.0,240.0
72376210,15.22,15.65,2014-07-02,MAV,PIONEER MUNI HIGH INC ADV FD INC,6726.0,240.0
72376210,14.77,15.14,2014-07-03,MAV,PIONEER MUNI HIGH INC ADV FD INC,6726.0,240.0
72376210,15.1108,14.82,2014-07-07,MAV,PIONEER MUNI HIGH INC ADV FD INC,6726.0,240.0
72376210,15.23,15.2,2014-07-08,MAV,PIONEER MUNI HIGH INC ADV FD INC,6726.0,240.0
72376210,15.11,15.23,2014-07-09,MAV,PIONEER MUNI HIGH INC ADV FD INC,6726.0,240.0
72376210,15.18,15.17,2014-07-10,MAV,PIONEER MUNI HIGH INC ADV FD INC,6726.0,240.0
72376210,15.34,15.18,2014-07-11,MAV,PIONEER MUNI HIGH INC ADV FD INC,6726.0,240.0
72376210,15.09,15.2,2014-07-14,MAV,PIONEER MUNI HIGH INC ADV FD INC,6726.0,240.0
72376210,15.0416,15.06,2014-07-15,MAV,PIONEER MUNI HIGH INC ADV FD INC,6726.0,240.0
72376210,15.04,15.03,2014-07-16,MAV,PIONEER MUNI HIGH INC ADV FD INC,6726.0,240.0
72376210,15.0688,15.08,2014-07-17,MAV,PIONEER MUNI HIGH INC ADV FD INC,6726.0,240.0
72376210,15.02,15.05,2014-07-18,MAV,PIONEER MUNI HIGH INC ADV FD INC,6726.0,240.0
72376210,15.08,15.04,2014-07-21,MAV,PIONEER MUNI HIGH INC ADV FD INC,6726.0,240.0
72376210,15.1056,15.1,2014-07-22,MAV,PIONEER MUNI HIGH INC ADV FD INC,6726.0,240.0
72376210,15.14,15.08,2014-07-23,MAV,PIONEER MUNI HIGH INC ADV FD INC,6726.0,240.0
72376210,15.12,15.1,2014-07-24,MAV,PIONEER MUNI HIGH INC ADV FD INC,6726.0,240.0
72376210,15.1,15.09,2014-07-25,MAV,PIONEER MUNI HIGH INC ADV FD INC,6726.0,240.0
72376210,15.07,15.13,2014-07-28,MAV,PIONEER MUNI HIGH INC ADV FD INC,6726.0,240.0
72376210,15.03,15.08,2014-07-29,MAV,PIONEER MUNI HIGH INC ADV FD INC,6726.0,240.0
72376210,14.89,15.03,2014-07-30,MAV,PIONEER MUNI HIGH INC ADV FD INC,6726.0,240.0
72376210,14.71,14.77,2014-07-31,MAV,PIONEER MUNI HIGH INC ADV FD INC,6726.0,240.0
72376210,14.8672,14.71,2014-08-01,MAV,PIONEER MUNI HIGH INC ADV FD INC,6726.0,240.0
72376210,14.8,14.79,2014-08-04,MAV,PIONEER MUNI HIGH INC ADV FD INC,6726.0,240.0
72376210,14.65,14.76,2014-08-05,MAV,PIONEER MUNI HIGH INC ADV FD INC,6726.0,240.0
72376210,14.79,14.74,2014-08-06,MAV,PIONEER MUNI HIGH INC ADV FD INC,6726.0,240.0
72376210,14.95,14.82,2014-08-07,MAV,PIONEER MUNI HIGH INC ADV FD INC,6726.0,240.0
72376210,15.05,14.95,2014-08-08,MAV,PIONEER MUNI HIGH INC ADV FD INC,6726.0,240.0
72376210,15.13,15.04,2014-08-11,MAV,PIONEER MUNI HIGH INC ADV FD INC,6726.0,240.0
72376210,15.2,15.168,2014-08-12,MAV,PIONEER MUNI HIGH INC ADV FD INC,6726.0,240.0
72376210,15.16,15.19,2014-08-13,MAV,PIONEER MUNI HIGH INC ADV FD INC,6726.0,240.0
72376210,15.06,15.09,2014-08-14,MAV,PIONEER MUNI HIGH INC ADV FD INC,6726.0,240.0
72376210,14.97,15.11,2014-08-15,MAV,PIONEER MUNI HIGH INC ADV FD INC,6726.0,240.0
72376210,15.0267,15.02,2014-08-18,MAV,PIONEER MUNI HIGH INC ADV FD INC,6726.0,240.0
72376210,15.03,15.02,2014-08-19,MAV,PIONEER MUNI HIGH INC ADV FD INC,6726.0,240.0
72376210,15.09,15.08,2014-08-20,MAV,PIONEER MUNI HIGH INC ADV FD INC,6726.0,240.0
72376210,15.09,15.059,2014-08-21,MAV,PIONEER MUNI HIGH INC ADV FD INC,6726.0,240.0
72376210,14.99,15.03,2014-08-22,MAV,PIONEER MUNI HIGH INC ADV FD INC,6726.0,240.0
72376210,14.98,14.9955,2014-08-25,MAV,PIONEER MUNI HIGH INC ADV FD INC,6726.0,240.0
72376210,14.994,15.0,2014-08-26,MAV,PIONEER MUNI HIGH INC ADV FD INC,6726.0,240.0
72376210,15.02,14.98,2014-08-27,MAV,PIONEER MUNI HIGH INC ADV FD INC,6726.0,240.0
72376210,15.05,15.04,2014-08-28,MAV,PIONEER MUNI HIGH INC ADV FD INC,6726.0,240.0
72376210,15.04,15.05,2014-08-29,MAV,PIONEER MUNI HIGH INC ADV FD INC,6726.0,240.0
72376210,15.07,15.02,2014-09-02,MAV,PIONEER MUNI HIGH INC ADV FD INC,6726.0,240.0
72376210,15.03,15.09,2014-09-03,MAV,PIONEER MUNI HIGH INC ADV FD INC,6726.0,240.0
72376210,15.05,15.04,2014-09-04,MAV,PIONEER MUNI HIGH INC ADV FD INC,6726.0,240.0
72376210,15.06,15.04,2014-09-05,MAV,PIONEER MUNI HIGH INC ADV FD INC,6726.0,240.0
72376210,15.01,15.07,2014-09-08,MAV,PIONEER MUNI HIGH INC ADV FD INC,6726.0,240.0
72376210,15.09,15.03,2014-09-09,MAV,PIONEER MUNI HIGH INC ADV FD INC,6726.0,240.0
72376210,15.12,15.06,2014-09-10,MAV,PIONEER MUNI HIGH INC ADV FD INC,6726.0,240.0
72376210,15.19,15.15,2014-09-11,MAV,PIONEER MUNI HIGH INC ADV FD INC,6726.0,240.0
72376210,15.19,15.14,2014-09-12,MAV,PIONEER MUNI HIGH INC ADV FD INC,6726.0,240.0
72376210,14.94,15.12,2014-09-15,MAV,PIONEER MUNI HIGH INC ADV FD INC,6726.0,240.0
72376210,15.07,14.94,2014-09-16,MAV,PIONEER MUNI HIGH INC ADV FD INC,6726.0,240.0
72376210,15.12,15.06,2014-09-17,MAV,PIONEER MUNI HIGH INC ADV FD INC,6726.0,240.0
72376210,15.09,15.06,2014-09-18,MAV,PIONEER MUNI HIGH INC ADV FD INC,6726.0,240.0
72376210,15.15,15.06,2014-09-19,MAV,PIONEER MUNI HIGH INC ADV FD INC,6726.0,240.0
72376210,15.22,15.17,2014-09-22,MAV,PIONEER MUNI HIGH INC ADV FD INC,6726.0,240.0
72376210,15.14,15.22,2014-09-23,MAV,PIONEER MUNI HIGH INC ADV FD INC,6726.0,240.0
72376210,15.22,15.16,2014-09-24,MAV,PIONEER MUNI HIGH INC ADV FD INC,6726.0,240.0
72376210,15.13,15.24,2014-09-25,MAV,PIONEER MUNI HIGH INC ADV FD INC,6726.0,240.0
72376210,15.01,15.13,2014-09-26,MAV,PIONEER MUNI HIGH INC ADV FD INC,6726.0,240.0
72376210,15.06,15.06,2014-09-29,MAV,PIONEER MUNI HIGH INC ADV FD INC,6726.0,240.0
72376210,15.152,15.15,2014-09-30,MAV,PIONEER MUNI HIGH INC ADV FD INC,6726.0,240.0
72376210,15.31,15.17,2014-10-01,MAV,PIONEER MUNI HIGH INC ADV FD INC,6726.0,240.0
72376210,15.26,15.33,2014-10-02,MAV,PIONEER MUNI HIGH INC ADV FD INC,6726.0,240.0
72376210,15.36,15.3,2014-10-03,MAV,PIONEER MUNI HIGH INC ADV FD INC,6726.0,240.0
72376210,15.36,15.36,2014-10-06,MAV,PIONEER MUNI HIGH INC ADV FD INC,6726.0,240.0
72376210,15.33,15.37,2014-10-07,MAV,PIONEER MUNI HIGH INC ADV FD INC,6726.0,240.0
72376210,15.4202,15.38,2014-10-08,MAV,PIONEER MUNI HIGH INC ADV FD INC,6726.0,240.0
72376210,15.39,15.4299,2014-10-09,MAV,PIONEER MUNI HIGH INC ADV FD INC,6726.0,240.0
72376210,15.35,15.42,2014-10-10,MAV,PIONEER MUNI HIGH INC ADV FD INC,6726.0,240.0
72376210,15.45,15.3,2014-10-13,MAV,PIONEER MUNI HIGH INC ADV FD INC,6726.0,240.0
72376210,15.24,15.37,2014-10-14,MAV,PIONEER MUNI HIGH INC ADV FD INC,6726.0,240.0
72376210,14.98,15.28,2014-10-15,MAV,PIONEER MUNI HIGH INC ADV FD INC,6726.0,240.0
72376210,15.01,14.95,2014-10-16,MAV,PIONEER MUNI HIGH INC ADV FD INC,6726.0,240.0
72376210,15.13,15.06,2014-10-17,MAV,PIONEER MUNI HIGH INC ADV FD INC,6726.0,240.0
72376210,15.261,15.18,2014-10-20,MAV,PIONEER MUNI HIGH INC ADV FD INC,6726.0,240.0
72376210,15.21,15.26,2014-10-21,MAV,PIONEER MUNI HIGH INC ADV FD INC,6726.0,240.0
72376210,15.15,15.2,2014-10-22,MAV,PIONEER MUNI HIGH INC ADV FD INC,6726.0,240.0
72376210,15.27,15.23,2014-10-23,MAV,PIONEER MUNI HIGH INC ADV FD INC,6726.0,240.0
72376210,15.36,15.31,2014-10-24,MAV,PIONEER MUNI HIGH INC ADV FD INC,6726.0,240.0
72376210,15.2799,15.34,2014-10-27,MAV,PIONEER MUNI HIGH INC ADV FD INC,6726.0,240.0
72376210,15.16,15.3,2014-10-28,MAV,PIONEER MUNI HIGH INC ADV FD INC,6726.0,240.0
72376210,15.2,15.19,2014-10-29,MAV,PIONEER MUNI HIGH INC ADV FD INC,6726.0,240.0
72376210,15.2,15.17,2014-10-30,MAV,PIONEER MUNI HIGH INC ADV FD INC,6726.0,240.0
72376210,15.2,15.2,2014-10-31,MAV,PIONEER MUNI HIGH INC ADV FD INC,6726.0,240.0
72376210,15.2599,15.24,2014-11-03,MAV,PIONEER MUNI HIGH INC ADV FD INC,6726.0,240.0
72376210,15.23,15.28,2014-11-04,MAV,PIONEER MUNI HIGH INC ADV FD INC,6726.0,240.0
72376210,15.36,15.17,2014-11-05,MAV,PIONEER MUNI HIGH INC ADV FD INC,6726.0,240.0
72376210,15.43,15.4,2014-11-06,MAV,PIONEER MUNI HIGH INC ADV FD INC,6726.0,240.0
72376210,15.41,15.47,2014-11-07,MAV,PIONEER MUNI HIGH INC ADV FD INC,6726.0,240.0
72376210,15.48,15.42,2014-11-10,MAV,PIONEER MUNI HIGH INC ADV FD INC,6726.0,240.0
72376210,15.32,15.44,2014-11-11,MAV,PIONEER MUNI HIGH INC ADV FD INC,6726.0,240.0
72376210,15.37,15.3,2014-11-12,MAV,PIONEER MUNI HIGH INC ADV FD INC,6726.0,240.0
72376210,15.38,15.31,2014-11-13,MAV,PIONEER MUNI HIGH INC ADV FD INC,6726.0,240.0
72376210,15.25,15.4,2014-11-14,MAV,PIONEER MUNI HIGH INC ADV FD INC,6726.0,240.0
72376210,15.01,15.28,2014-11-17,MAV,PIONEER MUNI HIGH INC ADV FD INC,6726.0,240.0
72376210,15.1,15.03,2014-11-18,MAV,PIONEER MUNI HIGH INC ADV FD INC,6726.0,240.0
72376210,15.19,15.11,2014-11-19,MAV,PIONEER MUNI HIGH INC ADV FD INC,6726.0,240.0
72376210,15.17,15.17,2014-11-20,MAV,PIONEER MUNI HIGH INC ADV FD INC,6726.0,240.0
72376210,15.14,15.21,2014-11-21,MAV,PIONEER MUNI HIGH INC ADV FD INC,6726.0,240.0
72376210,15.11,15.16,2014-11-24,MAV,PIONEER MUNI HIGH INC ADV FD INC,6726.0,240.0
72376210,15.09,15.11,2014-11-25,MAV,PIONEER MUNI HIGH INC ADV FD INC,6726.0,240.0
72376210,15.22,15.09,2014-11-26,MAV,PIONEER MUNI HIGH INC ADV FD INC,6726.0,240.0
72376210,15.1732,15.25,2014-11-28,MAV,PIONEER MUNI HIGH INC ADV FD INC,6726.0,240.0
72376210,15.05,15.2,2014-12-01,MAV,PIONEER MUNI HIGH INC ADV FD INC,6726.0,240.0
72376210,15.18,15.1,2014-12-02,MAV,PIONEER MUNI HIGH INC ADV FD INC,6726.0,240.0
72376210,15.308,15.2,2014-12-03,MAV,PIONEER MUNI HIGH INC ADV FD INC,6726.0,240.0
72376210,15.36,15.27,2014-12-04,MAV,PIONEER MUNI HIGH INC ADV FD INC,6726.0,240.0
72376210,15.12,15.37,2014-12-05,MAV,PIONEER MUNI HIGH INC ADV FD INC,6726.0,240.0
72376210,15.18,15.2,2014-12-08,MAV,PIONEER MUNI HIGH INC ADV FD INC,6726.0,240.0
72376210,15.1868,15.2,2014-12-09,MAV,PIONEER MUNI HIGH INC ADV FD INC,6726.0,240.0
72376210,15.1125,15.13,2014-12-10,MAV,PIONEER MUNI HIGH INC ADV FD INC,6726.0,240.0
72376210,15.08,15.16,2014-12-11,MAV,PIONEER MUNI HIGH INC ADV FD INC,6726.0,240.0
72376210,15.02,15.09,2014-12-12,MAV,PIONEER MUNI HIGH INC ADV FD INC,6726.0,240.0
72376210,14.95,15.05,2014-12-15,MAV,PIONEER MUNI HIGH INC ADV FD INC,6726.0,240.0
72376210,14.82,14.95,2014-12-16,MAV,PIONEER MUNI HIGH INC ADV FD INC,6726.0,240.0
72376210,14.88,14.82,2014-12-17,MAV,PIONEER MUNI HIGH INC ADV FD INC,6726.0,240.0
72376210,14.86,14.88,2014-12-18,MAV,PIONEER MUNI HIGH INC ADV FD INC,6726.0,240.0
72376210,14.919,14.88,2014-12-19,MAV,PIONEER MUNI HIGH INC ADV FD INC,6726.0,240.0
72376210,14.94,14.98,2014-12-22,MAV,PIONEER MUNI HIGH INC ADV FD INC,6726.0,240.0
72376210,14.93,14.93,2014-12-23,MAV,PIONEER MUNI HIGH INC ADV FD INC,6726.0,240.0
72376210,14.93,14.95,2014-12-24,MAV,PIONEER MUNI HIGH INC ADV FD INC,6726.0,240.0
72376210,14.97,14.91,2014-12-26,MAV,PIONEER MUNI HIGH INC ADV FD INC,6726.0,240.0
72376210,14.85,14.97,2014-12-29,MAV,PIONEER MUNI HIGH INC ADV FD INC,6726.0,240.0
72376210,14.98,14.9,2014-12-30,MAV,PIONEER MUNI HIGH INC ADV FD INC,6726.0,240.0
72376210,14.97,14.943,2014-12-31,MAV,PIONEER MUNI HIGH INC ADV FD INC,6726.0,240.0
72376210,15.0,14.99,2015-01-02,MAV,PIONEER MUNI HIGH INC ADV FD INC,6726.0,240.0
72376210,15.14,15.0,2015-01-05,MAV,PIONEER MUNI HIGH INC ADV FD INC,6726.0,240.0
72376210,15.3756,15.16,2015-01-06,MAV,PIONEER MUNI HIGH INC ADV FD INC,6726.0,240.0
72376210,15.27,15.42,2015-01-07,MAV,PIONEER MUNI HIGH INC ADV FD INC,6726.0,240.0
72376210,15.26,15.35,2015-01-08,MAV,PIONEER MUNI HIGH INC ADV FD INC,6726.0,240.0
72376210,15.26,15.2,2015-01-09,MAV,PIONEER MUNI HIGH INC ADV FD INC,6726.0,240.0
72376210,15.35,15.23,2015-01-12,MAV,PIONEER MUNI HIGH INC ADV FD INC,6726.0,240.0
72376210,15.23,15.21,2015-01-13,MAV,PIONEER MUNI HIGH INC ADV FD INC,6726.0,240.0
72376210,15.31,15.25,2015-01-14,MAV,PIONEER MUNI HIGH INC ADV FD INC,6726.0,240.0
72376210,15.3,15.35,2015-01-15,MAV,PIONEER MUNI HIGH INC ADV FD INC,6726.0,240.0
72376210,15.29,15.28,2015-01-16,MAV,PIONEER MUNI HIGH INC ADV FD INC,6726.0,240.0
72376210,15.27,15.26,2015-01-20,MAV,PIONEER MUNI HIGH INC ADV FD INC,6726.0,240.0
72376210,15.3,15.3,2015-01-21,MAV,PIONEER MUNI HIGH INC ADV FD INC,6726.0,240.0
72376210,15.29,15.3,2015-01-22,MAV,PIONEER MUNI HIGH INC ADV FD INC,6726.0,240.0
72376210,15.31,15.29,2015-01-23,MAV,PIONEER MUNI HIGH INC ADV FD INC,6726.0,240.0
72376210,15.31,15.32,2015-01-26,MAV,PIONEER MUNI HIGH INC ADV FD INC,6726.0,240.0
72376210,15.32,15.34,2015-01-27,MAV,PIONEER MUNI HIGH INC ADV FD INC,6726.0,240.0
72376210,15.43,15.36,2015-01-28,MAV,PIONEER MUNI HIGH INC ADV FD INC,6726.0,240.0
72376210,15.45,15.45,2015-01-29,MAV,PIONEER MUNI HIGH INC ADV FD INC,6726.0,240.0
72376210,15.47,15.49,2015-01-30,MAV,PIONEER MUNI HIGH INC ADV FD INC,6726.0,240.0
72376210,15.47,15.47,2015-02-02,MAV,PIONEER MUNI HIGH INC ADV FD INC,6726.0,240.0
72376210,15.52,15.48,2015-02-03,MAV,PIONEER MUNI HIGH INC ADV FD INC,6726.0,240.0
72376210,15.37,15.49,2015-02-04,MAV,PIONEER MUNI HIGH INC ADV FD INC,6726.0,240.0
72376210,15.4199,15.42,2015-02-05,MAV,PIONEER MUNI HIGH INC ADV FD INC,6726.0,240.0
72376210,15.35,15.37,2015-02-06,MAV,PIONEER MUNI HIGH INC ADV FD INC,6726.0,240.0
72376210,15.39,15.37,2015-02-09,MAV,PIONEER MUNI HIGH INC ADV FD INC,6726.0,240.0
72376210,15.41,15.41,2015-02-10,MAV,PIONEER MUNI HIGH INC ADV FD INC,6726.0,240.0
72376210,15.43,15.4,2015-02-11,MAV,PIONEER MUNI HIGH INC ADV FD INC,6726.0,240.0
72376210,15.42,15.42,2015-02-12,MAV,PIONEER MUNI HIGH INC ADV FD INC,6726.0,240.0
72376210,15.53,15.46,2015-02-13,MAV,PIONEER MUNI HIGH INC ADV FD INC,6726.0,240.0
72376210,15.37,15.41,2015-02-17,MAV,PIONEER MUNI HIGH INC ADV FD INC,6726.0,240.0
72376210,15.15,15.44,2015-02-18,MAV,PIONEER MUNI HIGH INC ADV FD INC,6726.0,240.0
72376210,15.28,15.24,2015-02-19,MAV,PIONEER MUNI HIGH INC ADV FD INC,6726.0,240.0
72376210,15.25,15.32,2015-02-20,MAV,PIONEER MUNI HIGH INC ADV FD INC,6726.0,240.0
72376210,15.3,15.26,2015-02-23,MAV,PIONEER MUNI HIGH INC ADV FD INC,6726.0,240.0
72376210,15.32,15.26,2015-02-24,MAV,PIONEER MUNI HIGH INC ADV FD INC,6726.0,240.0
72376210,15.37,15.38,2015-02-25,MAV,PIONEER MUNI HIGH INC ADV FD INC,6726.0,240.0
72376210,15.43,15.4376,2015-02-26,MAV,PIONEER MUNI HIGH INC ADV FD INC,6726.0,240.0
72376210,15.5,15.56,2015-02-27,MAV,PIONEER MUNI HIGH INC ADV FD INC,6726.0,240.0
72376210,15.37,15.46,2015-03-02,MAV,PIONEER MUNI HIGH INC ADV FD INC,6726.0,240.0
72376210,15.45,15.35,2015-03-03,MAV,PIONEER MUNI HIGH INC ADV FD INC,6726.0,240.0
72376210,15.54,15.48,2015-03-04,MAV,PIONEER MUNI HIGH INC ADV FD INC,6726.0,240.0
72376210,15.59,15.59,2015-03-05,MAV,PIONEER MUNI HIGH INC ADV FD INC,6726.0,240.0
72376210,15.31,15.49,2015-03-06,MAV,PIONEER MUNI HIGH INC ADV FD INC,6726.0,240.0
72376210,15.49,15.43,2015-03-09,MAV,PIONEER MUNI HIGH INC ADV FD INC,6726.0,240.0
72376210,15.32,15.51,2015-03-10,MAV,PIONEER MUNI HIGH INC ADV FD INC,6726.0,240.0
72376210,15.4,15.36,2015-03-11,MAV,PIONEER MUNI HIGH INC ADV FD INC,6726.0,240.0
72376210,15.441,15.4,2015-03-12,MAV,PIONEER MUNI HIGH INC ADV FD INC,6726.0,240.0
72376210,15.38,15.38,2015-03-13,MAV,PIONEER MUNI HIGH INC ADV FD INC,6726.0,240.0
72376210,15.39,15.44,2015-03-16,MAV,PIONEER MUNI HIGH INC ADV FD INC,6726.0,240.0
72376210,15.33,15.39,2015-03-17,MAV,PIONEER MUNI HIGH INC ADV FD INC,6726.0,240.0
72376210,15.26,15.35,2015-03-18,MAV,PIONEER MUNI HIGH INC ADV FD INC,6726.0,240.0
72376210,15.2799,15.28,2015-03-19,MAV,PIONEER MUNI HIGH INC ADV FD INC,6726.0,240.0
72376210,15.34,15.23,2015-03-20,MAV,PIONEER MUNI HIGH INC ADV FD INC,6726.0,240.0
72376210,15.25,15.41,2015-03-23,MAV,PIONEER MUNI HIGH INC ADV FD INC,6726.0,240.0
72376210,15.3,15.27,2015-03-24,MAV,PIONEER MUNI HIGH INC ADV FD INC,6726.0,240.0
72376210,15.31,15.3,2015-03-25,MAV,PIONEER MUNI HIGH INC ADV FD INC,6726.0,240.0
72376210,15.29,15.34,2015-03-26,MAV,PIONEER MUNI HIGH INC ADV FD INC,6726.0,240.0
72376210,15.31,15.33,2015-03-27,MAV,PIONEER MUNI HIGH INC ADV FD INC,6726.0,240.0
72376210,15.35,15.29,2015-03-30,MAV,PIONEER MUNI HIGH INC ADV FD INC,6726.0,240.0
72376210,15.48,15.39,2015-03-31,MAV,PIONEER MUNI HIGH INC ADV FD INC,6726.0,240.0
72376210,15.46,15.48,2015-04-01,MAV,PIONEER MUNI HIGH INC ADV FD INC,6726.0,240.0
72376210,15.44,15.49,2015-04-02,MAV,PIONEER MUNI HIGH INC ADV FD INC,6726.0,240.0
72376210,15.54,15.46,2015-04-06,MAV,PIONEER MUNI HIGH INC ADV FD INC,6726.0,240.0
72376210,15.65,15.55,2015-04-07,MAV,PIONEER MUNI HIGH INC ADV FD INC,6726.0,240.0
72376210,15.67,15.69,2015-04-08,MAV,PIONEER MUNI HIGH INC ADV FD INC,6726.0,240.0
72376210,15.64,15.65,2015-04-09,MAV,PIONEER MUNI HIGH INC ADV FD INC,6726.0,240.0
72376210,15.66,15.67,2015-04-10,MAV,PIONEER MUNI HIGH INC ADV FD INC,6726.0,240.0
72376210,15.43,15.65,2015-04-13,MAV,PIONEER MUNI HIGH INC ADV FD INC,6726.0,240.0
72376210,15.35,15.43,2015-04-14,MAV,PIONEER MUNI HIGH INC ADV FD INC,6726.0,240.0
72376210,15.39,15.35,2015-04-15,MAV,PIONEER MUNI HIGH INC ADV FD INC,6726.0,240.0
72376210,15.4273,15.41,2015-04-16,MAV,PIONEER MUNI HIGH INC ADV FD INC,6726.0,240.0
72376210,15.4,15.42,2015-04-17,MAV,PIONEER MUNI HIGH INC ADV FD INC,6726.0,240.0
72376210,15.41,15.41,2015-04-20,MAV,PIONEER MUNI HIGH INC ADV FD INC,6726.0,240.0
72376210,15.38,15.4,2015-04-21,MAV,PIONEER MUNI HIGH INC ADV FD INC,6726.0,240.0
72376210,15.3578,15.35,2015-04-22,MAV,PIONEER MUNI HIGH INC ADV FD INC,6726.0,240.0
72376210,15.53,15.48,2015-04-23,MAV,PIONEER MUNI HIGH INC ADV FD INC,6726.0,240.0
72376210,15.5,15.42,2015-04-24,MAV,PIONEER MUNI HIGH INC ADV FD INC,6726.0,240.0
72376210,15.49,15.53,2015-04-27,MAV,PIONEER MUNI HIGH INC ADV FD INC,6726.0,240.0
72376210,15.39,15.459,2015-04-28,MAV,PIONEER MUNI HIGH INC ADV FD INC,6726.0,240.0
72376210,15.39,15.38,2015-04-29,MAV,PIONEER MUNI HIGH INC ADV FD INC,6726.0,240.0
72376210,15.4,15.4,2015-04-30,MAV,PIONEER MUNI HIGH INC ADV FD INC,6726.0,240.0
72376210,15.36,15.41,2015-05-01,MAV,PIONEER MUNI HIGH INC ADV FD INC,6726.0,240.0
72376210,15.46,15.44,2015-05-04,MAV,PIONEER MUNI HIGH INC ADV FD INC,6726.0,240.0
72376210,13.93,15.37,2015-05-05,MAV,PIONEER MUNI HIGH INC ADV FD INC,6726.0,240.0
72376210,13.77,13.81,2015-05-06,MAV,PIONEER MUNI HIGH INC ADV FD INC,6726.0,240.0
72376210,13.78,13.71,2015-05-07,MAV,PIONEER MUNI HIGH INC ADV FD INC,6726.0,240.0
72376210,13.97,13.89,2015-05-08,MAV,PIONEER MUNI HIGH INC ADV FD INC,6726.0,240.0
72376210,14.01,14.05,2015-05-11,MAV,PIONEER MUNI HIGH INC ADV FD INC,6726.0,240.0
72376210,14.0,13.95,2015-05-12,MAV,PIONEER MUNI HIGH INC ADV FD INC,6726.0,240.0
72376210,13.98,14.03,2015-05-13,MAV,PIONEER MUNI HIGH INC ADV FD INC,6726.0,240.0
72376210,14.0,14.02,2015-05-14,MAV,PIONEER MUNI HIGH INC ADV FD INC,6726.0,240.0
72376210,14.06,13.95,2015-05-15,MAV,PIONEER MUNI HIGH INC ADV FD INC,6726.0,240.0
72376210,13.84,14.04,2015-05-18,MAV,PIONEER MUNI HIGH INC ADV FD INC,6726.0,240.0
72376210,13.54,13.78,2015-05-19,MAV,PIONEER MUNI HIGH INC ADV FD INC,6726.0,240.0
72376210,13.51,13.54,2015-05-20,MAV,PIONEER MUNI HIGH INC ADV FD INC,6726.0,240.0
72376210,13.52,13.55,2015-05-21,MAV,PIONEER MUNI HIGH INC ADV FD INC,6726.0,240.0
72376210,13.5348,13.55,2015-05-22,MAV,PIONEER MUNI HIGH INC ADV FD INC,6726.0,240.0
72376210,13.47,13.51,2015-05-26,MAV,PIONEER MUNI HIGH INC ADV FD INC,6726.0,240.0
72376210,13.5001,13.5,2015-05-27,MAV,PIONEER MUNI HIGH INC ADV FD INC,6726.0,240.0
72376210,13.55,13.51,2015-05-28,MAV,PIONEER MUNI HIGH INC ADV FD INC,6726.0,240.0
72376210,13.59,13.65,2015-05-29,MAV,PIONEER MUNI HIGH INC ADV FD INC,6726.0,240.0
72376210,13.58,13.58,2015-06-01,MAV,PIONEER MUNI HIGH INC ADV FD INC,6726.0,240.0
72376210,13.4,13.5,2015-06-02,MAV,PIONEER MUNI HIGH INC ADV FD INC,6726.0,240.0
72376210,13.17,13.4,2015-06-03,MAV,PIONEER MUNI HIGH INC ADV FD INC,6726.0,240.0
72376210,13.07,13.14,2015-06-04,MAV,PIONEER MUNI HIGH INC ADV FD INC,6726.0,240.0
72376210,13.05,13.1,2015-06-05,MAV,PIONEER MUNI HIGH INC ADV FD INC,6726.0,240.0
72376210,12.8399,13.02,2015-06-08,MAV,PIONEER MUNI HIGH INC ADV FD INC,6726.0,240.0
72376210,12.78,12.77,2015-06-09,MAV,PIONEER MUNI HIGH INC ADV FD INC,6726.0,240.0
72376210,12.7,12.73,2015-06-10,MAV,PIONEER MUNI HIGH INC ADV FD INC,6726.0,240.0
72376210,12.91,12.74,2015-06-11,MAV,PIONEER MUNI HIGH INC ADV FD INC,6726.0,240.0
72376210,12.86,12.81,2015-06-12,MAV,PIONEER MUNI HIGH INC ADV FD INC,6726.0,240.0
72376210,12.86,12.75,2015-06-15,MAV,PIONEER MUNI HIGH INC ADV FD INC,6726.0,240.0
72376210,12.92,12.88,2015-06-16,MAV,PIONEER MUNI HIGH INC ADV FD INC,6726.0,240.0
72376210,12.91,12.87,2015-06-17,MAV,PIONEER MUNI HIGH INC ADV FD INC,6726.0,240.0
72376210,12.85,12.91,2015-06-18,MAV,PIONEER MUNI HIGH INC ADV FD INC,6726.0,240.0
72376210,12.84,12.86,2015-06-19,MAV,PIONEER MUNI HIGH INC ADV FD INC,6726.0,240.0
72376210,12.78,12.81,2015-06-22,MAV,PIONEER MUNI HIGH INC ADV FD INC,6726.0,240.0
72376210,12.79,12.76,2015-06-23,MAV,PIONEER MUNI HIGH INC ADV FD INC,6726.0,240.0
72376210,12.81,12.77,2015-06-24,MAV,PIONEER MUNI HIGH INC ADV FD INC,6726.0,240.0
72376210,12.77,12.83,2015-06-25,MAV,PIONEER MUNI HIGH INC ADV FD INC,6726.0,240.0
72376210,12.6,12.73,2015-06-26,MAV,PIONEER MUNI HIGH INC ADV FD INC,6726.0,240.0
72376210,12.51,12.53,2015-06-29,MAV,PIONEER MUNI HIGH INC ADV FD INC,6726.0,240.0
72376210,12.48,12.5,2015-06-30,MAV,PIONEER MUNI HIGH INC ADV FD INC,6726.0,240.0
72376210,12.48,12.5,2015-07-01,MAV,PIONEER MUNI HIGH INC ADV FD INC,6726.0,240.0
72376210,12.45,12.47,2015-07-02,MAV,PIONEER MUNI HIGH INC ADV FD INC,6726.0,240.0
72376210,12.53,12.46,2015-07-06,MAV,PIONEER MUNI HIGH INC ADV FD INC,6726.0,240.0
72376210,12.64,12.55,2015-07-07,MAV,PIONEER MUNI HIGH INC ADV FD INC,6726.0,240.0
72376210,12.59,12.62,2015-07-08,MAV,PIONEER MUNI HIGH INC ADV FD INC,6726.0,240.0
72376210,12.52,12.52,2015-07-09,MAV,PIONEER MUNI HIGH INC ADV FD INC,6726.0,240.0
72376210,12.55,12.55,2015-07-10,MAV,PIONEER MUNI HIGH INC ADV FD INC,6726.0,240.0
72376210,12.58,12.55,2015-07-13,MAV,PIONEER MUNI HIGH INC ADV FD INC,6726.0,240.0
72376210,12.54,12.55,2015-07-14,MAV,PIONEER MUNI HIGH INC ADV FD INC,6726.0,240.0
72376210,12.52,12.48,2015-07-15,MAV,PIONEER MUNI HIGH INC ADV FD INC,6726.0,240.0
72376210,12.53,12.52,2015-07-16,MAV,PIONEER MUNI HIGH INC ADV FD INC,6726.0,240.0
72376210,12.48,12.51,2015-07-17,MAV,PIONEER MUNI HIGH INC ADV FD INC,6726.0,240.0
72376210,12.46,12.5,2015-07-20,MAV,PIONEER MUNI HIGH INC ADV FD INC,6726.0,240.0
72376210,12.46,12.47,2015-07-21,MAV,PIONEER MUNI HIGH INC ADV FD INC,6726.0,240.0
72376210,12.42,12.46,2015-07-22,MAV,PIONEER MUNI HIGH INC ADV FD INC,6726.0,240.0
72376210,12.35,12.37,2015-07-23,MAV,PIONEER MUNI HIGH INC ADV FD INC,6726.0,240.0
72376210,12.32,12.35,2015-07-24,MAV,PIONEER MUNI HIGH INC ADV FD INC,6726.0,240.0
72376210,12.26,12.32,2015-07-27,MAV,PIONEER MUNI HIGH INC ADV FD INC,6726.0,240.0
72376210,12.25,12.27,2015-07-28,MAV,PIONEER MUNI HIGH INC ADV FD INC,6726.0,240.0
72376210,12.26,12.26,2015-07-29,MAV,PIONEER MUNI HIGH INC ADV FD INC,6726.0,240.0
72376210,12.32,12.3,2015-07-30,MAV,PIONEER MUNI HIGH INC ADV FD INC,6726.0,240.0
72376210,12.43,12.35,2015-07-31,MAV,PIONEER MUNI HIGH INC ADV FD INC,6726.0,240.0
72376210,12.51,12.45,2015-08-03,MAV,PIONEER MUNI HIGH INC ADV FD INC,6726.0,240.0
72376210,12.46,12.51,2015-08-04,MAV,PIONEER MUNI HIGH INC ADV FD INC,6726.0,240.0
72376210,12.41,12.48,2015-08-05,MAV,PIONEER MUNI HIGH INC ADV FD INC,6726.0,240.0
72376210,12.48,12.41,2015-08-06,MAV,PIONEER MUNI HIGH INC ADV FD INC,6726.0,240.0
72376210,12.46,12.52,2015-08-07,MAV,PIONEER MUNI HIGH INC ADV FD INC,6726.0,240.0
72376210,12.57,12.43,2015-08-10,MAV,PIONEER MUNI HIGH INC ADV FD INC,6726.0,240.0
72376210,12.65,12.58,2015-08-11,MAV,PIONEER MUNI HIGH INC ADV FD INC,6726.0,240.0
72376210,12.99,12.87,2015-08-12,MAV,PIONEER MUNI HIGH INC ADV FD INC,6726.0,240.0
72376210,13.0,12.97,2015-08-13,MAV,PIONEER MUNI HIGH INC ADV FD INC,6726.0,240.0
72376210,12.97,12.92,2015-08-14,MAV,PIONEER MUNI HIGH INC ADV FD INC,6726.0,240.0
72376210,12.87,13.0,2015-08-17,MAV,PIONEER MUNI HIGH INC ADV FD INC,6726.0,240.0
72376210,12.84,12.9,2015-08-18,MAV,PIONEER MUNI HIGH INC ADV FD INC,6726.0,240.0
72376210,12.66,12.8,2015-08-19,MAV,PIONEER MUNI HIGH INC ADV FD INC,6726.0,240.0
72376210,12.56,12.66,2015-08-20,MAV,PIONEER MUNI HIGH INC ADV FD INC,6726.0,240.0
72376210,12.61,12.56,2015-08-21,MAV,PIONEER MUNI HIGH INC ADV FD INC,6726.0,240.0
72376210,12.38,12.62,2015-08-24,MAV,PIONEER MUNI HIGH INC ADV FD INC,6726.0,240.0
72376210,12.5,12.41,2015-08-25,MAV,PIONEER MUNI HIGH INC ADV FD INC,6726.0,240.0
72376210,12.61,12.54,2015-08-26,MAV,PIONEER MUNI HIGH INC ADV FD INC,6726.0,240.0
72376210,12.72,12.64,2015-08-27,MAV,PIONEER MUNI HIGH INC ADV FD INC,6726.0,240.0
72376210,13.1,12.78,2015-08-28,MAV,PIONEER MUNI HIGH INC ADV FD INC,6726.0,240.0
72376210,13.0,13.08,2015-08-31,MAV,PIONEER MUNI HIGH INC ADV FD INC,6726.0,240.0
72376210,12.92,12.85,2015-09-01,MAV,PIONEER MUNI HIGH INC ADV FD INC,6726.0,240.0
72376210,12.87,12.92,2015-09-02,MAV,PIONEER MUNI HIGH INC ADV FD INC,6726.0,240.0
72376210,12.88,12.85,2015-09-03,MAV,PIONEER MUNI HIGH INC ADV FD INC,6726.0,240.0
72376210,12.94,12.91,2015-09-04,MAV,PIONEER MUNI HIGH INC ADV FD INC,6726.0,240.0
72376210,12.79,12.91,2015-09-08,MAV,PIONEER MUNI HIGH INC ADV FD INC,6726.0,240.0
72376210,13.0601,12.79,2015-09-09,MAV,PIONEER MUNI HIGH INC ADV FD INC,6726.0,240.0
72376210,12.9,13.08,2015-09-10,MAV,PIONEER MUNI HIGH INC ADV FD INC,6726.0,240.0
72376210,12.92,12.93,2015-09-11,MAV,PIONEER MUNI HIGH INC ADV FD INC,6726.0,240.0
72376210,12.94,12.95,2015-09-14,MAV,PIONEER MUNI HIGH INC ADV FD INC,6726.0,240.0
72376210,12.78,12.88,2015-09-15,MAV,PIONEER MUNI HIGH INC ADV FD INC,6726.0,240.0
72376210,12.75,12.79,2015-09-16,MAV,PIONEER MUNI HIGH INC ADV FD INC,6726.0,240.0
72376210,12.8,12.73,2015-09-17,MAV,PIONEER MUNI HIGH INC ADV FD INC,6726.0,240.0
72376210,12.99,12.84,2015-09-18,MAV,PIONEER MUNI HIGH INC ADV FD INC,6726.0,240.0
72376210,12.96,12.96,2015-09-21,MAV,PIONEER MUNI HIGH INC ADV FD INC,6726.0,240.0
72376210,13.0,12.93,2015-09-22,MAV,PIONEER MUNI HIGH INC ADV FD INC,6726.0,240.0
72376210,13.01,12.96,2015-09-23,MAV,PIONEER MUNI HIGH INC ADV FD INC,6726.0,240.0
72376210,12.93,13.03,2015-09-24,MAV,PIONEER MUNI HIGH INC ADV FD INC,6726.0,240.0
72376210,12.9255,12.9,2015-09-25,MAV,PIONEER MUNI HIGH INC ADV FD INC,6726.0,240.0
72376210,12.9,12.9401,2015-09-28,MAV,PIONEER MUNI HIGH INC ADV FD INC,6726.0,240.0
72376210,12.97,12.96,2015-09-29,MAV,PIONEER MUNI HIGH INC ADV FD INC,6726.0,240.0
72376210,12.85,12.91,2015-09-30,MAV,PIONEER MUNI HIGH INC ADV FD INC,6726.0,240.0
72376210,12.88,12.88,2015-10-01,MAV,PIONEER MUNI HIGH INC ADV FD INC,6726.0,240.0
72376210,13.002,12.92,2015-10-02,MAV,PIONEER MUNI HIGH INC ADV FD INC,6726.0,240.0
72376210,12.92,13.02,2015-10-05,MAV,PIONEER MUNI HIGH INC ADV FD INC,6726.0,240.0
72376210,12.97,12.92,2015-10-06,MAV,PIONEER MUNI HIGH INC ADV FD INC,6726.0,240.0
72376210,13.05,13.03,2015-10-07,MAV,PIONEER MUNI HIGH INC ADV FD INC,6726.0,240.0
72376210,13.08,13.05,2015-10-08,MAV,PIONEER MUNI HIGH INC ADV FD INC,6726.0,240.0
72376210,13.1,13.08,2015-10-09,MAV,PIONEER MUNI HIGH INC ADV FD INC,6726.0,240.0
72376210,13.2,13.1,2015-10-12,MAV,PIONEER MUNI HIGH INC ADV FD INC,6726.0,240.0
72376210,13.25,13.11,2015-10-13,MAV,PIONEER MUNI HIGH INC ADV FD INC,6726.0,240.0
72376210,13.23,13.24,2015-10-14,MAV,PIONEER MUNI HIGH INC ADV FD INC,6726.0,240.0
72376210,13.3,13.19,2015-10-15,MAV,PIONEER MUNI HIGH INC ADV FD INC,6726.0,240.0
72376210,13.38,13.31,2015-10-16,MAV,PIONEER MUNI HIGH INC ADV FD INC,6726.0,240.0
72376210,13.31,13.38,2015-10-19,MAV,PIONEER MUNI HIGH INC ADV FD INC,6726.0,240.0
72376210,13.31,13.2212,2015-10-20,MAV,PIONEER MUNI HIGH INC ADV FD INC,6726.0,240.0
72376210,13.29,13.32,2015-10-21,MAV,PIONEER MUNI HIGH INC ADV FD INC,6726.0,240.0
72376210,13.3,13.34,2015-10-22,MAV,PIONEER MUNI HIGH INC ADV FD INC,6726.0,240.0
72376210,13.35,13.29,2015-10-23,MAV,PIONEER MUNI HIGH INC ADV FD INC,6726.0,240.0
72376210,13.36,13.35,2015-10-26,MAV,PIONEER MUNI HIGH INC ADV FD INC,6726.0,240.0
72376210,13.43,13.4,2015-10-27,MAV,PIONEER MUNI HIGH INC ADV FD INC,6726.0,240.0
72376210,13.49,13.42,2015-10-28,MAV,PIONEER MUNI HIGH INC ADV FD INC,6726.0,240.0
72376210,13.49,13.43,2015-10-29,MAV,PIONEER MUNI HIGH INC ADV FD INC,6726.0,240.0
72376210,13.4804,13.55,2015-10-30,MAV,PIONEER MUNI HIGH INC ADV FD INC,6726.0,240.0
72376210,13.6,13.5,2015-11-02,MAV,PIONEER MUNI HIGH INC ADV FD INC,6726.0,240.0
72376210,13.73,13.62,2015-11-03,MAV,PIONEER MUNI HIGH INC ADV FD INC,6726.0,240.0
72376210,13.72,13.64,2015-11-04,MAV,PIONEER MUNI HIGH INC ADV FD INC,6726.0,240.0
72376210,13.74,13.74,2015-11-05,MAV,PIONEER MUNI HIGH INC ADV FD INC,6726.0,240.0
72376210,13.57,13.64,2015-11-06,MAV,PIONEER MUNI HIGH INC ADV FD INC,6726.0,240.0
72376210,13.31,13.36,2015-11-09,MAV,PIONEER MUNI HIGH INC ADV FD INC,6726.0,240.0
72376210,13.42,13.31,2015-11-10,MAV,PIONEER MUNI HIGH INC ADV FD INC,6726.0,240.0
72376210,13.47,13.41,2015-11-11,MAV,PIONEER MUNI HIGH INC ADV FD INC,6726.0,240.0
72376210,13.51,13.47,2015-11-12,MAV,PIONEER MUNI HIGH INC ADV FD INC,6726.0,240.0
72376210,13.56,13.48,2015-11-13,MAV,PIONEER MUNI HIGH INC ADV FD INC,6726.0,240.0
72376210,13.4618,13.47,2015-11-16,MAV,PIONEER MUNI HIGH INC ADV FD INC,6726.0,240.0
72376210,13.37,13.52,2015-11-17,MAV,PIONEER MUNI HIGH INC ADV FD INC,6726.0,240.0
72376210,13.32,13.26,2015-11-18,MAV,PIONEER MUNI HIGH INC ADV FD INC,6726.0,240.0
72376210,13.24,13.21,2015-11-19,MAV,PIONEER MUNI HIGH INC ADV FD INC,6726.0,240.0
72376210,13.29,13.23,2015-11-20,MAV,PIONEER MUNI HIGH INC ADV FD INC,6726.0,240.0
72376210,13.35,13.28,2015-11-23,MAV,PIONEER MUNI HIGH INC ADV FD INC,6726.0,240.0
72376210,13.31,13.39,2015-11-24,MAV,PIONEER MUNI HIGH INC ADV FD INC,6726.0,240.0
72376210,13.3,13.34,2015-11-25,MAV,PIONEER MUNI HIGH INC ADV FD INC,6726.0,240.0
72376210,13.34,13.31,2015-11-27,MAV,PIONEER MUNI HIGH INC ADV FD INC,6726.0,240.0
72376210,13.23,13.36,2015-11-30,MAV,PIONEER MUNI HIGH INC ADV FD INC,6726.0,240.0
72376210,13.28,13.25,2015-12-01,MAV,PIONEER MUNI HIGH INC ADV FD INC,6726.0,240.0
72376210,13.31,13.3099,2015-12-02,MAV,PIONEER MUNI HIGH INC ADV FD INC,6726.0,240.0
72376210,13.22,13.28,2015-12-03,MAV,PIONEER MUNI HIGH INC ADV FD INC,6726.0,240.0
72376210,13.3,13.21,2015-12-04,MAV,PIONEER MUNI HIGH INC ADV FD INC,6726.0,240.0
72376210,13.28,13.31,2015-12-07,MAV,PIONEER MUNI HIGH INC ADV FD INC,6726.0,240.0
72376210,13.27,13.23,2015-12-08,MAV,PIONEER MUNI HIGH INC ADV FD INC,6726.0,240.0
72376210,13.27,13.23,2015-12-09,MAV,PIONEER MUNI HIGH INC ADV FD INC,6726.0,240.0
72376210,13.25,13.25,2015-12-10,MAV,PIONEER MUNI HIGH INC ADV FD INC,6726.0,240.0
72376210,13.12,13.23,2015-12-11,MAV,PIONEER MUNI HIGH INC ADV FD INC,6726.0,240.0
72376210,12.95,13.11,2015-12-14,MAV,PIONEER MUNI HIGH INC ADV FD INC,6726.0,240.0
72376210,13.0053,12.83,2015-12-15,MAV,PIONEER MUNI HIGH INC ADV FD INC,6726.0,240.0
72376210,13.12,13.0,2015-12-16,MAV,PIONEER MUNI HIGH INC ADV FD INC,6726.0,240.0
72376210,13.23,13.13,2015-12-17,MAV,PIONEER MUNI HIGH INC ADV FD INC,6726.0,240.0
72376210,13.27,13.27,2015-12-18,MAV,PIONEER MUNI HIGH INC ADV FD INC,6726.0,240.0
72376210,13.28,13.26,2015-12-21,MAV,PIONEER MUNI HIGH INC ADV FD INC,6726.0,240.0
72376210,13.27,13.23,2015-12-22,MAV,PIONEER MUNI HIGH INC ADV FD INC,6726.0,240.0
72376210,13.2732,13.29,2015-12-23,MAV,PIONEER MUNI HIGH INC ADV FD INC,6726.0,240.0
72376210,13.25,13.25,2015-12-24,MAV,PIONEER MUNI HIGH INC ADV FD INC,6726.0,240.0
72376210,13.24,13.26,2015-12-28,MAV,PIONEER MUNI HIGH INC ADV FD INC,6726.0,240.0
72376210,13.28,13.28,2015-12-29,MAV,PIONEER MUNI HIGH INC ADV FD INC,6726.0,240.0
72376210,13.33,13.32,2015-12-30,MAV,PIONEER MUNI HIGH INC ADV FD INC,6726.0,240.0
72376210,13.35,13.35,2015-12-31,MAV,PIONEER MUNI HIGH INC ADV FD INC,6726.0,240.0
72376210,13.35,13.37,2016-01-04,MAV,PIONEER MUNI HIGH INC ADV FD INC,6726.0,240.0
72376210,13.46,13.36,2016-01-05,MAV,PIONEER MUNI HIGH INC ADV FD INC,6726.0,240.0
72376210,13.48,13.5,2016-01-06,MAV,PIONEER MUNI HIGH INC ADV FD INC,6726.0,240.0
72376210,13.49,13.5,2016-01-07,MAV,PIONEER MUNI HIGH INC ADV FD INC,6726.0,240.0
72376210,13.49,13.49,2016-01-08,MAV,PIONEER MUNI HIGH INC ADV FD INC,6726.0,240.0
72376210,13.55,13.58,2016-01-11,MAV,PIONEER MUNI HIGH INC ADV FD INC,6726.0,240.0
72376210,13.55,13.6,2016-01-12,MAV,PIONEER MUNI HIGH INC ADV FD INC,6726.0,240.0
72376210,13.33,13.52,2016-01-13,MAV,PIONEER MUNI HIGH INC ADV FD INC,6726.0,240.0
72376210,13.3,13.27,2016-01-14,MAV,PIONEER MUNI HIGH INC ADV FD INC,6726.0,240.0
72376210,13.36,13.3,2016-01-15,MAV,PIONEER MUNI HIGH INC ADV FD INC,6726.0,240.0
72376210,13.3,13.4,2016-01-19,MAV,PIONEER MUNI HIGH INC ADV FD INC,6726.0,240.0
72376210,13.21,13.37,2016-01-20,MAV,PIONEER MUNI HIGH INC ADV FD INC,6726.0,240.0
72376210,13.39,13.2,2016-01-21,MAV,PIONEER MUNI HIGH INC ADV FD INC,6726.0,240.0
72376210,13.6,13.43,2016-01-22,MAV,PIONEER MUNI HIGH INC ADV FD INC,6726.0,240.0
72376210,13.59,13.57,2016-01-25,MAV,PIONEER MUNI HIGH INC ADV FD INC,6726.0,240.0
72376210,13.67,13.54,2016-01-26,MAV,PIONEER MUNI HIGH INC ADV FD INC,6726.0,240.0
72376210,13.67,13.67,2016-01-27,MAV,PIONEER MUNI HIGH INC ADV FD INC,6726.0,240.0
72376210,13.81,13.71,2016-01-28,MAV,PIONEER MUNI HIGH INC ADV FD INC,6726.0,240.0
72376210,13.87,13.86,2016-01-29,MAV,PIONEER MUNI HIGH INC ADV FD INC,6726.0,240.0
72376210,14.0,13.89,2016-02-01,MAV,PIONEER MUNI HIGH INC ADV FD INC,6726.0,240.0
72376210,14.04,14.01,2016-02-02,MAV,PIONEER MUNI HIGH INC ADV FD INC,6726.0,240.0
72376210,14.0,13.99,2016-02-03,MAV,PIONEER MUNI HIGH INC ADV FD INC,6726.0,240.0
72376210,14.0,14.09,2016-02-04,MAV,PIONEER MUNI HIGH INC ADV FD INC,6726.0,240.0
72376210,13.46,13.63,2016-02-05,MAV,PIONEER MUNI HIGH INC ADV FD INC,6726.0,240.0
72376210,13.24,13.33,2016-02-08,MAV,PIONEER MUNI HIGH INC ADV FD INC,6726.0,240.0
72376210,13.33,13.24,2016-02-09,MAV,PIONEER MUNI HIGH INC ADV FD INC,6726.0,240.0
72376210,13.44,13.4,2016-02-10,MAV,PIONEER MUNI HIGH INC ADV FD INC,6726.0,240.0
72376210,13.51,13.47,2016-02-11,MAV,PIONEER MUNI HIGH INC ADV FD INC,6726.0,240.0
72376210,13.44,13.58,2016-02-12,MAV,PIONEER MUNI HIGH INC ADV FD INC,6726.0,240.0
72376210,13.32,13.4,2016-02-16,MAV,PIONEER MUNI HIGH INC ADV FD INC,6726.0,240.0
72376210,13.32,13.35,2016-02-17,MAV,PIONEER MUNI HIGH INC ADV FD INC,6726.0,240.0
72376210,13.35,13.3,2016-02-18,MAV,PIONEER MUNI HIGH INC ADV FD INC,6726.0,240.0
72376210,13.4,13.37,2016-02-19,MAV,PIONEER MUNI HIGH INC ADV FD INC,6726.0,240.0
72376210,13.36,13.37,2016-02-22,MAV,PIONEER MUNI HIGH INC ADV FD INC,6726.0,240.0
72376210,13.33,13.33,2016-02-23,MAV,PIONEER MUNI HIGH INC ADV FD INC,6726.0,240.0
72376210,13.31,13.32,2016-02-24,MAV,PIONEER MUNI HIGH INC ADV FD INC,6726.0,240.0
72376210,13.36,13.36,2016-02-25,MAV,PIONEER MUNI HIGH INC ADV FD INC,6726.0,240.0
72376210,13.33,13.32,2016-02-26,MAV,PIONEER MUNI HIGH INC ADV FD INC,6726.0,240.0
72376210,13.42,13.4,2016-02-29,MAV,PIONEER MUNI HIGH INC ADV FD INC,6726.0,240.0
72376210,13.45,13.46,2016-03-01,MAV,PIONEER MUNI HIGH INC ADV FD INC,6726.0,240.0
72376210,13.33,13.4,2016-03-02,MAV,PIONEER MUNI HIGH INC ADV FD INC,6726.0,240.0
72376210,13.33,13.38,2016-03-03,MAV,PIONEER MUNI HIGH INC ADV FD INC,6726.0,240.0
72376210,13.3,13.33,2016-03-04,MAV,PIONEER MUNI HIGH INC ADV FD INC,6726.0,240.0
72376210,13.36,13.34,2016-03-07,MAV,PIONEER MUNI HIGH INC ADV FD INC,6726.0,240.0
72376210,13.36,13.4,2016-03-08,MAV,PIONEER MUNI HIGH INC ADV FD INC,6726.0,240.0
72376210,13.36,13.34,2016-03-09,MAV,PIONEER MUNI HIGH INC ADV FD INC,6726.0,240.0
72376210,13.41,13.4,2016-03-10,MAV,PIONEER MUNI HIGH INC ADV FD INC,6726.0,240.0
72376210,13.41,13.46,2016-03-11,MAV,PIONEER MUNI HIGH INC ADV FD INC,6726.0,240.0
72376210,13.36,13.39,2016-03-14,MAV,PIONEER MUNI HIGH INC ADV FD INC,6726.0,240.0
72376210,13.35,13.35,2016-03-15,MAV,PIONEER MUNI HIGH INC ADV FD INC,6726.0,240.0
72376210,13.41,13.4,2016-03-16,MAV,PIONEER MUNI HIGH INC ADV FD INC,6726.0,240.0
72376210,13.48,13.45,2016-03-17,MAV,PIONEER MUNI HIGH INC ADV FD INC,6726.0,240.0
72376210,13.42,13.5,2016-03-18,MAV,PIONEER MUNI HIGH INC ADV FD INC,6726.0,240.0
72376210,13.4401,13.46,2016-03-21,MAV,PIONEER MUNI HIGH INC ADV FD INC,6726.0,240.0
72376210,13.45,13.46,2016-03-22,MAV,PIONEER MUNI HIGH INC ADV FD INC,6726.0,240.0
72376210,13.47,13.48,2016-03-23,MAV,PIONEER MUNI HIGH INC ADV FD INC,6726.0,240.0
72376210,13.56,13.53,2016-03-24,MAV,PIONEER MUNI HIGH INC ADV FD INC,6726.0,240.0
72376210,13.66,13.59,2016-03-28,MAV,PIONEER MUNI HIGH INC ADV FD INC,6726.0,240.0
72376210,13.77,13.68,2016-03-29,MAV,PIONEER MUNI HIGH INC ADV FD INC,6726.0,240.0
72376210,13.78,13.8,2016-03-30,MAV,PIONEER MUNI HIGH INC ADV FD INC,6726.0,240.0
72376210,13.87,13.8,2016-03-31,MAV,PIONEER MUNI HIGH INC ADV FD INC,6726.0,240.0
72376210,13.8101,13.86,2016-04-01,MAV,PIONEER MUNI HIGH INC ADV FD INC,6726.0,240.0
72376210,13.9199,13.8,2016-04-04,MAV,PIONEER MUNI HIGH INC ADV FD INC,6726.0,240.0
72376210,14.03,13.92,2016-04-05,MAV,PIONEER MUNI HIGH INC ADV FD INC,6726.0,240.0
72376210,14.05,14.06,2016-04-06,MAV,PIONEER MUNI HIGH INC ADV FD INC,6726.0,240.0
72376210,14.04,14.01,2016-04-07,MAV,PIONEER MUNI HIGH INC ADV FD INC,6726.0,240.0
72376210,14.0101,14.07,2016-04-08,MAV,PIONEER MUNI HIGH INC ADV FD INC,6726.0,240.0
72376210,13.97,14.06,2016-04-11,MAV,PIONEER MUNI HIGH INC ADV FD INC,6726.0,240.0
72376210,13.99,14.0,2016-04-12,MAV,PIONEER MUNI HIGH INC ADV FD INC,6726.0,240.0
72376210,14.06,13.88,2016-04-13,MAV,PIONEER MUNI HIGH INC ADV FD INC,6726.0,240.0
72376210,14.02,14.03,2016-04-14,MAV,PIONEER MUNI HIGH INC ADV FD INC,6726.0,240.0
72376210,14.04,14.05,2016-04-15,MAV,PIONEER MUNI HIGH INC ADV FD INC,6726.0,240.0
72376210,14.05,14.02,2016-04-18,MAV,PIONEER MUNI HIGH INC ADV FD INC,6726.0,240.0
72376210,14.07,14.05,2016-04-19,MAV,PIONEER MUNI HIGH INC ADV FD INC,6726.0,240.0
72376210,13.88,14.03,2016-04-20,MAV,PIONEER MUNI HIGH INC ADV FD INC,6726.0,240.0
72376210,13.88,13.89,2016-04-21,MAV,PIONEER MUNI HIGH INC ADV FD INC,6726.0,240.0
72376210,13.81,13.9,2016-04-22,MAV,PIONEER MUNI HIGH INC ADV FD INC,6726.0,240.0
72376210,13.79,13.8,2016-04-25,MAV,PIONEER MUNI HIGH INC ADV FD INC,6726.0,240.0
72376210,13.92,13.83,2016-04-26,MAV,PIONEER MUNI HIGH INC ADV FD INC,6726.0,240.0
72376210,14.02,13.95,2016-04-27,MAV,PIONEER MUNI HIGH INC ADV FD INC,6726.0,240.0
72376210,13.97,14.0,2016-04-28,MAV,PIONEER MUNI HIGH INC ADV FD INC,6726.0,240.0
72376210,13.95,14.04,2016-04-29,MAV,PIONEER MUNI HIGH INC ADV FD INC,6726.0,240.0
72376210,14.0,14.03,2016-05-02,MAV,PIONEER MUNI HIGH INC ADV FD INC,6726.0,240.0
72376210,14.01,14.03,2016-05-03,MAV,PIONEER MUNI HIGH INC ADV FD INC,6726.0,240.0
72376210,14.06,14.06,2016-05-04,MAV,PIONEER MUNI HIGH INC ADV FD INC,6726.0,240.0
72376210,14.05,14.06,2016-05-05,MAV,PIONEER MUNI HIGH INC ADV FD INC,6726.0,240.0
72376210,14.06,14.1,2016-05-06,MAV,PIONEER MUNI HIGH INC ADV FD INC,6726.0,240.0
72376210,14.1,14.07,2016-05-09,MAV,PIONEER MUNI HIGH INC ADV FD INC,6726.0,240.0
72376210,14.06,14.12,2016-05-10,MAV,PIONEER MUNI HIGH INC ADV FD INC,6726.0,240.0
72376210,14.1,14.11,2016-05-11,MAV,PIONEER MUNI HIGH INC ADV FD INC,6726.0,240.0
72376210,14.14,14.12,2016-05-12,MAV,PIONEER MUNI HIGH INC ADV FD INC,6726.0,240.0
72376210,14.11,14.14,2016-05-13,MAV,PIONEER MUNI HIGH INC ADV FD INC,6726.0,240.0
72376210,14.06,14.11,2016-05-16,MAV,PIONEER MUNI HIGH INC ADV FD INC,6726.0,240.0
72376210,14.03,14.06,2016-05-17,MAV,PIONEER MUNI HIGH INC ADV FD INC,6726.0,240.0
72376210,13.9301,14.0,2016-05-18,MAV,PIONEER MUNI HIGH INC ADV FD INC,6726.0,240.0
72376210,13.73,13.92,2016-05-19,MAV,PIONEER MUNI HIGH INC ADV FD INC,6726.0,240.0
72376210,13.71,13.73,2016-05-20,MAV,PIONEER MUNI HIGH INC ADV FD INC,6726.0,240.0
72376210,13.82,13.7,2016-05-23,MAV,PIONEER MUNI HIGH INC ADV FD INC,6726.0,240.0
72376210,13.78,13.84,2016-05-24,MAV,PIONEER MUNI HIGH INC ADV FD INC,6726.0,240.0
72376210,13.83,13.82,2016-05-25,MAV,PIONEER MUNI HIGH INC ADV FD INC,6726.0,240.0
72376210,13.9,13.83,2016-05-26,MAV,PIONEER MUNI HIGH INC ADV FD INC,6726.0,240.0
72376210,13.9,13.889,2016-05-27,MAV,PIONEER MUNI HIGH INC ADV FD INC,6726.0,240.0
72376210,13.86,13.89,2016-05-31,MAV,PIONEER MUNI HIGH INC ADV FD INC,6726.0,240.0
72376210,13.92,13.8,2016-06-01,MAV,PIONEER MUNI HIGH INC ADV FD INC,6726.0,240.0
72376210,13.9,13.93,2016-06-02,MAV,PIONEER MUNI HIGH INC ADV FD INC,6726.0,240.0
72376210,13.87,13.94,2016-06-03,MAV,PIONEER MUNI HIGH INC ADV FD INC,6726.0,240.0
72376210,13.87,13.87,2016-06-06,MAV,PIONEER MUNI HIGH INC ADV FD INC,6726.0,240.0
72376210,13.92,13.88,2016-06-07,MAV,PIONEER MUNI HIGH INC ADV FD INC,6726.0,240.0
72376210,13.87,13.9,2016-06-08,MAV,PIONEER MUNI HIGH INC ADV FD INC,6726.0,240.0
72376210,13.91,13.88,2016-06-09,MAV,PIONEER MUNI HIGH INC ADV FD INC,6726.0,240.0
72376210,13.9,13.97,2016-06-10,MAV,PIONEER MUNI HIGH INC ADV FD INC,6726.0,240.0
72376210,13.86,13.9,2016-06-13,MAV,PIONEER MUNI HIGH INC ADV FD INC,6726.0,240.0
72376210,13.83,13.85,2016-06-14,MAV,PIONEER MUNI HIGH INC ADV FD INC,6726.0,240.0
72376210,13.86,13.83,2016-06-15,MAV,PIONEER MUNI HIGH INC ADV FD INC,6726.0,240.0
72376210,13.85,13.87,2016-06-16,MAV,PIONEER MUNI HIGH INC ADV FD INC,6726.0,240.0
72376210,13.81,13.81,2016-06-17,MAV,PIONEER MUNI HIGH INC ADV FD INC,6726.0,240.0
72376210,13.88,13.79,2016-06-20,MAV,PIONEER MUNI HIGH INC ADV FD INC,6726.0,240.0
72376210,13.9,13.9,2016-06-21,MAV,PIONEER MUNI HIGH INC ADV FD INC,6726.0,240.0
72376210,13.88,13.87,2016-06-22,MAV,PIONEER MUNI HIGH INC ADV FD INC,6726.0,240.0
72376210,13.94,13.95,2016-06-23,MAV,PIONEER MUNI HIGH INC ADV FD INC,6726.0,240.0
72376210,13.97,13.86,2016-06-24,MAV,PIONEER MUNI HIGH INC ADV FD INC,6726.0,240.0
72376210,14.09,13.97,2016-06-27,MAV,PIONEER MUNI HIGH INC ADV FD INC,6726.0,240.0
72376210,13.98,14.02,2016-06-28,MAV,PIONEER MUNI HIGH INC ADV FD INC,6726.0,240.0
72376210,13.97,13.93,2016-06-29,MAV,PIONEER MUNI HIGH INC ADV FD INC,6726.0,240.0
72376210,14.11,14.01,2016-06-30,MAV,PIONEER MUNI HIGH INC ADV FD INC,6726.0,240.0
72376210,14.15,14.13,2016-07-01,MAV,PIONEER MUNI HIGH INC ADV FD INC,6726.0,240.0
72376210,14.09,14.23,2016-07-05,MAV,PIONEER MUNI HIGH INC ADV FD INC,6726.0,240.0
72376210,14.07,14.1,2016-07-06,MAV,PIONEER MUNI HIGH INC ADV FD INC,6726.0,240.0
72376210,14.13,14.02,2016-07-07,MAV,PIONEER MUNI HIGH INC ADV FD INC,6726.0,240.0
72376210,14.14,14.13,2016-07-08,MAV,PIONEER MUNI HIGH INC ADV FD INC,6726.0,240.0
72376210,14.12,14.15,2016-07-11,MAV,PIONEER MUNI HIGH INC ADV FD INC,6726.0,240.0
72376210,13.99,14.08,2016-07-12,MAV,PIONEER MUNI HIGH INC ADV FD INC,6726.0,240.0
72376210,13.88,14.0,2016-07-13,MAV,PIONEER MUNI HIGH INC ADV FD INC,6726.0,240.0
72376210,13.64,13.79,2016-07-14,MAV,PIONEER MUNI HIGH INC ADV FD INC,6726.0,240.0
72376210,13.69,13.59,2016-07-15,MAV,PIONEER MUNI HIGH INC ADV FD INC,6726.0,240.0
72376210,13.87,13.76,2016-07-18,MAV,PIONEER MUNI HIGH INC ADV FD INC,6726.0,240.0
72376210,13.83,13.94,2016-07-19,MAV,PIONEER MUNI HIGH INC ADV FD INC,6726.0,240.0
72376210,14.02,13.81,2016-07-20,MAV,PIONEER MUNI HIGH INC ADV FD INC,6726.0,240.0
72376210,13.962,14.01,2016-07-21,MAV,PIONEER MUNI HIGH INC ADV FD INC,6726.0,240.0
72376210,14.08,13.969,2016-07-22,MAV,PIONEER MUNI HIGH INC ADV FD INC,6726.0,240.0
72376210,14.11,14.08,2016-07-25,MAV,PIONEER MUNI HIGH INC ADV FD INC,6726.0,240.0
72376210,14.14,14.12,2016-07-26,MAV,PIONEER MUNI HIGH INC ADV FD INC,6726.0,240.0
72376210,14.06,14.15,2016-07-27,MAV,PIONEER MUNI HIGH INC ADV FD INC,6726.0,240.0
72376210,14.01,14.08,2016-07-28,MAV,PIONEER MUNI HIGH INC ADV FD INC,6726.0,240.0
72376210,14.1201,14.07,2016-07-29,MAV,PIONEER MUNI HIGH INC ADV FD INC,6726.0,240.0
72376210,14.1,14.07,2016-08-01,MAV,PIONEER MUNI HIGH INC ADV FD INC,6726.0,240.0
72376210,13.959,14.0,2016-08-02,MAV,PIONEER MUNI HIGH INC ADV FD INC,6726.0,240.0
72376210,14.03,13.978,2016-08-03,MAV,PIONEER MUNI HIGH INC ADV FD INC,6726.0,240.0
72376210,13.27,13.65,2016-08-04,MAV,PIONEER MUNI HIGH INC ADV FD INC,6726.0,240.0
72376210,13.41,13.26,2016-08-05,MAV,PIONEER MUNI HIGH INC ADV FD INC,6726.0,240.0
72376210,13.48,13.39,2016-08-08,MAV,PIONEER MUNI HIGH INC ADV FD INC,6726.0,240.0
72376210,13.42,13.47,2016-08-09,MAV,PIONEER MUNI HIGH INC ADV FD INC,6726.0,240.0
72376210,13.52,13.41,2016-08-10,MAV,PIONEER MUNI HIGH INC ADV FD INC,6726.0,240.0
72376210,13.48,13.47,2016-08-11,MAV,PIONEER MUNI HIGH INC ADV FD INC,6726.0,240.0
72376210,13.51,13.5,2016-08-12,MAV,PIONEER MUNI HIGH INC ADV FD INC,6726.0,240.0
72376210,13.5,13.45,2016-08-15,MAV,PIONEER MUNI HIGH INC ADV FD INC,6726.0,240.0
72376210,13.42,13.41,2016-08-16,MAV,PIONEER MUNI HIGH INC ADV FD INC,6726.0,240.0
72376210,13.44,13.39,2016-08-17,MAV,PIONEER MUNI HIGH INC ADV FD INC,6726.0,240.0
72376210,13.43,13.44,2016-08-18,MAV,PIONEER MUNI HIGH INC ADV FD INC,6726.0,240.0
72376210,13.32,13.4,2016-08-19,MAV,PIONEER MUNI HIGH INC ADV FD INC,6726.0,240.0
72376210,13.27,13.34,2016-08-22,MAV,PIONEER MUNI HIGH INC ADV FD INC,6726.0,240.0
72376210,13.2401,13.32,2016-08-23,MAV,PIONEER MUNI HIGH INC ADV FD INC,6726.0,240.0
72376210,13.2,13.25,2016-08-24,MAV,PIONEER MUNI HIGH INC ADV FD INC,6726.0,240.0
72376210,13.15,13.2,2016-08-25,MAV,PIONEER MUNI HIGH INC ADV FD INC,6726.0,240.0
72376210,13.13,13.19,2016-08-26,MAV,PIONEER MUNI HIGH INC ADV FD INC,6726.0,240.0
72376210,13.04,13.13,2016-08-29,MAV,PIONEER MUNI HIGH INC ADV FD INC,6726.0,240.0
72376210,12.96,12.98,2016-08-30,MAV,PIONEER MUNI HIGH INC ADV FD INC,6726.0,240.0
72376210,13.01,12.99,2016-08-31,MAV,PIONEER MUNI HIGH INC ADV FD INC,6726.0,240.0
72376210,13.01,13.01,2016-09-01,MAV,PIONEER MUNI HIGH INC ADV FD INC,6726.0,240.0
72376210,13.03,13.04,2016-09-02,MAV,PIONEER MUNI HIGH INC ADV FD INC,6726.0,240.0
72376210,13.21,13.07,2016-09-06,MAV,PIONEER MUNI HIGH INC ADV FD INC,6726.0,240.0
72376210,13.12,13.17,2016-09-07,MAV,PIONEER MUNI HIGH INC ADV FD INC,6726.0,240.0
72376210,13.11,13.07,2016-09-08,MAV,PIONEER MUNI HIGH INC ADV FD INC,6726.0,240.0
72376210,13.01,13.07,2016-09-09,MAV,PIONEER MUNI HIGH INC ADV FD INC,6726.0,240.0
72376210,12.95,12.93,2016-09-12,MAV,PIONEER MUNI HIGH INC ADV FD INC,6726.0,240.0
72376210,12.95,12.97,2016-09-13,MAV,PIONEER MUNI HIGH INC ADV FD INC,6726.0,240.0
72376210,12.86,12.93,2016-09-14,MAV,PIONEER MUNI HIGH INC ADV FD INC,6726.0,240.0
72376210,12.87,12.85,2016-09-15,MAV,PIONEER MUNI HIGH INC ADV FD INC,6726.0,240.0
72376210,12.83,12.97,2016-09-16,MAV,PIONEER MUNI HIGH INC ADV FD INC,6726.0,240.0
72376210,12.9,12.83,2016-09-19,MAV,PIONEER MUNI HIGH INC ADV FD INC,6726.0,240.0
72376210,12.88,12.94,2016-09-20,MAV,PIONEER MUNI HIGH INC ADV FD INC,6726.0,240.0
72376210,12.92,12.87,2016-09-21,MAV,PIONEER MUNI HIGH INC ADV FD INC,6726.0,240.0
72376210,13.0,12.99,2016-09-22,MAV,PIONEER MUNI HIGH INC ADV FD INC,6726.0,240.0
72376210,13.0,13.07,2016-09-23,MAV,PIONEER MUNI HIGH INC ADV FD INC,6726.0,240.0
72376210,13.02,13.03,2016-09-26,MAV,PIONEER MUNI HIGH INC ADV FD INC,6726.0,240.0
72376210,13.06,13.04,2016-09-27,MAV,PIONEER MUNI HIGH INC ADV FD INC,6726.0,240.0
72376210,13.17,13.07,2016-09-28,MAV,PIONEER MUNI HIGH INC ADV FD INC,6726.0,240.0
72376210,13.03,13.16,2016-09-29,MAV,PIONEER MUNI HIGH INC ADV FD INC,6726.0,240.0
72376210,13.09,13.06,2016-09-30,MAV,PIONEER MUNI HIGH INC ADV FD INC,6726.0,240.0
72376210,13.11,13.1,2016-10-03,MAV,PIONEER MUNI HIGH INC ADV FD INC,6726.0,240.0
72376210,12.98,13.13,2016-10-04,MAV,PIONEER MUNI HIGH INC ADV FD INC,6726.0,240.0
72376210,12.97,13.03,2016-10-05,MAV,PIONEER MUNI HIGH INC ADV FD INC,6726.0,240.0
72376210,12.96,12.95,2016-10-06,MAV,PIONEER MUNI HIGH INC ADV FD INC,6726.0,240.0
72376210,12.96,13.0,2016-10-07,MAV,PIONEER MUNI HIGH INC ADV FD INC,6726.0,240.0
72376210,13.0,12.96,2016-10-10,MAV,PIONEER MUNI HIGH INC ADV FD INC,6726.0,240.0
72376210,12.97,13.03,2016-10-11,MAV,PIONEER MUNI HIGH INC ADV FD INC,6726.0,240.0
72376210,12.93,12.95,2016-10-12,MAV,PIONEER MUNI HIGH INC ADV FD INC,6726.0,240.0
72376210,12.82,12.87,2016-10-13,MAV,PIONEER MUNI HIGH INC ADV FD INC,6726.0,240.0
72376210,12.74,12.75,2016-10-14,MAV,PIONEER MUNI HIGH INC ADV FD INC,6726.0,240.0
72376210,12.54,12.66,2016-10-17,MAV,PIONEER MUNI HIGH INC ADV FD INC,6726.0,240.0
72376210,12.58,12.64,2016-10-18,MAV,PIONEER MUNI HIGH INC ADV FD INC,6726.0,240.0
72376210,12.77,12.59,2016-10-19,MAV,PIONEER MUNI HIGH INC ADV FD INC,6726.0,240.0
72376210,12.75,12.83,2016-10-20,MAV,PIONEER MUNI HIGH INC ADV FD INC,6726.0,240.0
72376210,12.74,12.79,2016-10-21,MAV,PIONEER MUNI HIGH INC ADV FD INC,6726.0,240.0
72376210,12.75,12.81,2016-10-24,MAV,PIONEER MUNI HIGH INC ADV FD INC,6726.0,240.0
72376210,12.79,12.79,2016-10-25,MAV,PIONEER MUNI HIGH INC ADV FD INC,6726.0,240.0
72376210,12.78,12.78,2016-10-26,MAV,PIONEER MUNI HIGH INC ADV FD INC,6726.0,240.0
72376210,12.7,12.78,2016-10-27,MAV,PIONEER MUNI HIGH INC ADV FD INC,6726.0,240.0
72376210,12.73,12.73,2016-10-28,MAV,PIONEER MUNI HIGH INC ADV FD INC,6726.0,240.0
72376210,12.75,12.83,2016-10-31,MAV,PIONEER MUNI HIGH INC ADV FD INC,6726.0,240.0
72376210,12.76,12.75,2016-11-01,MAV,PIONEER MUNI HIGH INC ADV FD INC,6726.0,240.0
72376210,12.83,12.79,2016-11-02,MAV,PIONEER MUNI HIGH INC ADV FD INC,6726.0,240.0
72376210,12.78,12.85,2016-11-03,MAV,PIONEER MUNI HIGH INC ADV FD INC,6726.0,240.0
72376210,12.85,12.73,2016-11-04,MAV,PIONEER MUNI HIGH INC ADV FD INC,6726.0,240.0
72376210,12.85,12.85,2016-11-07,MAV,PIONEER MUNI HIGH INC ADV FD INC,6726.0,240.0
72376210,12.8,12.88,2016-11-08,MAV,PIONEER MUNI HIGH INC ADV FD INC,6726.0,240.0
72376210,12.72,12.7,2016-11-09,MAV,PIONEER MUNI HIGH INC ADV FD INC,6726.0,240.0
72376210,12.53,12.65,2016-11-10,MAV,PIONEER MUNI HIGH INC ADV FD INC,6726.0,240.0
72376210,12.3,12.1,2016-11-11,MAV,PIONEER MUNI HIGH INC ADV FD INC,6726.0,240.0
72376210,11.95,12.1,2016-11-14,MAV,PIONEER MUNI HIGH INC ADV FD INC,6726.0,240.0
72376210,11.87,11.96,2016-11-15,MAV,PIONEER MUNI HIGH INC ADV FD INC,6726.0,240.0
72376210,11.97,11.95,2016-11-16,MAV,PIONEER MUNI HIGH INC ADV FD INC,6726.0,240.0
72376210,11.88,11.98,2016-11-17,MAV,PIONEER MUNI HIGH INC ADV FD INC,6726.0,240.0
72376210,11.8,11.8,2016-11-18,MAV,PIONEER MUNI HIGH INC ADV FD INC,6726.0,240.0
72376210,11.93,11.88,2016-11-21,MAV,PIONEER MUNI HIGH INC ADV FD INC,6726.0,240.0
72376210,11.98,12.02,2016-11-22,MAV,PIONEER MUNI HIGH INC ADV FD INC,6726.0,240.0
72376210,12.04,11.94,2016-11-23,MAV,PIONEER MUNI HIGH INC ADV FD INC,6726.0,240.0
72376210,12.09,12.14,2016-11-25,MAV,PIONEER MUNI HIGH INC ADV FD INC,6726.0,240.0
72376210,12.03,12.12,2016-11-28,MAV,PIONEER MUNI HIGH INC ADV FD INC,6726.0,240.0
72376210,11.97,12.0,2016-11-29,MAV,PIONEER MUNI HIGH INC ADV FD INC,6726.0,240.0
72376210,11.88,11.9,2016-11-30,MAV,PIONEER MUNI HIGH INC ADV FD INC,6726.0,240.0
72376210,11.82,11.85,2016-12-01,MAV,PIONEER MUNI HIGH INC ADV FD INC,6726.0,240.0
72376210,11.8,11.82,2016-12-02,MAV,PIONEER MUNI HIGH INC ADV FD INC,6726.0,240.0
72376210,11.81,11.76,2016-12-05,MAV,PIONEER MUNI HIGH INC ADV FD INC,6726.0,240.0
72376210,11.89,11.77,2016-12-06,MAV,PIONEER MUNI HIGH INC ADV FD INC,6726.0,240.0
72376210,11.97,11.94,2016-12-07,MAV,PIONEER MUNI HIGH INC ADV FD INC,6726.0,240.0
72376210,11.87,11.97,2016-12-08,MAV,PIONEER MUNI HIGH INC ADV FD INC,6726.0,240.0
72376210,11.84,11.84,2016-12-09,MAV,PIONEER MUNI HIGH INC ADV FD INC,6726.0,240.0
72376210,11.72,11.75,2016-12-12,MAV,PIONEER MUNI HIGH INC ADV FD INC,6726.0,240.0
72376210,11.84,11.75,2016-12-13,MAV,PIONEER MUNI HIGH INC ADV FD INC,6726.0,240.0
72376210,11.89,11.89,2016-12-14,MAV,PIONEER MUNI HIGH INC ADV FD INC,6726.0,240.0
72376210,11.72,11.88,2016-12-15,MAV,PIONEER MUNI HIGH INC ADV FD INC,6726.0,240.0
72376210,11.78,11.78,2016-12-16,MAV,PIONEER MUNI HIGH INC ADV FD INC,6726.0,240.0
72376210,11.82,11.8,2016-12-19,MAV,PIONEER MUNI HIGH INC ADV FD INC,6726.0,240.0
72376210,11.79,11.78,2016-12-20,MAV,PIONEER MUNI HIGH INC ADV FD INC,6726.0,240.0
72376210,11.79,11.83,2016-12-21,MAV,PIONEER MUNI HIGH INC ADV FD INC,6726.0,240.0
72376210,11.76,11.82,2016-12-22,MAV,PIONEER MUNI HIGH INC ADV FD INC,6726.0,240.0
72376210,11.72,11.76,2016-12-23,MAV,PIONEER MUNI HIGH INC ADV FD INC,6726.0,240.0
72376210,11.69,11.71,2016-12-27,MAV,PIONEER MUNI HIGH INC ADV FD INC,6726.0,240.0
72376210,11.71,11.75,2016-12-28,MAV,PIONEER MUNI HIGH INC ADV FD INC,6726.0,240.0
72376210,11.74,11.72,2016-12-29,MAV,PIONEER MUNI HIGH INC ADV FD INC,6726.0,240.0
72376210,11.81,11.73,2016-12-30,MAV,PIONEER MUNI HIGH INC ADV FD INC,6726.0,240.0
72376210,11.94,11.83,2017-01-03,MAV,PIONEER MUNI HIGH INC ADV FD INC,6726.0,240.0
72376210,11.95,11.99,2017-01-04,MAV,PIONEER MUNI HIGH INC ADV FD INC,6726.0,240.0
72376210,11.96,11.99,2017-01-05,MAV,PIONEER MUNI HIGH INC ADV FD INC,6726.0,240.0
72376210,11.32,11.4,2017-01-06,MAV,PIONEER MUNI HIGH INC ADV FD INC,6726.0,240.0
72376210,11.21,11.22,2017-01-09,MAV,PIONEER MUNI HIGH INC ADV FD INC,6726.0,240.0
72376210,11.32,11.23,2017-01-10,MAV,PIONEER MUNI HIGH INC ADV FD INC,6726.0,240.0
72376210,11.35,11.32,2017-01-11,MAV,PIONEER MUNI HIGH INC ADV FD INC,6726.0,240.0
72376210,11.36,11.38,2017-01-12,MAV,PIONEER MUNI HIGH INC ADV FD INC,6726.0,240.0
72376210,11.35,11.36,2017-01-13,MAV,PIONEER MUNI HIGH INC ADV FD INC,6726.0,240.0
72376210,11.29,11.34,2017-01-17,MAV,PIONEER MUNI HIGH INC ADV FD INC,6726.0,240.0
72376210,11.27,11.26,2017-01-18,MAV,PIONEER MUNI HIGH INC ADV FD INC,6726.0,240.0
72376210,11.16,11.27,2017-01-19,MAV,PIONEER MUNI HIGH INC ADV FD INC,6726.0,240.0
72376210,11.11,11.23,2017-01-20,MAV,PIONEER MUNI HIGH INC ADV FD INC,6726.0,240.0
72376210,11.16,11.11,2017-01-23,MAV,PIONEER MUNI HIGH INC ADV FD INC,6726.0,240.0
72376210,11.16,11.15,2017-01-24,MAV,PIONEER MUNI HIGH INC ADV FD INC,6726.0,240.0
72376210,11.11,11.14,2017-01-25,MAV,PIONEER MUNI HIGH INC ADV FD INC,6726.0,240.0
72376210,11.09,11.09,2017-01-26,MAV,PIONEER MUNI HIGH INC ADV FD INC,6726.0,240.0
72376210,11.14,11.15,2017-01-27,MAV,PIONEER MUNI HIGH INC ADV FD INC,6726.0,240.0
72376210,11.1192,11.1,2017-01-30,MAV,PIONEER MUNI HIGH INC ADV FD INC,6726.0,240.0
72376210,11.11,11.11,2017-01-31,MAV,PIONEER MUNI HIGH INC ADV FD INC,6726.0,240.0
72376210,11.09,11.14,2017-02-01,MAV,PIONEER MUNI HIGH INC ADV FD INC,6726.0,240.0
72376210,11.12,11.05,2017-02-02,MAV,PIONEER MUNI HIGH INC ADV FD INC,6726.0,240.0
72376210,11.11,11.1,2017-02-03,MAV,PIONEER MUNI HIGH INC ADV FD INC,6726.0,240.0
72376210,11.14,11.16,2017-02-06,MAV,PIONEER MUNI HIGH INC ADV FD INC,6726.0,240.0
72376210,11.16,11.16,2017-02-07,MAV,PIONEER MUNI HIGH INC ADV FD INC,6726.0,240.0
72376210,11.14,11.16,2017-02-08,MAV,PIONEER MUNI HIGH INC ADV FD INC,6726.0,240.0
72376210,11.1214,11.12,2017-02-09,MAV,PIONEER MUNI HIGH INC ADV FD INC,6726.0,240.0
72376210,11.1237,11.1,2017-02-10,MAV,PIONEER MUNI HIGH INC ADV FD INC,6726.0,240.0
72376210,11.09,11.12,2017-02-13,MAV,PIONEER MUNI HIGH INC ADV FD INC,6726.0,240.0
72376210,11.0,11.03,2017-02-14,MAV,PIONEER MUNI HIGH INC ADV FD INC,6726.0,240.0
72376210,10.9693,11.0,2017-02-15,MAV,PIONEER MUNI HIGH INC ADV FD INC,6726.0,240.0
72376210,10.97,11.0,2017-02-16,MAV,PIONEER MUNI HIGH INC ADV FD INC,6726.0,240.0
72376210,10.94,10.95,2017-02-17,MAV,PIONEER MUNI HIGH INC ADV FD INC,6726.0,240.0
72376210,10.97,10.94,2017-02-21,MAV,PIONEER MUNI HIGH INC ADV FD INC,6726.0,240.0
72376210,10.97,11.0,2017-02-22,MAV,PIONEER MUNI HIGH INC ADV FD INC,6726.0,240.0
72376210,11.0,10.96,2017-02-23,MAV,PIONEER MUNI HIGH INC ADV FD INC,6726.0,240.0
72376210,11.05,11.06,2017-02-24,MAV,PIONEER MUNI HIGH INC ADV FD INC,6726.0,240.0
72376210,11.01,11.06,2017-02-27,MAV,PIONEER MUNI HIGH INC ADV FD INC,6726.0,240.0
72376210,11.04,11.06,2017-02-28,MAV,PIONEER MUNI HIGH INC ADV FD INC,6726.0,240.0
72376210,11.0,11.0,2017-03-01,MAV,PIONEER MUNI HIGH INC ADV FD INC,6726.0,240.0
72376210,10.96,11.03,2017-03-02,MAV,PIONEER MUNI HIGH INC ADV FD INC,6726.0,240.0
72376210,10.95,10.97,2017-03-03,MAV,PIONEER MUNI HIGH INC ADV FD INC,6726.0,240.0
72376210,10.91,10.91,2017-03-06,MAV,PIONEER MUNI HIGH INC ADV FD INC,6726.0,240.0
72376210,10.93,10.9,2017-03-07,MAV,PIONEER MUNI HIGH INC ADV FD INC,6726.0,240.0
72376210,10.88,10.9,2017-03-08,MAV,PIONEER MUNI HIGH INC ADV FD INC,6726.0,240.0
72376210,10.76,10.87,2017-03-09,MAV,PIONEER MUNI HIGH INC ADV FD INC,6726.0,240.0
72376210,10.73,10.76,2017-03-10,MAV,PIONEER MUNI HIGH INC ADV FD INC,6726.0,240.0
72376210,10.66,10.68,2017-03-13,MAV,PIONEER MUNI HIGH INC ADV FD INC,6726.0,240.0
72376210,10.64,10.65,2017-03-14,MAV,PIONEER MUNI HIGH INC ADV FD INC,6726.0,240.0
72376210,10.73,10.64,2017-03-15,MAV,PIONEER MUNI HIGH INC ADV FD INC,6726.0,240.0
72376210,10.71,10.73,2017-03-16,MAV,PIONEER MUNI HIGH INC ADV FD INC,6726.0,240.0
72376210,10.76,10.72,2017-03-17,MAV,PIONEER MUNI HIGH INC ADV FD INC,6726.0,240.0
72376210,10.81,10.73,2017-03-20,MAV,PIONEER MUNI HIGH INC ADV FD INC,6726.0,240.0
72376210,10.86,10.81,2017-03-21,MAV,PIONEER MUNI HIGH INC ADV FD INC,6726.0,240.0
72376210,10.88,10.87,2017-03-22,MAV,PIONEER MUNI HIGH INC ADV FD INC,6726.0,240.0
72376210,10.88,10.9,2017-03-23,MAV,PIONEER MUNI HIGH INC ADV FD INC,6726.0,240.0
72376210,10.91,10.87,2017-03-24,MAV,PIONEER MUNI HIGH INC ADV FD INC,6726.0,240.0
72376210,10.93,10.93,2017-03-27,MAV,PIONEER MUNI HIGH INC ADV FD INC,6726.0,240.0
72376210,10.92,10.93,2017-03-28,MAV,PIONEER MUNI HIGH INC ADV FD INC,6726.0,240.0
72376210,10.97,10.94,2017-03-29,MAV,PIONEER MUNI HIGH INC ADV FD INC,6726.0,240.0
72376210,10.96,10.94,2017-03-30,MAV,PIONEER MUNI HIGH INC ADV FD INC,6726.0,240.0
72376210,10.99,10.96,2017-03-31,MAV,PIONEER MUNI HIGH INC ADV FD INC,6726.0,240.0
72376210,11.03,10.99,2017-04-03,MAV,PIONEER MUNI HIGH INC ADV FD INC,6726.0,240.0
72376210,11.04,11.01,2017-04-04,MAV,PIONEER MUNI HIGH INC ADV FD INC,6726.0,240.0
72376210,11.03,11.03,2017-04-05,MAV,PIONEER MUNI HIGH INC ADV FD INC,6726.0,240.0
72376210,11.04,11.01,2017-04-06,MAV,PIONEER MUNI HIGH INC ADV FD INC,6726.0,240.0
72376210,11.12,11.05,2017-04-07,MAV,PIONEER MUNI HIGH INC ADV FD INC,6726.0,240.0
72376210,11.22,11.15,2017-04-10,MAV,PIONEER MUNI HIGH INC ADV FD INC,6726.0,240.0
72376210,11.31,11.3,2017-04-11,MAV,PIONEER MUNI HIGH INC ADV FD INC,6726.0,240.0
72376210,11.38,11.32,2017-04-12,MAV,PIONEER MUNI HIGH INC ADV FD INC,6726.0,240.0
72376210,11.42,11.37,2017-04-13,MAV,PIONEER MUNI HIGH INC ADV FD INC,6726.0,240.0
72376210,11.37,11.42,2017-04-17,MAV,PIONEER MUNI HIGH INC ADV FD INC,6726.0,240.0
72376210,11.34,11.35,2017-04-18,MAV,PIONEER MUNI HIGH INC ADV FD INC,6726.0,240.0
72376210,11.33,11.34,2017-04-19,MAV,PIONEER MUNI HIGH INC ADV FD INC,6726.0,240.0
72376210,11.27,11.32,2017-04-20,MAV,PIONEER MUNI HIGH INC ADV FD INC,6726.0,240.0
72376210,11.32,11.29,2017-04-21,MAV,PIONEER MUNI HIGH INC ADV FD INC,6726.0,240.0
72376210,11.3,11.3,2017-04-24,MAV,PIONEER MUNI HIGH INC ADV FD INC,6726.0,240.0
72376210,11.21,11.27,2017-04-25,MAV,PIONEER MUNI HIGH INC ADV FD INC,6726.0,240.0
72376210,11.27,11.23,2017-04-26,MAV,PIONEER MUNI HIGH INC ADV FD INC,6726.0,240.0
72376210,11.22,11.26,2017-04-27,MAV,PIONEER MUNI HIGH INC ADV FD INC,6726.0,240.0
72376210,11.23,11.24,2017-04-28,MAV,PIONEER MUNI HIGH INC ADV FD INC,6726.0,240.0
72376210,11.21,11.21,2017-05-01,MAV,PIONEER MUNI HIGH INC ADV FD INC,6726.0,240.0
72376210,11.19,11.2,2017-05-02,MAV,PIONEER MUNI HIGH INC ADV FD INC,6726.0,240.0
72376210,11.3,11.2,2017-05-03,MAV,PIONEER MUNI HIGH INC ADV FD INC,6726.0,240.0
72376210,11.36,11.3,2017-05-04,MAV,PIONEER MUNI HIGH INC ADV FD INC,6726.0,240.0
72376210,11.33,11.34,2017-05-05,MAV,PIONEER MUNI HIGH INC ADV FD INC,6726.0,240.0
72376210,11.32,11.31,2017-05-08,MAV,PIONEER MUNI HIGH INC ADV FD INC,6726.0,240.0
72376210,11.32,11.33,2017-05-09,MAV,PIONEER MUNI HIGH INC ADV FD INC,6726.0,240.0
72376210,11.28,11.31,2017-05-10,MAV,PIONEER MUNI HIGH INC ADV FD INC,6726.0,240.0
72376210,11.3,11.31,2017-05-11,MAV,PIONEER MUNI HIGH INC ADV FD INC,6726.0,240.0
72376210,11.42,11.29,2017-05-12,MAV,PIONEER MUNI HIGH INC ADV FD INC,6726.0,240.0
72376210,11.5,11.4,2017-05-15,MAV,PIONEER MUNI HIGH INC ADV FD INC,6726.0,240.0
72376210,11.49,11.5,2017-05-16,MAV,PIONEER MUNI HIGH INC ADV FD INC,6726.0,240.0
72376210,11.54,11.5,2017-05-17,MAV,PIONEER MUNI HIGH INC ADV FD INC,6726.0,240.0
72376210,11.42,11.56,2017-05-18,MAV,PIONEER MUNI HIGH INC ADV FD INC,6726.0,240.0
72376210,11.39,11.41,2017-05-19,MAV,PIONEER MUNI HIGH INC ADV FD INC,6726.0,240.0
72376210,11.38,11.38,2017-05-22,MAV,PIONEER MUNI HIGH INC ADV FD INC,6726.0,240.0
72376210,11.43,11.41,2017-05-23,MAV,PIONEER MUNI HIGH INC ADV FD INC,6726.0,240.0
72376210,11.4323,11.43,2017-05-24,MAV,PIONEER MUNI HIGH INC ADV FD INC,6726.0,240.0
72376210,11.42,11.43,2017-05-25,MAV,PIONEER MUNI HIGH INC ADV FD INC,6726.0,240.0
72376210,11.43,11.46,2017-05-26,MAV,PIONEER MUNI HIGH INC ADV FD INC,6726.0,240.0
72376210,11.46,11.51,2017-05-30,MAV,PIONEER MUNI HIGH INC ADV FD INC,6726.0,240.0
72376210,11.54,11.51,2017-05-31,MAV,PIONEER MUNI HIGH INC ADV FD INC,6726.0,240.0
72376210,11.56,11.55,2017-06-01,MAV,PIONEER MUNI HIGH INC ADV FD INC,6726.0,240.0
72376210,11.58,11.62,2017-06-02,MAV,PIONEER MUNI HIGH INC ADV FD INC,6726.0,240.0
72376210,11.54,11.62,2017-06-05,MAV,PIONEER MUNI HIGH INC ADV FD INC,6726.0,240.0
72376210,11.56,11.54,2017-06-06,MAV,PIONEER MUNI HIGH INC ADV FD INC,6726.0,240.0
72376210,11.58,11.54,2017-06-07,MAV,PIONEER MUNI HIGH INC ADV FD INC,6726.0,240.0
72376210,11.56,11.56,2017-06-08,MAV,PIONEER MUNI HIGH INC ADV FD INC,6726.0,240.0
72376210,11.55,11.56,2017-06-09,MAV,PIONEER MUNI HIGH INC ADV FD INC,6726.0,240.0
72376210,11.5,11.56,2017-06-12,MAV,PIONEER MUNI HIGH INC ADV FD INC,6726.0,240.0
72376210,11.46,11.46,2017-06-13,MAV,PIONEER MUNI HIGH INC ADV FD INC,6726.0,240.0
72376210,11.5,11.49,2017-06-14,MAV,PIONEER MUNI HIGH INC ADV FD INC,6726.0,240.0
72376210,11.54,11.46,2017-06-15,MAV,PIONEER MUNI HIGH INC ADV FD INC,6726.0,240.0
72376210,11.64,11.56,2017-06-16,MAV,PIONEER MUNI HIGH INC ADV FD INC,6726.0,240.0
72376210,11.63,11.65,2017-06-19,MAV,PIONEER MUNI HIGH INC ADV FD INC,6726.0,240.0
72376210,11.7,11.64,2017-06-20,MAV,PIONEER MUNI HIGH INC ADV FD INC,6726.0,240.0
72376210,11.61,11.67,2017-06-21,MAV,PIONEER MUNI HIGH INC ADV FD INC,6726.0,240.0
72376210,11.63,11.61,2017-06-22,MAV,PIONEER MUNI HIGH INC ADV FD INC,6726.0,240.0
72376210,11.8,11.63,2017-06-23,MAV,PIONEER MUNI HIGH INC ADV FD INC,6726.0,240.0
72376210,11.76,11.8,2017-06-26,MAV,PIONEER MUNI HIGH INC ADV FD INC,6726.0,240.0
72376210,11.73,11.72,2017-06-27,MAV,PIONEER MUNI HIGH INC ADV FD INC,6726.0,240.0
72376210,11.76,11.73,2017-06-28,MAV,PIONEER MUNI HIGH INC ADV FD INC,6726.0,240.0
72376210,11.72,11.74,2017-06-29,MAV,PIONEER MUNI HIGH INC ADV FD INC,6726.0,240.0
72376210,11.7,11.7,2017-06-30,MAV,PIONEER MUNI HIGH INC ADV FD INC,6726.0,240.0
72376210,11.71,11.73,2017-07-03,MAV,PIONEER MUNI HIGH INC ADV FD INC,6726.0,240.0
72376210,11.68,11.73,2017-07-05,MAV,PIONEER MUNI HIGH INC ADV FD INC,6726.0,240.0
72376210,11.57,11.68,2017-07-06,MAV,PIONEER MUNI HIGH INC ADV FD INC,6726.0,240.0
72376210,11.48,11.58,2017-07-07,MAV,PIONEER MUNI HIGH INC ADV FD INC,6726.0,240.0
72376210,11.51,11.53,2017-07-10,MAV,PIONEER MUNI HIGH INC ADV FD INC,6726.0,240.0
72376210,11.53,11.53,2017-07-11,MAV,PIONEER MUNI HIGH INC ADV FD INC,6726.0,240.0
72376210,11.58,11.55,2017-07-12,MAV,PIONEER MUNI HIGH INC ADV FD INC,6726.0,240.0
72376210,11.62,11.62,2017-07-13,MAV,PIONEER MUNI HIGH INC ADV FD INC,6726.0,240.0
72376210,11.6,11.6,2017-07-14,MAV,PIONEER MUNI HIGH INC ADV FD INC,6726.0,240.0
72376210,11.56,11.61,2017-07-17,MAV,PIONEER MUNI HIGH INC ADV FD INC,6726.0,240.0
72376210,11.6,11.6,2017-07-18,MAV,PIONEER MUNI HIGH INC ADV FD INC,6726.0,240.0
72376210,11.63,11.6,2017-07-19,MAV,PIONEER MUNI HIGH INC ADV FD INC,6726.0,240.0
72376210,11.59,11.64,2017-07-20,MAV,PIONEER MUNI HIGH INC ADV FD INC,6726.0,240.0
72376210,11.64,11.58,2017-07-21,MAV,PIONEER MUNI HIGH INC ADV FD INC,6726.0,240.0
72376210,11.59,11.61,2017-07-24,MAV,PIONEER MUNI HIGH INC ADV FD INC,6726.0,240.0
72376210,11.58,11.61,2017-07-25,MAV,PIONEER MUNI HIGH INC ADV FD INC,6726.0,240.0
72376210,11.65,11.54,2017-07-26,MAV,PIONEER MUNI HIGH INC ADV FD INC,6726.0,240.0
72376210,11.565,11.63,2017-07-27,MAV,PIONEER MUNI HIGH INC ADV FD INC,6726.0,240.0
72376210,11.63,11.55,2017-07-28,MAV,PIONEER MUNI HIGH INC ADV FD INC,6726.0,240.0
72376210,11.63,11.63,2017-07-31,MAV,PIONEER MUNI HIGH INC ADV FD INC,6726.0,240.0
72376210,11.68,11.63,2017-08-01,MAV,PIONEER MUNI HIGH INC ADV FD INC,6726.0,240.0
72376210,11.62,11.68,2017-08-02,MAV,PIONEER MUNI HIGH INC ADV FD INC,6726.0,240.0
72376210,11.65,11.66,2017-08-03,MAV,PIONEER MUNI HIGH INC ADV FD INC,6726.0,240.0
72376210,11.6,11.66,2017-08-04,MAV,PIONEER MUNI HIGH INC ADV FD INC,6726.0,240.0
72376210,11.6301,11.6,2017-08-07,MAV,PIONEER MUNI HIGH INC ADV FD INC,6726.0,240.0
72376210,11.6,11.67,2017-08-08,MAV,PIONEER MUNI HIGH INC ADV FD INC,6726.0,240.0
72376210,11.5,11.63,2017-08-09,MAV,PIONEER MUNI HIGH INC ADV FD INC,6726.0,240.0
72376210,11.44,11.5,2017-08-10,MAV,PIONEER MUNI HIGH INC ADV FD INC,6726.0,240.0
72376210,11.47,11.4,2017-08-11,MAV,PIONEER MUNI HIGH INC ADV FD INC,6726.0,240.0
72376210,11.43,11.48,2017-08-14,MAV,PIONEER MUNI HIGH INC ADV FD INC,6726.0,240.0
72376210,11.41,11.43,2017-08-15,MAV,PIONEER MUNI HIGH INC ADV FD INC,6726.0,240.0
72376210,11.33,11.4,2017-08-16,MAV,PIONEER MUNI HIGH INC ADV FD INC,6726.0,240.0
72376210,11.36,11.33,2017-08-17,MAV,PIONEER MUNI HIGH INC ADV FD INC,6726.0,240.0
72376210,11.42,11.33,2017-08-18,MAV,PIONEER MUNI HIGH INC ADV FD INC,6726.0,240.0
72376210,11.47,11.39,2017-08-21,MAV,PIONEER MUNI HIGH INC ADV FD INC,6726.0,240.0
72376210,11.47,11.51,2017-08-22,MAV,PIONEER MUNI HIGH INC ADV FD INC,6726.0,240.0
72376210,11.47,11.46,2017-08-23,MAV,PIONEER MUNI HIGH INC ADV FD INC,6726.0,240.0
72376210,11.49,11.5,2017-08-24,MAV,PIONEER MUNI HIGH INC ADV FD INC,6726.0,240.0
72376210,11.53,11.51,2017-08-25,MAV,PIONEER MUNI HIGH INC ADV FD INC,6726.0,240.0
72376210,11.59,11.51,2017-08-28,MAV,PIONEER MUNI HIGH INC ADV FD INC,6726.0,240.0
72376210,11.65,11.59,2017-08-29,MAV,PIONEER MUNI HIGH INC ADV FD INC,6726.0,240.0
72376210,11.71,11.63,2017-08-30,MAV,PIONEER MUNI HIGH INC ADV FD INC,6726.0,240.0
72376210,11.7227,11.73,2017-08-31,MAV,PIONEER MUNI HIGH INC ADV FD INC,6726.0,240.0
72376210,11.71,11.67,2017-09-01,MAV,PIONEER MUNI HIGH INC ADV FD INC,6726.0,240.0
72376210,11.65,11.68,2017-09-05,MAV,PIONEER MUNI HIGH INC ADV FD INC,6726.0,240.0
72376210,11.62,11.64,2017-09-06,MAV,PIONEER MUNI HIGH INC ADV FD INC,6726.0,240.0
72376210,11.64,11.63,2017-09-07,MAV,PIONEER MUNI HIGH INC ADV FD INC,6726.0,240.0
72376210,11.63,11.67,2017-09-08,MAV,PIONEER MUNI HIGH INC ADV FD INC,6726.0,240.0
72376210,11.69,11.67,2017-09-11,MAV,PIONEER MUNI HIGH INC ADV FD INC,6726.0,240.0
72376210,11.67,11.68,2017-09-12,MAV,PIONEER MUNI HIGH INC ADV FD INC,6726.0,240.0
72376210,11.75,11.66,2017-09-13,MAV,PIONEER MUNI HIGH INC ADV FD INC,6726.0,240.0
72376210,11.87,11.75,2017-09-14,MAV,PIONEER MUNI HIGH INC ADV FD INC,6726.0,240.0
72376210,11.83,11.8,2017-09-15,MAV,PIONEER MUNI HIGH INC ADV FD INC,6726.0,240.0
72376210,11.81,11.82,2017-09-18,MAV,PIONEER MUNI HIGH INC ADV FD INC,6726.0,240.0
72376210,11.71,11.82,2017-09-19,MAV,PIONEER MUNI HIGH INC ADV FD INC,6726.0,240.0
72376210,11.65,11.71,2017-09-20,MAV,PIONEER MUNI HIGH INC ADV FD INC,6726.0,240.0
72376210,11.57,11.64,2017-09-21,MAV,PIONEER MUNI HIGH INC ADV FD INC,6726.0,240.0
72376210,11.58,11.55,2017-09-22,MAV,PIONEER MUNI HIGH INC ADV FD INC,6726.0,240.0
72376210,11.62,11.64,2017-09-25,MAV,PIONEER MUNI HIGH INC ADV FD INC,6726.0,240.0
72376210,11.66,11.62,2017-09-26,MAV,PIONEER MUNI HIGH INC ADV FD INC,6726.0,240.0
72376210,11.5401,11.63,2017-09-27,MAV,PIONEER MUNI HIGH INC ADV FD INC,6726.0,240.0
72376210,11.55,11.49,2017-09-28,MAV,PIONEER MUNI HIGH INC ADV FD INC,6726.0,240.0
72376210,11.55,11.57,2017-09-29,MAV,PIONEER MUNI HIGH INC ADV FD INC,6726.0,240.0
72376210,11.54,11.55,2017-10-02,MAV,PIONEER MUNI HIGH INC ADV FD INC,6726.0,240.0
72376210,11.57,11.55,2017-10-03,MAV,PIONEER MUNI HIGH INC ADV FD INC,6726.0,240.0
72376210,11.46,11.53,2017-10-04,MAV,PIONEER MUNI HIGH INC ADV FD INC,6726.0,240.0
72376210,11.49,11.48,2017-10-05,MAV,PIONEER MUNI HIGH INC ADV FD INC,6726.0,240.0
72376210,11.49,11.46,2017-10-06,MAV,PIONEER MUNI HIGH INC ADV FD INC,6726.0,240.0
72376210,11.53,11.49,2017-10-09,MAV,PIONEER MUNI HIGH INC ADV FD INC,6726.0,240.0
72376210,11.55,11.54,2017-10-10,MAV,PIONEER MUNI HIGH INC ADV FD INC,6726.0,240.0
72376210,11.61,11.57,2017-10-11,MAV,PIONEER MUNI HIGH INC ADV FD INC,6726.0,240.0
72376210,11.64,11.63,2017-10-12,MAV,PIONEER MUNI HIGH INC ADV FD INC,6726.0,240.0
72376210,11.67,11.66,2017-10-13,MAV,PIONEER MUNI HIGH INC ADV FD INC,6726.0,240.0
72376210,11.7,11.66,2017-10-16,MAV,PIONEER MUNI HIGH INC ADV FD INC,6726.0,240.0
72376210,11.58,11.58,2017-10-17,MAV,PIONEER MUNI HIGH INC ADV FD INC,6726.0,240.0
72376210,11.49,11.56,2017-10-18,MAV,PIONEER MUNI HIGH INC ADV FD INC,6726.0,240.0
72376210,11.46,11.49,2017-10-19,MAV,PIONEER MUNI HIGH INC ADV FD INC,6726.0,240.0
72376210,11.45,11.44,2017-10-20,MAV,PIONEER MUNI HIGH INC ADV FD INC,6726.0,240.0
72376210,11.35,11.45,2017-10-23,MAV,PIONEER MUNI HIGH INC ADV FD INC,6726.0,240.0
72376210,11.33,11.31,2017-10-24,MAV,PIONEER MUNI HIGH INC ADV FD INC,6726.0,240.0
72376210,11.2,11.3,2017-10-25,MAV,PIONEER MUNI HIGH INC ADV FD INC,6726.0,240.0
72376210,11.29,11.27,2017-10-26,MAV,PIONEER MUNI HIGH INC ADV FD INC,6726.0,240.0
72376210,11.38,11.3,2017-10-27,MAV,PIONEER MUNI HIGH INC ADV FD INC,6726.0,240.0
72376210,11.41,11.36,2017-10-30,MAV,PIONEER MUNI HIGH INC ADV FD INC,6726.0,240.0
72376210,11.41,11.42,2017-10-31,MAV,PIONEER MUNI HIGH INC ADV FD INC,6726.0,240.0
72376210,11.35,11.41,2017-11-01,MAV,PIONEER MUNI HIGH INC ADV FD INC,6726.0,240.0
72376210,11.34,11.37,2017-11-02,MAV,PIONEER MUNI HIGH INC ADV FD INC,6726.0,240.0
72376210,11.26,11.36,2017-11-03,MAV,PIONEER MUNI HIGH INC ADV FD INC,6726.0,240.0
72376210,11.37,11.3,2017-11-06,MAV,PIONEER MUNI HIGH INC ADV FD INC,6726.0,240.0
72376210,11.44,11.41,2017-11-07,MAV,PIONEER MUNI HIGH INC ADV FD INC,6726.0,240.0
72376210,11.44,11.46,2017-11-08,MAV,PIONEER MUNI HIGH INC ADV FD INC,6726.0,240.0
72376210,11.46,11.42,2017-11-09,MAV,PIONEER MUNI HIGH INC ADV FD INC,6726.0,240.0
72376210,11.4,11.44,2017-11-10,MAV,PIONEER MUNI HIGH INC ADV FD INC,6726.0,240.0
72376210,11.49,11.4,2017-11-13,MAV,PIONEER MUNI HIGH INC ADV FD INC,6726.0,240.0
72376210,11.55,11.51,2017-11-14,MAV,PIONEER MUNI HIGH INC ADV FD INC,6726.0,240.0
72376210,11.54,11.51,2017-11-15,MAV,PIONEER MUNI HIGH INC ADV FD INC,6726.0,240.0
72376210,11.47,11.49,2017-11-16,MAV,PIONEER MUNI HIGH INC ADV FD INC,6726.0,240.0
72376210,11.44,11.44,2017-11-17,MAV,PIONEER MUNI HIGH INC ADV FD INC,6726.0,240.0
72376210,11.37,11.43,2017-11-20,MAV,PIONEER MUNI HIGH INC ADV FD INC,6726.0,240.0
72376210,11.39,11.35,2017-11-21,MAV,PIONEER MUNI HIGH INC ADV FD INC,6726.0,240.0
72376210,11.45,11.4,2017-11-22,MAV,PIONEER MUNI HIGH INC ADV FD INC,6726.0,240.0
72376210,11.49,11.45,2017-11-24,MAV,PIONEER MUNI HIGH INC ADV FD INC,6726.0,240.0
72376210,11.45,11.49,2017-11-27,MAV,PIONEER MUNI HIGH INC ADV FD INC,6726.0,240.0
72376210,11.43,11.45,2017-11-28,MAV,PIONEER MUNI HIGH INC ADV FD INC,6726.0,240.0
72376210,11.39,11.41,2017-11-29,MAV,PIONEER MUNI HIGH INC ADV FD INC,6726.0,240.0
72376210,11.39,11.39,2017-11-30,MAV,PIONEER MUNI HIGH INC ADV FD INC,6726.0,240.0
72376210,11.38,11.36,2017-12-01,MAV,PIONEER MUNI HIGH INC ADV FD INC,6726.0,240.0
72376210,11.35,11.4,2017-12-04,MAV,PIONEER MUNI HIGH INC ADV FD INC,6726.0,240.0
72376210,11.42,11.37,2017-12-05,MAV,PIONEER MUNI HIGH INC ADV FD INC,6726.0,240.0
72376210,11.53,11.42,2017-12-06,MAV,PIONEER MUNI HIGH INC ADV FD INC,6726.0,240.0
72376210,11.6,11.54,2017-12-07,MAV,PIONEER MUNI HIGH INC ADV FD INC,6726.0,240.0
72376210,11.65,11.62,2017-12-08,MAV,PIONEER MUNI HIGH INC ADV FD INC,6726.0,240.0
72376210,11.6,11.59,2017-12-11,MAV,PIONEER MUNI HIGH INC ADV FD INC,6726.0,240.0
72376210,11.69,11.6,2017-12-12,MAV,PIONEER MUNI HIGH INC ADV FD INC,6726.0,240.0
72376210,11.55,11.63,2017-12-13,MAV,PIONEER MUNI HIGH INC ADV FD INC,6726.0,240.0
72376210,11.51,11.51,2017-12-14,MAV,PIONEER MUNI HIGH INC ADV FD INC,6726.0,240.0
72376210,11.43,11.54,2017-12-15,MAV,PIONEER MUNI HIGH INC ADV FD INC,6726.0,240.0
72376210,11.44,11.48,2017-12-18,MAV,PIONEER MUNI HIGH INC ADV FD INC,6726.0,240.0
72376210,11.41,11.41,2017-12-19,MAV,PIONEER MUNI HIGH INC ADV FD INC,6726.0,240.0
72376210,11.3328,11.31,2017-12-20,MAV,PIONEER MUNI HIGH INC ADV FD INC,6726.0,240.0
72376210,11.35,11.26,2017-12-21,MAV,PIONEER MUNI HIGH INC ADV FD INC,6726.0,240.0
72376210,11.375,11.32,2017-12-22,MAV,PIONEER MUNI HIGH INC ADV FD INC,6726.0,240.0
72376210,11.36,11.37,2017-12-26,MAV,PIONEER MUNI HIGH INC ADV FD INC,6726.0,240.0
72376210,11.405,11.33,2017-12-27,MAV,PIONEER MUNI HIGH INC ADV FD INC,6726.0,240.0
72376210,11.37,11.37,2017-12-28,MAV,PIONEER MUNI HIGH INC ADV FD INC,6726.0,240.0
72376210,11.37,11.32,2017-12-29,MAV,PIONEER MUNI HIGH INC ADV FD INC,6726.0,240.0
72376210,11.44,11.42,2018-01-02,MAV,PIONEER MUNI HIGH INC ADV FD INC,6726.0,240.0
72376210,11.48,11.46,2018-01-03,MAV,PIONEER MUNI HIGH INC ADV FD INC,6726.0,240.0
72376210,11.47,11.49,2018-01-04,MAV,PIONEER MUNI HIGH INC ADV FD INC,6726.0,240.0
72376210,11.45,11.52,2018-01-05,MAV,PIONEER MUNI HIGH INC ADV FD INC,6726.0,240.0
72376210,11.49,11.5,2018-01-08,MAV,PIONEER MUNI HIGH INC ADV FD INC,6726.0,240.0
72376210,11.4451,11.49,2018-01-09,MAV,PIONEER MUNI HIGH INC ADV FD INC,6726.0,240.0
72376210,11.3838,11.35,2018-01-10,MAV,PIONEER MUNI HIGH INC ADV FD INC,6726.0,240.0
72376210,11.37,11.4,2018-01-11,MAV,PIONEER MUNI HIGH INC ADV FD INC,6726.0,240.0
72376210,11.35,11.39,2018-01-12,MAV,PIONEER MUNI HIGH INC ADV FD INC,6726.0,240.0
72376210,11.39,11.35,2018-01-16,MAV,PIONEER MUNI HIGH INC ADV FD INC,6726.0,240.0
72376210,11.29,11.37,2018-01-17,MAV,PIONEER MUNI HIGH INC ADV FD INC,6726.0,240.0
72376210,11.25,11.29,2018-01-18,MAV,PIONEER MUNI HIGH INC ADV FD INC,6726.0,240.0
72376210,11.28,11.28,2018-01-19,MAV,PIONEER MUNI HIGH INC ADV FD INC,6726.0,240.0
72376210,11.25,11.26,2018-01-22,MAV,PIONEER MUNI HIGH INC ADV FD INC,6726.0,240.0
72376210,11.25,11.29,2018-01-23,MAV,PIONEER MUNI HIGH INC ADV FD INC,6726.0,240.0
72376210,11.23,11.27,2018-01-24,MAV,PIONEER MUNI HIGH INC ADV FD INC,6726.0,240.0
72376210,11.15,11.22,2018-01-25,MAV,PIONEER MUNI HIGH INC ADV FD INC,6726.0,240.0
72376210,11.1,11.12,2018-01-26,MAV,PIONEER MUNI HIGH INC ADV FD INC,6726.0,240.0
72376210,10.91,11.03,2018-01-29,MAV,PIONEER MUNI HIGH INC ADV FD INC,6726.0,240.0
72376210,10.84,10.85,2018-01-30,MAV,PIONEER MUNI HIGH INC ADV FD INC,6726.0,240.0
72376210,10.82,10.86,2018-01-31,MAV,PIONEER MUNI HIGH INC ADV FD INC,6726.0,240.0
72376210,10.81,10.8,2018-02-01,MAV,PIONEER MUNI HIGH INC ADV FD INC,6726.0,240.0
72376210,10.72,10.79,2018-02-02,MAV,PIONEER MUNI HIGH INC ADV FD INC,6726.0,240.0
72376210,10.65,10.68,2018-02-05,MAV,PIONEER MUNI HIGH INC ADV FD INC,6726.0,240.0
72376210,10.74,10.63,2018-02-06,MAV,PIONEER MUNI HIGH INC ADV FD INC,6726.0,240.0
72376210,10.87,10.74,2018-02-07,MAV,PIONEER MUNI HIGH INC ADV FD INC,6726.0,240.0
72376210,10.83,10.89,2018-02-08,MAV,PIONEER MUNI HIGH INC ADV FD INC,6726.0,240.0
72376210,10.79,10.85,2018-02-09,MAV,PIONEER MUNI HIGH INC ADV FD INC,6726.0,240.0
72376210,10.8,10.82,2018-02-12,MAV,PIONEER MUNI HIGH INC ADV FD INC,6726.0,240.0
72376210,10.87,10.77,2018-02-13,MAV,PIONEER MUNI HIGH INC ADV FD INC,6726.0,240.0
72376210,10.9,11.0,2018-02-14,MAV,PIONEER MUNI HIGH INC ADV FD INC,6726.0,240.0
72376210,10.85,10.89,2018-02-15,MAV,PIONEER MUNI HIGH INC ADV FD INC,6726.0,240.0
72376210,10.73,10.8,2018-02-16,MAV,PIONEER MUNI HIGH INC ADV FD INC,6726.0,240.0
72376210,10.7,10.74,2018-02-20,MAV,PIONEER MUNI HIGH INC ADV FD INC,6726.0,240.0
72376210,10.67,10.66,2018-02-21,MAV,PIONEER MUNI HIGH INC ADV FD INC,6726.0,240.0
72376210,10.64,10.65,2018-02-22,MAV,PIONEER MUNI HIGH INC ADV FD INC,6726.0,240.0
72376210,10.72,10.68,2018-02-23,MAV,PIONEER MUNI HIGH INC ADV FD INC,6726.0,240.0
72376210,10.77,10.72,2018-02-26,MAV,PIONEER MUNI HIGH INC ADV FD INC,6726.0,240.0
72376210,10.76,10.78,2018-02-27,MAV,PIONEER MUNI HIGH INC ADV FD INC,6726.0,240.0
72376210,10.77,10.79,2018-02-28,MAV,PIONEER MUNI HIGH INC ADV FD INC,6726.0,240.0
72376210,10.7,10.73,2018-03-01,MAV,PIONEER MUNI HIGH INC ADV FD INC,6726.0,240.0
72376210,10.7,10.71,2018-03-02,MAV,PIONEER MUNI HIGH INC ADV FD INC,6726.0,240.0
72376210,10.73,10.73,2018-03-05,MAV,PIONEER MUNI HIGH INC ADV FD INC,6726.0,240.0
72376210,10.75,10.71,2018-03-06,MAV,PIONEER MUNI HIGH INC ADV FD INC,6726.0,240.0
72376210,10.74,10.74,2018-03-07,MAV,PIONEER MUNI HIGH INC ADV FD INC,6726.0,240.0
72376210,10.71,10.78,2018-03-08,MAV,PIONEER MUNI HIGH INC ADV FD INC,6726.0,240.0
72376210,10.72,10.7,2018-03-09,MAV,PIONEER MUNI HIGH INC ADV FD INC,6726.0,240.0
72376210,10.69,10.73,2018-03-12,MAV,PIONEER MUNI HIGH INC ADV FD INC,6726.0,240.0
72376210,10.66,10.73,2018-03-13,MAV,PIONEER MUNI HIGH INC ADV FD INC,6726.0,240.0
72376210,10.67,10.66,2018-03-14,MAV,PIONEER MUNI HIGH INC ADV FD INC,6726.0,240.0
72376210,10.62,10.67,2018-03-15,MAV,PIONEER MUNI HIGH INC ADV FD INC,6726.0,240.0
72376210,10.63,10.61,2018-03-16,MAV,PIONEER MUNI HIGH INC ADV FD INC,6726.0,240.0
72376210,10.62,10.62,2018-03-19,MAV,PIONEER MUNI HIGH INC ADV FD INC,6726.0,240.0
72376210,10.64,10.62,2018-03-20,MAV,PIONEER MUNI HIGH INC ADV FD INC,6726.0,240.0
72376210,10.66,10.65,2018-03-21,MAV,PIONEER MUNI HIGH INC ADV FD INC,6726.0,240.0
72376210,10.62,10.63,2018-03-22,MAV,PIONEER MUNI HIGH INC ADV FD INC,6726.0,240.0
72376210,10.61,10.63,2018-03-23,MAV,PIONEER MUNI HIGH INC ADV FD INC,6726.0,240.0
72376210,10.62,10.6,2018-03-26,MAV,PIONEER MUNI HIGH INC ADV FD INC,6726.0,240.0
72376210,10.63,10.67,2018-03-27,MAV,PIONEER MUNI HIGH INC ADV FD INC,6726.0,240.0
72376210,10.66,10.65,2018-03-28,MAV,PIONEER MUNI HIGH INC ADV FD INC,6726.0,240.0
72376210,10.72,10.69,2018-03-29,MAV,PIONEER MUNI HIGH INC ADV FD INC,6726.0,240.0
72376210,10.73,10.72,2018-04-02,MAV,PIONEER MUNI HIGH INC ADV FD INC,6726.0,240.0
72376210,10.66,10.74,2018-04-03,MAV,PIONEER MUNI HIGH INC ADV FD INC,6726.0,240.0
72376210,10.66,10.62,2018-04-04,MAV,PIONEER MUNI HIGH INC ADV FD INC,6726.0,240.0
72376210,10.73,10.66,2018-04-05,MAV,PIONEER MUNI HIGH INC ADV FD INC,6726.0,240.0
72376210,10.75,10.75,2018-04-06,MAV,PIONEER MUNI HIGH INC ADV FD INC,6726.0,240.0
72376210,10.79,10.75,2018-04-09,MAV,PIONEER MUNI HIGH INC ADV FD INC,6726.0,240.0
72376210,10.781,10.77,2018-04-10,MAV,PIONEER MUNI HIGH INC ADV FD INC,6726.0,240.0
72376210,10.88,10.79,2018-04-11,MAV,PIONEER MUNI HIGH INC ADV FD INC,6726.0,240.0
72376210,10.795,10.89,2018-04-12,MAV,PIONEER MUNI HIGH INC ADV FD INC,6726.0,240.0
72376210,10.8,10.77,2018-04-13,MAV,PIONEER MUNI HIGH INC ADV FD INC,6726.0,240.0
72376210,10.76,10.79,2018-04-16,MAV,PIONEER MUNI HIGH INC ADV FD INC,6726.0,240.0
72376210,10.68,10.71,2018-04-17,MAV,PIONEER MUNI HIGH INC ADV FD INC,6726.0,240.0
72376210,10.66,10.64,2018-04-18,MAV,PIONEER MUNI HIGH INC ADV FD INC,6726.0,240.0
72376210,10.74,10.65,2018-04-19,MAV,PIONEER MUNI HIGH INC ADV FD INC,6726.0,240.0
72376210,10.71,10.73,2018-04-20,MAV,PIONEER MUNI HIGH INC ADV FD INC,6726.0,240.0
72376210,10.6598,10.69,2018-04-23,MAV,PIONEER MUNI HIGH INC ADV FD INC,6726.0,240.0
72376210,10.65,10.67,2018-04-24,MAV,PIONEER MUNI HIGH INC ADV FD INC,6726.0,240.0
72376210,10.64,10.65,2018-04-25,MAV,PIONEER MUNI HIGH INC ADV FD INC,6726.0,240.0
72376210,10.67,10.67,2018-04-26,MAV,PIONEER MUNI HIGH INC ADV FD INC,6726.0,240.0
72376210,10.65,10.67,2018-04-27,MAV,PIONEER MUNI HIGH INC ADV FD INC,6726.0,240.0
72376210,10.71,10.7,2018-04-30,MAV,PIONEER MUNI HIGH INC ADV FD INC,6726.0,240.0
72376210,10.79,10.71,2018-05-01,MAV,PIONEER MUNI HIGH INC ADV FD INC,6726.0,240.0
72376210,10.78,10.84,2018-05-02,MAV,PIONEER MUNI HIGH INC ADV FD INC,6726.0,240.0
72376210,10.82,10.81,2018-05-03,MAV,PIONEER MUNI HIGH INC ADV FD INC,6726.0,240.0
72376210,10.83,10.82,2018-05-04,MAV,PIONEER MUNI HIGH INC ADV FD INC,6726.0,240.0
72376210,10.79,10.81,2018-05-07,MAV,PIONEER MUNI HIGH INC ADV FD INC,6726.0,240.0
72376210,10.86,10.77,2018-05-08,MAV,PIONEER MUNI HIGH INC ADV FD INC,6726.0,240.0
72376210,10.93,10.85,2018-05-09,MAV,PIONEER MUNI HIGH INC ADV FD INC,6726.0,240.0
72376210,11.03,10.93,2018-05-10,MAV,PIONEER MUNI HIGH INC ADV FD INC,6726.0,240.0
72376210,11.06,11.05,2018-05-11,MAV,PIONEER MUNI HIGH INC ADV FD INC,6726.0,240.0
72376210,11.07,11.06,2018-05-14,MAV,PIONEER MUNI HIGH INC ADV FD INC,6726.0,240.0
72376210,10.92,11.0,2018-05-15,MAV,PIONEER MUNI HIGH INC ADV FD INC,6726.0,240.0
72376210,11.0,10.94,2018-05-16,MAV,PIONEER MUNI HIGH INC ADV FD INC,6726.0,240.0
72376210,10.89,10.97,2018-05-17,MAV,PIONEER MUNI HIGH INC ADV FD INC,6726.0,240.0
72376210,10.88,10.92,2018-05-18,MAV,PIONEER MUNI HIGH INC ADV FD INC,6726.0,240.0
72376210,10.87,10.92,2018-05-21,MAV,PIONEER MUNI HIGH INC ADV FD INC,6726.0,240.0
72376210,10.92,10.86,2018-05-22,MAV,PIONEER MUNI HIGH INC ADV FD INC,6726.0,240.0
72376210,10.93,10.94,2018-05-23,MAV,PIONEER MUNI HIGH INC ADV FD INC,6726.0,240.0
72376210,10.99,10.96,2018-05-24,MAV,PIONEER MUNI HIGH INC ADV FD INC,6726.0,240.0
72376210,11.05,11.05,2018-05-25,MAV,PIONEER MUNI HIGH INC ADV FD INC,6726.0,240.0
72376210,11.0,11.05,2018-05-29,MAV,PIONEER MUNI HIGH INC ADV FD INC,6726.0,240.0
72376210,11.01,11.0,2018-05-30,MAV,PIONEER MUNI HIGH INC ADV FD INC,6726.0,240.0
72376210,11.07,11.07,2018-05-31,MAV,PIONEER MUNI HIGH INC ADV FD INC,6726.0,240.0
72376210,11.1,11.1,2018-06-01,MAV,PIONEER MUNI HIGH INC ADV FD INC,6726.0,240.0
72376210,11.02,11.09,2018-06-04,MAV,PIONEER MUNI HIGH INC ADV FD INC,6726.0,240.0
72376210,11.15,11.07,2018-06-05,MAV,PIONEER MUNI HIGH INC ADV FD INC,6726.0,240.0
72376210,11.13,11.13,2018-06-06,MAV,PIONEER MUNI HIGH INC ADV FD INC,6726.0,240.0
72376210,10.94,11.12,2018-06-07,MAV,PIONEER MUNI HIGH INC ADV FD INC,6726.0,240.0
72376210,10.97,10.95,2018-06-08,MAV,PIONEER MUNI HIGH INC ADV FD INC,6726.0,240.0
72376210,11.0,11.0,2018-06-11,MAV,PIONEER MUNI HIGH INC ADV FD INC,6726.0,240.0
72376210,10.99,11.0,2018-06-12,MAV,PIONEER MUNI HIGH INC ADV FD INC,6726.0,240.0
72376210,10.9251,11.0,2018-06-13,MAV,PIONEER MUNI HIGH INC ADV FD INC,6726.0,240.0
72376210,10.85,10.94,2018-06-14,MAV,PIONEER MUNI HIGH INC ADV FD INC,6726.0,240.0
72376210,10.84,10.81,2018-06-15,MAV,PIONEER MUNI HIGH INC ADV FD INC,6726.0,240.0
72376210,10.84,10.86,2018-06-18,MAV,PIONEER MUNI HIGH INC ADV FD INC,6726.0,240.0
72376210,10.9199,10.84,2018-06-19,MAV,PIONEER MUNI HIGH INC ADV FD INC,6726.0,240.0
72376210,10.89,10.88,2018-06-20,MAV,PIONEER MUNI HIGH INC ADV FD INC,6726.0,240.0
72376210,10.905,10.89,2018-06-21,MAV,PIONEER MUNI HIGH INC ADV FD INC,6726.0,240.0
72376210,10.9044,10.88,2018-06-22,MAV,PIONEER MUNI HIGH INC ADV FD INC,6726.0,240.0
72376210,10.89,10.9,2018-06-25,MAV,PIONEER MUNI HIGH INC ADV FD INC,6726.0,240.0
72376210,10.885,10.86,2018-06-26,MAV,PIONEER MUNI HIGH INC ADV FD INC,6726.0,240.0
72376210,10.8715,10.91,2018-06-27,MAV,PIONEER MUNI HIGH INC ADV FD INC,6726.0,240.0
72376210,10.93,10.9,2018-06-28,MAV,PIONEER MUNI HIGH INC ADV FD INC,6726.0,240.0
72376210,10.95,10.95,2018-06-29,MAV,PIONEER MUNI HIGH INC ADV FD INC,6726.0,240.0
72376210,10.98,10.99,2018-07-02,MAV,PIONEER MUNI HIGH INC ADV FD INC,6726.0,240.0
72376210,10.96,10.97,2018-07-03,MAV,PIONEER MUNI HIGH INC ADV FD INC,6726.0,240.0
72376210,10.9,10.94,2018-07-05,MAV,PIONEER MUNI HIGH INC ADV FD INC,6726.0,240.0
72376210,10.93,10.96,2018-07-06,MAV,PIONEER MUNI HIGH INC ADV FD INC,6726.0,240.0
72376210,10.85,10.89,2018-07-09,MAV,PIONEER MUNI HIGH INC ADV FD INC,6726.0,240.0
72376210,10.85,10.84,2018-07-10,MAV,PIONEER MUNI HIGH INC ADV FD INC,6726.0,240.0
72376210,10.88,10.87,2018-07-11,MAV,PIONEER MUNI HIGH INC ADV FD INC,6726.0,240.0
72376210,10.89,10.88,2018-07-12,MAV,PIONEER MUNI HIGH INC ADV FD INC,6726.0,240.0
72376210,10.92,10.91,2018-07-13,MAV,PIONEER MUNI HIGH INC ADV FD INC,6726.0,240.0
72376210,10.88,10.89,2018-07-16,MAV,PIONEER MUNI HIGH INC ADV FD INC,6726.0,240.0
72376210,10.92,10.88,2018-07-17,MAV,PIONEER MUNI HIGH INC ADV FD INC,6726.0,240.0
72376210,10.9,10.89,2018-07-18,MAV,PIONEER MUNI HIGH INC ADV FD INC,6726.0,240.0
72376210,10.88,10.87,2018-07-19,MAV,PIONEER MUNI HIGH INC ADV FD INC,6726.0,240.0
72376210,10.91,10.89,2018-07-20,MAV,PIONEER MUNI HIGH INC ADV FD INC,6726.0,240.0
72376210,10.95,10.95,2018-07-23,MAV,PIONEER MUNI HIGH INC ADV FD INC,6726.0,240.0
72376210,10.93,10.95,2018-07-24,MAV,PIONEER MUNI HIGH INC ADV FD INC,6726.0,240.0
72376210,10.9368,10.95,2018-07-25,MAV,PIONEER MUNI HIGH INC ADV FD INC,6726.0,240.0
72376210,10.86,10.95,2018-07-26,MAV,PIONEER MUNI HIGH INC ADV FD INC,6726.0,240.0
72376210,10.97,10.92,2018-07-27,MAV,PIONEER MUNI HIGH INC ADV FD INC,6726.0,240.0
72376210,10.89,10.93,2018-07-30,MAV,PIONEER MUNI HIGH INC ADV FD INC,6726.0,240.0
72376210,10.92,10.94,2018-07-31,MAV,PIONEER MUNI HIGH INC ADV FD INC,6726.0,240.0
72376210,10.97,10.92,2018-08-01,MAV,PIONEER MUNI HIGH INC ADV FD INC,6726.0,240.0
72376210,10.94,11.0,2018-08-02,MAV,PIONEER MUNI HIGH INC ADV FD INC,6726.0,240.0
72376210,10.87,10.95,2018-08-03,MAV,PIONEER MUNI HIGH INC ADV FD INC,6726.0,240.0
72376210,10.9,10.9,2018-08-06,MAV,PIONEER MUNI HIGH INC ADV FD INC,6726.0,240.0
72376210,10.89,10.91,2018-08-07,MAV,PIONEER MUNI HIGH INC ADV FD INC,6726.0,240.0
72376210,10.92,10.91,2018-08-08,MAV,PIONEER MUNI HIGH INC ADV FD INC,6726.0,240.0
72376210,10.9,10.92,2018-08-09,MAV,PIONEER MUNI HIGH INC ADV FD INC,6726.0,240.0
72376210,10.96,10.92,2018-08-10,MAV,PIONEER MUNI HIGH INC ADV FD INC,6726.0,240.0
72376210,11.0,10.96,2018-08-13,MAV,PIONEER MUNI HIGH INC ADV FD INC,6726.0,240.0
72376210,11.1,11.0,2018-08-14,MAV,PIONEER MUNI HIGH INC ADV FD INC,6726.0,240.0
72376210,11.14,11.13,2018-08-15,MAV,PIONEER MUNI HIGH INC ADV FD INC,6726.0,240.0
72376210,11.06,11.13,2018-08-16,MAV,PIONEER MUNI HIGH INC ADV FD INC,6726.0,240.0
72376210,11.0,11.04,2018-08-17,MAV,PIONEER MUNI HIGH INC ADV FD INC,6726.0,240.0
72376210,11.06,11.01,2018-08-20,MAV,PIONEER MUNI HIGH INC ADV FD INC,6726.0,240.0
72376210,11.04,11.05,2018-08-21,MAV,PIONEER MUNI HIGH INC ADV FD INC,6726.0,240.0
72376210,11.05,11.08,2018-08-22,MAV,PIONEER MUNI HIGH INC ADV FD INC,6726.0,240.0
72376210,11.09,11.1,2018-08-23,MAV,PIONEER MUNI HIGH INC ADV FD INC,6726.0,240.0
72376210,11.25,11.12,2018-08-24,MAV,PIONEER MUNI HIGH INC ADV FD INC,6726.0,240.0
72376210,11.2,11.29,2018-08-27,MAV,PIONEER MUNI HIGH INC ADV FD INC,6726.0,240.0
72376210,11.12,11.2,2018-08-28,MAV,PIONEER MUNI HIGH INC ADV FD INC,6726.0,240.0
72376210,11.11,11.12,2018-08-29,MAV,PIONEER MUNI HIGH INC ADV FD INC,6726.0,240.0
72376210,11.14,11.15,2018-08-30,MAV,PIONEER MUNI HIGH INC ADV FD INC,6726.0,240.0
72376210,11.2,11.18,2018-08-31,MAV,PIONEER MUNI HIGH INC ADV FD INC,6726.0,240.0
72376210,11.18,11.22,2018-09-04,MAV,PIONEER MUNI HIGH INC ADV FD INC,6726.0,240.0
72376210,11.175,11.24,2018-09-05,MAV,PIONEER MUNI HIGH INC ADV FD INC,6726.0,240.0
72376210,11.18,11.2,2018-09-06,MAV,PIONEER MUNI HIGH INC ADV FD INC,6726.0,240.0
72376210,11.08,11.18,2018-09-07,MAV,PIONEER MUNI HIGH INC ADV FD INC,6726.0,240.0
72376210,11.15,11.12,2018-09-10,MAV,PIONEER MUNI HIGH INC ADV FD INC,6726.0,240.0
72376210,11.13,11.15,2018-09-11,MAV,PIONEER MUNI HIGH INC ADV FD INC,6726.0,240.0
72376210,11.11,11.16,2018-09-12,MAV,PIONEER MUNI HIGH INC ADV FD INC,6726.0,240.0
72376210,11.07,11.13,2018-09-13,MAV,PIONEER MUNI HIGH INC ADV FD INC,6726.0,240.0
72376210,10.96,11.07,2018-09-14,MAV,PIONEER MUNI HIGH INC ADV FD INC,6726.0,240.0
72376210,10.85,10.87,2018-09-17,MAV,PIONEER MUNI HIGH INC ADV FD INC,6726.0,240.0
72376210,10.86,10.85,2018-09-18,MAV,PIONEER MUNI HIGH INC ADV FD INC,6726.0,240.0
72376210,10.88,10.92,2018-09-19,MAV,PIONEER MUNI HIGH INC ADV FD INC,6726.0,240.0
72376210,10.92,10.92,2018-09-20,MAV,PIONEER MUNI HIGH INC ADV FD INC,6726.0,240.0
72376210,10.83,10.9,2018-09-21,MAV,PIONEER MUNI HIGH INC ADV FD INC,6726.0,240.0
72376210,10.78,10.84,2018-09-24,MAV,PIONEER MUNI HIGH INC ADV FD INC,6726.0,240.0
72376210,10.73,10.74,2018-09-25,MAV,PIONEER MUNI HIGH INC ADV FD INC,6726.0,240.0
72376210,10.72,10.73,2018-09-26,MAV,PIONEER MUNI HIGH INC ADV FD INC,6726.0,240.0
72376210,10.7,10.75,2018-09-27,MAV,PIONEER MUNI HIGH INC ADV FD INC,6726.0,240.0
72376210,10.66,10.76,2018-09-28,MAV,PIONEER MUNI HIGH INC ADV FD INC,6726.0,240.0
72376210,10.69,10.65,2018-10-01,MAV,PIONEER MUNI HIGH INC ADV FD INC,6726.0,240.0
72376210,10.77,10.71,2018-10-02,MAV,PIONEER MUNI HIGH INC ADV FD INC,6726.0,240.0
72376210,10.69,10.74,2018-10-03,MAV,PIONEER MUNI HIGH INC ADV FD INC,6726.0,240.0
72376210,10.62,10.67,2018-10-04,MAV,PIONEER MUNI HIGH INC ADV FD INC,6726.0,240.0
72376210,10.53,10.6,2018-10-05,MAV,PIONEER MUNI HIGH INC ADV FD INC,6726.0,240.0
72376210,10.48,10.62,2018-10-08,MAV,PIONEER MUNI HIGH INC ADV FD INC,6726.0,240.0
72376210,10.57,10.58,2018-10-09,MAV,PIONEER MUNI HIGH INC ADV FD INC,6726.0,240.0
72376210,10.51,10.55,2018-10-10,MAV,PIONEER MUNI HIGH INC ADV FD INC,6726.0,240.0
72376210,10.44,10.51,2018-10-11,MAV,PIONEER MUNI HIGH INC ADV FD INC,6726.0,240.0
72376210,10.56,10.55,2018-10-12,MAV,PIONEER MUNI HIGH INC ADV FD INC,6726.0,240.0
72376210,10.61,10.52,2018-10-15,MAV,PIONEER MUNI HIGH INC ADV FD INC,6726.0,240.0
72376210,10.44,10.62,2018-10-16,MAV,PIONEER MUNI HIGH INC ADV FD INC,6726.0,240.0
72376210,10.38,10.45,2018-10-17,MAV,PIONEER MUNI HIGH INC ADV FD INC,6726.0,240.0
72376210,10.35,10.38,2018-10-18,MAV,PIONEER MUNI HIGH INC ADV FD INC,6726.0,240.0
72376210,10.28,10.34,2018-10-19,MAV,PIONEER MUNI HIGH INC ADV FD INC,6726.0,240.0
72376210,10.3725,10.28,2018-10-22,MAV,PIONEER MUNI HIGH INC ADV FD INC,6726.0,240.0
72376210,10.34,10.36,2018-10-23,MAV,PIONEER MUNI HIGH INC ADV FD INC,6726.0,240.0
72376210,10.35,10.34,2018-10-24,MAV,PIONEER MUNI HIGH INC ADV FD INC,6726.0,240.0
72376210,10.43,10.39,2018-10-25,MAV,PIONEER MUNI HIGH INC ADV FD INC,6726.0,240.0
72376210,10.39,10.43,2018-10-26,MAV,PIONEER MUNI HIGH INC ADV FD INC,6726.0,240.0
72376210,10.3,10.33,2018-10-29,MAV,PIONEER MUNI HIGH INC ADV FD INC,6726.0,240.0
72376210,10.37,10.28,2018-10-30,MAV,PIONEER MUNI HIGH INC ADV FD INC,6726.0,240.0
72376210,10.4,10.39,2018-10-31,MAV,PIONEER MUNI HIGH INC ADV FD INC,6726.0,240.0
72376210,10.47,10.41,2018-11-01,MAV,PIONEER MUNI HIGH INC ADV FD INC,6726.0,240.0
72376210,10.38,10.48,2018-11-02,MAV,PIONEER MUNI HIGH INC ADV FD INC,6726.0,240.0
72376210,10.39,10.39,2018-11-05,MAV,PIONEER MUNI HIGH INC ADV FD INC,6726.0,240.0
72376210,10.44,10.44,2018-11-06,MAV,PIONEER MUNI HIGH INC ADV FD INC,6726.0,240.0
72376210,10.59,10.53,2018-11-07,MAV,PIONEER MUNI HIGH INC ADV FD INC,6726.0,240.0
72376210,10.63,10.61,2018-11-08,MAV,PIONEER MUNI HIGH INC ADV FD INC,6726.0,240.0
72376210,10.68,10.65,2018-11-09,MAV,PIONEER MUNI HIGH INC ADV FD INC,6726.0,240.0
72376210,10.63,10.51,2018-11-12,MAV,PIONEER MUNI HIGH INC ADV FD INC,6726.0,240.0
72376210,10.69,10.67,2018-11-13,MAV,PIONEER MUNI HIGH INC ADV FD INC,6726.0,240.0
72376210,10.76,10.74,2018-11-14,MAV,PIONEER MUNI HIGH INC ADV FD INC,6726.0,240.0
72376210,10.55,10.69,2018-11-15,MAV,PIONEER MUNI HIGH INC ADV FD INC,6726.0,240.0
72376210,10.51,10.59,2018-11-16,MAV,PIONEER MUNI HIGH INC ADV FD INC,6726.0,240.0
72376210,10.47,10.53,2018-11-19,MAV,PIONEER MUNI HIGH INC ADV FD INC,6726.0,240.0
72376210,10.44,10.5,2018-11-20,MAV,PIONEER MUNI HIGH INC ADV FD INC,6726.0,240.0
72376210,10.2775,10.44,2018-11-21,MAV,PIONEER MUNI HIGH INC ADV FD INC,6726.0,240.0
72376210,10.2273,10.25,2018-11-23,MAV,PIONEER MUNI HIGH INC ADV FD INC,6726.0,240.0
72376210,10.265,10.25,2018-11-26,MAV,PIONEER MUNI HIGH INC ADV FD INC,6726.0,240.0
72376210,10.35,10.26,2018-11-27,MAV,PIONEER MUNI HIGH INC ADV FD INC,6726.0,240.0
72376210,10.32,10.36,2018-11-28,MAV,PIONEER MUNI HIGH INC ADV FD INC,6726.0,240.0
72376210,10.37,10.36,2018-11-29,MAV,PIONEER MUNI HIGH INC ADV FD INC,6726.0,240.0
72376210,10.39,10.42,2018-11-30,MAV,PIONEER MUNI HIGH INC ADV FD INC,6726.0,240.0
72376210,10.4,10.39,2018-12-03,MAV,PIONEER MUNI HIGH INC ADV FD INC,6726.0,240.0
72376210,10.47,10.4,2018-12-04,MAV,PIONEER MUNI HIGH INC ADV FD INC,6726.0,240.0
72376210,10.53,10.51,2018-12-06,MAV,PIONEER MUNI HIGH INC ADV FD INC,6726.0,240.0
72376210,10.52,10.48,2018-12-07,MAV,PIONEER MUNI HIGH INC ADV FD INC,6726.0,240.0
72376210,10.62,10.57,2018-12-10,MAV,PIONEER MUNI HIGH INC ADV FD INC,6726.0,240.0
72376210,10.6,10.66,2018-12-11,MAV,PIONEER MUNI HIGH INC ADV FD INC,6726.0,240.0
72376210,10.6,10.59,2018-12-12,MAV,PIONEER MUNI HIGH INC ADV FD INC,6726.0,240.0
72376210,10.42,10.59,2018-12-13,MAV,PIONEER MUNI HIGH INC ADV FD INC,6726.0,240.0
72376210,10.46,10.42,2018-12-14,MAV,PIONEER MUNI HIGH INC ADV FD INC,6726.0,240.0
72376210,10.25,10.39,2018-12-17,MAV,PIONEER MUNI HIGH INC ADV FD INC,6726.0,240.0
72376210,10.35,10.31,2018-12-18,MAV,PIONEER MUNI HIGH INC ADV FD INC,6726.0,240.0
72376210,10.25,10.31,2018-12-19,MAV,PIONEER MUNI HIGH INC ADV FD INC,6726.0,240.0
72376210,10.11,10.34,2018-12-20,MAV,PIONEER MUNI HIGH INC ADV FD INC,6726.0,240.0
72376210,10.23,10.1,2018-12-21,MAV,PIONEER MUNI HIGH INC ADV FD INC,6726.0,240.0
72376210,10.3,10.28,2018-12-24,MAV,PIONEER MUNI HIGH INC ADV FD INC,6726.0,240.0
72376210,10.1886,10.31,2018-12-26,MAV,PIONEER MUNI HIGH INC ADV FD INC,6726.0,240.0
72376210,10.18,10.26,2018-12-27,MAV,PIONEER MUNI HIGH INC ADV FD INC,6726.0,240.0
72376210,10.15,10.21,2018-12-28,MAV,PIONEER MUNI HIGH INC ADV FD INC,6726.0,240.0
72376210,10.2,10.17,2018-12-31,MAV,PIONEER MUNI HIGH INC ADV FD INC,6726.0,240.0
72376210,10.44,10.2,2019-01-02,MAV,PIONEER MUNI HIGH INC ADV FD INC,6726.0,240.0
72376210,10.52,10.45,2019-01-03,MAV,PIONEER MUNI HIGH INC ADV FD INC,6726.0,240.0
72376210,10.55,10.54,2019-01-04,MAV,PIONEER MUNI HIGH INC ADV FD INC,6726.0,240.0
72376210,10.64,10.6,2019-01-07,MAV,PIONEER MUNI HIGH INC ADV FD INC,6726.0,240.0
72376210,10.71,10.75,2019-01-08,MAV,PIONEER MUNI HIGH INC ADV FD INC,6726.0,240.0
72376210,10.74,10.75,2019-01-09,MAV,PIONEER MUNI HIGH INC ADV FD INC,6726.0,240.0
72376210,10.73,10.75,2019-01-10,MAV,PIONEER MUNI HIGH INC ADV FD INC,6726.0,240.0
72376210,10.78,10.79,2019-01-11,MAV,PIONEER MUNI HIGH INC ADV FD INC,6726.0,240.0
72376210,10.78,10.8,2019-01-14,MAV,PIONEER MUNI HIGH INC ADV FD INC,6726.0,240.0
72376210,10.78,10.78,2019-01-15,MAV,PIONEER MUNI HIGH INC ADV FD INC,6726.0,240.0
72376210,10.76,10.79,2019-01-16,MAV,PIONEER MUNI HIGH INC ADV FD INC,6726.0,240.0
72376210,10.71,10.76,2019-01-17,MAV,PIONEER MUNI HIGH INC ADV FD INC,6726.0,240.0
72376210,10.73,10.72,2019-01-18,MAV,PIONEER MUNI HIGH INC ADV FD INC,6726.0,240.0
72376210,10.75,10.73,2019-01-22,MAV,PIONEER MUNI HIGH INC ADV FD INC,6726.0,240.0
72376210,10.81,10.79,2019-01-23,MAV,PIONEER MUNI HIGH INC ADV FD INC,6726.0,240.0
72376210,10.9,10.84,2019-01-24,MAV,PIONEER MUNI HIGH INC ADV FD INC,6726.0,240.0
72376210,10.86,10.93,2019-01-25,MAV,PIONEER MUNI HIGH INC ADV FD INC,6726.0,240.0
72376210,10.91,10.94,2019-01-28,MAV,PIONEER MUNI HIGH INC ADV FD INC,6726.0,240.0
72376210,10.94,10.95,2019-01-29,MAV,PIONEER MUNI HIGH INC ADV FD INC,6726.0,240.0
72376210,10.9,10.95,2019-01-30,MAV,PIONEER MUNI HIGH INC ADV FD INC,6726.0,240.0
72376210,10.93,10.95,2019-01-31,MAV,PIONEER MUNI HIGH INC ADV FD INC,6726.0,240.0
72376210,10.9437,10.93,2019-02-01,MAV,PIONEER MUNI HIGH INC ADV FD INC,6726.0,240.0
72376210,10.96,10.96,2019-02-04,MAV,PIONEER MUNI HIGH INC ADV FD INC,6726.0,240.0
72376210,11.05,10.95,2019-02-05,MAV,PIONEER MUNI HIGH INC ADV FD INC,6726.0,240.0
72376210,10.54,10.57,2019-02-06,MAV,PIONEER MUNI HIGH INC ADV FD INC,6726.0,240.0
72376210,10.33,10.56,2019-02-07,MAV,PIONEER MUNI HIGH INC ADV FD INC,6726.0,240.0
72376210,10.46,10.36,2019-02-08,MAV,PIONEER MUNI HIGH INC ADV FD INC,6726.0,240.0
72376210,10.48,10.48,2019-02-11,MAV,PIONEER MUNI HIGH INC ADV FD INC,6726.0,240.0
72376210,10.6,10.54,2019-02-12,MAV,PIONEER MUNI HIGH INC ADV FD INC,6726.0,240.0
72376210,10.61,10.53,2019-02-13,MAV,PIONEER MUNI HIGH INC ADV FD INC,6726.0,240.0
72376210,10.66,10.62,2019-02-14,MAV,PIONEER MUNI HIGH INC ADV FD INC,6726.0,240.0
72376210,10.71,10.7,2019-02-15,MAV,PIONEER MUNI HIGH INC ADV FD INC,6726.0,240.0
72376210,10.55,10.66,2019-02-19,MAV,PIONEER MUNI HIGH INC ADV FD INC,6726.0,240.0
72376210,10.64,10.56,2019-02-20,MAV,PIONEER MUNI HIGH INC ADV FD INC,6726.0,240.0
72376210,10.6,10.64,2019-02-21,MAV,PIONEER MUNI HIGH INC ADV FD INC,6726.0,240.0
72376210,10.58,10.58,2019-02-22,MAV,PIONEER MUNI HIGH INC ADV FD INC,6726.0,240.0
72376210,10.49,10.57,2019-02-25,MAV,PIONEER MUNI HIGH INC ADV FD INC,6726.0,240.0
72376210,10.54,10.55,2019-02-26,MAV,PIONEER MUNI HIGH INC ADV FD INC,6726.0,240.0
72376210,10.54,10.57,2019-02-27,MAV,PIONEER MUNI HIGH INC ADV FD INC,6726.0,240.0
72376210,10.52,10.55,2019-02-28,MAV,PIONEER MUNI HIGH INC ADV FD INC,6726.0,240.0
72376210,10.51,10.53,2019-03-01,MAV,PIONEER MUNI HIGH INC ADV FD INC,6726.0,240.0
72376210,10.5,10.53,2019-03-04,MAV,PIONEER MUNI HIGH INC ADV FD INC,6726.0,240.0
72376210,10.46,10.51,2019-03-05,MAV,PIONEER MUNI HIGH INC ADV FD INC,6726.0,240.0
72376210,10.49,10.47,2019-03-06,MAV,PIONEER MUNI HIGH INC ADV FD INC,6726.0,240.0
72376210,10.55,10.48,2019-03-07,MAV,PIONEER MUNI HIGH INC ADV FD INC,6726.0,240.0
72376210,10.59,10.58,2019-03-08,MAV,PIONEER MUNI HIGH INC ADV FD INC,6726.0,240.0
72376210,10.59,10.56,2019-03-11,MAV,PIONEER MUNI HIGH INC ADV FD INC,6726.0,240.0
72376210,10.57,10.6,2019-03-12,MAV,PIONEER MUNI HIGH INC ADV FD INC,6726.0,240.0
72376210,10.56,10.58,2019-03-13,MAV,PIONEER MUNI HIGH INC ADV FD INC,6726.0,240.0
72376210,10.48,10.54,2019-03-14,MAV,PIONEER MUNI HIGH INC ADV FD INC,6726.0,240.0
72376210,10.5,10.49,2019-03-15,MAV,PIONEER MUNI HIGH INC ADV FD INC,6726.0,240.0
72376210,10.45,10.44,2019-03-18,MAV,PIONEER MUNI HIGH INC ADV FD INC,6726.0,240.0
72376210,10.48,10.44,2019-03-19,MAV,PIONEER MUNI HIGH INC ADV FD INC,6726.0,240.0
72376210,10.59,10.5,2019-03-20,MAV,PIONEER MUNI HIGH INC ADV FD INC,6726.0,240.0
72376210,10.59,10.58,2019-03-21,MAV,PIONEER MUNI HIGH INC ADV FD INC,6726.0,240.0
72376210,10.66,10.63,2019-03-22,MAV,PIONEER MUNI HIGH INC ADV FD INC,6726.0,240.0
72376210,10.66,10.65,2019-03-25,MAV,PIONEER MUNI HIGH INC ADV FD INC,6726.0,240.0
72376210,10.7,10.73,2019-03-26,MAV,PIONEER MUNI HIGH INC ADV FD INC,6726.0,240.0
72376210,10.7,10.7,2019-03-27,MAV,PIONEER MUNI HIGH INC ADV FD INC,6726.0,240.0
72376210,10.74,10.74,2019-03-28,MAV,PIONEER MUNI HIGH INC ADV FD INC,6726.0,240.0
72376210,10.76,10.75,2019-03-29,MAV,PIONEER MUNI HIGH INC ADV FD INC,6726.0,240.0
72376210,10.72,10.75,2019-04-01,MAV,PIONEER MUNI HIGH INC ADV FD INC,6726.0,240.0
72376210,10.74,10.74,2019-04-02,MAV,PIONEER MUNI HIGH INC ADV FD INC,6726.0,240.0
72376210,10.74,10.74,2019-04-03,MAV,PIONEER MUNI HIGH INC ADV FD INC,6726.0,240.0
72376210,10.71,10.72,2019-04-04,MAV,PIONEER MUNI HIGH INC ADV FD INC,6726.0,240.0
72376210,10.67,10.73,2019-04-05,MAV,PIONEER MUNI HIGH INC ADV FD INC,6726.0,240.0
72376210,10.68,10.7,2019-04-08,MAV,PIONEER MUNI HIGH INC ADV FD INC,6726.0,240.0
72376210,10.71,10.67,2019-04-09,MAV,PIONEER MUNI HIGH INC ADV FD INC,6726.0,240.0
72376210,10.73,10.75,2019-04-10,MAV,PIONEER MUNI HIGH INC ADV FD INC,6726.0,240.0
72376210,10.74,10.75,2019-04-11,MAV,PIONEER MUNI HIGH INC ADV FD INC,6726.0,240.0
72376210,10.72,10.76,2019-04-12,MAV,PIONEER MUNI HIGH INC ADV FD INC,6726.0,240.0
72376210,10.72,10.77,2019-04-15,MAV,PIONEER MUNI HIGH INC ADV FD INC,6726.0,240.0
72376210,10.58,10.68,2019-04-16,MAV,PIONEER MUNI HIGH INC ADV FD INC,6726.0,240.0
72376210,10.56,10.6,2019-04-17,MAV,PIONEER MUNI HIGH INC ADV FD INC,6726.0,240.0
72376210,10.55,10.57,2019-04-18,MAV,PIONEER MUNI HIGH INC ADV FD INC,6726.0,240.0
72376210,10.59,10.55,2019-04-22,MAV,PIONEER MUNI HIGH INC ADV FD INC,6726.0,240.0
72376210,10.61,10.59,2019-04-23,MAV,PIONEER MUNI HIGH INC ADV FD INC,6726.0,240.0
72376210,10.63,10.66,2019-04-24,MAV,PIONEER MUNI HIGH INC ADV FD INC,6726.0,240.0
72376210,10.6,10.63,2019-04-25,MAV,PIONEER MUNI HIGH INC ADV FD INC,6726.0,240.0
72376210,10.67,10.69,2019-04-26,MAV,PIONEER MUNI HIGH INC ADV FD INC,6726.0,240.0
72376210,10.66,10.69,2019-04-29,MAV,PIONEER MUNI HIGH INC ADV FD INC,6726.0,240.0
72376210,10.67,10.69,2019-04-30,MAV,PIONEER MUNI HIGH INC ADV FD INC,6726.0,240.0
72376210,10.68,10.69,2019-05-01,MAV,PIONEER MUNI HIGH INC ADV FD INC,6726.0,240.0
72376210,10.65,10.66,2019-05-02,MAV,PIONEER MUNI HIGH INC ADV FD INC,6726.0,240.0
72376210,10.74,10.73,2019-05-03,MAV,PIONEER MUNI HIGH INC ADV FD INC,6726.0,240.0
72376210,10.74,10.74,2019-05-06,MAV,PIONEER MUNI HIGH INC ADV FD INC,6726.0,240.0
72376210,10.77,10.72,2019-05-07,MAV,PIONEER MUNI HIGH INC ADV FD INC,6726.0,240.0
72376210,10.75,10.79,2019-05-08,MAV,PIONEER MUNI HIGH INC ADV FD INC,6726.0,240.0
72376210,10.75,10.79,2019-05-09,MAV,PIONEER MUNI HIGH INC ADV FD INC,6726.0,240.0
72376210,10.8,10.74,2019-05-10,MAV,PIONEER MUNI HIGH INC ADV FD INC,6726.0,240.0
72376210,10.85,10.82,2019-05-13,MAV,PIONEER MUNI HIGH INC ADV FD INC,6726.0,240.0
72376210,10.88,10.85,2019-05-14,MAV,PIONEER MUNI HIGH INC ADV FD INC,6726.0,240.0
72376210,10.83,10.83,2019-05-15,MAV,PIONEER MUNI HIGH INC ADV FD INC,6726.0,240.0
72376210,10.77,10.83,2019-05-16,MAV,PIONEER MUNI HIGH INC ADV FD INC,6726.0,240.0
72376210,10.76,10.79,2019-05-17,MAV,PIONEER MUNI HIGH INC ADV FD INC,6726.0,240.0
72376210,10.74,10.75,2019-05-20,MAV,PIONEER MUNI HIGH INC ADV FD INC,6726.0,240.0
72376210,10.72,10.74,2019-05-21,MAV,PIONEER MUNI HIGH INC ADV FD INC,6726.0,240.0
72376210,10.71,10.71,2019-05-22,MAV,PIONEER MUNI HIGH INC ADV FD INC,6726.0,240.0
72376210,10.69,10.68,2019-05-23,MAV,PIONEER MUNI HIGH INC ADV FD INC,6726.0,240.0
72376210,10.72,10.71,2019-05-24,MAV,PIONEER MUNI HIGH INC ADV FD INC,6726.0,240.0
72376210,10.75,10.74,2019-05-28,MAV,PIONEER MUNI HIGH INC ADV FD INC,6726.0,240.0
72376210,10.75,10.75,2019-05-29,MAV,PIONEER MUNI HIGH INC ADV FD INC,6726.0,240.0
72376210,10.74,10.77,2019-05-30,MAV,PIONEER MUNI HIGH INC ADV FD INC,6726.0,240.0
72376210,10.8,10.73,2019-05-31,MAV,PIONEER MUNI HIGH INC ADV FD INC,6726.0,240.0
72376210,10.87,10.86,2019-06-03,MAV,PIONEER MUNI HIGH INC ADV FD INC,6726.0,240.0
72376210,10.82,10.89,2019-06-04,MAV,PIONEER MUNI HIGH INC ADV FD INC,6726.0,240.0
72376210,10.61,10.68,2019-06-05,MAV,PIONEER MUNI HIGH INC ADV FD INC,6726.0,240.0
72376210,10.63,10.6,2019-06-06,MAV,PIONEER MUNI HIGH INC ADV FD INC,6726.0,240.0
72376210,10.77,10.67,2019-06-07,MAV,PIONEER MUNI HIGH INC ADV FD INC,6726.0,240.0
72376210,10.7,10.77,2019-06-10,MAV,PIONEER MUNI HIGH INC ADV FD INC,6726.0,240.0
72376210,10.74,10.71,2019-06-11,MAV,PIONEER MUNI HIGH INC ADV FD INC,6726.0,240.0
72376210,10.74,10.71,2019-06-12,MAV,PIONEER MUNI HIGH INC ADV FD INC,6726.0,240.0
72376210,10.74,10.75,2019-06-13,MAV,PIONEER MUNI HIGH INC ADV FD INC,6726.0,240.0
72376210,10.73,10.75,2019-06-14,MAV,PIONEER MUNI HIGH INC ADV FD INC,6726.0,240.0
72376210,10.7,10.74,2019-06-17,MAV,PIONEER MUNI HIGH INC ADV FD INC,6726.0,240.0
72376210,10.65,10.7,2019-06-18,MAV,PIONEER MUNI HIGH INC ADV FD INC,6726.0,240.0
72376210,10.64,10.62,2019-06-19,MAV,PIONEER MUNI HIGH INC ADV FD INC,6726.0,240.0
72376210,10.65,10.66,2019-06-20,MAV,PIONEER MUNI HIGH INC ADV FD INC,6726.0,240.0
72376210,10.66,10.64,2019-06-21,MAV,PIONEER MUNI HIGH INC ADV FD INC,6726.0,240.0
72376210,10.67,10.67,2019-06-24,MAV,PIONEER MUNI HIGH INC ADV FD INC,6726.0,240.0
72376210,10.71,10.7,2019-06-25,MAV,PIONEER MUNI HIGH INC ADV FD INC,6726.0,240.0
72376210,10.72,10.74,2019-06-26,MAV,PIONEER MUNI HIGH INC ADV FD INC,6726.0,240.0
72376210,10.73,10.72,2019-06-27,MAV,PIONEER MUNI HIGH INC ADV FD INC,6726.0,240.0
72376210,10.75,10.75,2019-06-28,MAV,PIONEER MUNI HIGH INC ADV FD INC,6726.0,240.0
72376210,10.72,10.75,2019-07-01,MAV,PIONEER MUNI HIGH INC ADV FD INC,6726.0,240.0
72376210,10.75,10.75,2019-07-02,MAV,PIONEER MUNI HIGH INC ADV FD INC,6726.0,240.0
72376210,10.78,10.79,2019-07-03,MAV,PIONEER MUNI HIGH INC ADV FD INC,6726.0,240.0
72376210,10.74,10.73,2019-07-05,MAV,PIONEER MUNI HIGH INC ADV FD INC,6726.0,240.0
72376210,10.72,10.74,2019-07-08,MAV,PIONEER MUNI HIGH INC ADV FD INC,6726.0,240.0
72376210,10.72,10.73,2019-07-09,MAV,PIONEER MUNI HIGH INC ADV FD INC,6726.0,240.0
72376210,10.7361,10.74,2019-07-10,MAV,PIONEER MUNI HIGH INC ADV FD INC,6726.0,240.0
72376210,10.75,10.73,2019-07-11,MAV,PIONEER MUNI HIGH INC ADV FD INC,6726.0,240.0
72376210,10.8,10.76,2019-07-12,MAV,PIONEER MUNI HIGH INC ADV FD INC,6726.0,240.0
72376210,10.77,10.78,2019-07-15,MAV,PIONEER MUNI HIGH INC ADV FD INC,6726.0,240.0
72376210,10.72,10.76,2019-07-16,MAV,PIONEER MUNI HIGH INC ADV FD INC,6726.0,240.0
72376210,10.58,10.7,2019-07-17,MAV,PIONEER MUNI HIGH INC ADV FD INC,6726.0,240.0
72376210,10.62,10.59,2019-07-18,MAV,PIONEER MUNI HIGH INC ADV FD INC,6726.0,240.0
72376210,10.66,10.63,2019-07-19,MAV,PIONEER MUNI HIGH INC ADV FD INC,6726.0,240.0
72376210,10.65,10.64,2019-07-22,MAV,PIONEER MUNI HIGH INC ADV FD INC,6726.0,240.0
72376210,10.68,10.66,2019-07-23,MAV,PIONEER MUNI HIGH INC ADV FD INC,6726.0,240.0
72376210,10.7,10.68,2019-07-24,MAV,PIONEER MUNI HIGH INC ADV FD INC,6726.0,240.0
72376210,10.79,10.72,2019-07-25,MAV,PIONEER MUNI HIGH INC ADV FD INC,6726.0,240.0
72376210,10.91,10.82,2019-07-26,MAV,PIONEER MUNI HIGH INC ADV FD INC,6726.0,240.0
72376210,10.96,10.92,2019-07-29,MAV,PIONEER MUNI HIGH INC ADV FD INC,6726.0,240.0
72376210,10.99,10.93,2019-07-30,MAV,PIONEER MUNI HIGH INC ADV FD INC,6726.0,240.0
72376210,10.96,10.96,2019-07-31,MAV,PIONEER MUNI HIGH INC ADV FD INC,6726.0,240.0
72376210,11.0,10.97,2019-08-01,MAV,PIONEER MUNI HIGH INC ADV FD INC,6726.0,240.0
72376210,11.07,11.05,2019-08-02,MAV,PIONEER MUNI HIGH INC ADV FD INC,6726.0,240.0
72376210,11.09,11.01,2019-08-05,MAV,PIONEER MUNI HIGH INC ADV FD INC,6726.0,240.0
72376210,11.01,11.1,2019-08-06,MAV,PIONEER MUNI HIGH INC ADV FD INC,6726.0,240.0
72376210,11.01,11.01,2019-08-07,MAV,PIONEER MUNI HIGH INC ADV FD INC,6726.0,240.0
72376210,11.07,11.01,2019-08-08,MAV,PIONEER MUNI HIGH INC ADV FD INC,6726.0,240.0
72376210,11.04,11.07,2019-08-09,MAV,PIONEER MUNI HIGH INC ADV FD INC,6726.0,240.0
72376210,11.04,11.07,2019-08-12,MAV,PIONEER MUNI HIGH INC ADV FD INC,6726.0,240.0
72376210,11.05,11.09,2019-08-13,MAV,PIONEER MUNI HIGH INC ADV FD INC,6726.0,240.0
72376210,11.06,11.06,2019-08-14,MAV,PIONEER MUNI HIGH INC ADV FD INC,6726.0,240.0
72376210,11.05,11.06,2019-08-15,MAV,PIONEER MUNI HIGH INC ADV FD INC,6726.0,240.0
72376210,11.09,11.07,2019-08-16,MAV,PIONEER MUNI HIGH INC ADV FD INC,6726.0,240.0
72376210,11.05,11.03,2019-08-19,MAV,PIONEER MUNI HIGH INC ADV FD INC,6726.0,240.0
72376210,11.11,11.08,2019-08-20,MAV,PIONEER MUNI HIGH INC ADV FD INC,6726.0,240.0
72376210,11.06,11.09,2019-08-21,MAV,PIONEER MUNI HIGH INC ADV FD INC,6726.0,240.0
72376210,11.01,11.05,2019-08-22,MAV,PIONEER MUNI HIGH INC ADV FD INC,6726.0,240.0
72376210,11.04,11.03,2019-08-23,MAV,PIONEER MUNI HIGH INC ADV FD INC,6726.0,240.0
72376210,11.04,11.03,2019-08-26,MAV,PIONEER MUNI HIGH INC ADV FD INC,6726.0,240.0
72376210,11.1,11.06,2019-08-27,MAV,PIONEER MUNI HIGH INC ADV FD INC,6726.0,240.0
72376210,11.12,11.11,2019-08-28,MAV,PIONEER MUNI HIGH INC ADV FD INC,6726.0,240.0
72376210,11.12,11.12,2019-08-29,MAV,PIONEER MUNI HIGH INC ADV FD INC,6726.0,240.0
72376210,11.1,11.15,2019-08-30,MAV,PIONEER MUNI HIGH INC ADV FD INC,6726.0,240.0
72376210,11.08,11.08,2019-09-03,MAV,PIONEER MUNI HIGH INC ADV FD INC,6726.0,240.0
72376210,11.14,11.06,2019-09-04,MAV,PIONEER MUNI HIGH INC ADV FD INC,6726.0,240.0
72376210,11.01,11.13,2019-09-05,MAV,PIONEER MUNI HIGH INC ADV FD INC,6726.0,240.0
72376210,11.0,11.01,2019-09-06,MAV,PIONEER MUNI HIGH INC ADV FD INC,6726.0,240.0
72376210,10.95,10.98,2019-09-09,MAV,PIONEER MUNI HIGH INC ADV FD INC,6726.0,240.0
72376210,10.9,10.95,2019-09-10,MAV,PIONEER MUNI HIGH INC ADV FD INC,6726.0,240.0
72376210,10.9,10.92,2019-09-11,MAV,PIONEER MUNI HIGH INC ADV FD INC,6726.0,240.0
72376210,10.82,10.89,2019-09-12,MAV,PIONEER MUNI HIGH INC ADV FD INC,6726.0,240.0
72376210,10.68,10.8,2019-09-13,MAV,PIONEER MUNI HIGH INC ADV FD INC,6726.0,240.0
72376210,10.69,10.7,2019-09-16,MAV,PIONEER MUNI HIGH INC ADV FD INC,6726.0,240.0
72376210,10.76,10.69,2019-09-17,MAV,PIONEER MUNI HIGH INC ADV FD INC,6726.0,240.0
72376210,10.89,10.8,2019-09-18,MAV,PIONEER MUNI HIGH INC ADV FD INC,6726.0,240.0
72376210,10.81,10.91,2019-09-19,MAV,PIONEER MUNI HIGH INC ADV FD INC,6726.0,240.0
72376210,10.9069,10.85,2019-09-20,MAV,PIONEER MUNI HIGH INC ADV FD INC,6726.0,240.0
72376210,10.92,10.95,2019-09-23,MAV,PIONEER MUNI HIGH INC ADV FD INC,6726.0,240.0
72376210,10.95,10.94,2019-09-24,MAV,PIONEER MUNI HIGH INC ADV FD INC,6726.0,240.0
72376210,10.95,10.94,2019-09-25,MAV,PIONEER MUNI HIGH INC ADV FD INC,6726.0,240.0
72376210,10.92,10.94,2019-09-26,MAV,PIONEER MUNI HIGH INC ADV FD INC,6726.0,240.0
72376210,10.93,10.9,2019-09-27,MAV,PIONEER MUNI HIGH INC ADV FD INC,6726.0,240.0
72376210,10.94,10.94,2019-09-30,MAV,PIONEER MUNI HIGH INC ADV FD INC,6726.0,240.0
72376210,10.97,10.93,2019-10-01,MAV,PIONEER MUNI HIGH INC ADV FD INC,6726.0,240.0
72376210,11.0,10.93,2019-10-02,MAV,PIONEER MUNI HIGH INC ADV FD INC,6726.0,240.0
72376210,11.04,11.0,2019-10-03,MAV,PIONEER MUNI HIGH INC ADV FD INC,6726.0,240.0
72376210,11.01,11.0,2019-10-04,MAV,PIONEER MUNI HIGH INC ADV FD INC,6726.0,240.0
72376210,10.9899,11.01,2019-10-07,MAV,PIONEER MUNI HIGH INC ADV FD INC,6726.0,240.0
72376210,10.96,10.98,2019-10-08,MAV,PIONEER MUNI HIGH INC ADV FD INC,6726.0,240.0
72376210,10.96,10.97,2019-10-09,MAV,PIONEER MUNI HIGH INC ADV FD INC,6726.0,240.0
72376210,10.92,10.98,2019-10-10,MAV,PIONEER MUNI HIGH INC ADV FD INC,6726.0,240.0
72376210,10.89,10.9,2019-10-11,MAV,PIONEER MUNI HIGH INC ADV FD INC,6726.0,240.0
72376210,10.93,10.94,2019-10-14,MAV,PIONEER MUNI HIGH INC ADV FD INC,6726.0,240.0
72376210,10.89,10.93,2019-10-15,MAV,PIONEER MUNI HIGH INC ADV FD INC,6726.0,240.0
72376210,10.81,10.85,2019-10-16,MAV,PIONEER MUNI HIGH INC ADV FD INC,6726.0,240.0
72376210,10.79,10.83,2019-10-17,MAV,PIONEER MUNI HIGH INC ADV FD INC,6726.0,240.0
72376210,10.76,10.83,2019-10-18,MAV,PIONEER MUNI HIGH INC ADV FD INC,6726.0,240.0
72376210,10.74,10.77,2019-10-21,MAV,PIONEER MUNI HIGH INC ADV FD INC,6726.0,240.0
72376210,10.74,10.77,2019-10-22,MAV,PIONEER MUNI HIGH INC ADV FD INC,6726.0,240.0
72376210,10.74,10.76,2019-10-23,MAV,PIONEER MUNI HIGH INC ADV FD INC,6726.0,240.0
72376210,10.78,10.77,2019-10-24,MAV,PIONEER MUNI HIGH INC ADV FD INC,6726.0,240.0
72376210,10.7,10.77,2019-10-25,MAV,PIONEER MUNI HIGH INC ADV FD INC,6726.0,240.0
72376210,10.66,10.69,2019-10-28,MAV,PIONEER MUNI HIGH INC ADV FD INC,6726.0,240.0
72376210,10.65,10.62,2019-10-29,MAV,PIONEER MUNI HIGH INC ADV FD INC,6726.0,240.0
72376210,10.74,10.67,2019-10-30,MAV,PIONEER MUNI HIGH INC ADV FD INC,6726.0,240.0
72376210,10.77,10.77,2019-10-31,MAV,PIONEER MUNI HIGH INC ADV FD INC,6726.0,240.0
72376210,10.76,10.77,2019-11-01,MAV,PIONEER MUNI HIGH INC ADV FD INC,6726.0,240.0
72376210,10.72,10.76,2019-11-04,MAV,PIONEER MUNI HIGH INC ADV FD INC,6726.0,240.0
72376210,10.745,10.69,2019-11-05,MAV,PIONEER MUNI HIGH INC ADV FD INC,6726.0,240.0
72376210,10.83,10.72,2019-11-06,MAV,PIONEER MUNI HIGH INC ADV FD INC,6726.0,240.0
72376210,10.7356,10.78,2019-11-07,MAV,PIONEER MUNI HIGH INC ADV FD INC,6726.0,240.0
72376210,10.78,10.7,2019-11-08,MAV,PIONEER MUNI HIGH INC ADV FD INC,6726.0,240.0
72376210,10.7715,10.77,2019-11-11,MAV,PIONEER MUNI HIGH INC ADV FD INC,6726.0,240.0
72376210,10.79,10.75,2019-11-12,MAV,PIONEER MUNI HIGH INC ADV FD INC,6726.0,240.0
72376210,10.79,10.79,2019-11-13,MAV,PIONEER MUNI HIGH INC ADV FD INC,6726.0,240.0
72376210,10.81,10.76,2019-11-14,MAV,PIONEER MUNI HIGH INC ADV FD INC,6726.0,240.0
72376210,10.81,10.81,2019-11-15,MAV,PIONEER MUNI HIGH INC ADV FD INC,6726.0,240.0
72376210,10.78,10.75,2019-11-18,MAV,PIONEER MUNI HIGH INC ADV FD INC,6726.0,240.0
72376210,10.77,10.78,2019-11-19,MAV,PIONEER MUNI HIGH INC ADV FD INC,6726.0,240.0
72376210,10.81,10.77,2019-11-20,MAV,PIONEER MUNI HIGH INC ADV FD INC,6726.0,240.0
72376210,10.78,10.79,2019-11-21,MAV,PIONEER MUNI HIGH INC ADV FD INC,6726.0,240.0
72376210,10.73,10.75,2019-11-22,MAV,PIONEER MUNI HIGH INC ADV FD INC,6726.0,240.0
72376210,10.75,10.74,2019-11-25,MAV,PIONEER MUNI HIGH INC ADV FD INC,6726.0,240.0
72376210,10.75,10.76,2019-11-26,MAV,PIONEER MUNI HIGH INC ADV FD INC,6726.0,240.0
72376210,10.77,10.75,2019-11-27,MAV,PIONEER MUNI HIGH INC ADV FD INC,6726.0,240.0
72376210,10.79,10.82,2019-11-29,MAV,PIONEER MUNI HIGH INC ADV FD INC,6726.0,240.0
72376210,10.75,10.77,2019-12-02,MAV,PIONEER MUNI HIGH INC ADV FD INC,6726.0,240.0
72376210,10.77,10.75,2019-12-03,MAV,PIONEER MUNI HIGH INC ADV FD INC,6726.0,240.0
72376210,10.77,10.76,2019-12-04,MAV,PIONEER MUNI HIGH INC ADV FD INC,6726.0,240.0
72376210,10.77,10.8,2019-12-05,MAV,PIONEER MUNI HIGH INC ADV FD INC,6726.0,240.0
72376210,10.8,10.76,2019-12-06,MAV,PIONEER MUNI HIGH INC ADV FD INC,6726.0,240.0
72376210,10.81,10.8,2019-12-09,MAV,PIONEER MUNI HIGH INC ADV FD INC,6726.0,240.0
72376210,10.81,10.81,2019-12-10,MAV,PIONEER MUNI HIGH INC ADV FD INC,6726.0,240.0
72376210,10.87,10.82,2019-12-11,MAV,PIONEER MUNI HIGH INC ADV FD INC,6726.0,240.0
72376210,10.8,10.86,2019-12-12,MAV,PIONEER MUNI HIGH INC ADV FD INC,6726.0,240.0
72376210,10.83,10.83,2019-12-13,MAV,PIONEER MUNI HIGH INC ADV FD INC,6726.0,240.0
72376210,10.81,10.8,2019-12-16,MAV,PIONEER MUNI HIGH INC ADV FD INC,6726.0,240.0
72376210,10.82,10.8,2019-12-17,MAV,PIONEER MUNI HIGH INC ADV FD INC,6726.0,240.0
72376210,10.81,10.81,2019-12-18,MAV,PIONEER MUNI HIGH INC ADV FD INC,6726.0,240.0
72376210,10.86,10.82,2019-12-19,MAV,PIONEER MUNI HIGH INC ADV FD INC,6726.0,240.0
72376210,10.84,10.86,2019-12-20,MAV,PIONEER MUNI HIGH INC ADV FD INC,6726.0,240.0
72376210,10.84,10.84,2019-12-23,MAV,PIONEER MUNI HIGH INC ADV FD INC,6726.0,240.0
72376210,10.81,10.82,2019-12-24,MAV,PIONEER MUNI HIGH INC ADV FD INC,6726.0,240.0
72376210,10.83,10.81,2019-12-26,MAV,PIONEER MUNI HIGH INC ADV FD INC,6726.0,240.0
72376210,10.8,10.83,2019-12-27,MAV,PIONEER MUNI HIGH INC ADV FD INC,6726.0,240.0
72376210,10.81,10.8,2019-12-30,MAV,PIONEER MUNI HIGH INC ADV FD INC,6726.0,240.0
72376210,10.81,10.82,2019-12-31,MAV,PIONEER MUNI HIGH INC ADV FD INC,6726.0,240.0
72376210,10.81,10.84,2020-01-02,MAV,PIONEER MUNI HIGH INC ADV FD INC,6726.0,240.0
72376210,10.82,10.81,2020-01-03,MAV,PIONEER MUNI HIGH INC ADV FD INC,6726.0,240.0
72376210,10.85,10.82,2020-01-06,MAV,PIONEER MUNI HIGH INC ADV FD INC,6726.0,240.0
72376210,10.94,10.86,2020-01-07,MAV,PIONEER MUNI HIGH INC ADV FD INC,6726.0,240.0
72376210,10.98,10.94,2020-01-08,MAV,PIONEER MUNI HIGH INC ADV FD INC,6726.0,240.0
72376210,11.02,10.98,2020-01-09,MAV,PIONEER MUNI HIGH INC ADV FD INC,6726.0,240.0
72376210,11.02,11.03,2020-01-10,MAV,PIONEER MUNI HIGH INC ADV FD INC,6726.0,240.0
72376210,11.0,11.01,2020-01-13,MAV,PIONEER MUNI HIGH INC ADV FD INC,6726.0,240.0
72376210,11.06,11.0,2020-01-14,MAV,PIONEER MUNI HIGH INC ADV FD INC,6726.0,240.0
72376210,11.09,11.06,2020-01-15,MAV,PIONEER MUNI HIGH INC ADV FD INC,6726.0,240.0
72376210,11.12,11.07,2020-01-16,MAV,PIONEER MUNI HIGH INC ADV FD INC,6726.0,240.0
72376210,11.02,11.06,2020-01-17,MAV,PIONEER MUNI HIGH INC ADV FD INC,6726.0,240.0
72376210,11.09,11.02,2020-01-21,MAV,PIONEER MUNI HIGH INC ADV FD INC,6726.0,240.0
72376210,11.09,11.1,2020-01-22,MAV,PIONEER MUNI HIGH INC ADV FD INC,6726.0,240.0
72376210,11.12,11.11,2020-01-23,MAV,PIONEER MUNI HIGH INC ADV FD INC,6726.0,240.0
72376210,11.16,11.17,2020-01-24,MAV,PIONEER MUNI HIGH INC ADV FD INC,6726.0,240.0
72376210,11.17,11.17,2020-01-27,MAV,PIONEER MUNI HIGH INC ADV FD INC,6726.0,240.0
72376210,11.17,11.17,2020-01-28,MAV,PIONEER MUNI HIGH INC ADV FD INC,6726.0,240.0
72376210,11.17,11.17,2020-01-29,MAV,PIONEER MUNI HIGH INC ADV FD INC,6726.0,240.0
72376210,11.19,11.17,2020-01-30,MAV,PIONEER MUNI HIGH INC ADV FD INC,6726.0,240.0
72376210,11.21,11.21,2020-01-31,MAV,PIONEER MUNI HIGH INC ADV FD INC,6726.0,240.0
72376210,11.22,11.22,2020-02-03,MAV,PIONEER MUNI HIGH INC ADV FD INC,6726.0,240.0
72376210,11.25,11.22,2020-02-04,MAV,PIONEER MUNI HIGH INC ADV FD INC,6726.0,240.0
72376210,11.26,11.24,2020-02-05,MAV,PIONEER MUNI HIGH INC ADV FD INC,6726.0,240.0
72376210,11.26,11.26,2020-02-06,MAV,PIONEER MUNI HIGH INC ADV FD INC,6726.0,240.0
72376210,11.26,11.27,2020-02-07,MAV,PIONEER MUNI HIGH INC ADV FD INC,6726.0,240.0
72376210,11.27,11.27,2020-02-10,MAV,PIONEER MUNI HIGH INC ADV FD INC,6726.0,240.0
72376210,11.24,11.27,2020-02-11,MAV,PIONEER MUNI HIGH INC ADV FD INC,6726.0,240.0
72376210,11.23,11.23,2020-02-12,MAV,PIONEER MUNI HIGH INC ADV FD INC,6726.0,240.0
72376210,11.24,11.24,2020-02-13,MAV,PIONEER MUNI HIGH INC ADV FD INC,6726.0,240.0
72376210,11.25,11.24,2020-02-14,MAV,PIONEER MUNI HIGH INC ADV FD INC,6726.0,240.0
72376210,11.22,11.22,2020-02-18,MAV,PIONEER MUNI HIGH INC ADV FD INC,6726.0,240.0
72376210,11.21,11.2,2020-02-19,MAV,PIONEER MUNI HIGH INC ADV FD INC,6726.0,240.0
72376210,11.26,11.2,2020-02-20,MAV,PIONEER MUNI HIGH INC ADV FD INC,6726.0,240.0
72376210,11.29,11.27,2020-02-21,MAV,PIONEER MUNI HIGH INC ADV FD INC,6726.0,240.0
72376210,11.31,11.32,2020-02-24,MAV,PIONEER MUNI HIGH INC ADV FD INC,6726.0,240.0
72376210,11.31,11.31,2020-02-25,MAV,PIONEER MUNI HIGH INC ADV FD INC,6726.0,240.0
72376210,11.36,11.33,2020-02-26,MAV,PIONEER MUNI HIGH INC ADV FD INC,6726.0,240.0
72376210,11.32,11.35,2020-02-27,MAV,PIONEER MUNI HIGH INC ADV FD INC,6726.0,240.0
72376210,11.14,11.26,2020-02-28,MAV,PIONEER MUNI HIGH INC ADV FD INC,6726.0,240.0
72376210,11.24,11.13,2020-03-02,MAV,PIONEER MUNI HIGH INC ADV FD INC,6726.0,240.0
72376210,11.28,11.23,2020-03-03,MAV,PIONEER MUNI HIGH INC ADV FD INC,6726.0,240.0
72376210,11.31,11.27,2020-03-04,MAV,PIONEER MUNI HIGH INC ADV FD INC,6726.0,240.0
72376210,11.34,11.29,2020-03-05,MAV,PIONEER MUNI HIGH INC ADV FD INC,6726.0,240.0
72376210,11.45,11.34,2020-03-06,MAV,PIONEER MUNI HIGH INC ADV FD INC,6726.0,240.0
72376210,11.3,11.37,2020-03-09,MAV,PIONEER MUNI HIGH INC ADV FD INC,6726.0,240.0
72376210,11.27,11.3,2020-03-10,MAV,PIONEER MUNI HIGH INC ADV FD INC,6726.0,240.0
72376210,10.75,11.19,2020-03-11,MAV,PIONEER MUNI HIGH INC ADV FD INC,6726.0,240.0
72376210,10.05,10.59,2020-03-12,MAV,PIONEER MUNI HIGH INC ADV FD INC,6726.0,240.0
72376210,10.23,10.1,2020-03-13,MAV,PIONEER MUNI HIGH INC ADV FD INC,6726.0,240.0
72376210,9.85,10.0,2020-03-16,MAV,PIONEER MUNI HIGH INC ADV FD INC,6726.0,240.0
72376210,9.68,9.82,2020-03-17,MAV,PIONEER MUNI HIGH INC ADV FD INC,6726.0,240.0
72376210,8.4,9.46,2020-03-18,MAV,PIONEER MUNI HIGH INC ADV FD INC,6726.0,240.0
72376210,8.59,8.28,2020-03-19,MAV,PIONEER MUNI HIGH INC ADV FD INC,6726.0,240.0
72376210,9.2,8.6,2020-03-20,MAV,PIONEER MUNI HIGH INC ADV FD INC,6726.0,240.0
72376210,8.54,9.2,2020-03-23,MAV,PIONEER MUNI HIGH INC ADV FD INC,6726.0,240.0
72376210,8.98,8.61,2020-03-24,MAV,PIONEER MUNI HIGH INC ADV FD INC,6726.0,240.0
72376210,9.62,8.99,2020-03-25,MAV,PIONEER MUNI HIGH INC ADV FD INC,6726.0,240.0
72376210,10.05,9.6,2020-03-26,MAV,PIONEER MUNI HIGH INC ADV FD INC,6726.0,240.0
72376210,10.0,9.97,2020-03-27,MAV,PIONEER MUNI HIGH INC ADV FD INC,6726.0,240.0
72376210,10.19,10.15,2020-03-30,MAV,PIONEER MUNI HIGH INC ADV FD INC,6726.0,240.0
72376210,10.18,10.14,2020-03-31,MAV,PIONEER MUNI HIGH INC ADV FD INC,6726.0,240.0
72376210,9.79,10.06,2020-04-01,MAV,PIONEER MUNI HIGH INC ADV FD INC,6726.0,240.0
72376210,9.7,9.74,2020-04-02,MAV,PIONEER MUNI HIGH INC ADV FD INC,6726.0,240.0
72376210,9.53,9.6,2020-04-03,MAV,PIONEER MUNI HIGH INC ADV FD INC,6726.0,240.0
72376210,9.66,9.57,2020-04-06,MAV,PIONEER MUNI HIGH INC ADV FD INC,6726.0,240.0
72376210,9.9,9.8,2020-04-07,MAV,PIONEER MUNI HIGH INC ADV FD INC,6726.0,240.0
72376210,9.96,9.84,2020-04-08,MAV,PIONEER MUNI HIGH INC ADV FD INC,6726.0,240.0
72376210,10.28,10.06,2020-04-09,MAV,PIONEER MUNI HIGH INC ADV FD INC,6726.0,240.0
72376210,10.24,10.27,2020-04-13,MAV,PIONEER MUNI HIGH INC ADV FD INC,6726.0,240.0
72376210,10.31,10.29,2020-04-14,MAV,PIONEER MUNI HIGH INC ADV FD INC,6726.0,240.0
72376210,10.28,10.14,2020-04-15,MAV,PIONEER MUNI HIGH INC ADV FD INC,6726.0,240.0
72376210,10.37,10.3,2020-04-16,MAV,PIONEER MUNI HIGH INC ADV FD INC,6726.0,240.0
72376210,10.41,10.37,2020-04-17,MAV,PIONEER MUNI HIGH INC ADV FD INC,6726.0,240.0
72376210,10.34,10.43,2020-04-20,MAV,PIONEER MUNI HIGH INC ADV FD INC,6726.0,240.0
72376210,10.24,10.34,2020-04-21,MAV,PIONEER MUNI HIGH INC ADV FD INC,6726.0,240.0
72376210,10.23,10.2,2020-04-22,MAV,PIONEER MUNI HIGH INC ADV FD INC,6726.0,240.0
72376210,10.16,10.19,2020-04-23,MAV,PIONEER MUNI HIGH INC ADV FD INC,6726.0,240.0
72376210,10.04,10.11,2020-04-24,MAV,PIONEER MUNI HIGH INC ADV FD INC,6726.0,240.0
72376210,9.82,9.94,2020-04-27,MAV,PIONEER MUNI HIGH INC ADV FD INC,6726.0,240.0
72376210,9.88,9.9,2020-04-28,MAV,PIONEER MUNI HIGH INC ADV FD INC,6726.0,240.0
72376210,9.97,9.83,2020-04-29,MAV,PIONEER MUNI HIGH INC ADV FD INC,6726.0,240.0
72376210,10.06,9.92,2020-04-30,MAV,PIONEER MUNI HIGH INC ADV FD INC,6726.0,240.0
72376210,10.12,9.99,2020-05-01,MAV,PIONEER MUNI HIGH INC ADV FD INC,6726.0,240.0
72376210,10.13,10.09,2020-05-04,MAV,PIONEER MUNI HIGH INC ADV FD INC,6726.0,240.0
72376210,10.24,10.1,2020-05-05,MAV,PIONEER MUNI HIGH INC ADV FD INC,6726.0,240.0
72376210,10.27,10.26,2020-05-06,MAV,PIONEER MUNI HIGH INC ADV FD INC,6726.0,240.0
72376210,10.37,10.36,2020-05-07,MAV,PIONEER MUNI HIGH INC ADV FD INC,6726.0,240.0
72376210,10.38,10.44,2020-05-08,MAV,PIONEER MUNI HIGH INC ADV FD INC,6726.0,240.0
72376210,10.4,10.38,2020-05-11,MAV,PIONEER MUNI HIGH INC ADV FD INC,6726.0,240.0
72376210,10.39,10.4,2020-05-12,MAV,PIONEER MUNI HIGH INC ADV FD INC,6726.0,240.0
72376210,10.32,10.4,2020-05-13,MAV,PIONEER MUNI HIGH INC ADV FD INC,6726.0,240.0
72376210,10.27,10.34,2020-05-14,MAV,PIONEER MUNI HIGH INC ADV FD INC,6726.0,240.0
72376210,10.3,10.27,2020-05-15,MAV,PIONEER MUNI HIGH INC ADV FD INC,6726.0,240.0
72376210,10.26,10.28,2020-05-18,MAV,PIONEER MUNI HIGH INC ADV FD INC,6726.0,240.0
72376210,10.24,10.16,2020-05-19,MAV,PIONEER MUNI HIGH INC ADV FD INC,6726.0,240.0
72376210,10.37,10.28,2020-05-20,MAV,PIONEER MUNI HIGH INC ADV FD INC,6726.0,240.0
72376210,10.38,10.34,2020-05-21,MAV,PIONEER MUNI HIGH INC ADV FD INC,6726.0,240.0
72376210,10.45,10.4,2020-05-22,MAV,PIONEER MUNI HIGH INC ADV FD INC,6726.0,240.0
72376210,10.47,10.45,2020-05-26,MAV,PIONEER MUNI HIGH INC ADV FD INC,6726.0,240.0
72376210,10.55,10.53,2020-05-27,MAV,PIONEER MUNI HIGH INC ADV FD INC,6726.0,240.0
72376210,10.66,10.64,2020-05-28,MAV,PIONEER MUNI HIGH INC ADV FD INC,6726.0,240.0
72376210,10.73,10.71,2020-05-29,MAV,PIONEER MUNI HIGH INC ADV FD INC,6726.0,240.0
72376210,10.75,10.79,2020-06-01,MAV,PIONEER MUNI HIGH INC ADV FD INC,6726.0,240.0
72376210,10.84,10.78,2020-06-02,MAV,PIONEER MUNI HIGH INC ADV FD INC,6726.0,240.0
72376210,10.79,10.96,2020-06-03,MAV,PIONEER MUNI HIGH INC ADV FD INC,6726.0,240.0
72376210,10.72,10.85,2020-06-04,MAV,PIONEER MUNI HIGH INC ADV FD INC,6726.0,240.0
72376210,10.65,10.8,2020-06-05,MAV,PIONEER MUNI HIGH INC ADV FD INC,6726.0,240.0
72376210,10.64,10.62,2020-06-08,MAV,PIONEER MUNI HIGH INC ADV FD INC,6726.0,240.0
72376210,10.66,10.63,2020-06-09,MAV,PIONEER MUNI HIGH INC ADV FD INC,6726.0,240.0
72376210,10.7,10.7,2020-06-10,MAV,PIONEER MUNI HIGH INC ADV FD INC,6726.0,240.0
72376210,10.62,10.68,2020-06-11,MAV,PIONEER MUNI HIGH INC ADV FD INC,6726.0,240.0
72376210,10.66,10.66,2020-06-12,MAV,PIONEER MUNI HIGH INC ADV FD INC,6726.0,240.0
72376210,10.69,10.6,2020-06-15,MAV,PIONEER MUNI HIGH INC ADV FD INC,6726.0,240.0
72376210,10.66,10.68,2020-06-16,MAV,PIONEER MUNI HIGH INC ADV FD INC,6726.0,240.0
72376210,10.64,10.75,2020-06-17,MAV,PIONEER MUNI HIGH INC ADV FD INC,6726.0,240.0
72376210,10.63,10.62,2020-06-18,MAV,PIONEER MUNI HIGH INC ADV FD INC,6726.0,240.0
72376210,10.59,10.6,2020-06-19,MAV,PIONEER MUNI HIGH INC ADV FD INC,6726.0,240.0
72376210,10.57,10.57,2020-06-22,MAV,PIONEER MUNI HIGH INC ADV FD INC,6726.0,240.0
72376210,10.58,10.59,2020-06-23,MAV,PIONEER MUNI HIGH INC ADV FD INC,6726.0,240.0
72376210,10.56,10.59,2020-06-24,MAV,PIONEER MUNI HIGH INC ADV FD INC,6726.0,240.0
72376210,10.56,10.6,2020-06-25,MAV,PIONEER MUNI HIGH INC ADV FD INC,6726.0,240.0
72376210,10.55,10.54,2020-06-26,MAV,PIONEER MUNI HIGH INC ADV FD INC,6726.0,240.0
72376210,10.55,10.55,2020-06-29,MAV,PIONEER MUNI HIGH INC ADV FD INC,6726.0,240.0
72376210,10.51,10.55,2020-06-30,MAV,PIONEER MUNI HIGH INC ADV FD INC,6726.0,240.0
72376210,10.56,10.55,2020-07-01,MAV,PIONEER MUNI HIGH INC ADV FD INC,6726.0,240.0
72376210,10.53,10.51,2020-07-02,MAV,PIONEER MUNI HIGH INC ADV FD INC,6726.0,240.0
72376210,10.56,10.58,2020-07-06,MAV,PIONEER MUNI HIGH INC ADV FD INC,6726.0,240.0
72376210,10.71,10.58,2020-07-07,MAV,PIONEER MUNI HIGH INC ADV FD INC,6726.0,240.0
72376210,10.84,10.72,2020-07-08,MAV,PIONEER MUNI HIGH INC ADV FD INC,6726.0,240.0
72376210,10.85,10.93,2020-07-09,MAV,PIONEER MUNI HIGH INC ADV FD INC,6726.0,240.0
72376210,10.86,10.91,2020-07-10,MAV,PIONEER MUNI HIGH INC ADV FD INC,6726.0,240.0
72376210,10.86,10.9,2020-07-13,MAV,PIONEER MUNI HIGH INC ADV FD INC,6726.0,240.0
72376210,10.84,10.83,2020-07-14,MAV,PIONEER MUNI HIGH INC ADV FD INC,6726.0,240.0
72376210,10.82,10.83,2020-07-15,MAV,PIONEER MUNI HIGH INC ADV FD INC,6726.0,240.0
72376210,10.79,10.82,2020-07-16,MAV,PIONEER MUNI HIGH INC ADV FD INC,6726.0,240.0
72376210,10.84,10.84,2020-07-17,MAV,PIONEER MUNI HIGH INC ADV FD INC,6726.0,240.0
72376210,10.83,10.82,2020-07-20,MAV,PIONEER MUNI HIGH INC ADV FD INC,6726.0,240.0
72376210,10.89,10.88,2020-07-21,MAV,PIONEER MUNI HIGH INC ADV FD INC,6726.0,240.0
72376210,10.96,10.92,2020-07-22,MAV,PIONEER MUNI HIGH INC ADV FD INC,6726.0,240.0
72376210,10.99,10.97,2020-07-23,MAV,PIONEER MUNI HIGH INC ADV FD INC,6726.0,240.0
72376210,11.04,11.03,2020-07-24,MAV,PIONEER MUNI HIGH INC ADV FD INC,6726.0,240.0
72376210,11.06,10.96,2020-07-27,MAV,PIONEER MUNI HIGH INC ADV FD INC,6726.0,240.0
72376210,11.08,11.05,2020-07-28,MAV,PIONEER MUNI HIGH INC ADV FD INC,6726.0,240.0
72376210,11.12,11.1,2020-07-29,MAV,PIONEER MUNI HIGH INC ADV FD INC,6726.0,240.0
72376210,11.15,11.1,2020-07-30,MAV,PIONEER MUNI HIGH INC ADV FD INC,6726.0,240.0
72376210,11.24,11.17,2020-07-31,MAV,PIONEER MUNI HIGH INC ADV FD INC,6726.0,240.0
72376210,11.26,11.29,2020-08-03,MAV,PIONEER MUNI HIGH INC ADV FD INC,6726.0,240.0
72376210,11.3,11.3,2020-08-04,MAV,PIONEER MUNI HIGH INC ADV FD INC,6726.0,240.0
72376210,11.36,11.38,2020-08-05,MAV,PIONEER MUNI HIGH INC ADV FD INC,6726.0,240.0
72376210,11.4,11.39,2020-08-06,MAV,PIONEER MUNI HIGH INC ADV FD INC,6726.0,240.0
72376210,11.33,11.4,2020-08-07,MAV,PIONEER MUNI HIGH INC ADV FD INC,6726.0,240.0
72376210,11.38,11.37,2020-08-10,MAV,PIONEER MUNI HIGH INC ADV FD INC,6726.0,240.0
72376210,11.39,11.4,2020-08-11,MAV,PIONEER MUNI HIGH INC ADV FD INC,6726.0,240.0
72376210,11.34,11.39,2020-08-12,MAV,PIONEER MUNI HIGH INC ADV FD INC,6726.0,240.0
72376210,11.37,11.38,2020-08-13,MAV,PIONEER MUNI HIGH INC ADV FD INC,6726.0,240.0
72376210,11.32,11.38,2020-08-14,MAV,PIONEER MUNI HIGH INC ADV FD INC,6726.0,240.0
72376210,11.28,11.35,2020-08-17,MAV,PIONEER MUNI HIGH INC ADV FD INC,6726.0,240.0
72376210,11.2,11.22,2020-08-18,MAV,PIONEER MUNI HIGH INC ADV FD INC,6726.0,240.0
72376210,11.2,11.22,2020-08-19,MAV,PIONEER MUNI HIGH INC ADV FD INC,6726.0,240.0
72376210,11.13,11.18,2020-08-20,MAV,PIONEER MUNI HIGH INC ADV FD INC,6726.0,240.0
72376210,10.96,11.14,2020-08-21,MAV,PIONEER MUNI HIGH INC ADV FD INC,6726.0,240.0
72376210,10.95,11.0,2020-08-24,MAV,PIONEER MUNI HIGH INC ADV FD INC,6726.0,240.0
72376210,10.88,10.93,2020-08-25,MAV,PIONEER MUNI HIGH INC ADV FD INC,6726.0,240.0
72376210,10.88,10.87,2020-08-26,MAV,PIONEER MUNI HIGH INC ADV FD INC,6726.0,240.0
72376210,10.79,10.91,2020-08-27,MAV,PIONEER MUNI HIGH INC ADV FD INC,6726.0,240.0
72376210,10.92,10.88,2020-08-28,MAV,PIONEER MUNI HIGH INC ADV FD INC,6726.0,240.0
72376210,11.05,10.99,2020-08-31,MAV,PIONEER MUNI HIGH INC ADV FD INC,6726.0,240.0
72376210,11.12,11.05,2020-09-01,MAV,PIONEER MUNI HIGH INC ADV FD INC,6726.0,240.0
72376210,11.22,11.14,2020-09-02,MAV,PIONEER MUNI HIGH INC ADV FD INC,6726.0,240.0
72376210,11.06,11.16,2020-09-03,MAV,PIONEER MUNI HIGH INC ADV FD INC,6726.0,240.0
72376210,10.91,11.07,2020-09-04,MAV,PIONEER MUNI HIGH INC ADV FD INC,6726.0,240.0
72376210,10.84,10.94,2020-09-08,MAV,PIONEER MUNI HIGH INC ADV FD INC,6726.0,240.0
72376210,11.02,10.93,2020-09-09,MAV,PIONEER MUNI HIGH INC ADV FD INC,6726.0,240.0
72376210,11.08,11.04,2020-09-10,MAV,PIONEER MUNI HIGH INC ADV FD INC,6726.0,240.0
72376210,11.12,11.12,2020-09-11,MAV,PIONEER MUNI HIGH INC ADV FD INC,6726.0,240.0
72376210,11.17,11.16,2020-09-14,MAV,PIONEER MUNI HIGH INC ADV FD INC,6726.0,240.0
72376210,11.06,11.16,2020-09-15,MAV,PIONEER MUNI HIGH INC ADV FD INC,6726.0,240.0
72376210,11.1,11.16,2020-09-16,MAV,PIONEER MUNI HIGH INC ADV FD INC,6726.0,240.0
72376210,11.03,11.08,2020-09-17,MAV,PIONEER MUNI HIGH INC ADV FD INC,6726.0,240.0
72376210,11.0,11.13,2020-09-18,MAV,PIONEER MUNI HIGH INC ADV FD INC,6726.0,240.0
72376210,10.9278,11.05,2020-09-21,MAV,PIONEER MUNI HIGH INC ADV FD INC,6726.0,240.0
72376210,10.85,10.89,2020-09-22,MAV,PIONEER MUNI HIGH INC ADV FD INC,6726.0,240.0
72376210,10.74,10.93,2020-09-23,MAV,PIONEER MUNI HIGH INC ADV FD INC,6726.0,240.0
72376210,10.72,10.74,2020-09-24,MAV,PIONEER MUNI HIGH INC ADV FD INC,6726.0,240.0
72376210,10.96,10.81,2020-09-25,MAV,PIONEER MUNI HIGH INC ADV FD INC,6726.0,240.0
72376210,10.97,11.05,2020-09-28,MAV,PIONEER MUNI HIGH INC ADV FD INC,6726.0,240.0
72376210,10.99,10.96,2020-09-29,MAV,PIONEER MUNI HIGH INC ADV FD INC,6726.0,240.0
72376210,10.92,11.08,2020-09-30,MAV,PIONEER MUNI HIGH INC ADV FD INC,6726.0,240.0
72376210,11.06,11.05,2020-10-01,MAV,PIONEER MUNI HIGH INC ADV FD INC,6726.0,240.0
72376210,11.01,11.06,2020-10-02,MAV,PIONEER MUNI HIGH INC ADV FD INC,6726.0,240.0
72376210,10.97,11.07,2020-10-05,MAV,PIONEER MUNI HIGH INC ADV FD INC,6726.0,240.0
72376210,11.02,11.01,2020-10-06,MAV,PIONEER MUNI HIGH INC ADV FD INC,6726.0,240.0
72376210,11.1,11.1,2020-10-07,MAV,PIONEER MUNI HIGH INC ADV FD INC,6726.0,240.0
72376210,11.06,11.15,2020-10-08,MAV,PIONEER MUNI HIGH INC ADV FD INC,6726.0,240.0
72376210,10.93,11.1,2020-10-09,MAV,PIONEER MUNI HIGH INC ADV FD INC,6726.0,240.0
72376210,10.99,11.06,2020-10-12,MAV,PIONEER MUNI HIGH INC ADV FD INC,6726.0,240.0
72376210,10.97,11.0,2020-10-13,MAV,PIONEER MUNI HIGH INC ADV FD INC,6726.0,240.0
72376210,10.93,10.94,2020-10-14,MAV,PIONEER MUNI HIGH INC ADV FD INC,6726.0,240.0
72376210,10.83,10.92,2020-10-15,MAV,PIONEER MUNI HIGH INC ADV FD INC,6726.0,240.0
72376210,10.79,10.84,2020-10-16,MAV,PIONEER MUNI HIGH INC ADV FD INC,6726.0,240.0
72376210,10.87,10.87,2020-10-19,MAV,PIONEER MUNI HIGH INC ADV FD INC,6726.0,240.0
72376210,10.94,10.85,2020-10-20,MAV,PIONEER MUNI HIGH INC ADV FD INC,6726.0,240.0
72376210,10.92,10.94,2020-10-21,MAV,PIONEER MUNI HIGH INC ADV FD INC,6726.0,240.0
72376210,10.93,10.96,2020-10-22,MAV,PIONEER MUNI HIGH INC ADV FD INC,6726.0,240.0
72376210,10.92,10.96,2020-10-23,MAV,PIONEER MUNI HIGH INC ADV FD INC,6726.0,240.0
72376210,10.84,10.91,2020-10-26,MAV,PIONEER MUNI HIGH INC ADV FD INC,6726.0,240.0
72376210,10.86,10.89,2020-10-27,MAV,PIONEER MUNI HIGH INC ADV FD INC,6726.0,240.0
72376210,10.88,10.86,2020-10-28,MAV,PIONEER MUNI HIGH INC ADV FD INC,6726.0,240.0
72376210,10.97,10.9,2020-10-29,MAV,PIONEER MUNI HIGH INC ADV FD INC,6726.0,240.0
72376210,10.9,10.97,2020-10-30,MAV,PIONEER MUNI HIGH INC ADV FD INC,6726.0,240.0
72376210,10.94,10.95,2020-11-02,MAV,PIONEER MUNI HIGH INC ADV FD INC,6726.0,240.0
72376210,10.98,11.05,2020-11-03,MAV,PIONEER MUNI HIGH INC ADV FD INC,6726.0,240.0
72376210,11.08,11.03,2020-11-04,MAV,PIONEER MUNI HIGH INC ADV FD INC,6726.0,240.0
72376210,11.14,11.13,2020-11-05,MAV,PIONEER MUNI HIGH INC ADV FD INC,6726.0,240.0
72376210,11.29,11.22,2020-11-06,MAV,PIONEER MUNI HIGH INC ADV FD INC,6726.0,240.0
72376210,11.35,11.37,2020-11-09,MAV,PIONEER MUNI HIGH INC ADV FD INC,6726.0,240.0
72376210,11.35,11.33,2020-11-10,MAV,PIONEER MUNI HIGH INC ADV FD INC,6726.0,240.0
72376210,11.33,11.4,2020-11-11,MAV,PIONEER MUNI HIGH INC ADV FD INC,6726.0,240.0
72376210,11.32,11.33,2020-11-12,MAV,PIONEER MUNI HIGH INC ADV FD INC,6726.0,240.0
72376210,11.33,11.32,2020-11-13,MAV,PIONEER MUNI HIGH INC ADV FD INC,6726.0,240.0
72376210,11.31,11.33,2020-11-16,MAV,PIONEER MUNI HIGH INC ADV FD INC,6726.0,240.0
72376210,11.3,11.31,2020-11-17,MAV,PIONEER MUNI HIGH INC ADV FD INC,6726.0,240.0
72376210,11.31,11.31,2020-11-18,MAV,PIONEER MUNI HIGH INC ADV FD INC,6726.0,240.0
72376210,11.34,11.31,2020-11-19,MAV,PIONEER MUNI HIGH INC ADV FD INC,6726.0,240.0
72376210,11.33,11.35,2020-11-20,MAV,PIONEER MUNI HIGH INC ADV FD INC,6726.0,240.0
72376210,11.38,11.38,2020-11-23,MAV,PIONEER MUNI HIGH INC ADV FD INC,6726.0,240.0
72376210,11.41,11.41,2020-11-24,MAV,PIONEER MUNI HIGH INC ADV FD INC,6726.0,240.0
72376210,11.42,11.42,2020-11-25,MAV,PIONEER MUNI HIGH INC ADV FD INC,6726.0,240.0
72376210,11.45,11.44,2020-11-27,MAV,PIONEER MUNI HIGH INC ADV FD INC,6726.0,240.0
72376210,11.46,11.48,2020-11-30,MAV,PIONEER MUNI HIGH INC ADV FD INC,6726.0,240.0
72376210,11.51,11.47,2020-12-01,MAV,PIONEER MUNI HIGH INC ADV FD INC,6726.0,240.0
72376210,11.64,11.5,2020-12-02,MAV,PIONEER MUNI HIGH INC ADV FD INC,6726.0,240.0
72376210,11.64,11.63,2020-12-03,MAV,PIONEER MUNI HIGH INC ADV FD INC,6726.0,240.0
72376210,11.65,11.64,2020-12-04,MAV,PIONEER MUNI HIGH INC ADV FD INC,6726.0,240.0
72376210,11.62,11.68,2020-12-07,MAV,PIONEER MUNI HIGH INC ADV FD INC,6726.0,240.0
72376210,11.69,11.64,2020-12-08,MAV,PIONEER MUNI HIGH INC ADV FD INC,6726.0,240.0
72376210,11.75,11.7,2020-12-09,MAV,PIONEER MUNI HIGH INC ADV FD INC,6726.0,240.0
72376210,11.68,11.69,2020-12-10,MAV,PIONEER MUNI HIGH INC ADV FD INC,6726.0,240.0
72376210,11.71,11.69,2020-12-11,MAV,PIONEER MUNI HIGH INC ADV FD INC,6726.0,240.0
72376210,11.56,11.7,2020-12-14,MAV,PIONEER MUNI HIGH INC ADV FD INC,6726.0,240.0
72376210,11.58,11.58,2020-12-15,MAV,PIONEER MUNI HIGH INC ADV FD INC,6726.0,240.0
72376210,11.51,11.58,2020-12-16,MAV,PIONEER MUNI HIGH INC ADV FD INC,6726.0,240.0
72376210,11.43,11.51,2020-12-17,MAV,PIONEER MUNI HIGH INC ADV FD INC,6726.0,240.0
72376210,11.48,11.47,2020-12-18,MAV,PIONEER MUNI HIGH INC ADV FD INC,6726.0,240.0
72376210,11.46,11.5,2020-12-21,MAV,PIONEER MUNI HIGH INC ADV FD INC,6726.0,240.0
72376210,11.61,11.49,2020-12-22,MAV,PIONEER MUNI HIGH INC ADV FD INC,6726.0,240.0
72376210,11.55,11.65,2020-12-23,MAV,PIONEER MUNI HIGH INC ADV FD INC,6726.0,240.0
72376210,11.55,11.56,2020-12-24,MAV,PIONEER MUNI HIGH INC ADV FD INC,6726.0,240.0
72376210,11.57,11.61,2020-12-28,MAV,PIONEER MUNI HIGH INC ADV FD INC,6726.0,240.0
72376210,11.62,11.54,2020-12-29,MAV,PIONEER MUNI HIGH INC ADV FD INC,6726.0,240.0
72376210,11.66,11.6,2020-12-30,MAV,PIONEER MUNI HIGH INC ADV FD INC,6726.0,240.0
72376210,11.65,11.65,2020-12-31,MAV,PIONEER MUNI HIGH INC ADV FD INC,6726.0,240.0
72376210,11.64,11.75,2021-01-04,MAV,PIONEER MUNI HIGH INC ADV FD INC,6726.0,240.0
72376210,11.64,11.6,2021-01-05,MAV,PIONEER MUNI HIGH INC ADV FD INC,6726.0,240.0
72376210,11.65,11.66,2021-01-06,MAV,PIONEER MUNI HIGH INC ADV FD INC,6726.0,240.0
72376210,11.69,11.65,2021-01-07,MAV,PIONEER MUNI HIGH INC ADV FD INC,6726.0,240.0
72376210,11.72,11.66,2021-01-08,MAV,PIONEER MUNI HIGH INC ADV FD INC,6726.0,240.0
72376210,11.69,11.71,2021-01-11,MAV,PIONEER MUNI HIGH INC ADV FD INC,6726.0,240.0
72376210,11.69,11.67,2021-01-12,MAV,PIONEER MUNI HIGH INC ADV FD INC,6726.0,240.0
72376210,11.69,11.7,2021-01-13,MAV,PIONEER MUNI HIGH INC ADV FD INC,6726.0,240.0
72376210,11.67,11.69,2021-01-14,MAV,PIONEER MUNI HIGH INC ADV FD INC,6726.0,240.0
72376210,11.7,11.68,2021-01-15,MAV,PIONEER MUNI HIGH INC ADV FD INC,6726.0,240.0
72376210,11.76,11.73,2021-01-19,MAV,PIONEER MUNI HIGH INC ADV FD INC,6726.0,240.0
72376210,11.74,11.76,2021-01-20,MAV,PIONEER MUNI HIGH INC ADV FD INC,6726.0,240.0
72376210,11.73,11.76,2021-01-21,MAV,PIONEER MUNI HIGH INC ADV FD INC,6726.0,240.0
72376210,11.69,11.74,2021-01-22,MAV,PIONEER MUNI HIGH INC ADV FD INC,6726.0,240.0
72376210,11.7,11.73,2021-01-25,MAV,PIONEER MUNI HIGH INC ADV FD INC,6726.0,240.0
72376210,11.73,11.74,2021-01-26,MAV,PIONEER MUNI HIGH INC ADV FD INC,6726.0,240.0
72376210,11.73,11.69,2021-01-27,MAV,PIONEER MUNI HIGH INC ADV FD INC,6726.0,240.0
72376210,11.78,11.78,2021-01-28,MAV,PIONEER MUNI HIGH INC ADV FD INC,6726.0,240.0
72376210,11.77,11.81,2021-01-29,MAV,PIONEER MUNI HIGH INC ADV FD INC,6726.0,240.0
72376210,11.74,11.76,2021-02-01,MAV,PIONEER MUNI HIGH INC ADV FD INC,6726.0,240.0
72376210,11.75,11.77,2021-02-02,MAV,PIONEER MUNI HIGH INC ADV FD INC,6726.0,240.0
72376210,11.73,11.75,2021-02-03,MAV,PIONEER MUNI HIGH INC ADV FD INC,6726.0,240.0
72376210,11.79,11.75,2021-02-04,MAV,PIONEER MUNI HIGH INC ADV FD INC,6726.0,240.0
72376210,11.94,11.8,2021-02-05,MAV,PIONEER MUNI HIGH INC ADV FD INC,6726.0,240.0
72376210,11.97,11.95,2021-02-08,MAV,PIONEER MUNI HIGH INC ADV FD INC,6726.0,240.0
72376210,11.97,11.96,2021-02-09,MAV,PIONEER MUNI HIGH INC ADV FD INC,6726.0,240.0
72376210,12.06,11.98,2021-02-10,MAV,PIONEER MUNI HIGH INC ADV FD INC,6726.0,240.0
72376210,12.07,12.11,2021-02-11,MAV,PIONEER MUNI HIGH INC ADV FD INC,6726.0,240.0
72376210,12.09,12.1,2021-02-12,MAV,PIONEER MUNI HIGH INC ADV FD INC,6726.0,240.0
72376210,12.06,12.09,2021-02-16,MAV,PIONEER MUNI HIGH INC ADV FD INC,6726.0,240.0
72376210,11.92,12.03,2021-02-17,MAV,PIONEER MUNI HIGH INC ADV FD INC,6726.0,240.0
72376210,11.71,11.89,2021-02-18,MAV,PIONEER MUNI HIGH INC ADV FD INC,6726.0,240.0
72376210,11.6,11.68,2021-02-19,MAV,PIONEER MUNI HIGH INC ADV FD INC,6726.0,240.0
72376210,11.51,11.64,2021-02-22,MAV,PIONEER MUNI HIGH INC ADV FD INC,6726.0,240.0
72376210,11.51,11.48,2021-02-23,MAV,PIONEER MUNI HIGH INC ADV FD INC,6726.0,240.0
72376210,11.47,11.5,2021-02-24,MAV,PIONEER MUNI HIGH INC ADV FD INC,6726.0,240.0
72376210,11.32,11.5,2021-02-25,MAV,PIONEER MUNI HIGH INC ADV FD INC,6726.0,240.0
72376210,11.53,11.37,2021-02-26,MAV,PIONEER MUNI HIGH INC ADV FD INC,6726.0,240.0
72376210,11.72,11.54,2021-03-01,MAV,PIONEER MUNI HIGH INC ADV FD INC,6726.0,240.0
72376210,11.75,11.72,2021-03-02,MAV,PIONEER MUNI HIGH INC ADV FD INC,6726.0,240.0
72376210,11.68,11.74,2021-03-03,MAV,PIONEER MUNI HIGH INC ADV FD INC,6726.0,240.0
72376210,11.69,11.71,2021-03-04,MAV,PIONEER MUNI HIGH INC ADV FD INC,6726.0,240.0
72376210,11.7,11.75,2021-03-05,MAV,PIONEER MUNI HIGH INC ADV FD INC,6726.0,240.0
72376210,11.75,11.71,2021-03-08,MAV,PIONEER MUNI HIGH INC ADV FD INC,6726.0,240.0
72376210,11.79,11.77,2021-03-09,MAV,PIONEER MUNI HIGH INC ADV FD INC,6726.0,240.0
72376210,11.87,11.85,2021-03-10,MAV,PIONEER MUNI HIGH INC ADV FD INC,6726.0,240.0
72376210,11.9,11.93,2021-03-11,MAV,PIONEER MUNI HIGH INC ADV FD INC,6726.0,240.0
72376210,11.84,11.88,2021-03-12,MAV,PIONEER MUNI HIGH INC ADV FD INC,6726.0,240.0
72376210,11.91,11.87,2021-03-15,MAV,PIONEER MUNI HIGH INC ADV FD INC,6726.0,240.0
72376210,11.93,11.92,2021-03-16,MAV,PIONEER MUNI HIGH INC ADV FD INC,6726.0,240.0
72376210,11.87,11.89,2021-03-17,MAV,PIONEER MUNI HIGH INC ADV FD INC,6726.0,240.0
72376210,11.8,11.83,2021-03-18,MAV,PIONEER MUNI HIGH INC ADV FD INC,6726.0,240.0
72376210,11.83,11.79,2021-03-19,MAV,PIONEER MUNI HIGH INC ADV FD INC,6726.0,240.0
72376210,11.68,11.82,2021-03-22,MAV,PIONEER MUNI HIGH INC ADV FD INC,6726.0,240.0
72376210,11.61,11.71,2021-03-23,MAV,PIONEER MUNI HIGH INC ADV FD INC,6726.0,240.0
72376210,11.7,11.66,2021-03-24,MAV,PIONEER MUNI HIGH INC ADV FD INC,6726.0,240.0
72376210,11.74,11.7,2021-03-25,MAV,PIONEER MUNI HIGH INC ADV FD INC,6726.0,240.0
72376210,11.79,11.76,2021-03-26,MAV,PIONEER MUNI HIGH INC ADV FD INC,6726.0,240.0
72376210,11.81,11.82,2021-03-29,MAV,PIONEER MUNI HIGH INC ADV FD INC,6726.0,240.0
72376210,11.82,11.83,2021-03-30,MAV,PIONEER MUNI HIGH INC ADV FD INC,6726.0,240.0
72376210,11.82,11.83,2021-03-31,MAV,PIONEER MUNI HIGH INC ADV FD INC,6726.0,240.0
72376210,11.87,11.86,2021-04-01,MAV,PIONEER MUNI HIGH INC ADV FD INC,6726.0,240.0
72376210,11.92,11.94,2021-04-05,MAV,PIONEER MUNI HIGH INC ADV FD INC,6726.0,240.0
72376210,11.93,11.91,2021-04-06,MAV,PIONEER MUNI HIGH INC ADV FD INC,6726.0,240.0
72376210,11.91,11.93,2021-04-07,MAV,PIONEER MUNI HIGH INC ADV FD INC,6726.0,240.0
72376210,11.97,11.95,2021-04-08,MAV,PIONEER MUNI HIGH INC ADV FD INC,6726.0,240.0
72376210,12.04,11.99,2021-04-09,MAV,PIONEER MUNI HIGH INC ADV FD INC,6726.0,240.0
72376210,12.04,12.06,2021-04-12,MAV,PIONEER MUNI HIGH INC ADV FD INC,6726.0,240.0
72376210,12.1,12.08,2021-04-13,MAV,PIONEER MUNI HIGH INC ADV FD INC,6726.0,240.0
72376210,12.18,12.1,2021-04-14,MAV,PIONEER MUNI HIGH INC ADV FD INC,6726.0,240.0
72376210,12.19,12.21,2021-04-15,MAV,PIONEER MUNI HIGH INC ADV FD INC,6726.0,240.0
72376210,12.11,12.13,2021-04-16,MAV,PIONEER MUNI HIGH INC ADV FD INC,6726.0,240.0
72376210,12.13,12.09,2021-04-19,MAV,PIONEER MUNI HIGH INC ADV FD INC,6726.0,240.0
72376210,12.1,12.08,2021-04-20,MAV,PIONEER MUNI HIGH INC ADV FD INC,6726.0,240.0
72376210,12.15,12.08,2021-04-21,MAV,PIONEER MUNI HIGH INC ADV FD INC,6726.0,240.0
72376210,12.11,12.14,2021-04-22,MAV,PIONEER MUNI HIGH INC ADV FD INC,6726.0,240.0
72376210,12.12,12.1,2021-04-23,MAV,PIONEER MUNI HIGH INC ADV FD INC,6726.0,240.0
72376210,12.14,12.11,2021-04-26,MAV,PIONEER MUNI HIGH INC ADV FD INC,6726.0,240.0
72376210,12.12,12.17,2021-04-27,MAV,PIONEER MUNI HIGH INC ADV FD INC,6726.0,240.0
72376210,12.1,12.11,2021-04-28,MAV,PIONEER MUNI HIGH INC ADV FD INC,6726.0,240.0
72376210,12.09,12.09,2021-04-29,MAV,PIONEER MUNI HIGH INC ADV FD INC,6726.0,240.0
72376210,12.11,12.09,2021-04-30,MAV,PIONEER MUNI HIGH INC ADV FD INC,6726.0,240.0
72376210,12.13,12.1,2021-05-03,MAV,PIONEER MUNI HIGH INC ADV FD INC,6726.0,240.0
72376210,12.13,12.13,2021-05-04,MAV,PIONEER MUNI HIGH INC ADV FD INC,6726.0,240.0
72376210,12.17,12.16,2021-05-05,MAV,PIONEER MUNI HIGH INC ADV FD INC,6726.0,240.0
72376210,12.18,12.16,2021-05-06,MAV,PIONEER MUNI HIGH INC ADV FD INC,6726.0,240.0
72376210,12.22,12.27,2021-05-07,MAV,PIONEER MUNI HIGH INC ADV FD INC,6726.0,240.0
72376210,12.21,12.22,2021-05-10,MAV,PIONEER MUNI HIGH INC ADV FD INC,6726.0,240.0
72376210,12.2,12.21,2021-05-11,MAV,PIONEER MUNI HIGH INC ADV FD INC,6726.0,240.0
72376210,12.04,12.2,2021-05-12,MAV,PIONEER MUNI HIGH INC ADV FD INC,6726.0,240.0
72376210,12.05,12.04,2021-05-13,MAV,PIONEER MUNI HIGH INC ADV FD INC,6726.0,240.0
72376210,12.11,12.06,2021-05-14,MAV,PIONEER MUNI HIGH INC ADV FD INC,6726.0,240.0
72376210,12.12,12.11,2021-05-17,MAV,PIONEER MUNI HIGH INC ADV FD INC,6726.0,240.0
72376210,12.07,12.07,2021-05-18,MAV,PIONEER MUNI HIGH INC ADV FD INC,6726.0,240.0
72376210,11.91,12.07,2021-05-19,MAV,PIONEER MUNI HIGH INC ADV FD INC,6726.0,240.0
72376210,12.01,11.94,2021-05-20,MAV,PIONEER MUNI HIGH INC ADV FD INC,6726.0,240.0
72376210,12.0317,12.01,2021-05-21,MAV,PIONEER MUNI HIGH INC ADV FD INC,6726.0,240.0
72376210,12.02,12.08,2021-05-24,MAV,PIONEER MUNI HIGH INC ADV FD INC,6726.0,240.0
72376210,12.07,12.02,2021-05-25,MAV,PIONEER MUNI HIGH INC ADV FD INC,6726.0,240.0
72376210,12.11,12.12,2021-05-26,MAV,PIONEER MUNI HIGH INC ADV FD INC,6726.0,240.0
72376210,12.13,12.1,2021-05-27,MAV,PIONEER MUNI HIGH INC ADV FD INC,6726.0,240.0
72376210,12.16,12.17,2021-05-28,MAV,PIONEER MUNI HIGH INC ADV FD INC,6726.0,240.0
72376210,12.14,12.17,2021-06-01,MAV,PIONEER MUNI HIGH INC ADV FD INC,6726.0,240.0
72376210,12.14,12.14,2021-06-02,MAV,PIONEER MUNI HIGH INC ADV FD INC,6726.0,240.0
72376210,12.12,12.14,2021-06-03,MAV,PIONEER MUNI HIGH INC ADV FD INC,6726.0,240.0
72376210,12.12,12.12,2021-06-04,MAV,PIONEER MUNI HIGH INC ADV FD INC,6726.0,240.0
72376210,12.13,12.1,2021-06-07,MAV,PIONEER MUNI HIGH INC ADV FD INC,6726.0,240.0
72376210,12.13,12.12,2021-06-08,MAV,PIONEER MUNI HIGH INC ADV FD INC,6726.0,240.0
72376210,12.13,12.12,2021-06-09,MAV,PIONEER MUNI HIGH INC ADV FD INC,6726.0,240.0
72376210,12.21,12.14,2021-06-10,MAV,PIONEER MUNI HIGH INC ADV FD INC,6726.0,240.0
72376210,12.26,12.21,2021-06-11,MAV,PIONEER MUNI HIGH INC ADV FD INC,6726.0,240.0
72376210,12.27,12.31,2021-06-14,MAV,PIONEER MUNI HIGH INC ADV FD INC,6726.0,240.0
72376210,12.28,12.27,2021-06-15,MAV,PIONEER MUNI HIGH INC ADV FD INC,6726.0,240.0
72376210,12.21,12.22,2021-06-16,MAV,PIONEER MUNI HIGH INC ADV FD INC,6726.0,240.0
72376210,12.16,12.17,2021-06-17,MAV,PIONEER MUNI HIGH INC ADV FD INC,6726.0,240.0
72376210,12.14,12.16,2021-06-18,MAV,PIONEER MUNI HIGH INC ADV FD INC,6726.0,240.0
72376210,12.06,12.14,2021-06-21,MAV,PIONEER MUNI HIGH INC ADV FD INC,6726.0,240.0
72376210,12.14,12.11,2021-06-22,MAV,PIONEER MUNI HIGH INC ADV FD INC,6726.0,240.0
72376210,12.18,12.14,2021-06-23,MAV,PIONEER MUNI HIGH INC ADV FD INC,6726.0,240.0
72376210,12.225,12.18,2021-06-24,MAV,PIONEER MUNI HIGH INC ADV FD INC,6726.0,240.0
72376210,12.21,12.2,2021-06-25,MAV,PIONEER MUNI HIGH INC ADV FD INC,6726.0,240.0
72376210,12.2382,12.21,2021-06-28,MAV,PIONEER MUNI HIGH INC ADV FD INC,6726.0,240.0
72376210,12.3,12.24,2021-06-29,MAV,PIONEER MUNI HIGH INC ADV FD INC,6726.0,240.0
72376210,12.34,12.33,2021-06-30,MAV,PIONEER MUNI HIGH INC ADV FD INC,6726.0,240.0
72376210,12.4,12.39,2021-07-01,MAV,PIONEER MUNI HIGH INC ADV FD INC,6726.0,240.0
72376210,12.44,12.4,2021-07-02,MAV,PIONEER MUNI HIGH INC ADV FD INC,6726.0,240.0
72376210,12.39,12.47,2021-07-06,MAV,PIONEER MUNI HIGH INC ADV FD INC,6726.0,240.0
72376210,12.43,12.39,2021-07-07,MAV,PIONEER MUNI HIGH INC ADV FD INC,6726.0,240.0
72376210,12.62,12.35,2021-07-08,MAV,PIONEER MUNI HIGH INC ADV FD INC,6726.0,240.0
72376210,12.7,12.64,2021-07-09,MAV,PIONEER MUNI HIGH INC ADV FD INC,6726.0,240.0
72376210,12.84,12.74,2021-07-12,MAV,PIONEER MUNI HIGH INC ADV FD INC,6726.0,240.0
72376210,12.85,12.8,2021-07-13,MAV,PIONEER MUNI HIGH INC ADV FD INC,6726.0,240.0
72376210,12.96,12.85,2021-07-14,MAV,PIONEER MUNI HIGH INC ADV FD INC,6726.0,240.0
72376210,12.87,12.98,2021-07-15,MAV,PIONEER MUNI HIGH INC ADV FD INC,6726.0,240.0
72376210,12.83,12.87,2021-07-16,MAV,PIONEER MUNI HIGH INC ADV FD INC,6726.0,240.0
72376210,12.68,12.81,2021-07-19,MAV,PIONEER MUNI HIGH INC ADV FD INC,6726.0,240.0
72376210,12.63,12.73,2021-07-20,MAV,PIONEER MUNI HIGH INC ADV FD INC,6726.0,240.0
72376210,12.62,12.63,2021-07-21,MAV,PIONEER MUNI HIGH INC ADV FD INC,6726.0,240.0
72376210,12.58,12.64,2021-07-22,MAV,PIONEER MUNI HIGH INC ADV FD INC,6726.0,240.0
72376210,12.72,12.6,2021-07-23,MAV,PIONEER MUNI HIGH INC ADV FD INC,6726.0,240.0
72376210,12.71,12.72,2021-07-26,MAV,PIONEER MUNI HIGH INC ADV FD INC,6726.0,240.0
72376210,12.72,12.74,2021-07-27,MAV,PIONEER MUNI HIGH INC ADV FD INC,6726.0,240.0
72376210,12.7,12.77,2021-07-28,MAV,PIONEER MUNI HIGH INC ADV FD INC,6726.0,240.0
72376210,12.83,12.75,2021-07-29,MAV,PIONEER MUNI HIGH INC ADV FD INC,6726.0,240.0
72376210,12.95,12.83,2021-07-30,MAV,PIONEER MUNI HIGH INC ADV FD INC,6726.0,240.0
72376210,12.79,12.92,2021-08-02,MAV,PIONEER MUNI HIGH INC ADV FD INC,6726.0,240.0
72376210,12.84,12.79,2021-08-03,MAV,PIONEER MUNI HIGH INC ADV FD INC,6726.0,240.0
72376210,12.73,12.84,2021-08-04,MAV,PIONEER MUNI HIGH INC ADV FD INC,6726.0,240.0
72376210,12.69,12.71,2021-08-05,MAV,PIONEER MUNI HIGH INC ADV FD INC,6726.0,240.0
72376210,12.34,12.59,2021-08-06,MAV,PIONEER MUNI HIGH INC ADV FD INC,6726.0,240.0
72376210,12.11,12.28,2021-08-09,MAV,PIONEER MUNI HIGH INC ADV FD INC,6726.0,240.0
72376210,12.01,11.99,2021-08-10,MAV,PIONEER MUNI HIGH INC ADV FD INC,6726.0,240.0
72376210,12.06,12.01,2021-08-11,MAV,PIONEER MUNI HIGH INC ADV FD INC,6726.0,240.0
72376210,11.99,12.1,2021-08-12,MAV,PIONEER MUNI HIGH INC ADV FD INC,6726.0,240.0
72376210,11.94,11.99,2021-08-13,MAV,PIONEER MUNI HIGH INC ADV FD INC,6726.0,240.0
72376210,11.98,11.9,2021-08-16,MAV,PIONEER MUNI HIGH INC ADV FD INC,6726.0,240.0
72376210,11.97,12.0,2021-08-17,MAV,PIONEER MUNI HIGH INC ADV FD INC,6726.0,240.0
72376210,12.02,11.96,2021-08-18,MAV,PIONEER MUNI HIGH INC ADV FD INC,6726.0,240.0
72376210,12.01,11.98,2021-08-19,MAV,PIONEER MUNI HIGH INC ADV FD INC,6726.0,240.0
72376210,12.02,12.01,2021-08-20,MAV,PIONEER MUNI HIGH INC ADV FD INC,6726.0,240.0
72376210,12.06,12.08,2021-08-23,MAV,PIONEER MUNI HIGH INC ADV FD INC,6726.0,240.0
72376210,12.05,12.09,2021-08-24,MAV,PIONEER MUNI HIGH INC ADV FD INC,6726.0,240.0
72376210,12.04,12.06,2021-08-25,MAV,PIONEER MUNI HIGH INC ADV FD INC,6726.0,240.0
72376210,12.0,12.03,2021-08-26,MAV,PIONEER MUNI HIGH INC ADV FD INC,6726.0,240.0
72376210,12.01,12.02,2021-08-27,MAV,PIONEER MUNI HIGH INC ADV FD INC,6726.0,240.0
72376210,11.95,12.02,2021-08-30,MAV,PIONEER MUNI HIGH INC ADV FD INC,6726.0,240.0
72376210,11.87,11.95,2021-08-31,MAV,PIONEER MUNI HIGH INC ADV FD INC,6726.0,240.0
72376210,11.93,11.9,2021-09-01,MAV,PIONEER MUNI HIGH INC ADV FD INC,6726.0,240.0
72376210,11.84,11.95,2021-09-02,MAV,PIONEER MUNI HIGH INC ADV FD INC,6726.0,240.0
72376210,11.77,11.85,2021-09-03,MAV,PIONEER MUNI HIGH INC ADV FD INC,6726.0,240.0
72376210,11.76,11.72,2021-09-07,MAV,PIONEER MUNI HIGH INC ADV FD INC,6726.0,240.0
72376210,11.8,11.81,2021-09-08,MAV,PIONEER MUNI HIGH INC ADV FD INC,6726.0,240.0
72376210,11.86,11.83,2021-09-09,MAV,PIONEER MUNI HIGH INC ADV FD INC,6726.0,240.0
72376210,11.86,11.88,2021-09-10,MAV,PIONEER MUNI HIGH INC ADV FD INC,6726.0,240.0
72376210,11.86,11.86,2021-09-13,MAV,PIONEER MUNI HIGH INC ADV FD INC,6726.0,240.0
72376210,11.96,11.91,2021-09-14,MAV,PIONEER MUNI HIGH INC ADV FD INC,6726.0,240.0
72376210,11.93,11.9,2021-09-15,MAV,PIONEER MUNI HIGH INC ADV FD INC,6726.0,240.0
72376210,11.98,11.95,2021-09-16,MAV,PIONEER MUNI HIGH INC ADV FD INC,6726.0,240.0
72376210,11.93,11.94,2021-09-17,MAV,PIONEER MUNI HIGH INC ADV FD INC,6726.0,240.0
72376210,11.91,11.92,2021-09-20,MAV,PIONEER MUNI HIGH INC ADV FD INC,6726.0,240.0
72376210,11.93,11.9,2021-09-21,MAV,PIONEER MUNI HIGH INC ADV FD INC,6726.0,240.0
72376210,11.98,11.96,2021-09-22,MAV,PIONEER MUNI HIGH INC ADV FD INC,6726.0,240.0
72376210,11.95,12.01,2021-09-23,MAV,PIONEER MUNI HIGH INC ADV FD INC,6726.0,240.0
72376210,11.9,11.95,2021-09-24,MAV,PIONEER MUNI HIGH INC ADV FD INC,6726.0,240.0
72376210,11.94,11.93,2021-09-27,MAV,PIONEER MUNI HIGH INC ADV FD INC,6726.0,240.0
72376210,11.76,11.92,2021-09-28,MAV,PIONEER MUNI HIGH INC ADV FD INC,6726.0,240.0
72376210,11.7,11.8,2021-09-29,MAV,PIONEER MUNI HIGH INC ADV FD INC,6726.0,240.0
72376210,11.6,11.75,2021-09-30,MAV,PIONEER MUNI HIGH INC ADV FD INC,6726.0,240.0
72376210,11.6,11.64,2021-10-01,MAV,PIONEER MUNI HIGH INC ADV FD INC,6726.0,240.0
72376210,11.54,11.62,2021-10-04,MAV,PIONEER MUNI HIGH INC ADV FD INC,6726.0,240.0
72376210,11.53,11.54,2021-10-05,MAV,PIONEER MUNI HIGH INC ADV FD INC,6726.0,240.0
72376210,11.48,11.5,2021-10-06,MAV,PIONEER MUNI HIGH INC ADV FD INC,6726.0,240.0
72376210,11.5,11.5,2021-10-07,MAV,PIONEER MUNI HIGH INC ADV FD INC,6726.0,240.0
72376210,11.52,11.52,2021-10-08,MAV,PIONEER MUNI HIGH INC ADV FD INC,6726.0,240.0
72376210,11.52,11.53,2021-10-11,MAV,PIONEER MUNI HIGH INC ADV FD INC,6726.0,240.0
72376210,11.59,11.56,2021-10-12,MAV,PIONEER MUNI HIGH INC ADV FD INC,6726.0,240.0
72376210,11.64,11.63,2021-10-13,MAV,PIONEER MUNI HIGH INC ADV FD INC,6726.0,240.0
72376210,11.67,11.68,2021-10-14,MAV,PIONEER MUNI HIGH INC ADV FD INC,6726.0,240.0
72376210,11.7,11.69,2021-10-15,MAV,PIONEER MUNI HIGH INC ADV FD INC,6726.0,240.0
72376210,11.61,11.68,2021-10-18,MAV,PIONEER MUNI HIGH INC ADV FD INC,6726.0,240.0
72376210,11.64,11.64,2021-10-19,MAV,PIONEER MUNI HIGH INC ADV FD INC,6726.0,240.0
72376210,11.55,11.64,2021-10-20,MAV,PIONEER MUNI HIGH INC ADV FD INC,6726.0,240.0
72376210,11.42,11.47,2021-10-21,MAV,PIONEER MUNI HIGH INC ADV FD INC,6726.0,240.0
72376210,11.42,11.4,2021-10-22,MAV,PIONEER MUNI HIGH INC ADV FD INC,6726.0,240.0
72376210,11.39,11.42,2021-10-25,MAV,PIONEER MUNI HIGH INC ADV FD INC,6726.0,240.0
72376210,11.36,11.39,2021-10-26,MAV,PIONEER MUNI HIGH INC ADV FD INC,6726.0,240.0
72376210,11.39,11.4,2021-10-27,MAV,PIONEER MUNI HIGH INC ADV FD INC,6726.0,240.0
72376210,11.42,11.42,2021-10-28,MAV,PIONEER MUNI HIGH INC ADV FD INC,6726.0,240.0
72376210,11.55,11.45,2021-10-29,MAV,PIONEER MUNI HIGH INC ADV FD INC,6726.0,240.0
72376210,11.69,11.53,2021-11-01,MAV,PIONEER MUNI HIGH INC ADV FD INC,6726.0,240.0
72376210,11.84,11.72,2021-11-02,MAV,PIONEER MUNI HIGH INC ADV FD INC,6726.0,240.0
72376210,11.93,11.82,2021-11-03,MAV,PIONEER MUNI HIGH INC ADV FD INC,6726.0,240.0
72376210,11.92,11.93,2021-11-04,MAV,PIONEER MUNI HIGH INC ADV FD INC,6726.0,240.0
72376210,12.03,11.99,2021-11-05,MAV,PIONEER MUNI HIGH INC ADV FD INC,6726.0,240.0
72376210,12.02,12.09,2021-11-08,MAV,PIONEER MUNI HIGH INC ADV FD INC,6726.0,240.0
72376210,12.02,12.07,2021-11-09,MAV,PIONEER MUNI HIGH INC ADV FD INC,6726.0,240.0
72376210,11.95,12.04,2021-11-10,MAV,PIONEER MUNI HIGH INC ADV FD INC,6726.0,240.0
72376210,11.91,12.0,2021-11-11,MAV,PIONEER MUNI HIGH INC ADV FD INC,6726.0,240.0
72376210,11.93,11.96,2021-11-12,MAV,PIONEER MUNI HIGH INC ADV FD INC,6726.0,240.0
72376210,12.0,11.98,2021-11-15,MAV,PIONEER MUNI HIGH INC ADV FD INC,6726.0,240.0
72376210,12.03,11.98,2021-11-16,MAV,PIONEER MUNI HIGH INC ADV FD INC,6726.0,240.0
72376210,11.96,12.02,2021-11-17,MAV,PIONEER MUNI HIGH INC ADV FD INC,6726.0,240.0
72376210,11.89,11.97,2021-11-18,MAV,PIONEER MUNI HIGH INC ADV FD INC,6726.0,240.0
72376210,11.95,11.93,2021-11-19,MAV,PIONEER MUNI HIGH INC ADV FD INC,6726.0,240.0
72376210,11.95,11.95,2021-11-22,MAV,PIONEER MUNI HIGH INC ADV FD INC,6726.0,240.0
72376210,11.86,11.98,2021-11-23,MAV,PIONEER MUNI HIGH INC ADV FD INC,6726.0,240.0
72376210,11.87,11.89,2021-11-24,MAV,PIONEER MUNI HIGH INC ADV FD INC,6726.0,240.0
72376210,11.88,11.88,2021-11-26,MAV,PIONEER MUNI HIGH INC ADV FD INC,6726.0,240.0
72376210,11.91,11.98,2021-11-29,MAV,PIONEER MUNI HIGH INC ADV FD INC,6726.0,240.0
72376210,11.95,12.0,2021-11-30,MAV,PIONEER MUNI HIGH INC ADV FD INC,6726.0,240.0
72376210,11.92,12.03,2021-12-01,MAV,PIONEER MUNI HIGH INC ADV FD INC,6726.0,240.0
72376210,11.81,11.97,2021-12-02,MAV,PIONEER MUNI HIGH INC ADV FD INC,6726.0,240.0
72376210,11.77,11.85,2021-12-03,MAV,PIONEER MUNI HIGH INC ADV FD INC,6726.0,240.0
72376210,11.77,11.84,2021-12-06,MAV,PIONEER MUNI HIGH INC ADV FD INC,6726.0,240.0
72376210,11.77,11.83,2021-12-07,MAV,PIONEER MUNI HIGH INC ADV FD INC,6726.0,240.0
72376210,11.77,11.84,2021-12-08,MAV,PIONEER MUNI HIGH INC ADV FD INC,6726.0,240.0
72376210,11.72,11.81,2021-12-09,MAV,PIONEER MUNI HIGH INC ADV FD INC,6726.0,240.0
72376210,11.59,11.8,2021-12-10,MAV,PIONEER MUNI HIGH INC ADV FD INC,6726.0,240.0
72376210,11.65,11.63,2021-12-13,MAV,PIONEER MUNI HIGH INC ADV FD INC,6726.0,240.0
72376210,11.67,11.63,2021-12-14,MAV,PIONEER MUNI HIGH INC ADV FD INC,6726.0,240.0
72376210,11.7,11.67,2021-12-15,MAV,PIONEER MUNI HIGH INC ADV FD INC,6726.0,240.0
72376210,11.73,11.7,2021-12-16,MAV,PIONEER MUNI HIGH INC ADV FD INC,6726.0,240.0
72376210,11.78,11.73,2021-12-17,MAV,PIONEER MUNI HIGH INC ADV FD INC,6726.0,240.0
72376210,11.63,11.83,2021-12-20,MAV,PIONEER MUNI HIGH INC ADV FD INC,6726.0,240.0
72376210,11.65,11.64,2021-12-21,MAV,PIONEER MUNI HIGH INC ADV FD INC,6726.0,240.0
72376210,11.66,11.68,2021-12-22,MAV,PIONEER MUNI HIGH INC ADV FD INC,6726.0,240.0
72376210,11.61,11.69,2021-12-23,MAV,PIONEER MUNI HIGH INC ADV FD INC,6726.0,240.0
72376210,11.6,11.63,2021-12-27,MAV,PIONEER MUNI HIGH INC ADV FD INC,6726.0,240.0
72376210,11.62,11.57,2021-12-28,MAV,PIONEER MUNI HIGH INC ADV FD INC,6726.0,240.0
72376210,11.51,11.55,2021-12-29,MAV,PIONEER MUNI HIGH INC ADV FD INC,6726.0,240.0
72376210,11.54,11.53,2021-12-30,MAV,PIONEER MUNI HIGH INC ADV FD INC,6726.0,240.0
72376210,11.55,11.55,2021-12-31,MAV,PIONEER MUNI HIGH INC ADV FD INC,6726.0,240.0
72376210,11.64,11.55,2022-01-03,MAV,PIONEER MUNI HIGH INC ADV FD INC,6726.0,240.0
72376210,11.52,11.64,2022-01-04,MAV,PIONEER MUNI HIGH INC ADV FD INC,6726.0,240.0
72376210,11.53,11.51,2022-01-05,MAV,PIONEER MUNI HIGH INC ADV FD INC,6726.0,240.0
72376210,11.58,11.54,2022-01-06,MAV,PIONEER MUNI HIGH INC ADV FD INC,6726.0,240.0
72376210,11.62,11.6,2022-01-07,MAV,PIONEER MUNI HIGH INC ADV FD INC,6726.0,240.0
72376210,11.58,11.6,2022-01-10,MAV,PIONEER MUNI HIGH INC ADV FD INC,6726.0,240.0
72376210,11.53,11.61,2022-01-11,MAV,PIONEER MUNI HIGH INC ADV FD INC,6726.0,240.0
72376210,11.55,11.56,2022-01-12,MAV,PIONEER MUNI HIGH INC ADV FD INC,6726.0,240.0
72376210,11.42,11.54,2022-01-13,MAV,PIONEER MUNI HIGH INC ADV FD INC,6726.0,240.0
72376210,11.3,11.4,2022-01-14,MAV,PIONEER MUNI HIGH INC ADV FD INC,6726.0,240.0
72376210,11.04,11.12,2022-01-18,MAV,PIONEER MUNI HIGH INC ADV FD INC,6726.0,240.0
72376210,11.0,11.05,2022-01-19,MAV,PIONEER MUNI HIGH INC ADV FD INC,6726.0,240.0
72376210,10.83,11.04,2022-01-20,MAV,PIONEER MUNI HIGH INC ADV FD INC,6726.0,240.0
72376210,10.7877,10.83,2022-01-21,MAV,PIONEER MUNI HIGH INC ADV FD INC,6726.0,240.0
72376210,10.81,10.74,2022-01-24,MAV,PIONEER MUNI HIGH INC ADV FD INC,6726.0,240.0
72376210,10.83,10.74,2022-01-25,MAV,PIONEER MUNI HIGH INC ADV FD INC,6726.0,240.0
72376210,10.78,10.83,2022-01-26,MAV,PIONEER MUNI HIGH INC ADV FD INC,6726.0,240.0
72376210,10.78,10.79,2022-01-27,MAV,PIONEER MUNI HIGH INC ADV FD INC,6726.0,240.0
72376210,10.74,10.69,2022-01-28,MAV,PIONEER MUNI HIGH INC ADV FD INC,6726.0,240.0
72376210,10.81,10.72,2022-01-31,MAV,PIONEER MUNI HIGH INC ADV FD INC,6726.0,240.0
72376210,10.87,10.78,2022-02-01,MAV,PIONEER MUNI HIGH INC ADV FD INC,6726.0,240.0
72376210,10.88,10.88,2022-02-02,MAV,PIONEER MUNI HIGH INC ADV FD INC,6726.0,240.0
72376210,10.78,10.81,2022-02-03,MAV,PIONEER MUNI HIGH INC ADV FD INC,6726.0,240.0
72376210,10.73,10.73,2022-02-04,MAV,PIONEER MUNI HIGH INC ADV FD INC,6726.0,240.0
72376210,10.83,10.76,2022-02-07,MAV,PIONEER MUNI HIGH INC ADV FD INC,6726.0,240.0
72376210,10.73,10.78,2022-02-08,MAV,PIONEER MUNI HIGH INC ADV FD INC,6726.0,240.0
72376210,10.74,10.76,2022-02-09,MAV,PIONEER MUNI HIGH INC ADV FD INC,6726.0,240.0
72376210,10.63,10.72,2022-02-10,MAV,PIONEER MUNI HIGH INC ADV FD INC,6726.0,240.0
72376210,10.62,10.6,2022-02-11,MAV,PIONEER MUNI HIGH INC ADV FD INC,6726.0,240.0
72376210,10.55,10.59,2022-02-14,MAV,PIONEER MUNI HIGH INC ADV FD INC,6726.0,240.0
72376210,10.56,10.55,2022-02-15,MAV,PIONEER MUNI HIGH INC ADV FD INC,6726.0,240.0
72376210,10.72,10.58,2022-02-16,MAV,PIONEER MUNI HIGH INC ADV FD INC,6726.0,240.0
72376210,10.79,10.68,2022-02-17,MAV,PIONEER MUNI HIGH INC ADV FD INC,6726.0,240.0
72376210,10.91,10.79,2022-02-18,MAV,PIONEER MUNI HIGH INC ADV FD INC,6726.0,240.0
72376210,10.575,10.91,2022-02-22,MAV,PIONEER MUNI HIGH INC ADV FD INC,6726.0,240.0
72376210,10.41,10.54,2022-02-23,MAV,PIONEER MUNI HIGH INC ADV FD INC,6726.0,240.0
72376210,10.43,10.41,2022-02-24,MAV,PIONEER MUNI HIGH INC ADV FD INC,6726.0,240.0
72376210,10.59,10.44,2022-02-25,MAV,PIONEER MUNI HIGH INC ADV FD INC,6726.0,240.0
72376210,10.55,10.57,2022-02-28,MAV,PIONEER MUNI HIGH INC ADV FD INC,6726.0,240.0
72376210,10.65,10.56,2022-03-01,MAV,PIONEER MUNI HIGH INC ADV FD INC,6726.0,240.0
72376210,10.57,10.66,2022-03-02,MAV,PIONEER MUNI HIGH INC ADV FD INC,6726.0,240.0
72376210,10.52,10.58,2022-03-03,MAV,PIONEER MUNI HIGH INC ADV FD INC,6726.0,240.0
72376210,10.5,10.48,2022-03-04,MAV,PIONEER MUNI HIGH INC ADV FD INC,6726.0,240.0
72376210,10.385,10.46,2022-03-07,MAV,PIONEER MUNI HIGH INC ADV FD INC,6726.0,240.0
72376210,10.33,10.33,2022-03-08,MAV,PIONEER MUNI HIGH INC ADV FD INC,6726.0,240.0
72376210,10.32,10.36,2022-03-09,MAV,PIONEER MUNI HIGH INC ADV FD INC,6726.0,240.0
72376210,10.22,10.25,2022-03-10,MAV,PIONEER MUNI HIGH INC ADV FD INC,6726.0,240.0
72376210,10.14,10.18,2022-03-11,MAV,PIONEER MUNI HIGH INC ADV FD INC,6726.0,240.0
72376210,9.97,10.1,2022-03-14,MAV,PIONEER MUNI HIGH INC ADV FD INC,6726.0,240.0
72376210,9.96,9.97,2022-03-15,MAV,PIONEER MUNI HIGH INC ADV FD INC,6726.0,240.0
72376210,9.9,9.88,2022-03-16,MAV,PIONEER MUNI HIGH INC ADV FD INC,6726.0,240.0
72376210,9.92,9.89,2022-03-17,MAV,PIONEER MUNI HIGH INC ADV FD INC,6726.0,240.0
72376210,9.94,9.94,2022-03-18,MAV,PIONEER MUNI HIGH INC ADV FD INC,6726.0,240.0
72376210,9.88,9.89,2022-03-21,MAV,PIONEER MUNI HIGH INC ADV FD INC,6726.0,240.0
72376210,9.88,9.89,2022-03-22,MAV,PIONEER MUNI HIGH INC ADV FD INC,6726.0,240.0
72376210,9.86,9.85,2022-03-23,MAV,PIONEER MUNI HIGH INC ADV FD INC,6726.0,240.0
72376210,9.785,9.84,2022-03-24,MAV,PIONEER MUNI HIGH INC ADV FD INC,6726.0,240.0
72376210,9.74,9.75,2022-03-25,MAV,PIONEER MUNI HIGH INC ADV FD INC,6726.0,240.0
72376210,9.68,9.74,2022-03-28,MAV,PIONEER MUNI HIGH INC ADV FD INC,6726.0,240.0
72376210,9.69,9.68,2022-03-29,MAV,PIONEER MUNI HIGH INC ADV FD INC,6726.0,240.0
72376210,9.73,9.69,2022-03-30,MAV,PIONEER MUNI HIGH INC ADV FD INC,6726.0,240.0
72376210,9.83,9.72,2022-03-31,MAV,PIONEER MUNI HIGH INC ADV FD INC,6726.0,240.0
72376210,9.81,9.79,2022-04-01,MAV,PIONEER MUNI HIGH INC ADV FD INC,6726.0,240.0
72376210,9.74,9.78,2022-04-04,MAV,PIONEER MUNI HIGH INC ADV FD INC,6726.0,240.0
72376210,9.66,9.72,2022-04-05,MAV,PIONEER MUNI HIGH INC ADV FD INC,6726.0,240.0
72376210,9.62,9.62,2022-04-06,MAV,PIONEER MUNI HIGH INC ADV FD INC,6726.0,240.0
72376210,9.57,9.6,2022-04-07,MAV,PIONEER MUNI HIGH INC ADV FD INC,6726.0,240.0
72376210,9.54,9.55,2022-04-08,MAV,PIONEER MUNI HIGH INC ADV FD INC,6726.0,240.0
72376210,9.42,9.54,2022-04-11,MAV,PIONEER MUNI HIGH INC ADV FD INC,6726.0,240.0
72376210,9.35,9.43,2022-04-12,MAV,PIONEER MUNI HIGH INC ADV FD INC,6726.0,240.0
72376210,9.3,9.34,2022-04-13,MAV,PIONEER MUNI HIGH INC ADV FD INC,6726.0,240.0
72376210,9.22,9.29,2022-04-14,MAV,PIONEER MUNI HIGH INC ADV FD INC,6726.0,240.0
72376210,9.15,9.2,2022-04-18,MAV,PIONEER MUNI HIGH INC ADV FD INC,6726.0,240.0
72376210,9.09,9.12,2022-04-19,MAV,PIONEER MUNI HIGH INC ADV FD INC,6726.0,240.0
72376210,9.21,9.11,2022-04-20,MAV,PIONEER MUNI HIGH INC ADV FD INC,6726.0,240.0
72376210,9.1223,9.18,2022-04-21,MAV,PIONEER MUNI HIGH INC ADV FD INC,6726.0,240.0
72376210,9.11,9.12,2022-04-22,MAV,PIONEER MUNI HIGH INC ADV FD INC,6726.0,240.0
72376210,9.15,9.07,2022-04-25,MAV,PIONEER MUNI HIGH INC ADV FD INC,6726.0,240.0
72376210,9.06,9.11,2022-04-26,MAV,PIONEER MUNI HIGH INC ADV FD INC,6726.0,240.0
72376210,9.01,9.06,2022-04-27,MAV,PIONEER MUNI HIGH INC ADV FD INC,6726.0,240.0
72376210,9.12,9.01,2022-04-28,MAV,PIONEER MUNI HIGH INC ADV FD INC,6726.0,240.0
72376210,8.95,9.09,2022-04-29,MAV,PIONEER MUNI HIGH INC ADV FD INC,6726.0,240.0
72376210,8.97,8.97,2022-05-02,MAV,PIONEER MUNI HIGH INC ADV FD INC,6726.0,240.0
72376210,9.0,8.97,2022-05-03,MAV,PIONEER MUNI HIGH INC ADV FD INC,6726.0,240.0
72376210,8.99,8.98,2022-05-04,MAV,PIONEER MUNI HIGH INC ADV FD INC,6726.0,240.0
72376210,8.99,8.96,2022-05-05,MAV,PIONEER MUNI HIGH INC ADV FD INC,6726.0,240.0
72376210,9.24,8.99,2022-05-06,MAV,PIONEER MUNI HIGH INC ADV FD INC,6726.0,240.0
72376210,9.14,9.2,2022-05-09,MAV,PIONEER MUNI HIGH INC ADV FD INC,6726.0,240.0
72376210,9.17,9.18,2022-05-10,MAV,PIONEER MUNI HIGH INC ADV FD INC,6726.0,240.0
72376210,9.18,9.15,2022-05-11,MAV,PIONEER MUNI HIGH INC ADV FD INC,6726.0,240.0
72376210,9.1,9.1,2022-05-12,MAV,PIONEER MUNI HIGH INC ADV FD INC,6726.0,240.0
72376210,8.832,9.1,2022-05-13,MAV,PIONEER MUNI HIGH INC ADV FD INC,6726.0,240.0
72376210,8.84,8.78,2022-05-16,MAV,PIONEER MUNI HIGH INC ADV FD INC,6726.0,240.0
72376210,8.87,8.83,2022-05-17,MAV,PIONEER MUNI HIGH INC ADV FD INC,6726.0,240.0
72376210,8.64,8.76,2022-05-18,MAV,PIONEER MUNI HIGH INC ADV FD INC,6726.0,240.0
72376210,8.8,8.61,2022-05-19,MAV,PIONEER MUNI HIGH INC ADV FD INC,6726.0,240.0
72376210,8.77,8.8,2022-05-20,MAV,PIONEER MUNI HIGH INC ADV FD INC,6726.0,240.0
72376210,8.78,8.8,2022-05-23,MAV,PIONEER MUNI HIGH INC ADV FD INC,6726.0,240.0
72376210,8.94,8.81,2022-05-24,MAV,PIONEER MUNI HIGH INC ADV FD INC,6726.0,240.0
72376210,9.05,8.96,2022-05-25,MAV,PIONEER MUNI HIGH INC ADV FD INC,6726.0,240.0
72376210,9.15,9.06,2022-05-26,MAV,PIONEER MUNI HIGH INC ADV FD INC,6726.0,240.0
72376210,9.31,9.22,2022-05-27,MAV,PIONEER MUNI HIGH INC ADV FD INC,6726.0,240.0
72376210,9.32,9.32,2022-05-31,MAV,PIONEER MUNI HIGH INC ADV FD INC,6726.0,240.0
72376210,9.36,9.36,2022-06-01,MAV,PIONEER MUNI HIGH INC ADV FD INC,6726.0,240.0
72376210,9.46,9.37,2022-06-02,MAV,PIONEER MUNI HIGH INC ADV FD INC,6726.0,240.0
72376210,9.4,9.42,2022-06-03,MAV,PIONEER MUNI HIGH INC ADV FD INC,6726.0,240.0
72376210,9.32,9.4,2022-06-06,MAV,PIONEER MUNI HIGH INC ADV FD INC,6726.0,240.0
72376210,9.34,9.3,2022-06-07,MAV,PIONEER MUNI HIGH INC ADV FD INC,6726.0,240.0
72376210,9.3,9.35,2022-06-08,MAV,PIONEER MUNI HIGH INC ADV FD INC,6726.0,240.0
72376210,9.02,9.25,2022-06-09,MAV,PIONEER MUNI HIGH INC ADV FD INC,6726.0,240.0
72376210,9.02,9.02,2022-06-10,MAV,PIONEER MUNI HIGH INC ADV FD INC,6726.0,240.0
72376210,8.8,8.9,2022-06-13,MAV,PIONEER MUNI HIGH INC ADV FD INC,6726.0,240.0
72376210,8.71,8.83,2022-06-14,MAV,PIONEER MUNI HIGH INC ADV FD INC,6726.0,240.0
72376210,8.54,8.67,2022-06-15,MAV,PIONEER MUNI HIGH INC ADV FD INC,6726.0,240.0
72376210,8.28,8.5,2022-06-16,MAV,PIONEER MUNI HIGH INC ADV FD INC,6726.0,240.0
72376210,8.33,8.3,2022-06-17,MAV,PIONEER MUNI HIGH INC ADV FD INC,6726.0,240.0
72376210,8.29,8.33,2022-06-21,MAV,PIONEER MUNI HIGH INC ADV FD INC,6726.0,240.0
72376210,8.3,8.3,2022-06-22,MAV,PIONEER MUNI HIGH INC ADV FD INC,6726.0,240.0
72376210,8.4,8.37,2022-06-23,MAV,PIONEER MUNI HIGH INC ADV FD INC,6726.0,240.0
72376210,8.46,8.43,2022-06-24,MAV,PIONEER MUNI HIGH INC ADV FD INC,6726.0,240.0
72376210,8.49,8.45,2022-06-27,MAV,PIONEER MUNI HIGH INC ADV FD INC,6726.0,240.0
72376210,8.57,8.49,2022-06-28,MAV,PIONEER MUNI HIGH INC ADV FD INC,6726.0,240.0
72376210,8.68,8.6,2022-06-29,MAV,PIONEER MUNI HIGH INC ADV FD INC,6726.0,240.0
72376210,8.73,8.68,2022-06-30,MAV,PIONEER MUNI HIGH INC ADV FD INC,6726.0,240.0
72376210,8.82,8.79,2022-07-01,MAV,PIONEER MUNI HIGH INC ADV FD INC,6726.0,240.0
72376210,8.98,8.82,2022-07-05,MAV,PIONEER MUNI HIGH INC ADV FD INC,6726.0,240.0
72376210,9.02,9.0,2022-07-06,MAV,PIONEER MUNI HIGH INC ADV FD INC,6726.0,240.0
72376210,9.02,9.05,2022-07-07,MAV,PIONEER MUNI HIGH INC ADV FD INC,6726.0,240.0
72376210,9.06,9.03,2022-07-08,MAV,PIONEER MUNI HIGH INC ADV FD INC,6726.0,240.0
72376210,9.06,9.09,2022-07-11,MAV,PIONEER MUNI HIGH INC ADV FD INC,6726.0,240.0
72376210,9.0402,9.06,2022-07-12,MAV,PIONEER MUNI HIGH INC ADV FD INC,6726.0,240.0
72376210,8.99,9.0,2022-07-13,MAV,PIONEER MUNI HIGH INC ADV FD INC,6726.0,240.0
72376210,8.97,8.98,2022-07-14,MAV,PIONEER MUNI HIGH INC ADV FD INC,6726.0,240.0
72376210,9.02,9.02,2022-07-15,MAV,PIONEER MUNI HIGH INC ADV FD INC,6726.0,240.0
72376210,8.92,9.0,2022-07-18,MAV,PIONEER MUNI HIGH INC ADV FD INC,6726.0,240.0
72376210,8.92,8.97,2022-07-19,MAV,PIONEER MUNI HIGH INC ADV FD INC,6726.0,240.0
72376210,8.87,8.89,2022-07-20,MAV,PIONEER MUNI HIGH INC ADV FD INC,6726.0,240.0
72376210,8.88,8.92,2022-07-21,MAV,PIONEER MUNI HIGH INC ADV FD INC,6726.0,240.0
72376210,8.93,8.9,2022-07-22,MAV,PIONEER MUNI HIGH INC ADV FD INC,6726.0,240.0
72376210,8.89,8.91,2022-07-25,MAV,PIONEER MUNI HIGH INC ADV FD INC,6726.0,240.0
72376210,8.94,8.93,2022-07-26,MAV,PIONEER MUNI HIGH INC ADV FD INC,6726.0,240.0
72376210,8.95,8.96,2022-07-27,MAV,PIONEER MUNI HIGH INC ADV FD INC,6726.0,240.0
72376210,9.07,8.97,2022-07-28,MAV,PIONEER MUNI HIGH INC ADV FD INC,6726.0,240.0
72376210,9.09,9.05,2022-07-29,MAV,PIONEER MUNI HIGH INC ADV FD INC,6726.0,240.0
72376210,9.2,9.1,2022-08-01,MAV,PIONEER MUNI HIGH INC ADV FD INC,6726.0,240.0
72376210,9.2,9.2,2022-08-02,MAV,PIONEER MUNI HIGH INC ADV FD INC,6726.0,240.0
72376210,9.22,9.22,2022-08-03,MAV,PIONEER MUNI HIGH INC ADV FD INC,6726.0,240.0
72376210,9.23,9.21,2022-08-04,MAV,PIONEER MUNI HIGH INC ADV FD INC,6726.0,240.0
72376210,9.25,9.2,2022-08-05,MAV,PIONEER MUNI HIGH INC ADV FD INC,6726.0,240.0
72376210,9.31,9.28,2022-08-08,MAV,PIONEER MUNI HIGH INC ADV FD INC,6726.0,240.0
72376210,9.23,9.29,2022-08-09,MAV,PIONEER MUNI HIGH INC ADV FD INC,6726.0,240.0
72376210,9.36,9.28,2022-08-10,MAV,PIONEER MUNI HIGH INC ADV FD INC,6726.0,240.0
72376210,9.26,9.36,2022-08-11,MAV,PIONEER MUNI HIGH INC ADV FD INC,6726.0,240.0
72376210,9.46,9.31,2022-08-12,MAV,PIONEER MUNI HIGH INC ADV FD INC,6726.0,240.0
72376210,9.46,9.43,2022-08-15,MAV,PIONEER MUNI HIGH INC ADV FD INC,6726.0,240.0
72376210,9.46,9.47,2022-08-16,MAV,PIONEER MUNI HIGH INC ADV FD INC,6726.0,240.0
72376210,9.26,9.37,2022-08-17,MAV,PIONEER MUNI HIGH INC ADV FD INC,6726.0,240.0
72376210,9.11,9.26,2022-08-18,MAV,PIONEER MUNI HIGH INC ADV FD INC,6726.0,240.0
72376210,8.97,9.1,2022-08-19,MAV,PIONEER MUNI HIGH INC ADV FD INC,6726.0,240.0
72376210,9.04,8.97,2022-08-22,MAV,PIONEER MUNI HIGH INC ADV FD INC,6726.0,240.0
72376210,9.17,9.05,2022-08-23,MAV,PIONEER MUNI HIGH INC ADV FD INC,6726.0,240.0
72376210,9.12,9.19,2022-08-24,MAV,PIONEER MUNI HIGH INC ADV FD INC,6726.0,240.0
72376210,9.09,9.13,2022-08-25,MAV,PIONEER MUNI HIGH INC ADV FD INC,6726.0,240.0
72376210,8.99,9.08,2022-08-26,MAV,PIONEER MUNI HIGH INC ADV FD INC,6726.0,240.0
72376210,8.81,8.9,2022-08-29,MAV,PIONEER MUNI HIGH INC ADV FD INC,6726.0,240.0
72376210,8.72,8.87,2022-08-30,MAV,PIONEER MUNI HIGH INC ADV FD INC,6726.0,240.0
72376210,8.72,8.76,2022-08-31,MAV,PIONEER MUNI HIGH INC ADV FD INC,6726.0,240.0
72376210,8.65,8.69,2022-09-01,MAV,PIONEER MUNI HIGH INC ADV FD INC,6726.0,240.0
72376210,8.72,8.67,2022-09-02,MAV,PIONEER MUNI HIGH INC ADV FD INC,6726.0,240.0
72376210,8.63,8.69,2022-09-06,MAV,PIONEER MUNI HIGH INC ADV FD INC,6726.0,240.0
72376210,8.63,8.62,2022-09-07,MAV,PIONEER MUNI HIGH INC ADV FD INC,6726.0,240.0
72376210,8.61,8.61,2022-09-08,MAV,PIONEER MUNI HIGH INC ADV FD INC,6726.0,240.0
72376210,8.63,8.62,2022-09-09,MAV,PIONEER MUNI HIGH INC ADV FD INC,6726.0,240.0
72376210,8.58,8.64,2022-09-12,MAV,PIONEER MUNI HIGH INC ADV FD INC,6726.0,240.0
72376210,8.5,8.55,2022-09-13,MAV,PIONEER MUNI HIGH INC ADV FD INC,6726.0,240.0
72376210,8.52,8.5,2022-09-14,MAV,PIONEER MUNI HIGH INC ADV FD INC,6726.0,240.0
72376210,8.367,8.52,2022-09-15,MAV,PIONEER MUNI HIGH INC ADV FD INC,6726.0,240.0
72376210,8.29,8.33,2022-09-16,MAV,PIONEER MUNI HIGH INC ADV FD INC,6726.0,240.0
72376210,8.25,8.29,2022-09-19,MAV,PIONEER MUNI HIGH INC ADV FD INC,6726.0,240.0
72376210,8.215,8.21,2022-09-20,MAV,PIONEER MUNI HIGH INC ADV FD INC,6726.0,240.0
72376210,8.1,8.22,2022-09-21,MAV,PIONEER MUNI HIGH INC ADV FD INC,6726.0,240.0
72376210,8.05,8.05,2022-09-22,MAV,PIONEER MUNI HIGH INC ADV FD INC,6726.0,240.0
72376210,7.92,8.04,2022-09-23,MAV,PIONEER MUNI HIGH INC ADV FD INC,6726.0,240.0
72376210,7.75,7.9,2022-09-26,MAV,PIONEER MUNI HIGH INC ADV FD INC,6726.0,240.0
72376210,7.75,7.77,2022-09-27,MAV,PIONEER MUNI HIGH INC ADV FD INC,6726.0,240.0
72376210,7.79,7.76,2022-09-28,MAV,PIONEER MUNI HIGH INC ADV FD INC,6726.0,240.0
72376210,7.57,7.76,2022-09-29,MAV,PIONEER MUNI HIGH INC ADV FD INC,6726.0,240.0
72376210,7.55,7.6,2022-09-30,MAV,PIONEER MUNI HIGH INC ADV FD INC,6726.0,240.0
72376210,7.66,7.61,2022-10-03,MAV,PIONEER MUNI HIGH INC ADV FD INC,6726.0,240.0
72376210,7.9,7.72,2022-10-04,MAV,PIONEER MUNI HIGH INC ADV FD INC,6726.0,240.0
72376210,7.76,7.91,2022-10-05,MAV,PIONEER MUNI HIGH INC ADV FD INC,6726.0,240.0
72376210,7.81,7.79,2022-10-06,MAV,PIONEER MUNI HIGH INC ADV FD INC,6726.0,240.0
72376210,7.81,7.81,2022-10-07,MAV,PIONEER MUNI HIGH INC ADV FD INC,6726.0,240.0
72376210,7.77,7.78,2022-10-10,MAV,PIONEER MUNI HIGH INC ADV FD INC,6726.0,240.0
72376210,7.81,7.76,2022-10-11,MAV,PIONEER MUNI HIGH INC ADV FD INC,6726.0,240.0
72376210,7.85,7.85,2022-10-12,MAV,PIONEER MUNI HIGH INC ADV FD INC,6726.0,240.0
72376210,7.87,7.8,2022-10-13,MAV,PIONEER MUNI HIGH INC ADV FD INC,6726.0,240.0
72376210,7.85,7.85,2022-10-14,MAV,PIONEER MUNI HIGH INC ADV FD INC,6726.0,240.0
72376210,7.74,7.85,2022-10-17,MAV,PIONEER MUNI HIGH INC ADV FD INC,6726.0,240.0
72376210,7.67,7.74,2022-10-18,MAV,PIONEER MUNI HIGH INC ADV FD INC,6726.0,240.0
72376210,7.61,7.66,2022-10-19,MAV,PIONEER MUNI HIGH INC ADV FD INC,6726.0,240.0
72376210,7.6,7.58,2022-10-20,MAV,PIONEER MUNI HIGH INC ADV FD INC,6726.0,240.0
72376210,7.61,7.6,2022-10-21,MAV,PIONEER MUNI HIGH INC ADV FD INC,6726.0,240.0
72376210,7.46,7.59,2022-10-24,MAV,PIONEER MUNI HIGH INC ADV FD INC,6726.0,240.0
72376210,7.41,7.47,2022-10-25,MAV,PIONEER MUNI HIGH INC ADV FD INC,6726.0,240.0
72376210,7.4,7.45,2022-10-26,MAV,PIONEER MUNI HIGH INC ADV FD INC,6726.0,240.0
72376210,7.34,7.39,2022-10-27,MAV,PIONEER MUNI HIGH INC ADV FD INC,6726.0,240.0
72376210,7.35,7.34,2022-10-28,MAV,PIONEER MUNI HIGH INC ADV FD INC,6726.0,240.0
72376210,7.44,7.31,2022-10-31,MAV,PIONEER MUNI HIGH INC ADV FD INC,6726.0,240.0
72376210,7.38,7.52,2022-11-01,MAV,PIONEER MUNI HIGH INC ADV FD INC,6726.0,240.0
72376210,7.36,7.41,2022-11-02,MAV,PIONEER MUNI HIGH INC ADV FD INC,6726.0,240.0
72376210,7.28,7.28,2022-11-03,MAV,PIONEER MUNI HIGH INC ADV FD INC,6726.0,240.0
72376210,7.31,7.33,2022-11-04,MAV,PIONEER MUNI HIGH INC ADV FD INC,6726.0,240.0
72376210,7.46,7.33,2022-11-07,MAV,PIONEER MUNI HIGH INC ADV FD INC,6726.0,240.0
72376210,7.3,7.46,2022-11-08,MAV,PIONEER MUNI HIGH INC ADV FD INC,6726.0,240.0
72376210,7.28,7.29,2022-11-09,MAV,PIONEER MUNI HIGH INC ADV FD INC,6726.0,240.0
72376210,7.58,7.4,2022-11-10,MAV,PIONEER MUNI HIGH INC ADV FD INC,6726.0,240.0
72376210,7.73,7.65,2022-11-11,MAV,PIONEER MUNI HIGH INC ADV FD INC,6726.0,240.0
72376210,7.51,7.68,2022-11-14,MAV,PIONEER MUNI HIGH INC ADV FD INC,6726.0,240.0
72376210,7.61,7.62,2022-11-15,MAV,PIONEER MUNI HIGH INC ADV FD INC,6726.0,240.0
72376210,7.7,7.67,2022-11-16,MAV,PIONEER MUNI HIGH INC ADV FD INC,6726.0,240.0
72376210,7.79,7.68,2022-11-17,MAV,PIONEER MUNI HIGH INC ADV FD INC,6726.0,240.0
72376210,7.86,7.82,2022-11-18,MAV,PIONEER MUNI HIGH INC ADV FD INC,6726.0,240.0
72376210,7.92,7.89,2022-11-21,MAV,PIONEER MUNI HIGH INC ADV FD INC,6726.0,240.0
72376210,8.01,7.92,2022-11-22,MAV,PIONEER MUNI HIGH INC ADV FD INC,6726.0,240.0
72376210,8.13,8.04,2022-11-23,MAV,PIONEER MUNI HIGH INC ADV FD INC,6726.0,240.0
72376210,8.15,8.12,2022-11-25,MAV,PIONEER MUNI HIGH INC ADV FD INC,6726.0,240.0
72376210,8.15,8.15,2022-11-28,MAV,PIONEER MUNI HIGH INC ADV FD INC,6726.0,240.0
72376210,8.15,8.13,2022-11-29,MAV,PIONEER MUNI HIGH INC ADV FD INC,6726.0,240.0
72376210,8.3,8.17,2022-11-30,MAV,PIONEER MUNI HIGH INC ADV FD INC,6726.0,240.0
72376210,8.38,8.33,2022-12-01,MAV,PIONEER MUNI HIGH INC ADV FD INC,6726.0,240.0
72376210,8.36,8.33,2022-12-02,MAV,PIONEER MUNI HIGH INC ADV FD INC,6726.0,240.0
72376210,8.21,8.3,2022-12-05,MAV,PIONEER MUNI HIGH INC ADV FD INC,6726.0,240.0
72376210,8.26,8.22,2022-12-06,MAV,PIONEER MUNI HIGH INC ADV FD INC,6726.0,240.0
72376210,8.37,8.26,2022-12-07,MAV,PIONEER MUNI HIGH INC ADV FD INC,6726.0,240.0
72376210,8.32,8.34,2022-12-08,MAV,PIONEER MUNI HIGH INC ADV FD INC,6726.0,240.0
72376210,8.34,8.34,2022-12-09,MAV,PIONEER MUNI HIGH INC ADV FD INC,6726.0,240.0
72376210,8.28,8.33,2022-12-12,MAV,PIONEER MUNI HIGH INC ADV FD INC,6726.0,240.0
72376210,8.23,8.38,2022-12-13,MAV,PIONEER MUNI HIGH INC ADV FD INC,6726.0,240.0
72376210,8.22,8.2,2022-12-14,MAV,PIONEER MUNI HIGH INC ADV FD INC,6726.0,240.0
72376210,8.15,8.17,2022-12-15,MAV,PIONEER MUNI HIGH INC ADV FD INC,6726.0,240.0
72376210,8.12,8.13,2022-12-16,MAV,PIONEER MUNI HIGH INC ADV FD INC,6726.0,240.0
72376210,8.1,8.1,2022-12-19,MAV,PIONEER MUNI HIGH INC ADV FD INC,6726.0,240.0
72376210,8.08,8.07,2022-12-20,MAV,PIONEER MUNI HIGH INC ADV FD INC,6726.0,240.0
72376210,8.07,8.1,2022-12-21,MAV,PIONEER MUNI HIGH INC ADV FD INC,6726.0,240.0
72376210,8.1,8.01,2022-12-22,MAV,PIONEER MUNI HIGH INC ADV FD INC,6726.0,240.0
72376210,8.03,8.12,2022-12-23,MAV,PIONEER MUNI HIGH INC ADV FD INC,6726.0,240.0
72376210,7.97,7.98,2022-12-27,MAV,PIONEER MUNI HIGH INC ADV FD INC,6726.0,240.0
72376210,7.95,7.94,2022-12-28,MAV,PIONEER MUNI HIGH INC ADV FD INC,6726.0,240.0
72376210,8.04,7.96,2022-12-29,MAV,PIONEER MUNI HIGH INC ADV FD INC,6726.0,240.0
72376210,8.1,8.0,2022-12-30,MAV,PIONEER MUNI HIGH INC ADV FD INC,6726.0,240.0
72376210,8.14,8.15,2023-01-03,MAV,PIONEER MUNI HIGH INC ADV FD INC,6726.0,240.0
72376210,8.18,8.14,2023-01-04,MAV,PIONEER MUNI HIGH INC ADV FD INC,6726.0,240.0
72376210,8.17,8.17,2023-01-05,MAV,PIONEER MUNI HIGH INC ADV FD INC,6726.0,240.0
72376210,8.23,8.19,2023-01-06,MAV,PIONEER MUNI HIGH INC ADV FD INC,6726.0,240.0
72376210,8.38,8.27,2023-01-09,MAV,PIONEER MUNI HIGH INC ADV FD INC,6726.0,240.0
72376210,8.39,8.34,2023-01-10,MAV,PIONEER MUNI HIGH INC ADV FD INC,6726.0,240.0
72376210,8.5,8.44,2023-01-11,MAV,PIONEER MUNI HIGH INC ADV FD INC,6726.0,240.0
72376210,8.61,8.51,2023-01-12,MAV,PIONEER MUNI HIGH INC ADV FD INC,6726.0,240.0
72376210,8.64,8.62,2023-01-13,MAV,PIONEER MUNI HIGH INC ADV FD INC,6726.0,240.0
72376210,8.61,8.65,2023-01-17,MAV,PIONEER MUNI HIGH INC ADV FD INC,6726.0,240.0
72376210,8.58,8.59,2023-01-18,MAV,PIONEER MUNI HIGH INC ADV FD INC,6726.0,240.0
72376210,8.64,8.56,2023-01-19,MAV,PIONEER MUNI HIGH INC ADV FD INC,6726.0,240.0
72376210,8.77,8.6,2023-01-20,MAV,PIONEER MUNI HIGH INC ADV FD INC,6726.0,240.0
72376210,8.74,8.72,2023-01-23,MAV,PIONEER MUNI HIGH INC ADV FD INC,6726.0,240.0
72376210,8.77,8.715,2023-01-24,MAV,PIONEER MUNI HIGH INC ADV FD INC,6726.0,240.0
72376210,8.72,8.75,2023-01-25,MAV,PIONEER MUNI HIGH INC ADV FD INC,6726.0,240.0
72376210,8.73,8.7,2023-01-26,MAV,PIONEER MUNI HIGH INC ADV FD INC,6726.0,240.0
72376210,8.8,8.72,2023-01-27,MAV,PIONEER MUNI HIGH INC ADV FD INC,6726.0,240.0
72376210,8.75,8.79,2023-01-30,MAV,PIONEER MUNI HIGH INC ADV FD INC,6726.0,240.0
72376210,8.76,8.78,2023-01-31,MAV,PIONEER MUNI HIGH INC ADV FD INC,6726.0,240.0
72376210,8.83,8.81,2023-02-01,MAV,PIONEER MUNI HIGH INC ADV FD INC,6726.0,240.0
72376210,8.81,8.87,2023-02-02,MAV,PIONEER MUNI HIGH INC ADV FD INC,6726.0,240.0
72376210,8.75,8.77,2023-02-03,MAV,PIONEER MUNI HIGH INC ADV FD INC,6726.0,240.0
72376210,8.57,8.7,2023-02-06,MAV,PIONEER MUNI HIGH INC ADV FD INC,6726.0,240.0
72376210,8.59,8.6,2023-02-07,MAV,PIONEER MUNI HIGH INC ADV FD INC,6726.0,240.0
72376210,8.6,8.55,2023-02-08,MAV,PIONEER MUNI HIGH INC ADV FD INC,6726.0,240.0
72376210,8.56,8.63,2023-02-09,MAV,PIONEER MUNI HIGH INC ADV FD INC,6726.0,240.0
72376210,8.51,8.55,2023-02-10,MAV,PIONEER MUNI HIGH INC ADV FD INC,6726.0,240.0
72376210,8.48,8.51,2023-02-13,MAV,PIONEER MUNI HIGH INC ADV FD INC,6726.0,240.0
72376210,8.48,8.45,2023-02-14,MAV,PIONEER MUNI HIGH INC ADV FD INC,6726.0,240.0
72376210,8.4,8.47,2023-02-15,MAV,PIONEER MUNI HIGH INC ADV FD INC,6726.0,240.0
72376210,8.19,8.3,2023-02-16,MAV,PIONEER MUNI HIGH INC ADV FD INC,6726.0,240.0
72376210,8.08,8.17,2023-02-17,MAV,PIONEER MUNI HIGH INC ADV FD INC,6726.0,240.0
72376210,7.97,8.03,2023-02-21,MAV,PIONEER MUNI HIGH INC ADV FD INC,6726.0,240.0
72376210,7.97,7.98,2023-02-22,MAV,PIONEER MUNI HIGH INC ADV FD INC,6726.0,240.0
72376210,7.96,7.99,2023-02-23,MAV,PIONEER MUNI HIGH INC ADV FD INC,6726.0,240.0
72376210,7.91,7.97,2023-02-24,MAV,PIONEER MUNI HIGH INC ADV FD INC,6726.0,240.0
72376210,8.04,7.96,2023-02-27,MAV,PIONEER MUNI HIGH INC ADV FD INC,6726.0,240.0
72376210,7.97,8.03,2023-02-28,MAV,PIONEER MUNI HIGH INC ADV FD INC,6726.0,240.0
72376210,7.98,7.93,2023-03-01,MAV,PIONEER MUNI HIGH INC ADV FD INC,6726.0,240.0
72376210,7.97,7.96,2023-03-02,MAV,PIONEER MUNI HIGH INC ADV FD INC,6726.0,240.0
72376210,7.93,8.0,2023-03-03,MAV,PIONEER MUNI HIGH INC ADV FD INC,6726.0,240.0
72376210,7.87,7.94,2023-03-06,MAV,PIONEER MUNI HIGH INC ADV FD INC,6726.0,240.0
72376210,7.9,7.91,2023-03-07,MAV,PIONEER MUNI HIGH INC ADV FD INC,6726.0,240.0
72376210,7.94,7.93,2023-03-08,MAV,PIONEER MUNI HIGH INC ADV FD INC,6726.0,240.0
72376210,7.97,7.96,2023-03-09,MAV,PIONEER MUNI HIGH INC ADV FD INC,6726.0,240.0
72376210,7.97,8.01,2023-03-10,MAV,PIONEER MUNI HIGH INC ADV FD INC,6726.0,240.0
72376210,8.01,8.02,2023-03-13,MAV,PIONEER MUNI HIGH INC ADV FD INC,6726.0,240.0
72376210,8.05,8.05,2023-03-14,MAV,PIONEER MUNI HIGH INC ADV FD INC,6726.0,240.0
72376210,8.05,8.09,2023-03-15,MAV,PIONEER MUNI HIGH INC ADV FD INC,6726.0,240.0
72376210,8.04,8.02,2023-03-16,MAV,PIONEER MUNI HIGH INC ADV FD INC,6726.0,240.0
72376210,7.98,8.04,2023-03-17,MAV,PIONEER MUNI HIGH INC ADV FD INC,6726.0,240.0
72376210,7.91,7.98,2023-03-20,MAV,PIONEER MUNI HIGH INC ADV FD INC,6726.0,240.0
72376210,7.89,7.96,2023-03-21,MAV,PIONEER MUNI HIGH INC ADV FD INC,6726.0,240.0
72376210,7.94,7.93,2023-03-22,MAV,PIONEER MUNI HIGH INC ADV FD INC,6726.0,240.0
72376210,7.9,7.9,2023-03-23,MAV,PIONEER MUNI HIGH INC ADV FD INC,6726.0,240.0
72376210,7.85,7.9,2023-03-24,MAV,PIONEER MUNI HIGH INC ADV FD INC,6726.0,240.0
72376210,7.87,7.86,2023-03-27,MAV,PIONEER MUNI HIGH INC ADV FD INC,6726.0,240.0
72376210,7.95,7.9,2023-03-28,MAV,PIONEER MUNI HIGH INC ADV FD INC,6726.0,240.0
72376210,7.92,7.92,2023-03-29,MAV,PIONEER MUNI HIGH INC ADV FD INC,6726.0,240.0
72376210,8.032,7.95,2023-03-30,MAV,PIONEER MUNI HIGH INC ADV FD INC,6726.0,240.0
72376210,8.23,8.05,2023-03-31,MAV,PIONEER MUNI HIGH INC ADV FD INC,6726.0,240.0
72376210,8.1,8.19,2023-04-03,MAV,PIONEER MUNI HIGH INC ADV FD INC,6726.0,240.0
72376210,8.2,8.09,2023-04-04,MAV,PIONEER MUNI HIGH INC ADV FD INC,6726.0,240.0
72376210,8.27,8.23,2023-04-05,MAV,PIONEER MUNI HIGH INC ADV FD INC,6726.0,240.0
72376210,8.29,8.25,2023-04-06,MAV,PIONEER MUNI HIGH INC ADV FD INC,6726.0,240.0
72376210,8.22,8.26,2023-04-10,MAV,PIONEER MUNI HIGH INC ADV FD INC,6726.0,240.0
72376210,8.28,8.26,2023-04-11,MAV,PIONEER MUNI HIGH INC ADV FD INC,6726.0,240.0
72376210,8.33,8.3,2023-04-12,MAV,PIONEER MUNI HIGH INC ADV FD INC,6726.0,240.0
72376210,8.31,8.31,2023-04-13,MAV,PIONEER MUNI HIGH INC ADV FD INC,6726.0,240.0
72376210,8.27,8.33,2023-04-14,MAV,PIONEER MUNI HIGH INC ADV FD INC,6726.0,240.0
72376210,8.24,8.31,2023-04-17,MAV,PIONEER MUNI HIGH INC ADV FD INC,6726.0,240.0
72376210,8.04,8.18,2023-04-18,MAV,PIONEER MUNI HIGH INC ADV FD INC,6726.0,240.0
72376210,7.91,8.03,2023-04-19,MAV,PIONEER MUNI HIGH INC ADV FD INC,6726.0,240.0
72376210,7.9,7.92,2023-04-20,MAV,PIONEER MUNI HIGH INC ADV FD INC,6726.0,240.0
72376210,7.9,7.91,2023-04-21,MAV,PIONEER MUNI HIGH INC ADV FD INC,6726.0,240.0
72376210,7.93,7.95,2023-04-24,MAV,PIONEER MUNI HIGH INC ADV FD INC,6726.0,240.0
72376210,7.95,7.95,2023-04-25,MAV,PIONEER MUNI HIGH INC ADV FD INC,6726.0,240.0
72376210,8.04,7.97,2023-04-26,MAV,PIONEER MUNI HIGH INC ADV FD INC,6726.0,240.0
72376210,8.03,8.08,2023-04-27,MAV,PIONEER MUNI HIGH INC ADV FD INC,6726.0,240.0
72376210,8.09,8.06,2023-04-28,MAV,PIONEER MUNI HIGH INC ADV FD INC,6726.0,240.0
72376210,8.04,8.1,2023-05-01,MAV,PIONEER MUNI HIGH INC ADV FD INC,6726.0,240.0
72376210,8.04,8.02,2023-05-02,MAV,PIONEER MUNI HIGH INC ADV FD INC,6726.0,240.0
72376210,7.99,7.97,2023-05-03,MAV,PIONEER MUNI HIGH INC ADV FD INC,6726.0,240.0
72376210,8.06,7.97,2023-05-04,MAV,PIONEER MUNI HIGH INC ADV FD INC,6726.0,240.0
72376210,8.08,8.08,2023-05-05,MAV,PIONEER MUNI HIGH INC ADV FD INC,6726.0,240.0
72376210,8.0,8.08,2023-05-08,MAV,PIONEER MUNI HIGH INC ADV FD INC,6726.0,240.0
72376210,8.0,7.98,2023-05-09,MAV,PIONEER MUNI HIGH INC ADV FD INC,6726.0,240.0
72376210,8.03,8.05,2023-05-10,MAV,PIONEER MUNI HIGH INC ADV FD INC,6726.0,240.0
72376210,8.02,8.06,2023-05-11,MAV,PIONEER MUNI HIGH INC ADV FD INC,6726.0,240.0
72376210,7.94,8.01,2023-05-12,MAV,PIONEER MUNI HIGH INC ADV FD INC,6726.0,240.0
72376210,7.95,7.97,2023-05-15,MAV,PIONEER MUNI HIGH INC ADV FD INC,6726.0,240.0
72376210,7.955,7.95,2023-05-16,MAV,PIONEER MUNI HIGH INC ADV FD INC,6726.0,240.0
72376210,7.92,7.92,2023-05-17,MAV,PIONEER MUNI HIGH INC ADV FD INC,6726.0,240.0
72376210,7.88,7.91,2023-05-18,MAV,PIONEER MUNI HIGH INC ADV FD INC,6726.0,240.0
72376210,7.84,7.86,2023-05-19,MAV,PIONEER MUNI HIGH INC ADV FD INC,6726.0,240.0
72376210,7.73,7.84,2023-05-22,MAV,PIONEER MUNI HIGH INC ADV FD INC,6726.0,240.0
72376210,7.7,7.71,2023-05-23,MAV,PIONEER MUNI HIGH INC ADV FD INC,6726.0,240.0
72376210,7.54,7.67,2023-05-24,MAV,PIONEER MUNI HIGH INC ADV FD INC,6726.0,240.0
72376210,7.59,7.6,2023-05-25,MAV,PIONEER MUNI HIGH INC ADV FD INC,6726.0,240.0
72376210,7.59,7.57,2023-05-26,MAV,PIONEER MUNI HIGH INC ADV FD INC,6726.0,240.0
72376210,7.67,7.62,2023-05-30,MAV,PIONEER MUNI HIGH INC ADV FD INC,6726.0,240.0
72376210,7.72,7.71,2023-05-31,MAV,PIONEER MUNI HIGH INC ADV FD INC,6726.0,240.0
72376210,7.75,7.73,2023-06-01,MAV,PIONEER MUNI HIGH INC ADV FD INC,6726.0,240.0
72376210,7.72,7.77,2023-06-02,MAV,PIONEER MUNI HIGH INC ADV FD INC,6726.0,240.0
72376210,7.76,7.71,2023-06-05,MAV,PIONEER MUNI HIGH INC ADV FD INC,6726.0,240.0
72376210,7.8,7.79,2023-06-06,MAV,PIONEER MUNI HIGH INC ADV FD INC,6726.0,240.0
72376210,7.77,7.79,2023-06-07,MAV,PIONEER MUNI HIGH INC ADV FD INC,6726.0,240.0
72376210,7.86,7.83,2023-06-08,MAV,PIONEER MUNI HIGH INC ADV FD INC,6726.0,240.0
72376210,7.85,7.79,2023-06-09,MAV,PIONEER MUNI HIGH INC ADV FD INC,6726.0,240.0
72376210,7.86,7.85,2023-06-12,MAV,PIONEER MUNI HIGH INC ADV FD INC,6726.0,240.0
72376210,7.87,7.87,2023-06-13,MAV,PIONEER MUNI HIGH INC ADV FD INC,6726.0,240.0
72376210,7.9,7.88,2023-06-14,MAV,PIONEER MUNI HIGH INC ADV FD INC,6726.0,240.0
72376210,7.88,7.84,2023-06-15,MAV,PIONEER MUNI HIGH INC ADV FD INC,6726.0,240.0
72376210,7.87,7.86,2023-06-16,MAV,PIONEER MUNI HIGH INC ADV FD INC,6726.0,240.0
72376210,7.88,7.85,2023-06-20,MAV,PIONEER MUNI HIGH INC ADV FD INC,6726.0,240.0
72376210,7.87,7.88,2023-06-21,MAV,PIONEER MUNI HIGH INC ADV FD INC,6726.0,240.0
72376210,7.86,7.84,2023-06-22,MAV,PIONEER MUNI HIGH INC ADV FD INC,6726.0,240.0
72376210,7.9,7.91,2023-06-23,MAV,PIONEER MUNI HIGH INC ADV FD INC,6726.0,240.0
72376210,7.94,7.92,2023-06-26,MAV,PIONEER MUNI HIGH INC ADV FD INC,6726.0,240.0
72376210,7.96,7.95,2023-06-27,MAV,PIONEER MUNI HIGH INC ADV FD INC,6726.0,240.0
72376210,7.97,7.99,2023-06-28,MAV,PIONEER MUNI HIGH INC ADV FD INC,6726.0,240.0
72376210,7.9,7.96,2023-06-29,MAV,PIONEER MUNI HIGH INC ADV FD INC,6726.0,240.0
72376210,7.9,7.99,2023-06-30,MAV,PIONEER MUNI HIGH INC ADV FD INC,6726.0,240.0
72376210,7.97,7.89,2023-07-03,MAV,PIONEER MUNI HIGH INC ADV FD INC,6726.0,240.0
72376210,7.98,7.99,2023-07-05,MAV,PIONEER MUNI HIGH INC ADV FD INC,6726.0,240.0
72376210,7.84,7.95,2023-07-06,MAV,PIONEER MUNI HIGH INC ADV FD INC,6726.0,240.0
72376210,7.83,7.81,2023-07-07,MAV,PIONEER MUNI HIGH INC ADV FD INC,6726.0,240.0
72376210,7.88,7.84,2023-07-10,MAV,PIONEER MUNI HIGH INC ADV FD INC,6726.0,240.0
72376210,7.9,7.87,2023-07-11,MAV,PIONEER MUNI HIGH INC ADV FD INC,6726.0,240.0
72376210,7.95,7.92,2023-07-12,MAV,PIONEER MUNI HIGH INC ADV FD INC,6726.0,240.0
72376210,7.97,7.93,2023-07-13,MAV,PIONEER MUNI HIGH INC ADV FD INC,6726.0,240.0
72376210,7.98,7.96,2023-07-14,MAV,PIONEER MUNI HIGH INC ADV FD INC,6726.0,240.0
72376210,8.0,7.94,2023-07-17,MAV,PIONEER MUNI HIGH INC ADV FD INC,6726.0,240.0
72376210,8.06,8.03,2023-07-18,MAV,PIONEER MUNI HIGH INC ADV FD INC,6726.0,240.0
72376210,8.1,8.06,2023-07-19,MAV,PIONEER MUNI HIGH INC ADV FD INC,6726.0,240.0
72376210,8.03,8.02,2023-07-20,MAV,PIONEER MUNI HIGH INC ADV FD INC,6726.0,240.0
72376210,8.05,8.02,2023-07-21,MAV,PIONEER MUNI HIGH INC ADV FD INC,6726.0,240.0
72376210,8.03,8.05,2023-07-24,MAV,PIONEER MUNI HIGH INC ADV FD INC,6726.0,240.0
72376210,8.02,8.0,2023-07-25,MAV,PIONEER MUNI HIGH INC ADV FD INC,6726.0,240.0
72376210,8.02,8.03,2023-07-26,MAV,PIONEER MUNI HIGH INC ADV FD INC,6726.0,240.0
72376210,7.97,8.02,2023-07-27,MAV,PIONEER MUNI HIGH INC ADV FD INC,6726.0,240.0
72376210,7.98,8.0,2023-07-28,MAV,PIONEER MUNI HIGH INC ADV FD INC,6726.0,240.0
72376210,8.04,8.01,2023-07-31,MAV,PIONEER MUNI HIGH INC ADV FD INC,6726.0,240.0
72376210,8.03,8.04,2023-08-01,MAV,PIONEER MUNI HIGH INC ADV FD INC,6726.0,240.0
72376210,8.03,8.0,2023-08-02,MAV,PIONEER MUNI HIGH INC ADV FD INC,6726.0,240.0
72376210,7.78,7.92,2023-08-03,MAV,PIONEER MUNI HIGH INC ADV FD INC,6726.0,240.0
72376210,7.79,7.78,2023-08-04,MAV,PIONEER MUNI HIGH INC ADV FD INC,6726.0,240.0
72376210,7.7,7.78,2023-08-07,MAV,PIONEER MUNI HIGH INC ADV FD INC,6726.0,240.0
72376210,7.7,7.7,2023-08-08,MAV,PIONEER MUNI HIGH INC ADV FD INC,6726.0,240.0
72376210,7.75,7.68,2023-08-09,MAV,PIONEER MUNI HIGH INC ADV FD INC,6726.0,240.0
72376210,7.72,7.72,2023-08-10,MAV,PIONEER MUNI HIGH INC ADV FD INC,6726.0,240.0
72376210,7.76,7.72,2023-08-11,MAV,PIONEER MUNI HIGH INC ADV FD INC,6726.0,240.0
72376210,7.76,7.75,2023-08-14,MAV,PIONEER MUNI HIGH INC ADV FD INC,6726.0,240.0
72376210,7.75,7.71,2023-08-15,MAV,PIONEER MUNI HIGH INC ADV FD INC,6726.0,240.0
72376210,7.7,7.72,2023-08-16,MAV,PIONEER MUNI HIGH INC ADV FD INC,6726.0,240.0
72376210,7.65,7.68,2023-08-17,MAV,PIONEER MUNI HIGH INC ADV FD INC,6726.0,240.0
72376210,7.6,7.59,2023-08-18,MAV,PIONEER MUNI HIGH INC ADV FD INC,6726.0,240.0
72376210,7.58,7.59,2023-08-21,MAV,PIONEER MUNI HIGH INC ADV FD INC,6726.0,240.0
72376210,7.56,7.53,2023-08-22,MAV,PIONEER MUNI HIGH INC ADV FD INC,6726.0,240.0
72376210,7.595,7.6,2023-08-23,MAV,PIONEER MUNI HIGH INC ADV FD INC,6726.0,240.0
72376210,7.49,7.6,2023-08-24,MAV,PIONEER MUNI HIGH INC ADV FD INC,6726.0,240.0
72376210,7.45,7.5,2023-08-25,MAV,PIONEER MUNI HIGH INC ADV FD INC,6726.0,240.0
72376210,7.37,7.42,2023-08-28,MAV,PIONEER MUNI HIGH INC ADV FD INC,6726.0,240.0
72376210,7.4,7.34,2023-08-29,MAV,PIONEER MUNI HIGH INC ADV FD INC,6726.0,240.0
72376210,7.39,7.4,2023-08-30,MAV,PIONEER MUNI HIGH INC ADV FD INC,6726.0,240.0
72376210,7.38,7.42,2023-08-31,MAV,PIONEER MUNI HIGH INC ADV FD INC,6726.0,240.0
72376210,7.38,7.38,2023-09-01,MAV,PIONEER MUNI HIGH INC ADV FD INC,6726.0,240.0
72376210,7.35,7.4,2023-09-05,MAV,PIONEER MUNI HIGH INC ADV FD INC,6726.0,240.0
72376210,7.37,7.34,2023-09-06,MAV,PIONEER MUNI HIGH INC ADV FD INC,6726.0,240.0
72376210,7.31,7.34,2023-09-07,MAV,PIONEER MUNI HIGH INC ADV FD INC,6726.0,240.0
72376210,7.3,7.3,2023-09-08,MAV,PIONEER MUNI HIGH INC ADV FD INC,6726.0,240.0
72376210,7.21,7.28,2023-09-11,MAV,PIONEER MUNI HIGH INC ADV FD INC,6726.0,240.0
72376210,7.228,7.21,2023-09-12,MAV,PIONEER MUNI HIGH INC ADV FD INC,6726.0,240.0
72376210,7.23,7.2,2023-09-13,MAV,PIONEER MUNI HIGH INC ADV FD INC,6726.0,240.0
72376210,7.2,7.21,2023-09-14,MAV,PIONEER MUNI HIGH INC ADV FD INC,6726.0,240.0
72376210,7.2,7.2,2023-09-15,MAV,PIONEER MUNI HIGH INC ADV FD INC,6726.0,240.0
72376210,7.21,7.17,2023-09-18,MAV,PIONEER MUNI HIGH INC ADV FD INC,6726.0,240.0
72376210,7.16,7.17,2023-09-19,MAV,PIONEER MUNI HIGH INC ADV FD INC,6726.0,240.0
72376210,7.17,7.18,2023-09-20,MAV,PIONEER MUNI HIGH INC ADV FD INC,6726.0,240.0
72376210,7.08,7.12,2023-09-21,MAV,PIONEER MUNI HIGH INC ADV FD INC,6726.0,240.0
72376210,7.08,7.09,2023-09-22,MAV,PIONEER MUNI HIGH INC ADV FD INC,6726.0,240.0
72376210,6.94,7.04,2023-09-25,MAV,PIONEER MUNI HIGH INC ADV FD INC,6726.0,240.0
72376210,6.92,6.92,2023-09-26,MAV,PIONEER MUNI HIGH INC ADV FD INC,6726.0,240.0
72376210,6.79,6.92,2023-09-27,MAV,PIONEER MUNI HIGH INC ADV FD INC,6726.0,240.0
72376210,6.74,6.77,2023-09-28,MAV,PIONEER MUNI HIGH INC ADV FD INC,6726.0,240.0
72376210,6.73,6.76,2023-09-29,MAV,PIONEER MUNI HIGH INC ADV FD INC,6726.0,240.0
72376210,6.68,6.72,2023-10-02,MAV,PIONEER MUNI HIGH INC ADV FD INC,6726.0,240.0
72376210,6.67,6.68,2023-10-03,MAV,PIONEER MUNI HIGH INC ADV FD INC,6726.0,240.0
72376210,6.73,6.68,2023-10-04,MAV,PIONEER MUNI HIGH INC ADV FD INC,6726.0,240.0
72376210,6.7,6.71,2023-10-05,MAV,PIONEER MUNI HIGH INC ADV FD INC,6726.0,240.0
72376210,6.63,6.61,2023-10-06,MAV,PIONEER MUNI HIGH INC ADV FD INC,6726.0,240.0
72376210,6.68,6.64,2023-10-09,MAV,PIONEER MUNI HIGH INC ADV FD INC,6726.0,240.0
72376210,6.72,6.65,2023-10-10,MAV,PIONEER MUNI HIGH INC ADV FD INC,6726.0,240.0
72376210,6.79,6.77,2023-10-11,MAV,PIONEER MUNI HIGH INC ADV FD INC,6726.0,240.0
72376210,6.79,6.79,2023-10-12,MAV,PIONEER MUNI HIGH INC ADV FD INC,6726.0,240.0
72376210,6.77,6.82,2023-10-13,MAV,PIONEER MUNI HIGH INC ADV FD INC,6726.0,240.0
72376210,6.75,6.77,2023-10-16,MAV,PIONEER MUNI HIGH INC ADV FD INC,6726.0,240.0
72376210,6.64,6.68,2023-10-17,MAV,PIONEER MUNI HIGH INC ADV FD INC,6726.0,240.0
72376210,6.58,6.62,2023-10-18,MAV,PIONEER MUNI HIGH INC ADV FD INC,6726.0,240.0
72376210,6.51,6.58,2023-10-19,MAV,PIONEER MUNI HIGH INC ADV FD INC,6726.0,240.0
72376210,6.52,6.5,2023-10-20,MAV,PIONEER MUNI HIGH INC ADV FD INC,6726.0,240.0
72376210,6.47,6.5,2023-10-23,MAV,PIONEER MUNI HIGH INC ADV FD INC,6726.0,240.0
72376210,6.54,6.5,2023-10-24,MAV,PIONEER MUNI HIGH INC ADV FD INC,6726.0,240.0
72376210,6.4,6.51,2023-10-25,MAV,PIONEER MUNI HIGH INC ADV FD INC,6726.0,240.0
72376210,6.46,6.4,2023-10-26,MAV,PIONEER MUNI HIGH INC ADV FD INC,6726.0,240.0
72376210,6.4,6.41,2023-10-27,MAV,PIONEER MUNI HIGH INC ADV FD INC,6726.0,240.0
72376210,6.41,6.39,2023-10-30,MAV,PIONEER MUNI HIGH INC ADV FD INC,6726.0,240.0
72376210,6.44,6.43,2023-10-31,MAV,PIONEER MUNI HIGH INC ADV FD INC,6726.0,240.0
72376210,6.55,6.45,2023-11-01,MAV,PIONEER MUNI HIGH INC ADV FD INC,6726.0,240.0
72376210,6.66,6.61,2023-11-02,MAV,PIONEER MUNI HIGH INC ADV FD INC,6726.0,240.0
72376210,6.82,6.72,2023-11-03,MAV,PIONEER MUNI HIGH INC ADV FD INC,6726.0,240.0
72376210,6.82,6.82,2023-11-06,MAV,PIONEER MUNI HIGH INC ADV FD INC,6726.0,240.0
72376210,6.93,6.85,2023-11-07,MAV,PIONEER MUNI HIGH INC ADV FD INC,6726.0,240.0
72376210,6.99,6.96,2023-11-08,MAV,PIONEER MUNI HIGH INC ADV FD INC,6726.0,240.0
72376210,6.97,7.01,2023-11-09,MAV,PIONEER MUNI HIGH INC ADV FD INC,6726.0,240.0
72376210,7.07,7.03,2023-11-10,MAV,PIONEER MUNI HIGH INC ADV FD INC,6726.0,240.0
72376210,7.2,7.07,2023-11-13,MAV,PIONEER MUNI HIGH INC ADV FD INC,6726.0,240.0
72376210,7.29,7.26,2023-11-14,MAV,PIONEER MUNI HIGH INC ADV FD INC,6726.0,240.0
72376210,7.23,7.25,2023-11-15,MAV,PIONEER MUNI HIGH INC ADV FD INC,6726.0,240.0
72376210,7.3,7.28,2023-11-16,MAV,PIONEER MUNI HIGH INC ADV FD INC,6726.0,240.0
72376210,7.38,7.35,2023-11-17,MAV,PIONEER MUNI HIGH INC ADV FD INC,6726.0,240.0
72376210,7.35,7.37,2023-11-20,MAV,PIONEER MUNI HIGH INC ADV FD INC,6726.0,240.0
72376210,7.34,7.31,2023-11-21,MAV,PIONEER MUNI HIGH INC ADV FD INC,6726.0,240.0
72376210,7.37,7.38,2023-11-22,MAV,PIONEER MUNI HIGH INC ADV FD INC,6726.0,240.0
72376210,7.42,7.38,2023-11-24,MAV,PIONEER MUNI HIGH INC ADV FD INC,6726.0,240.0
72376210,7.37,7.37,2023-11-27,MAV,PIONEER MUNI HIGH INC ADV FD INC,6726.0,240.0
72376210,7.44,7.38,2023-11-28,MAV,PIONEER MUNI HIGH INC ADV FD INC,6726.0,240.0
72376210,7.52,7.46,2023-11-29,MAV,PIONEER MUNI HIGH INC ADV FD INC,6726.0,240.0
72376210,7.58,7.57,2023-11-30,MAV,PIONEER MUNI HIGH INC ADV FD INC,6726.0,240.0
72376210,7.71,7.58,2023-12-01,MAV,PIONEER MUNI HIGH INC ADV FD INC,6726.0,240.0
72376210,7.59,7.65,2023-12-04,MAV,PIONEER MUNI HIGH INC ADV FD INC,6726.0,240.0
72376210,7.69,7.62,2023-12-05,MAV,PIONEER MUNI HIGH INC ADV FD INC,6726.0,240.0
72376210,7.73,7.71,2023-12-06,MAV,PIONEER MUNI HIGH INC ADV FD INC,6726.0,240.0
72376210,7.75,7.74,2023-12-07,MAV,PIONEER MUNI HIGH INC ADV FD INC,6726.0,240.0
72376210,7.75,7.76,2023-12-08,MAV,PIONEER MUNI HIGH INC ADV FD INC,6726.0,240.0
72376210,7.71,7.72,2023-12-11,MAV,PIONEER MUNI HIGH INC ADV FD INC,6726.0,240.0
72376210,7.72,7.71,2023-12-12,MAV,PIONEER MUNI HIGH INC ADV FD INC,6726.0,240.0
72376210,7.79,7.73,2023-12-13,MAV,PIONEER MUNI HIGH INC ADV FD INC,6726.0,240.0
72376210,7.89,7.8,2023-12-14,MAV,PIONEER MUNI HIGH INC ADV FD INC,6726.0,240.0
72376210,7.97,7.96,2023-12-15,MAV,PIONEER MUNI HIGH INC ADV FD INC,6726.0,240.0
72376210,7.91,7.95,2023-12-18,MAV,PIONEER MUNI HIGH INC ADV FD INC,6726.0,240.0
72376210,7.93,7.95,2023-12-19,MAV,PIONEER MUNI HIGH INC ADV FD INC,6726.0,240.0
72376210,7.98,7.93,2023-12-20,MAV,PIONEER MUNI HIGH INC ADV FD INC,6726.0,240.0
72376210,8.035,7.98,2023-12-21,MAV,PIONEER MUNI HIGH INC ADV FD INC,6726.0,240.0
72376210,8.065,8.07,2023-12-22,MAV,PIONEER MUNI HIGH INC ADV FD INC,6726.0,240.0
72376210,8.02,8.06,2023-12-26,MAV,PIONEER MUNI HIGH INC ADV FD INC,6726.0,240.0
72376210,8.085,8.03,2023-12-27,MAV,PIONEER MUNI HIGH INC ADV FD INC,6726.0,240.0
72376210,8.08,8.04,2023-12-28,MAV,PIONEER MUNI HIGH INC ADV FD INC,6726.0,240.0
72376210,8.02,8.04,2023-12-29,MAV,PIONEER MUNI HIGH INC ADV FD INC,6726.0,240.0
