cusip,prc,openprc,date,htick,hcomnam,hsiccd,numshr
58988910,17.79,17.94,2009-01-02,MMSI,MERIT MEDICAL SYSTEMS INC,3840.0,260.0
58988910,17.03,17.8,2009-01-05,MMSI,MERIT MEDICAL SYSTEMS INC,3840.0,260.0
58988910,16.62,17.18,2009-01-06,MMSI,MERIT MEDICAL SYSTEMS INC,3840.0,260.0
58988910,16.5,16.42,2009-01-07,MMSI,MERIT MEDICAL SYSTEMS INC,3840.0,260.0
58988910,16.66,16.65,2009-01-08,MMSI,MERIT MEDICAL SYSTEMS INC,3840.0,260.0
58988910,16.2,16.73,2009-01-09,MMSI,MERIT MEDICAL SYSTEMS INC,3840.0,260.0
58988910,16.28,16.23,2009-01-12,MMSI,MERIT MEDICAL SYSTEMS INC,3840.0,260.0
58988910,16.6,16.29,2009-01-13,MMSI,MERIT MEDICAL SYSTEMS INC,3840.0,260.0
58988910,16.3,16.38,2009-01-14,MMSI,MERIT MEDICAL SYSTEMS INC,3840.0,260.0
58988910,16.48,16.25,2009-01-15,MMSI,MERIT MEDICAL SYSTEMS INC,3840.0,260.0
58988910,16.3,16.59,2009-01-16,MMSI,MERIT MEDICAL SYSTEMS INC,3840.0,260.0
58988910,15.7,16.14,2009-01-20,MMSI,MERIT MEDICAL SYSTEMS INC,3840.0,260.0
58988910,16.62,15.78,2009-01-21,MMSI,MERIT MEDICAL SYSTEMS INC,3840.0,260.0
58988910,16.44,16.33,2009-01-22,MMSI,MERIT MEDICAL SYSTEMS INC,3840.0,260.0
58988910,15.93,16.01,2009-01-23,MMSI,MERIT MEDICAL SYSTEMS INC,3840.0,260.0
58988910,16.18,15.87,2009-01-26,MMSI,MERIT MEDICAL SYSTEMS INC,3840.0,260.0
58988910,16.02,16.18,2009-01-27,MMSI,MERIT MEDICAL SYSTEMS INC,3840.0,260.0
58988910,16.45,16.21,2009-01-28,MMSI,MERIT MEDICAL SYSTEMS INC,3840.0,260.0
58988910,15.57,16.32,2009-01-29,MMSI,MERIT MEDICAL SYSTEMS INC,3840.0,260.0
58988910,15.39,15.74,2009-01-30,MMSI,MERIT MEDICAL SYSTEMS INC,3840.0,260.0
58988910,15.91,15.27,2009-02-02,MMSI,MERIT MEDICAL SYSTEMS INC,3840.0,260.0
58988910,16.18,16.08,2009-02-03,MMSI,MERIT MEDICAL SYSTEMS INC,3840.0,260.0
58988910,16.51,16.13,2009-02-04,MMSI,MERIT MEDICAL SYSTEMS INC,3840.0,260.0
58988910,16.77,16.39,2009-02-05,MMSI,MERIT MEDICAL SYSTEMS INC,3840.0,260.0
58988910,15.08,15.39,2009-02-06,MMSI,MERIT MEDICAL SYSTEMS INC,3840.0,260.0
58988910,14.15,15.04,2009-02-09,MMSI,MERIT MEDICAL SYSTEMS INC,3840.0,260.0
58988910,13.71,14.05,2009-02-10,MMSI,MERIT MEDICAL SYSTEMS INC,3840.0,260.0
58988910,13.75,13.82,2009-02-11,MMSI,MERIT MEDICAL SYSTEMS INC,3840.0,260.0
58988910,13.54,13.61,2009-02-12,MMSI,MERIT MEDICAL SYSTEMS INC,3840.0,260.0
58988910,13.93,13.59,2009-02-13,MMSI,MERIT MEDICAL SYSTEMS INC,3840.0,260.0
58988910,13.24,13.67,2009-02-17,MMSI,MERIT MEDICAL SYSTEMS INC,3840.0,260.0
58988910,12.73,13.41,2009-02-18,MMSI,MERIT MEDICAL SYSTEMS INC,3840.0,260.0
58988910,12.57,12.94,2009-02-19,MMSI,MERIT MEDICAL SYSTEMS INC,3840.0,260.0
58988910,11.99,12.48,2009-02-20,MMSI,MERIT MEDICAL SYSTEMS INC,3840.0,260.0
58988910,11.7,12.12,2009-02-23,MMSI,MERIT MEDICAL SYSTEMS INC,3840.0,260.0
58988910,11.92,11.75,2009-02-24,MMSI,MERIT MEDICAL SYSTEMS INC,3840.0,260.0
58988910,11.23,11.82,2009-02-25,MMSI,MERIT MEDICAL SYSTEMS INC,3840.0,260.0
58988910,11.45,11.24,2009-02-26,MMSI,MERIT MEDICAL SYSTEMS INC,3840.0,260.0
58988910,11.14,11.22,2009-02-27,MMSI,MERIT MEDICAL SYSTEMS INC,3840.0,260.0
58988910,10.48,11.04,2009-03-02,MMSI,MERIT MEDICAL SYSTEMS INC,3840.0,260.0
58988910,10.43,10.6,2009-03-03,MMSI,MERIT MEDICAL SYSTEMS INC,3840.0,260.0
58988910,10.68,10.59,2009-03-04,MMSI,MERIT MEDICAL SYSTEMS INC,3840.0,260.0
58988910,9.99,10.34,2009-03-05,MMSI,MERIT MEDICAL SYSTEMS INC,3840.0,260.0
58988910,9.94,10.12,2009-03-06,MMSI,MERIT MEDICAL SYSTEMS INC,3840.0,260.0
58988910,9.69,9.87,2009-03-09,MMSI,MERIT MEDICAL SYSTEMS INC,3840.0,260.0
58988910,9.97,9.82,2009-03-10,MMSI,MERIT MEDICAL SYSTEMS INC,3840.0,260.0
58988910,9.87,10.0,2009-03-11,MMSI,MERIT MEDICAL SYSTEMS INC,3840.0,260.0
58988910,10.71,9.86,2009-03-12,MMSI,MERIT MEDICAL SYSTEMS INC,3840.0,260.0
58988910,11.82,11.22,2009-03-13,MMSI,MERIT MEDICAL SYSTEMS INC,3840.0,260.0
58988910,11.91,11.94,2009-03-16,MMSI,MERIT MEDICAL SYSTEMS INC,3840.0,260.0
58988910,12.23,11.87,2009-03-17,MMSI,MERIT MEDICAL SYSTEMS INC,3840.0,260.0
58988910,12.44,12.26,2009-03-18,MMSI,MERIT MEDICAL SYSTEMS INC,3840.0,260.0
58988910,12.27,12.58,2009-03-19,MMSI,MERIT MEDICAL SYSTEMS INC,3840.0,260.0
58988910,11.95,12.39,2009-03-20,MMSI,MERIT MEDICAL SYSTEMS INC,3840.0,260.0
58988910,12.83,12.22,2009-03-23,MMSI,MERIT MEDICAL SYSTEMS INC,3840.0,260.0
58988910,12.27,12.21,2009-03-24,MMSI,MERIT MEDICAL SYSTEMS INC,3840.0,260.0
58988910,12.4,12.34,2009-03-25,MMSI,MERIT MEDICAL SYSTEMS INC,3840.0,260.0
58988910,12.49,12.56,2009-03-26,MMSI,MERIT MEDICAL SYSTEMS INC,3840.0,260.0
58988910,12.38,12.31,2009-03-27,MMSI,MERIT MEDICAL SYSTEMS INC,3840.0,260.0
58988910,12.36,12.25,2009-03-30,MMSI,MERIT MEDICAL SYSTEMS INC,3840.0,260.0
58988910,12.21,12.54,2009-03-31,MMSI,MERIT MEDICAL SYSTEMS INC,3840.0,260.0
58988910,12.47,12.11,2009-04-01,MMSI,MERIT MEDICAL SYSTEMS INC,3840.0,260.0
58988910,12.92,12.65,2009-04-02,MMSI,MERIT MEDICAL SYSTEMS INC,3840.0,260.0
58988910,12.78,12.93,2009-04-03,MMSI,MERIT MEDICAL SYSTEMS INC,3840.0,260.0
58988910,12.51,12.59,2009-04-06,MMSI,MERIT MEDICAL SYSTEMS INC,3840.0,260.0
58988910,12.25,12.41,2009-04-07,MMSI,MERIT MEDICAL SYSTEMS INC,3840.0,260.0
58988910,12.65,12.3,2009-04-08,MMSI,MERIT MEDICAL SYSTEMS INC,3840.0,260.0
58988910,13.27,12.87,2009-04-09,MMSI,MERIT MEDICAL SYSTEMS INC,3840.0,260.0
58988910,13.53,13.28,2009-04-13,MMSI,MERIT MEDICAL SYSTEMS INC,3840.0,260.0
58988910,13.61,13.4,2009-04-14,MMSI,MERIT MEDICAL SYSTEMS INC,3840.0,260.0
58988910,14.02,13.59,2009-04-15,MMSI,MERIT MEDICAL SYSTEMS INC,3840.0,260.0
58988910,13.91,14.1,2009-04-16,MMSI,MERIT MEDICAL SYSTEMS INC,3840.0,260.0
58988910,14.31,13.95,2009-04-17,MMSI,MERIT MEDICAL SYSTEMS INC,3840.0,260.0
58988910,13.61,13.98,2009-04-20,MMSI,MERIT MEDICAL SYSTEMS INC,3840.0,260.0
58988910,14.31,13.57,2009-04-21,MMSI,MERIT MEDICAL SYSTEMS INC,3840.0,260.0
58988910,14.06,14.16,2009-04-22,MMSI,MERIT MEDICAL SYSTEMS INC,3840.0,260.0
58988910,13.13,14.03,2009-04-23,MMSI,MERIT MEDICAL SYSTEMS INC,3840.0,260.0
58988910,13.08,13.11,2009-04-24,MMSI,MERIT MEDICAL SYSTEMS INC,3840.0,260.0
58988910,12.99,12.91,2009-04-27,MMSI,MERIT MEDICAL SYSTEMS INC,3840.0,260.0
58988910,13.38,12.9,2009-04-28,MMSI,MERIT MEDICAL SYSTEMS INC,3840.0,260.0
58988910,15.93,16.21,2009-04-29,MMSI,MERIT MEDICAL SYSTEMS INC,3840.0,260.0
58988910,15.51,16.01,2009-04-30,MMSI,MERIT MEDICAL SYSTEMS INC,3840.0,260.0
58988910,14.75,15.52,2009-05-01,MMSI,MERIT MEDICAL SYSTEMS INC,3840.0,260.0
58988910,14.83,14.87,2009-05-04,MMSI,MERIT MEDICAL SYSTEMS INC,3840.0,260.0
58988910,14.52,14.79,2009-05-05,MMSI,MERIT MEDICAL SYSTEMS INC,3840.0,260.0
58988910,14.36,14.6,2009-05-06,MMSI,MERIT MEDICAL SYSTEMS INC,3840.0,260.0
58988910,14.33,14.5,2009-05-07,MMSI,MERIT MEDICAL SYSTEMS INC,3840.0,260.0
58988910,14.75,14.46,2009-05-08,MMSI,MERIT MEDICAL SYSTEMS INC,3840.0,260.0
58988910,14.25,14.55,2009-05-11,MMSI,MERIT MEDICAL SYSTEMS INC,3840.0,260.0
58988910,14.25,14.36,2009-05-12,MMSI,MERIT MEDICAL SYSTEMS INC,3840.0,260.0
58988910,14.1,14.0,2009-05-13,MMSI,MERIT MEDICAL SYSTEMS INC,3840.0,260.0
58988910,14.12,14.2,2009-05-14,MMSI,MERIT MEDICAL SYSTEMS INC,3840.0,260.0
58988910,14.47,14.1,2009-05-15,MMSI,MERIT MEDICAL SYSTEMS INC,3840.0,260.0
58988910,15.0,14.59,2009-05-18,MMSI,MERIT MEDICAL SYSTEMS INC,3840.0,260.0
58988910,14.7,14.94,2009-05-19,MMSI,MERIT MEDICAL SYSTEMS INC,3840.0,260.0
58988910,14.58,14.73,2009-05-20,MMSI,MERIT MEDICAL SYSTEMS INC,3840.0,260.0
58988910,14.17,14.41,2009-05-21,MMSI,MERIT MEDICAL SYSTEMS INC,3840.0,260.0
58988910,14.04,14.21,2009-05-22,MMSI,MERIT MEDICAL SYSTEMS INC,3840.0,260.0
58988910,14.62,14.08,2009-05-26,MMSI,MERIT MEDICAL SYSTEMS INC,3840.0,260.0
58988910,14.09,14.5,2009-05-27,MMSI,MERIT MEDICAL SYSTEMS INC,3840.0,260.0
58988910,13.63,14.23,2009-05-28,MMSI,MERIT MEDICAL SYSTEMS INC,3840.0,260.0
58988910,13.69,13.63,2009-05-29,MMSI,MERIT MEDICAL SYSTEMS INC,3840.0,260.0
58988910,14.33,13.77,2009-06-01,MMSI,MERIT MEDICAL SYSTEMS INC,3840.0,260.0
58988910,14.91,14.31,2009-06-02,MMSI,MERIT MEDICAL SYSTEMS INC,3840.0,260.0
58988910,15.02,14.76,2009-06-03,MMSI,MERIT MEDICAL SYSTEMS INC,3840.0,260.0
58988910,16.22,15.36,2009-06-04,MMSI,MERIT MEDICAL SYSTEMS INC,3840.0,260.0
58988910,16.33,16.38,2009-06-05,MMSI,MERIT MEDICAL SYSTEMS INC,3840.0,260.0
58988910,16.19,16.33,2009-06-08,MMSI,MERIT MEDICAL SYSTEMS INC,3840.0,260.0
58988910,16.13,16.22,2009-06-09,MMSI,MERIT MEDICAL SYSTEMS INC,3840.0,260.0
58988910,16.03,16.2,2009-06-10,MMSI,MERIT MEDICAL SYSTEMS INC,3840.0,260.0
58988910,16.09,16.12,2009-06-11,MMSI,MERIT MEDICAL SYSTEMS INC,3840.0,260.0
58988910,15.95,16.02,2009-06-12,MMSI,MERIT MEDICAL SYSTEMS INC,3840.0,260.0
58988910,15.75,15.9,2009-06-15,MMSI,MERIT MEDICAL SYSTEMS INC,3840.0,260.0
58988910,15.5,15.8,2009-06-16,MMSI,MERIT MEDICAL SYSTEMS INC,3840.0,260.0
58988910,15.88,15.54,2009-06-17,MMSI,MERIT MEDICAL SYSTEMS INC,3840.0,260.0
58988910,15.96,15.71,2009-06-18,MMSI,MERIT MEDICAL SYSTEMS INC,3840.0,260.0
58988910,16.5,16.05,2009-06-19,MMSI,MERIT MEDICAL SYSTEMS INC,3840.0,260.0
58988910,16.1,16.35,2009-06-22,MMSI,MERIT MEDICAL SYSTEMS INC,3840.0,260.0
58988910,15.88,16.16,2009-06-23,MMSI,MERIT MEDICAL SYSTEMS INC,3840.0,260.0
58988910,15.67,16.03,2009-06-24,MMSI,MERIT MEDICAL SYSTEMS INC,3840.0,260.0
58988910,15.77,15.61,2009-06-25,MMSI,MERIT MEDICAL SYSTEMS INC,3840.0,260.0
58988910,16.32,15.74,2009-06-26,MMSI,MERIT MEDICAL SYSTEMS INC,3840.0,260.0
58988910,16.06,16.26,2009-06-29,MMSI,MERIT MEDICAL SYSTEMS INC,3840.0,260.0
58988910,16.3,16.02,2009-06-30,MMSI,MERIT MEDICAL SYSTEMS INC,3840.0,260.0
58988910,16.4,16.44,2009-07-01,MMSI,MERIT MEDICAL SYSTEMS INC,3840.0,260.0
58988910,16.05,16.34,2009-07-02,MMSI,MERIT MEDICAL SYSTEMS INC,3840.0,260.0
58988910,16.16,16.05,2009-07-06,MMSI,MERIT MEDICAL SYSTEMS INC,3840.0,260.0
58988910,16.04,16.12,2009-07-07,MMSI,MERIT MEDICAL SYSTEMS INC,3840.0,260.0
58988910,16.55,16.15,2009-07-08,MMSI,MERIT MEDICAL SYSTEMS INC,3840.0,260.0
58988910,16.77,16.69,2009-07-09,MMSI,MERIT MEDICAL SYSTEMS INC,3840.0,260.0
58988910,16.98,16.77,2009-07-10,MMSI,MERIT MEDICAL SYSTEMS INC,3840.0,260.0
58988910,17.37,16.99,2009-07-13,MMSI,MERIT MEDICAL SYSTEMS INC,3840.0,260.0
58988910,17.79,17.33,2009-07-14,MMSI,MERIT MEDICAL SYSTEMS INC,3840.0,260.0
58988910,17.59,17.98,2009-07-15,MMSI,MERIT MEDICAL SYSTEMS INC,3840.0,260.0
58988910,18.25,17.51,2009-07-16,MMSI,MERIT MEDICAL SYSTEMS INC,3840.0,260.0
58988910,18.34,18.3,2009-07-17,MMSI,MERIT MEDICAL SYSTEMS INC,3840.0,260.0
58988910,18.03,18.48,2009-07-20,MMSI,MERIT MEDICAL SYSTEMS INC,3840.0,260.0
58988910,17.69,18.15,2009-07-21,MMSI,MERIT MEDICAL SYSTEMS INC,3840.0,260.0
58988910,17.52,17.67,2009-07-22,MMSI,MERIT MEDICAL SYSTEMS INC,3840.0,260.0
58988910,17.53,17.45,2009-07-23,MMSI,MERIT MEDICAL SYSTEMS INC,3840.0,260.0
58988910,17.67,17.42,2009-07-24,MMSI,MERIT MEDICAL SYSTEMS INC,3840.0,260.0
58988910,17.93,17.7,2009-07-27,MMSI,MERIT MEDICAL SYSTEMS INC,3840.0,260.0
58988910,17.69,17.77,2009-07-28,MMSI,MERIT MEDICAL SYSTEMS INC,3840.0,260.0
58988910,19.11,18.31,2009-07-29,MMSI,MERIT MEDICAL SYSTEMS INC,3840.0,260.0
58988910,18.73,19.0,2009-07-30,MMSI,MERIT MEDICAL SYSTEMS INC,3840.0,260.0
58988910,18.29,18.61,2009-07-31,MMSI,MERIT MEDICAL SYSTEMS INC,3840.0,260.0
58988910,17.8,18.37,2009-08-03,MMSI,MERIT MEDICAL SYSTEMS INC,3840.0,260.0
58988910,18.23,17.75,2009-08-04,MMSI,MERIT MEDICAL SYSTEMS INC,3840.0,260.0
58988910,17.65,18.18,2009-08-05,MMSI,MERIT MEDICAL SYSTEMS INC,3840.0,260.0
58988910,17.19,17.77,2009-08-06,MMSI,MERIT MEDICAL SYSTEMS INC,3840.0,260.0
58988910,17.01,17.44,2009-08-07,MMSI,MERIT MEDICAL SYSTEMS INC,3840.0,260.0
58988910,17.24,16.97,2009-08-10,MMSI,MERIT MEDICAL SYSTEMS INC,3840.0,260.0
58988910,17.26,17.19,2009-08-11,MMSI,MERIT MEDICAL SYSTEMS INC,3840.0,260.0
58988910,17.96,17.22,2009-08-12,MMSI,MERIT MEDICAL SYSTEMS INC,3840.0,260.0
58988910,17.81,17.99,2009-08-13,MMSI,MERIT MEDICAL SYSTEMS INC,3840.0,260.0
58988910,17.52,17.75,2009-08-14,MMSI,MERIT MEDICAL SYSTEMS INC,3840.0,260.0
58988910,17.24,17.23,2009-08-17,MMSI,MERIT MEDICAL SYSTEMS INC,3840.0,260.0
58988910,17.51,17.32,2009-08-18,MMSI,MERIT MEDICAL SYSTEMS INC,3840.0,260.0
58988910,17.77,17.29,2009-08-19,MMSI,MERIT MEDICAL SYSTEMS INC,3840.0,260.0
58988910,17.72,17.7,2009-08-20,MMSI,MERIT MEDICAL SYSTEMS INC,3840.0,260.0
58988910,17.97,17.93,2009-08-21,MMSI,MERIT MEDICAL SYSTEMS INC,3840.0,260.0
58988910,17.84,17.95,2009-08-24,MMSI,MERIT MEDICAL SYSTEMS INC,3840.0,260.0
58988910,18.21,17.9,2009-08-25,MMSI,MERIT MEDICAL SYSTEMS INC,3840.0,260.0
58988910,18.51,18.2,2009-08-26,MMSI,MERIT MEDICAL SYSTEMS INC,3840.0,260.0
58988910,18.44,18.4,2009-08-27,MMSI,MERIT MEDICAL SYSTEMS INC,3840.0,260.0
58988910,18.15,18.52,2009-08-28,MMSI,MERIT MEDICAL SYSTEMS INC,3840.0,260.0
58988910,18.05,18.0,2009-08-31,MMSI,MERIT MEDICAL SYSTEMS INC,3840.0,260.0
58988910,17.74,18.0,2009-09-01,MMSI,MERIT MEDICAL SYSTEMS INC,3840.0,260.0
58988910,17.67,17.69,2009-09-02,MMSI,MERIT MEDICAL SYSTEMS INC,3840.0,260.0
58988910,17.92,17.79,2009-09-03,MMSI,MERIT MEDICAL SYSTEMS INC,3840.0,260.0
58988910,17.89,17.96,2009-09-04,MMSI,MERIT MEDICAL SYSTEMS INC,3840.0,260.0
58988910,17.88,17.96,2009-09-08,MMSI,MERIT MEDICAL SYSTEMS INC,3840.0,260.0
58988910,18.26,17.82,2009-09-09,MMSI,MERIT MEDICAL SYSTEMS INC,3840.0,260.0
58988910,18.32,18.23,2009-09-10,MMSI,MERIT MEDICAL SYSTEMS INC,3840.0,260.0
58988910,18.06,18.37,2009-09-11,MMSI,MERIT MEDICAL SYSTEMS INC,3840.0,260.0
58988910,18.57,17.98,2009-09-14,MMSI,MERIT MEDICAL SYSTEMS INC,3840.0,260.0
58988910,18.66,18.48,2009-09-15,MMSI,MERIT MEDICAL SYSTEMS INC,3840.0,260.0
58988910,18.95,18.67,2009-09-16,MMSI,MERIT MEDICAL SYSTEMS INC,3840.0,260.0
58988910,19.01,18.95,2009-09-17,MMSI,MERIT MEDICAL SYSTEMS INC,3840.0,260.0
58988910,18.69,19.25,2009-09-18,MMSI,MERIT MEDICAL SYSTEMS INC,3840.0,260.0
58988910,18.22,18.6,2009-09-21,MMSI,MERIT MEDICAL SYSTEMS INC,3840.0,260.0
58988910,18.05,18.39,2009-09-22,MMSI,MERIT MEDICAL SYSTEMS INC,3840.0,260.0
58988910,17.74,18.13,2009-09-23,MMSI,MERIT MEDICAL SYSTEMS INC,3840.0,260.0
58988910,17.38,17.73,2009-09-24,MMSI,MERIT MEDICAL SYSTEMS INC,3840.0,260.0
58988910,17.28,17.37,2009-09-25,MMSI,MERIT MEDICAL SYSTEMS INC,3840.0,260.0
58988910,17.54,17.3,2009-09-28,MMSI,MERIT MEDICAL SYSTEMS INC,3840.0,260.0
58988910,17.36,17.51,2009-09-29,MMSI,MERIT MEDICAL SYSTEMS INC,3840.0,260.0
58988910,17.33,17.42,2009-09-30,MMSI,MERIT MEDICAL SYSTEMS INC,3840.0,260.0
58988910,16.75,17.22,2009-10-01,MMSI,MERIT MEDICAL SYSTEMS INC,3840.0,260.0
58988910,16.44,16.63,2009-10-02,MMSI,MERIT MEDICAL SYSTEMS INC,3840.0,260.0
58988910,16.22,16.46,2009-10-05,MMSI,MERIT MEDICAL SYSTEMS INC,3840.0,260.0
58988910,16.2,16.27,2009-10-06,MMSI,MERIT MEDICAL SYSTEMS INC,3840.0,260.0
58988910,16.15,16.19,2009-10-07,MMSI,MERIT MEDICAL SYSTEMS INC,3840.0,260.0
58988910,15.9,16.3,2009-10-08,MMSI,MERIT MEDICAL SYSTEMS INC,3840.0,260.0
58988910,15.92,16.0,2009-10-09,MMSI,MERIT MEDICAL SYSTEMS INC,3840.0,260.0
58988910,15.72,16.0,2009-10-12,MMSI,MERIT MEDICAL SYSTEMS INC,3840.0,260.0
58988910,16.81,15.88,2009-10-13,MMSI,MERIT MEDICAL SYSTEMS INC,3840.0,260.0
58988910,16.79,16.97,2009-10-14,MMSI,MERIT MEDICAL SYSTEMS INC,3840.0,260.0
58988910,16.82,16.74,2009-10-15,MMSI,MERIT MEDICAL SYSTEMS INC,3840.0,260.0
58988910,16.77,16.66,2009-10-16,MMSI,MERIT MEDICAL SYSTEMS INC,3840.0,260.0
58988910,16.84,16.66,2009-10-19,MMSI,MERIT MEDICAL SYSTEMS INC,3840.0,260.0
58988910,16.72,16.72,2009-10-20,MMSI,MERIT MEDICAL SYSTEMS INC,3840.0,260.0
58988910,16.97,16.63,2009-10-21,MMSI,MERIT MEDICAL SYSTEMS INC,3840.0,260.0
58988910,17.13,16.99,2009-10-22,MMSI,MERIT MEDICAL SYSTEMS INC,3840.0,260.0
58988910,17.02,17.13,2009-10-23,MMSI,MERIT MEDICAL SYSTEMS INC,3840.0,260.0
58988910,16.85,16.98,2009-10-26,MMSI,MERIT MEDICAL SYSTEMS INC,3840.0,260.0
58988910,16.7,16.85,2009-10-27,MMSI,MERIT MEDICAL SYSTEMS INC,3840.0,260.0
58988910,17.0,17.12,2009-10-28,MMSI,MERIT MEDICAL SYSTEMS INC,3840.0,260.0
58988910,17.54,17.11,2009-10-29,MMSI,MERIT MEDICAL SYSTEMS INC,3840.0,260.0
58988910,16.98,17.43,2009-10-30,MMSI,MERIT MEDICAL SYSTEMS INC,3840.0,260.0
58988910,16.89,17.02,2009-11-02,MMSI,MERIT MEDICAL SYSTEMS INC,3840.0,260.0
58988910,16.81,16.77,2009-11-03,MMSI,MERIT MEDICAL SYSTEMS INC,3840.0,260.0
58988910,16.59,16.95,2009-11-04,MMSI,MERIT MEDICAL SYSTEMS INC,3840.0,260.0
58988910,17.2,16.68,2009-11-05,MMSI,MERIT MEDICAL SYSTEMS INC,3840.0,260.0
58988910,17.1,17.0,2009-11-06,MMSI,MERIT MEDICAL SYSTEMS INC,3840.0,260.0
58988910,17.18,17.17,2009-11-09,MMSI,MERIT MEDICAL SYSTEMS INC,3840.0,260.0
58988910,17.1,17.16,2009-11-10,MMSI,MERIT MEDICAL SYSTEMS INC,3840.0,260.0
58988910,17.02,17.26,2009-11-11,MMSI,MERIT MEDICAL SYSTEMS INC,3840.0,260.0
58988910,16.95,17.04,2009-11-12,MMSI,MERIT MEDICAL SYSTEMS INC,3840.0,260.0
58988910,16.82,17.04,2009-11-13,MMSI,MERIT MEDICAL SYSTEMS INC,3840.0,260.0
58988910,17.37,16.95,2009-11-16,MMSI,MERIT MEDICAL SYSTEMS INC,3840.0,260.0
58988910,17.31,17.25,2009-11-17,MMSI,MERIT MEDICAL SYSTEMS INC,3840.0,260.0
58988910,17.08,17.26,2009-11-18,MMSI,MERIT MEDICAL SYSTEMS INC,3840.0,260.0
58988910,17.0,16.92,2009-11-19,MMSI,MERIT MEDICAL SYSTEMS INC,3840.0,260.0
58988910,17.15,16.85,2009-11-20,MMSI,MERIT MEDICAL SYSTEMS INC,3840.0,260.0
58988910,17.41,17.36,2009-11-23,MMSI,MERIT MEDICAL SYSTEMS INC,3840.0,260.0
58988910,17.31,17.37,2009-11-24,MMSI,MERIT MEDICAL SYSTEMS INC,3840.0,260.0
58988910,17.22,17.32,2009-11-25,MMSI,MERIT MEDICAL SYSTEMS INC,3840.0,260.0
58988910,16.89,16.79,2009-11-27,MMSI,MERIT MEDICAL SYSTEMS INC,3840.0,260.0
58988910,16.48,16.84,2009-11-30,MMSI,MERIT MEDICAL SYSTEMS INC,3840.0,260.0
58988910,16.78,16.59,2009-12-01,MMSI,MERIT MEDICAL SYSTEMS INC,3840.0,260.0
58988910,17.2,16.74,2009-12-02,MMSI,MERIT MEDICAL SYSTEMS INC,3840.0,260.0
58988910,17.16,17.29,2009-12-03,MMSI,MERIT MEDICAL SYSTEMS INC,3840.0,260.0
58988910,17.63,17.49,2009-12-04,MMSI,MERIT MEDICAL SYSTEMS INC,3840.0,260.0
58988910,17.66,17.58,2009-12-07,MMSI,MERIT MEDICAL SYSTEMS INC,3840.0,260.0
58988910,17.64,17.48,2009-12-08,MMSI,MERIT MEDICAL SYSTEMS INC,3840.0,260.0
58988910,17.66,17.68,2009-12-09,MMSI,MERIT MEDICAL SYSTEMS INC,3840.0,260.0
58988910,17.84,17.67,2009-12-10,MMSI,MERIT MEDICAL SYSTEMS INC,3840.0,260.0
58988910,17.93,17.86,2009-12-11,MMSI,MERIT MEDICAL SYSTEMS INC,3840.0,260.0
58988910,18.11,17.99,2009-12-14,MMSI,MERIT MEDICAL SYSTEMS INC,3840.0,260.0
58988910,18.31,18.07,2009-12-15,MMSI,MERIT MEDICAL SYSTEMS INC,3840.0,260.0
58988910,18.7,18.38,2009-12-16,MMSI,MERIT MEDICAL SYSTEMS INC,3840.0,260.0
58988910,18.64,18.7,2009-12-17,MMSI,MERIT MEDICAL SYSTEMS INC,3840.0,260.0
58988910,18.92,18.71,2009-12-18,MMSI,MERIT MEDICAL SYSTEMS INC,3840.0,260.0
58988910,18.99,18.94,2009-12-21,MMSI,MERIT MEDICAL SYSTEMS INC,3840.0,260.0
58988910,18.99,19.0,2009-12-22,MMSI,MERIT MEDICAL SYSTEMS INC,3840.0,260.0
58988910,19.28,19.11,2009-12-23,MMSI,MERIT MEDICAL SYSTEMS INC,3840.0,260.0
58988910,19.17,19.35,2009-12-24,MMSI,MERIT MEDICAL SYSTEMS INC,3840.0,260.0
58988910,19.43,19.28,2009-12-28,MMSI,MERIT MEDICAL SYSTEMS INC,3840.0,260.0
58988910,19.8,19.41,2009-12-29,MMSI,MERIT MEDICAL SYSTEMS INC,3840.0,260.0
58988910,19.87,19.77,2009-12-30,MMSI,MERIT MEDICAL SYSTEMS INC,3840.0,260.0
58988910,19.24,19.8,2009-12-31,MMSI,MERIT MEDICAL SYSTEMS INC,3840.0,260.0
58988910,19.75,19.52,2010-01-04,MMSI,MERIT MEDICAL SYSTEMS INC,3840.0,260.0
58988910,19.12,19.67,2010-01-05,MMSI,MERIT MEDICAL SYSTEMS INC,3840.0,260.0
58988910,18.6,19.16,2010-01-06,MMSI,MERIT MEDICAL SYSTEMS INC,3840.0,260.0
58988910,18.53,18.6,2010-01-07,MMSI,MERIT MEDICAL SYSTEMS INC,3840.0,260.0
58988910,18.57,18.43,2010-01-08,MMSI,MERIT MEDICAL SYSTEMS INC,3840.0,260.0
58988910,19.24,18.74,2010-01-11,MMSI,MERIT MEDICAL SYSTEMS INC,3840.0,260.0
58988910,19.44,19.07,2010-01-12,MMSI,MERIT MEDICAL SYSTEMS INC,3840.0,260.0
58988910,19.47,19.45,2010-01-13,MMSI,MERIT MEDICAL SYSTEMS INC,3840.0,260.0
58988910,19.39,19.36,2010-01-14,MMSI,MERIT MEDICAL SYSTEMS INC,3840.0,260.0
58988910,18.87,19.49,2010-01-15,MMSI,MERIT MEDICAL SYSTEMS INC,3840.0,260.0
58988910,19.24,18.95,2010-01-19,MMSI,MERIT MEDICAL SYSTEMS INC,3840.0,260.0
58988910,19.01,19.07,2010-01-20,MMSI,MERIT MEDICAL SYSTEMS INC,3840.0,260.0
58988910,18.5,19.09,2010-01-21,MMSI,MERIT MEDICAL SYSTEMS INC,3840.0,260.0
58988910,18.12,18.44,2010-01-22,MMSI,MERIT MEDICAL SYSTEMS INC,3840.0,260.0
58988910,17.78,18.15,2010-01-25,MMSI,MERIT MEDICAL SYSTEMS INC,3840.0,260.0
58988910,17.65,17.67,2010-01-26,MMSI,MERIT MEDICAL SYSTEMS INC,3840.0,260.0
58988910,17.98,17.53,2010-01-27,MMSI,MERIT MEDICAL SYSTEMS INC,3840.0,260.0
58988910,17.76,17.95,2010-01-28,MMSI,MERIT MEDICAL SYSTEMS INC,3840.0,260.0
58988910,17.83,17.77,2010-01-29,MMSI,MERIT MEDICAL SYSTEMS INC,3840.0,260.0
58988910,17.63,17.84,2010-02-01,MMSI,MERIT MEDICAL SYSTEMS INC,3840.0,260.0
58988910,17.68,17.59,2010-02-02,MMSI,MERIT MEDICAL SYSTEMS INC,3840.0,260.0
58988910,17.42,17.57,2010-02-03,MMSI,MERIT MEDICAL SYSTEMS INC,3840.0,260.0
58988910,17.08,17.28,2010-02-04,MMSI,MERIT MEDICAL SYSTEMS INC,3840.0,260.0
58988910,17.15,17.12,2010-02-05,MMSI,MERIT MEDICAL SYSTEMS INC,3840.0,260.0
58988910,16.83,17.17,2010-02-08,MMSI,MERIT MEDICAL SYSTEMS INC,3840.0,260.0
58988910,16.96,17.03,2010-02-09,MMSI,MERIT MEDICAL SYSTEMS INC,3840.0,260.0
58988910,16.94,16.86,2010-02-10,MMSI,MERIT MEDICAL SYSTEMS INC,3840.0,260.0
58988910,17.06,16.85,2010-02-11,MMSI,MERIT MEDICAL SYSTEMS INC,3840.0,260.0
58988910,16.77,16.97,2010-02-12,MMSI,MERIT MEDICAL SYSTEMS INC,3840.0,260.0
58988910,16.72,16.83,2010-02-16,MMSI,MERIT MEDICAL SYSTEMS INC,3840.0,260.0
58988910,16.76,16.78,2010-02-17,MMSI,MERIT MEDICAL SYSTEMS INC,3840.0,260.0
58988910,17.44,16.77,2010-02-18,MMSI,MERIT MEDICAL SYSTEMS INC,3840.0,260.0
58988910,14.41,14.77,2010-02-19,MMSI,MERIT MEDICAL SYSTEMS INC,3840.0,260.0
58988910,14.83,14.5,2010-02-22,MMSI,MERIT MEDICAL SYSTEMS INC,3840.0,260.0
58988910,14.85,14.9,2010-02-23,MMSI,MERIT MEDICAL SYSTEMS INC,3840.0,260.0
58988910,15.12,14.93,2010-02-24,MMSI,MERIT MEDICAL SYSTEMS INC,3840.0,260.0
58988910,14.95,15.04,2010-02-25,MMSI,MERIT MEDICAL SYSTEMS INC,3840.0,260.0
58988910,14.72,14.91,2010-02-26,MMSI,MERIT MEDICAL SYSTEMS INC,3840.0,260.0
58988910,14.79,14.75,2010-03-01,MMSI,MERIT MEDICAL SYSTEMS INC,3840.0,260.0
58988910,14.52,14.75,2010-03-02,MMSI,MERIT MEDICAL SYSTEMS INC,3840.0,260.0
58988910,14.63,14.51,2010-03-03,MMSI,MERIT MEDICAL SYSTEMS INC,3840.0,260.0
58988910,14.71,14.71,2010-03-04,MMSI,MERIT MEDICAL SYSTEMS INC,3840.0,260.0
58988910,15.18,14.88,2010-03-05,MMSI,MERIT MEDICAL SYSTEMS INC,3840.0,260.0
58988910,15.26,15.19,2010-03-08,MMSI,MERIT MEDICAL SYSTEMS INC,3840.0,260.0
58988910,15.23,15.16,2010-03-09,MMSI,MERIT MEDICAL SYSTEMS INC,3840.0,260.0
58988910,15.07,15.18,2010-03-10,MMSI,MERIT MEDICAL SYSTEMS INC,3840.0,260.0
58988910,14.6,14.97,2010-03-11,MMSI,MERIT MEDICAL SYSTEMS INC,3840.0,260.0
58988910,14.04,14.7,2010-03-12,MMSI,MERIT MEDICAL SYSTEMS INC,3840.0,260.0
58988910,14.51,14.1,2010-03-15,MMSI,MERIT MEDICAL SYSTEMS INC,3840.0,260.0
58988910,14.59,14.61,2010-03-16,MMSI,MERIT MEDICAL SYSTEMS INC,3840.0,260.0
58988910,14.99,14.66,2010-03-17,MMSI,MERIT MEDICAL SYSTEMS INC,3840.0,260.0
58988910,15.1,14.89,2010-03-18,MMSI,MERIT MEDICAL SYSTEMS INC,3840.0,260.0
58988910,15.23,15.18,2010-03-19,MMSI,MERIT MEDICAL SYSTEMS INC,3840.0,260.0
58988910,15.28,15.06,2010-03-22,MMSI,MERIT MEDICAL SYSTEMS INC,3840.0,260.0
58988910,15.38,15.34,2010-03-23,MMSI,MERIT MEDICAL SYSTEMS INC,3840.0,260.0
58988910,15.14,15.25,2010-03-24,MMSI,MERIT MEDICAL SYSTEMS INC,3840.0,260.0
58988910,14.83,15.17,2010-03-25,MMSI,MERIT MEDICAL SYSTEMS INC,3840.0,260.0
58988910,15.0,14.9,2010-03-26,MMSI,MERIT MEDICAL SYSTEMS INC,3840.0,260.0
58988910,15.35,15.07,2010-03-29,MMSI,MERIT MEDICAL SYSTEMS INC,3840.0,260.0
58988910,15.55,15.3,2010-03-30,MMSI,MERIT MEDICAL SYSTEMS INC,3840.0,260.0
58988910,15.25,15.47,2010-03-31,MMSI,MERIT MEDICAL SYSTEMS INC,3840.0,260.0
58988910,15.43,15.26,2010-04-01,MMSI,MERIT MEDICAL SYSTEMS INC,3840.0,260.0
58988910,15.63,15.51,2010-04-05,MMSI,MERIT MEDICAL SYSTEMS INC,3840.0,260.0
58988910,15.63,15.55,2010-04-06,MMSI,MERIT MEDICAL SYSTEMS INC,3840.0,260.0
58988910,15.67,15.71,2010-04-07,MMSI,MERIT MEDICAL SYSTEMS INC,3840.0,260.0
58988910,15.65,15.59,2010-04-08,MMSI,MERIT MEDICAL SYSTEMS INC,3840.0,260.0
58988910,15.41,15.66,2010-04-09,MMSI,MERIT MEDICAL SYSTEMS INC,3840.0,260.0
58988910,15.55,15.37,2010-04-12,MMSI,MERIT MEDICAL SYSTEMS INC,3840.0,260.0
58988910,15.65,15.48,2010-04-13,MMSI,MERIT MEDICAL SYSTEMS INC,3840.0,260.0
58988910,16.01,15.74,2010-04-14,MMSI,MERIT MEDICAL SYSTEMS INC,3840.0,260.0
58988910,16.05,15.95,2010-04-15,MMSI,MERIT MEDICAL SYSTEMS INC,3840.0,260.0
58988910,16.0,16.06,2010-04-16,MMSI,MERIT MEDICAL SYSTEMS INC,3840.0,260.0
58988910,16.07,15.93,2010-04-19,MMSI,MERIT MEDICAL SYSTEMS INC,3840.0,260.0
58988910,16.04,16.16,2010-04-20,MMSI,MERIT MEDICAL SYSTEMS INC,3840.0,260.0
58988910,16.13,16.01,2010-04-21,MMSI,MERIT MEDICAL SYSTEMS INC,3840.0,260.0
58988910,16.1,15.99,2010-04-22,MMSI,MERIT MEDICAL SYSTEMS INC,3840.0,260.0
58988910,16.13,16.06,2010-04-23,MMSI,MERIT MEDICAL SYSTEMS INC,3840.0,260.0
58988910,15.96,16.1,2010-04-26,MMSI,MERIT MEDICAL SYSTEMS INC,3840.0,260.0
58988910,15.7,15.87,2010-04-27,MMSI,MERIT MEDICAL SYSTEMS INC,3840.0,260.0
58988910,15.56,15.82,2010-04-28,MMSI,MERIT MEDICAL SYSTEMS INC,3840.0,260.0
58988910,16.15,15.69,2010-04-29,MMSI,MERIT MEDICAL SYSTEMS INC,3840.0,260.0
58988910,16.17,16.01,2010-04-30,MMSI,MERIT MEDICAL SYSTEMS INC,3840.0,260.0
58988910,15.84,16.25,2010-05-03,MMSI,MERIT MEDICAL SYSTEMS INC,3840.0,260.0
58988910,15.75,15.74,2010-05-04,MMSI,MERIT MEDICAL SYSTEMS INC,3840.0,260.0
58988910,15.68,15.62,2010-05-05,MMSI,MERIT MEDICAL SYSTEMS INC,3840.0,260.0
58988910,15.29,15.68,2010-05-06,MMSI,MERIT MEDICAL SYSTEMS INC,3840.0,260.0
58988910,14.74,15.21,2010-05-07,MMSI,MERIT MEDICAL SYSTEMS INC,3840.0,260.0
58988910,15.13,15.49,2010-05-10,MMSI,MERIT MEDICAL SYSTEMS INC,3840.0,260.0
58988910,15.74,14.97,2010-05-11,MMSI,MERIT MEDICAL SYSTEMS INC,3840.0,260.0
58988910,15.99,15.77,2010-05-12,MMSI,MERIT MEDICAL SYSTEMS INC,3840.0,260.0
58988910,16.16,15.98,2010-05-13,MMSI,MERIT MEDICAL SYSTEMS INC,3840.0,260.0
58988910,15.84,15.67,2010-05-14,MMSI,MERIT MEDICAL SYSTEMS INC,3840.0,260.0
58988910,15.78,15.87,2010-05-17,MMSI,MERIT MEDICAL SYSTEMS INC,3840.0,260.0
58988910,16.05,15.96,2010-05-18,MMSI,MERIT MEDICAL SYSTEMS INC,3840.0,260.0
58988910,16.27,16.03,2010-05-19,MMSI,MERIT MEDICAL SYSTEMS INC,3840.0,260.0
58988910,15.73,15.92,2010-05-20,MMSI,MERIT MEDICAL SYSTEMS INC,3840.0,260.0
58988910,15.52,15.6,2010-05-21,MMSI,MERIT MEDICAL SYSTEMS INC,3840.0,260.0
58988910,15.25,15.49,2010-05-24,MMSI,MERIT MEDICAL SYSTEMS INC,3840.0,260.0
58988910,15.13,15.06,2010-05-25,MMSI,MERIT MEDICAL SYSTEMS INC,3840.0,260.0
58988910,15.08,15.18,2010-05-26,MMSI,MERIT MEDICAL SYSTEMS INC,3840.0,260.0
58988910,15.43,15.27,2010-05-27,MMSI,MERIT MEDICAL SYSTEMS INC,3840.0,260.0
58988910,15.29,15.36,2010-05-28,MMSI,MERIT MEDICAL SYSTEMS INC,3840.0,260.0
58988910,14.77,15.17,2010-06-01,MMSI,MERIT MEDICAL SYSTEMS INC,3840.0,260.0
58988910,15.17,14.77,2010-06-02,MMSI,MERIT MEDICAL SYSTEMS INC,3840.0,260.0
58988910,15.4,15.08,2010-06-03,MMSI,MERIT MEDICAL SYSTEMS INC,3840.0,260.0
58988910,14.96,15.16,2010-06-04,MMSI,MERIT MEDICAL SYSTEMS INC,3840.0,260.0
58988910,14.69,15.02,2010-06-07,MMSI,MERIT MEDICAL SYSTEMS INC,3840.0,260.0
58988910,14.42,14.75,2010-06-08,MMSI,MERIT MEDICAL SYSTEMS INC,3840.0,260.0
58988910,14.93,14.55,2010-06-09,MMSI,MERIT MEDICAL SYSTEMS INC,3840.0,260.0
58988910,15.5,15.12,2010-06-10,MMSI,MERIT MEDICAL SYSTEMS INC,3840.0,260.0
58988910,15.77,15.32,2010-06-11,MMSI,MERIT MEDICAL SYSTEMS INC,3840.0,260.0
58988910,16.155,15.86,2010-06-14,MMSI,MERIT MEDICAL SYSTEMS INC,3840.0,260.0
58988910,16.54,16.21,2010-06-15,MMSI,MERIT MEDICAL SYSTEMS INC,3840.0,260.0
58988910,16.44,16.4,2010-06-16,MMSI,MERIT MEDICAL SYSTEMS INC,3840.0,260.0
58988910,16.42,16.54,2010-06-17,MMSI,MERIT MEDICAL SYSTEMS INC,3840.0,260.0
58988910,16.87,16.54,2010-06-18,MMSI,MERIT MEDICAL SYSTEMS INC,3840.0,260.0
58988910,16.75,16.98,2010-06-21,MMSI,MERIT MEDICAL SYSTEMS INC,3840.0,260.0
58988910,16.46,16.78,2010-06-22,MMSI,MERIT MEDICAL SYSTEMS INC,3840.0,260.0
58988910,16.49,16.47,2010-06-23,MMSI,MERIT MEDICAL SYSTEMS INC,3840.0,260.0
58988910,16.26,16.37,2010-06-24,MMSI,MERIT MEDICAL SYSTEMS INC,3840.0,260.0
58988910,16.45,16.27,2010-06-25,MMSI,MERIT MEDICAL SYSTEMS INC,3840.0,260.0
58988910,16.42,16.36,2010-06-28,MMSI,MERIT MEDICAL SYSTEMS INC,3840.0,260.0
58988910,16.17,16.11,2010-06-29,MMSI,MERIT MEDICAL SYSTEMS INC,3840.0,260.0
58988910,16.07,16.15,2010-06-30,MMSI,MERIT MEDICAL SYSTEMS INC,3840.0,260.0
58988910,16.06,16.04,2010-07-01,MMSI,MERIT MEDICAL SYSTEMS INC,3840.0,260.0
58988910,16.53,16.17,2010-07-02,MMSI,MERIT MEDICAL SYSTEMS INC,3840.0,260.0
58988910,16.03,16.7,2010-07-06,MMSI,MERIT MEDICAL SYSTEMS INC,3840.0,260.0
58988910,16.09,16.09,2010-07-07,MMSI,MERIT MEDICAL SYSTEMS INC,3840.0,260.0
58988910,16.44,16.24,2010-07-08,MMSI,MERIT MEDICAL SYSTEMS INC,3840.0,260.0
58988910,16.54,16.45,2010-07-09,MMSI,MERIT MEDICAL SYSTEMS INC,3840.0,260.0
58988910,16.42,16.5,2010-07-12,MMSI,MERIT MEDICAL SYSTEMS INC,3840.0,260.0
58988910,16.69,16.6,2010-07-13,MMSI,MERIT MEDICAL SYSTEMS INC,3840.0,260.0
58988910,16.53,16.57,2010-07-14,MMSI,MERIT MEDICAL SYSTEMS INC,3840.0,260.0
58988910,16.78,16.5,2010-07-15,MMSI,MERIT MEDICAL SYSTEMS INC,3840.0,260.0
58988910,16.06,16.66,2010-07-16,MMSI,MERIT MEDICAL SYSTEMS INC,3840.0,260.0
58988910,16.08,15.97,2010-07-19,MMSI,MERIT MEDICAL SYSTEMS INC,3840.0,260.0
58988910,15.92,15.92,2010-07-20,MMSI,MERIT MEDICAL SYSTEMS INC,3840.0,260.0
58988910,15.73,16.02,2010-07-21,MMSI,MERIT MEDICAL SYSTEMS INC,3840.0,260.0
58988910,16.06,15.91,2010-07-22,MMSI,MERIT MEDICAL SYSTEMS INC,3840.0,260.0
58988910,15.95,15.97,2010-07-23,MMSI,MERIT MEDICAL SYSTEMS INC,3840.0,260.0
58988910,17.06,16.03,2010-07-26,MMSI,MERIT MEDICAL SYSTEMS INC,3840.0,260.0
58988910,16.99,17.15,2010-07-27,MMSI,MERIT MEDICAL SYSTEMS INC,3840.0,260.0
58988910,16.74,16.89,2010-07-28,MMSI,MERIT MEDICAL SYSTEMS INC,3840.0,260.0
58988910,16.95,16.83,2010-07-29,MMSI,MERIT MEDICAL SYSTEMS INC,3840.0,260.0
58988910,16.92,16.75,2010-07-30,MMSI,MERIT MEDICAL SYSTEMS INC,3840.0,260.0
58988910,17.16,17.14,2010-08-02,MMSI,MERIT MEDICAL SYSTEMS INC,3840.0,260.0
58988910,17.08,17.17,2010-08-03,MMSI,MERIT MEDICAL SYSTEMS INC,3840.0,260.0
58988910,17.27,17.13,2010-08-04,MMSI,MERIT MEDICAL SYSTEMS INC,3840.0,260.0
58988910,17.19,17.15,2010-08-05,MMSI,MERIT MEDICAL SYSTEMS INC,3840.0,260.0
58988910,16.91,16.99,2010-08-06,MMSI,MERIT MEDICAL SYSTEMS INC,3840.0,260.0
58988910,17.19,17.04,2010-08-09,MMSI,MERIT MEDICAL SYSTEMS INC,3840.0,260.0
58988910,16.84,17.02,2010-08-10,MMSI,MERIT MEDICAL SYSTEMS INC,3840.0,260.0
58988910,16.3,16.59,2010-08-11,MMSI,MERIT MEDICAL SYSTEMS INC,3840.0,260.0
58988910,16.15,16.08,2010-08-12,MMSI,MERIT MEDICAL SYSTEMS INC,3840.0,260.0
58988910,15.88,16.07,2010-08-13,MMSI,MERIT MEDICAL SYSTEMS INC,3840.0,260.0
58988910,16.14,15.78,2010-08-16,MMSI,MERIT MEDICAL SYSTEMS INC,3840.0,260.0
58988910,16.53,16.29,2010-08-17,MMSI,MERIT MEDICAL SYSTEMS INC,3840.0,260.0
58988910,16.53,16.48,2010-08-18,MMSI,MERIT MEDICAL SYSTEMS INC,3840.0,260.0
58988910,16.01,16.44,2010-08-19,MMSI,MERIT MEDICAL SYSTEMS INC,3840.0,260.0
58988910,16.19,15.93,2010-08-20,MMSI,MERIT MEDICAL SYSTEMS INC,3840.0,260.0
58988910,15.89,16.22,2010-08-23,MMSI,MERIT MEDICAL SYSTEMS INC,3840.0,260.0
58988910,15.59,15.79,2010-08-24,MMSI,MERIT MEDICAL SYSTEMS INC,3840.0,260.0
58988910,15.6,15.51,2010-08-25,MMSI,MERIT MEDICAL SYSTEMS INC,3840.0,260.0
58988910,15.62,15.64,2010-08-26,MMSI,MERIT MEDICAL SYSTEMS INC,3840.0,260.0
58988910,16.19,15.78,2010-08-27,MMSI,MERIT MEDICAL SYSTEMS INC,3840.0,260.0
58988910,15.69,16.12,2010-08-30,MMSI,MERIT MEDICAL SYSTEMS INC,3840.0,260.0
58988910,15.78,15.69,2010-08-31,MMSI,MERIT MEDICAL SYSTEMS INC,3840.0,260.0
58988910,16.42,16.0,2010-09-01,MMSI,MERIT MEDICAL SYSTEMS INC,3840.0,260.0
58988910,16.37,16.32,2010-09-02,MMSI,MERIT MEDICAL SYSTEMS INC,3840.0,260.0
58988910,16.88,16.52,2010-09-03,MMSI,MERIT MEDICAL SYSTEMS INC,3840.0,260.0
58988910,16.64,16.87,2010-09-07,MMSI,MERIT MEDICAL SYSTEMS INC,3840.0,260.0
58988910,16.47,16.69,2010-09-08,MMSI,MERIT MEDICAL SYSTEMS INC,3840.0,260.0
58988910,16.55,16.66,2010-09-09,MMSI,MERIT MEDICAL SYSTEMS INC,3840.0,260.0
58988910,16.63,16.63,2010-09-10,MMSI,MERIT MEDICAL SYSTEMS INC,3840.0,260.0
58988910,17.08,16.78,2010-09-13,MMSI,MERIT MEDICAL SYSTEMS INC,3840.0,260.0
58988910,17.08,17.08,2010-09-14,MMSI,MERIT MEDICAL SYSTEMS INC,3840.0,260.0
58988910,16.98,17.08,2010-09-15,MMSI,MERIT MEDICAL SYSTEMS INC,3840.0,260.0
58988910,16.81,16.97,2010-09-16,MMSI,MERIT MEDICAL SYSTEMS INC,3840.0,260.0
58988910,16.97,16.99,2010-09-17,MMSI,MERIT MEDICAL SYSTEMS INC,3840.0,260.0
58988910,17.0,16.98,2010-09-20,MMSI,MERIT MEDICAL SYSTEMS INC,3840.0,260.0
58988910,16.94,16.98,2010-09-21,MMSI,MERIT MEDICAL SYSTEMS INC,3840.0,260.0
58988910,16.59,16.87,2010-09-22,MMSI,MERIT MEDICAL SYSTEMS INC,3840.0,260.0
58988910,15.97,16.53,2010-09-23,MMSI,MERIT MEDICAL SYSTEMS INC,3840.0,260.0
58988910,16.19,16.15,2010-09-24,MMSI,MERIT MEDICAL SYSTEMS INC,3840.0,260.0
58988910,15.98,16.24,2010-09-27,MMSI,MERIT MEDICAL SYSTEMS INC,3840.0,260.0
58988910,15.99,16.05,2010-09-28,MMSI,MERIT MEDICAL SYSTEMS INC,3840.0,260.0
58988910,15.99,15.91,2010-09-29,MMSI,MERIT MEDICAL SYSTEMS INC,3840.0,260.0
58988910,15.89,16.1,2010-09-30,MMSI,MERIT MEDICAL SYSTEMS INC,3840.0,260.0
58988910,15.86,16.04,2010-10-01,MMSI,MERIT MEDICAL SYSTEMS INC,3840.0,260.0
58988910,15.55,15.83,2010-10-04,MMSI,MERIT MEDICAL SYSTEMS INC,3840.0,260.0
58988910,15.95,15.71,2010-10-05,MMSI,MERIT MEDICAL SYSTEMS INC,3840.0,260.0
58988910,15.94,15.96,2010-10-06,MMSI,MERIT MEDICAL SYSTEMS INC,3840.0,260.0
58988910,15.94,16.06,2010-10-07,MMSI,MERIT MEDICAL SYSTEMS INC,3840.0,260.0
58988910,15.9,15.91,2010-10-08,MMSI,MERIT MEDICAL SYSTEMS INC,3840.0,260.0
58988910,15.77,15.89,2010-10-11,MMSI,MERIT MEDICAL SYSTEMS INC,3840.0,260.0
58988910,15.83,15.69,2010-10-12,MMSI,MERIT MEDICAL SYSTEMS INC,3840.0,260.0
58988910,16.14,15.86,2010-10-13,MMSI,MERIT MEDICAL SYSTEMS INC,3840.0,260.0
58988910,16.1,16.17,2010-10-14,MMSI,MERIT MEDICAL SYSTEMS INC,3840.0,260.0
58988910,15.99,16.26,2010-10-15,MMSI,MERIT MEDICAL SYSTEMS INC,3840.0,260.0
58988910,16.6,16.06,2010-10-18,MMSI,MERIT MEDICAL SYSTEMS INC,3840.0,260.0
58988910,16.39,16.35,2010-10-19,MMSI,MERIT MEDICAL SYSTEMS INC,3840.0,260.0
58988910,16.39,16.53,2010-10-20,MMSI,MERIT MEDICAL SYSTEMS INC,3840.0,260.0
58988910,16.36,16.49,2010-10-21,MMSI,MERIT MEDICAL SYSTEMS INC,3840.0,260.0
58988910,16.07,15.89,2010-10-22,MMSI,MERIT MEDICAL SYSTEMS INC,3840.0,260.0
58988910,15.89,16.1,2010-10-25,MMSI,MERIT MEDICAL SYSTEMS INC,3840.0,260.0
58988910,16.02,15.78,2010-10-26,MMSI,MERIT MEDICAL SYSTEMS INC,3840.0,260.0
58988910,16.0,15.91,2010-10-27,MMSI,MERIT MEDICAL SYSTEMS INC,3840.0,260.0
58988910,15.93,16.12,2010-10-28,MMSI,MERIT MEDICAL SYSTEMS INC,3840.0,260.0
58988910,15.81,15.86,2010-10-29,MMSI,MERIT MEDICAL SYSTEMS INC,3840.0,260.0
58988910,15.66,15.71,2010-11-01,MMSI,MERIT MEDICAL SYSTEMS INC,3840.0,260.0
58988910,15.9,15.85,2010-11-02,MMSI,MERIT MEDICAL SYSTEMS INC,3840.0,260.0
58988910,15.93,15.9,2010-11-03,MMSI,MERIT MEDICAL SYSTEMS INC,3840.0,260.0
58988910,16.09,16.07,2010-11-04,MMSI,MERIT MEDICAL SYSTEMS INC,3840.0,260.0
58988910,15.74,15.78,2010-11-05,MMSI,MERIT MEDICAL SYSTEMS INC,3840.0,260.0
58988910,15.37,15.7,2010-11-08,MMSI,MERIT MEDICAL SYSTEMS INC,3840.0,260.0
58988910,15.12,15.37,2010-11-09,MMSI,MERIT MEDICAL SYSTEMS INC,3840.0,260.0
58988910,15.45,15.22,2010-11-10,MMSI,MERIT MEDICAL SYSTEMS INC,3840.0,260.0
58988910,15.23,15.39,2010-11-11,MMSI,MERIT MEDICAL SYSTEMS INC,3840.0,260.0
58988910,15.42,15.1,2010-11-12,MMSI,MERIT MEDICAL SYSTEMS INC,3840.0,260.0
58988910,15.43,15.45,2010-11-15,MMSI,MERIT MEDICAL SYSTEMS INC,3840.0,260.0
58988910,15.08,15.32,2010-11-16,MMSI,MERIT MEDICAL SYSTEMS INC,3840.0,260.0
58988910,15.01,15.17,2010-11-17,MMSI,MERIT MEDICAL SYSTEMS INC,3840.0,260.0
58988910,15.19,15.16,2010-11-18,MMSI,MERIT MEDICAL SYSTEMS INC,3840.0,260.0
58988910,15.03,15.15,2010-11-19,MMSI,MERIT MEDICAL SYSTEMS INC,3840.0,260.0
58988910,15.05,14.99,2010-11-22,MMSI,MERIT MEDICAL SYSTEMS INC,3840.0,260.0
58988910,15.02,14.88,2010-11-23,MMSI,MERIT MEDICAL SYSTEMS INC,3840.0,260.0
58988910,15.2,15.18,2010-11-24,MMSI,MERIT MEDICAL SYSTEMS INC,3840.0,260.0
58988910,15.13,15.06,2010-11-26,MMSI,MERIT MEDICAL SYSTEMS INC,3840.0,260.0
58988910,14.95,15.01,2010-11-29,MMSI,MERIT MEDICAL SYSTEMS INC,3840.0,260.0
58988910,15.24,14.83,2010-11-30,MMSI,MERIT MEDICAL SYSTEMS INC,3840.0,260.0
58988910,15.17,15.5,2010-12-01,MMSI,MERIT MEDICAL SYSTEMS INC,3840.0,260.0
58988910,15.03,15.16,2010-12-02,MMSI,MERIT MEDICAL SYSTEMS INC,3840.0,260.0
58988910,15.33,14.89,2010-12-03,MMSI,MERIT MEDICAL SYSTEMS INC,3840.0,260.0
58988910,15.15,15.26,2010-12-06,MMSI,MERIT MEDICAL SYSTEMS INC,3840.0,260.0
58988910,15.0,15.22,2010-12-07,MMSI,MERIT MEDICAL SYSTEMS INC,3840.0,260.0
58988910,14.79,15.0,2010-12-08,MMSI,MERIT MEDICAL SYSTEMS INC,3840.0,260.0
58988910,15.0,14.89,2010-12-09,MMSI,MERIT MEDICAL SYSTEMS INC,3840.0,260.0
58988910,15.25,15.0,2010-12-10,MMSI,MERIT MEDICAL SYSTEMS INC,3840.0,260.0
58988910,15.13,15.26,2010-12-13,MMSI,MERIT MEDICAL SYSTEMS INC,3840.0,260.0
58988910,15.75,15.17,2010-12-14,MMSI,MERIT MEDICAL SYSTEMS INC,3840.0,260.0
58988910,15.84,15.75,2010-12-15,MMSI,MERIT MEDICAL SYSTEMS INC,3840.0,260.0
58988910,16.14,15.72,2010-12-16,MMSI,MERIT MEDICAL SYSTEMS INC,3840.0,260.0
58988910,16.17,16.1,2010-12-17,MMSI,MERIT MEDICAL SYSTEMS INC,3840.0,260.0
58988910,15.98,16.11,2010-12-20,MMSI,MERIT MEDICAL SYSTEMS INC,3840.0,260.0
58988910,16.15,16.02,2010-12-21,MMSI,MERIT MEDICAL SYSTEMS INC,3840.0,260.0
58988910,16.05,16.15,2010-12-22,MMSI,MERIT MEDICAL SYSTEMS INC,3840.0,260.0
58988910,15.935,15.89,2010-12-23,MMSI,MERIT MEDICAL SYSTEMS INC,3840.0,260.0
58988910,16.21,15.87,2010-12-27,MMSI,MERIT MEDICAL SYSTEMS INC,3840.0,260.0
58988910,16.1,16.23,2010-12-28,MMSI,MERIT MEDICAL SYSTEMS INC,3840.0,260.0
58988910,16.17,16.16,2010-12-29,MMSI,MERIT MEDICAL SYSTEMS INC,3840.0,260.0
58988910,15.97,16.11,2010-12-30,MMSI,MERIT MEDICAL SYSTEMS INC,3840.0,260.0
58988910,15.83,15.95,2010-12-31,MMSI,MERIT MEDICAL SYSTEMS INC,3840.0,260.0
58988910,15.98,15.88,2011-01-03,MMSI,MERIT MEDICAL SYSTEMS INC,3840.0,260.0
58988910,15.46,16.07,2011-01-04,MMSI,MERIT MEDICAL SYSTEMS INC,3840.0,260.0
58988910,15.52,15.47,2011-01-05,MMSI,MERIT MEDICAL SYSTEMS INC,3840.0,260.0
58988910,15.31,15.49,2011-01-06,MMSI,MERIT MEDICAL SYSTEMS INC,3840.0,260.0
58988910,15.37,15.37,2011-01-07,MMSI,MERIT MEDICAL SYSTEMS INC,3840.0,260.0
58988910,15.43,15.28,2011-01-10,MMSI,MERIT MEDICAL SYSTEMS INC,3840.0,260.0
58988910,15.31,15.52,2011-01-11,MMSI,MERIT MEDICAL SYSTEMS INC,3840.0,260.0
58988910,15.06,15.46,2011-01-12,MMSI,MERIT MEDICAL SYSTEMS INC,3840.0,260.0
58988910,14.95,15.0,2011-01-13,MMSI,MERIT MEDICAL SYSTEMS INC,3840.0,260.0
58988910,15.0,14.96,2011-01-14,MMSI,MERIT MEDICAL SYSTEMS INC,3840.0,260.0
58988910,14.77,14.92,2011-01-18,MMSI,MERIT MEDICAL SYSTEMS INC,3840.0,260.0
58988910,14.52,14.75,2011-01-19,MMSI,MERIT MEDICAL SYSTEMS INC,3840.0,260.0
58988910,14.77,14.53,2011-01-20,MMSI,MERIT MEDICAL SYSTEMS INC,3840.0,260.0
58988910,14.64,14.92,2011-01-21,MMSI,MERIT MEDICAL SYSTEMS INC,3840.0,260.0
58988910,14.47,14.68,2011-01-24,MMSI,MERIT MEDICAL SYSTEMS INC,3840.0,260.0
58988910,14.36,14.39,2011-01-25,MMSI,MERIT MEDICAL SYSTEMS INC,3840.0,260.0
58988910,14.47,14.59,2011-01-26,MMSI,MERIT MEDICAL SYSTEMS INC,3840.0,260.0
58988910,14.79,14.48,2011-01-27,MMSI,MERIT MEDICAL SYSTEMS INC,3840.0,260.0
58988910,14.6,14.8,2011-01-28,MMSI,MERIT MEDICAL SYSTEMS INC,3840.0,260.0
58988910,14.77,14.67,2011-01-31,MMSI,MERIT MEDICAL SYSTEMS INC,3840.0,260.0
58988910,14.95,14.87,2011-02-01,MMSI,MERIT MEDICAL SYSTEMS INC,3840.0,260.0
58988910,14.79,14.88,2011-02-02,MMSI,MERIT MEDICAL SYSTEMS INC,3840.0,260.0
58988910,14.56,14.73,2011-02-03,MMSI,MERIT MEDICAL SYSTEMS INC,3840.0,260.0
58988910,14.64,14.52,2011-02-04,MMSI,MERIT MEDICAL SYSTEMS INC,3840.0,260.0
58988910,14.93,14.63,2011-02-07,MMSI,MERIT MEDICAL SYSTEMS INC,3840.0,260.0
58988910,15.07,14.99,2011-02-08,MMSI,MERIT MEDICAL SYSTEMS INC,3840.0,260.0
58988910,15.44,15.53,2011-02-09,MMSI,MERIT MEDICAL SYSTEMS INC,3840.0,260.0
58988910,15.49,15.44,2011-02-10,MMSI,MERIT MEDICAL SYSTEMS INC,3840.0,260.0
58988910,15.65,15.44,2011-02-11,MMSI,MERIT MEDICAL SYSTEMS INC,3840.0,260.0
58988910,15.67,15.62,2011-02-14,MMSI,MERIT MEDICAL SYSTEMS INC,3840.0,260.0
58988910,15.38,15.56,2011-02-15,MMSI,MERIT MEDICAL SYSTEMS INC,3840.0,260.0
58988910,15.5,15.43,2011-02-16,MMSI,MERIT MEDICAL SYSTEMS INC,3840.0,260.0
58988910,15.44,15.49,2011-02-17,MMSI,MERIT MEDICAL SYSTEMS INC,3840.0,260.0
58988910,17.82,16.25,2011-02-18,MMSI,MERIT MEDICAL SYSTEMS INC,3840.0,260.0
58988910,17.4,17.78,2011-02-22,MMSI,MERIT MEDICAL SYSTEMS INC,3840.0,260.0
58988910,17.34,17.43,2011-02-23,MMSI,MERIT MEDICAL SYSTEMS INC,3840.0,260.0
58988910,16.9,17.39,2011-02-24,MMSI,MERIT MEDICAL SYSTEMS INC,3840.0,260.0
58988910,17.17,16.84,2011-02-25,MMSI,MERIT MEDICAL SYSTEMS INC,3840.0,260.0
58988910,17.08,17.27,2011-02-28,MMSI,MERIT MEDICAL SYSTEMS INC,3840.0,260.0
58988910,16.89,17.11,2011-03-01,MMSI,MERIT MEDICAL SYSTEMS INC,3840.0,260.0
58988910,16.98,16.85,2011-03-02,MMSI,MERIT MEDICAL SYSTEMS INC,3840.0,260.0
58988910,17.37,17.11,2011-03-03,MMSI,MERIT MEDICAL SYSTEMS INC,3840.0,260.0
58988910,17.32,17.46,2011-03-04,MMSI,MERIT MEDICAL SYSTEMS INC,3840.0,260.0
58988910,17.3,17.38,2011-03-07,MMSI,MERIT MEDICAL SYSTEMS INC,3840.0,260.0
58988910,17.78,17.28,2011-03-08,MMSI,MERIT MEDICAL SYSTEMS INC,3840.0,260.0
58988910,17.73,17.79,2011-03-09,MMSI,MERIT MEDICAL SYSTEMS INC,3840.0,260.0
58988910,17.54,17.66,2011-03-10,MMSI,MERIT MEDICAL SYSTEMS INC,3840.0,260.0
58988910,17.77,17.45,2011-03-11,MMSI,MERIT MEDICAL SYSTEMS INC,3840.0,260.0
58988910,17.92,17.55,2011-03-14,MMSI,MERIT MEDICAL SYSTEMS INC,3840.0,260.0
58988910,18.0,17.6,2011-03-15,MMSI,MERIT MEDICAL SYSTEMS INC,3840.0,260.0
58988910,18.18,17.92,2011-03-16,MMSI,MERIT MEDICAL SYSTEMS INC,3840.0,260.0
58988910,18.48,18.27,2011-03-17,MMSI,MERIT MEDICAL SYSTEMS INC,3840.0,260.0
58988910,18.8,18.57,2011-03-18,MMSI,MERIT MEDICAL SYSTEMS INC,3840.0,260.0
58988910,18.95,19.0,2011-03-21,MMSI,MERIT MEDICAL SYSTEMS INC,3840.0,260.0
58988910,19.08,18.95,2011-03-22,MMSI,MERIT MEDICAL SYSTEMS INC,3840.0,260.0
58988910,19.56,19.01,2011-03-23,MMSI,MERIT MEDICAL SYSTEMS INC,3840.0,260.0
58988910,19.7,19.65,2011-03-24,MMSI,MERIT MEDICAL SYSTEMS INC,3840.0,260.0
58988910,19.87,19.7,2011-03-25,MMSI,MERIT MEDICAL SYSTEMS INC,3840.0,260.0
58988910,19.84,19.94,2011-03-28,MMSI,MERIT MEDICAL SYSTEMS INC,3840.0,260.0
58988910,19.89,19.58,2011-03-29,MMSI,MERIT MEDICAL SYSTEMS INC,3840.0,260.0
58988910,19.68,19.9,2011-03-30,MMSI,MERIT MEDICAL SYSTEMS INC,3840.0,260.0
58988910,19.62,19.58,2011-03-31,MMSI,MERIT MEDICAL SYSTEMS INC,3840.0,260.0
58988910,20.09,19.68,2011-04-01,MMSI,MERIT MEDICAL SYSTEMS INC,3840.0,260.0
58988910,20.17,20.16,2011-04-04,MMSI,MERIT MEDICAL SYSTEMS INC,3840.0,260.0
58988910,20.28,20.05,2011-04-05,MMSI,MERIT MEDICAL SYSTEMS INC,3840.0,260.0
58988910,20.83,20.3,2011-04-06,MMSI,MERIT MEDICAL SYSTEMS INC,3840.0,260.0
58988910,21.09,20.87,2011-04-07,MMSI,MERIT MEDICAL SYSTEMS INC,3840.0,260.0
58988910,20.11,21.19,2011-04-08,MMSI,MERIT MEDICAL SYSTEMS INC,3840.0,260.0
58988910,20.35,20.07,2011-04-11,MMSI,MERIT MEDICAL SYSTEMS INC,3840.0,260.0
58988910,20.47,20.3,2011-04-12,MMSI,MERIT MEDICAL SYSTEMS INC,3840.0,260.0
58988910,21.34,20.65,2011-04-13,MMSI,MERIT MEDICAL SYSTEMS INC,3840.0,260.0
58988910,21.81,21.18,2011-04-14,MMSI,MERIT MEDICAL SYSTEMS INC,3840.0,260.0
58988910,22.6,21.58,2011-04-15,MMSI,MERIT MEDICAL SYSTEMS INC,3840.0,260.0
58988910,22.64,22.59,2011-04-18,MMSI,MERIT MEDICAL SYSTEMS INC,3840.0,260.0
58988910,22.23,22.47,2011-04-19,MMSI,MERIT MEDICAL SYSTEMS INC,3840.0,260.0
58988910,23.43,22.31,2011-04-20,MMSI,MERIT MEDICAL SYSTEMS INC,3840.0,260.0
58988910,23.51,23.58,2011-04-21,MMSI,MERIT MEDICAL SYSTEMS INC,3840.0,260.0
58988910,24.05,23.63,2011-04-25,MMSI,MERIT MEDICAL SYSTEMS INC,3840.0,260.0
58988910,23.77,24.06,2011-04-26,MMSI,MERIT MEDICAL SYSTEMS INC,3840.0,260.0
58988910,23.81,23.8,2011-04-27,MMSI,MERIT MEDICAL SYSTEMS INC,3840.0,260.0
58988910,23.56,23.8,2011-04-28,MMSI,MERIT MEDICAL SYSTEMS INC,3840.0,260.0
58988910,23.32,23.66,2011-04-29,MMSI,MERIT MEDICAL SYSTEMS INC,3840.0,260.0
58988910,23.5,23.38,2011-05-02,MMSI,MERIT MEDICAL SYSTEMS INC,3840.0,260.0
58988910,23.32,23.43,2011-05-03,MMSI,MERIT MEDICAL SYSTEMS INC,3840.0,260.0
58988910,23.14,23.31,2011-05-04,MMSI,MERIT MEDICAL SYSTEMS INC,3840.0,260.0
58988910,23.14,22.98,2011-05-05,MMSI,MERIT MEDICAL SYSTEMS INC,3840.0,260.0
58988910,18.72,18.64,2011-05-06,MMSI,MERIT MEDICAL SYSTEMS INC,3840.0,260.0
58988910,19.17,18.64,2011-05-09,MMSI,MERIT MEDICAL SYSTEMS INC,3840.0,260.0
58988910,19.45,19.34,2011-05-10,MMSI,MERIT MEDICAL SYSTEMS INC,3840.0,260.0
58988910,18.86,19.45,2011-05-11,MMSI,MERIT MEDICAL SYSTEMS INC,3840.0,260.0
58988910,18.85,18.84,2011-05-12,MMSI,MERIT MEDICAL SYSTEMS INC,3840.0,260.0
58988910,19.04,18.95,2011-05-13,MMSI,MERIT MEDICAL SYSTEMS INC,3840.0,260.0
58988910,18.91,18.89,2011-05-16,MMSI,MERIT MEDICAL SYSTEMS INC,3840.0,260.0
58988910,18.25,18.88,2011-05-17,MMSI,MERIT MEDICAL SYSTEMS INC,3840.0,260.0
58988910,18.57,18.32,2011-05-18,MMSI,MERIT MEDICAL SYSTEMS INC,3840.0,260.0
58988910,18.63,18.72,2011-05-19,MMSI,MERIT MEDICAL SYSTEMS INC,3840.0,260.0
58988910,18.24,18.51,2011-05-20,MMSI,MERIT MEDICAL SYSTEMS INC,3840.0,260.0
58988910,17.63,17.92,2011-05-23,MMSI,MERIT MEDICAL SYSTEMS INC,3840.0,260.0
58988910,17.61,17.62,2011-05-24,MMSI,MERIT MEDICAL SYSTEMS INC,3840.0,260.0
58988910,18.36,17.49,2011-05-25,MMSI,MERIT MEDICAL SYSTEMS INC,3840.0,260.0
58988910,18.68,18.3,2011-05-26,MMSI,MERIT MEDICAL SYSTEMS INC,3840.0,260.0
58988910,19.0,18.6,2011-05-27,MMSI,MERIT MEDICAL SYSTEMS INC,3840.0,260.0
58988910,19.62,19.09,2011-05-31,MMSI,MERIT MEDICAL SYSTEMS INC,3840.0,260.0
58988910,19.43,19.57,2011-06-01,MMSI,MERIT MEDICAL SYSTEMS INC,3840.0,260.0
58988910,18.99,19.42,2011-06-02,MMSI,MERIT MEDICAL SYSTEMS INC,3840.0,260.0
58988910,18.72,18.74,2011-06-03,MMSI,MERIT MEDICAL SYSTEMS INC,3840.0,260.0
58988910,18.59,18.73,2011-06-06,MMSI,MERIT MEDICAL SYSTEMS INC,3840.0,260.0
58988910,18.89,18.66,2011-06-07,MMSI,MERIT MEDICAL SYSTEMS INC,3840.0,260.0
58988910,18.9,18.8,2011-06-08,MMSI,MERIT MEDICAL SYSTEMS INC,3840.0,260.0
58988910,18.5,19.0,2011-06-09,MMSI,MERIT MEDICAL SYSTEMS INC,3840.0,260.0
58988910,18.67,18.48,2011-06-10,MMSI,MERIT MEDICAL SYSTEMS INC,3840.0,260.0
58988910,18.8,18.75,2011-06-13,MMSI,MERIT MEDICAL SYSTEMS INC,3840.0,260.0
58988910,18.44,18.91,2011-06-14,MMSI,MERIT MEDICAL SYSTEMS INC,3840.0,260.0
58988910,18.06,18.27,2011-06-15,MMSI,MERIT MEDICAL SYSTEMS INC,3840.0,260.0
58988910,18.57,18.05,2011-06-16,MMSI,MERIT MEDICAL SYSTEMS INC,3840.0,260.0
58988910,18.0,17.45,2011-06-17,MMSI,MERIT MEDICAL SYSTEMS INC,3840.0,260.0
58988910,17.97,17.89,2011-06-20,MMSI,MERIT MEDICAL SYSTEMS INC,3840.0,260.0
58988910,18.05,18.09,2011-06-21,MMSI,MERIT MEDICAL SYSTEMS INC,3840.0,260.0
58988910,17.82,18.0,2011-06-22,MMSI,MERIT MEDICAL SYSTEMS INC,3840.0,260.0
58988910,17.72,17.6,2011-06-23,MMSI,MERIT MEDICAL SYSTEMS INC,3840.0,260.0
58988910,17.49,17.76,2011-06-24,MMSI,MERIT MEDICAL SYSTEMS INC,3840.0,260.0
58988910,17.72,17.45,2011-06-27,MMSI,MERIT MEDICAL SYSTEMS INC,3840.0,260.0
58988910,18.04,17.81,2011-06-28,MMSI,MERIT MEDICAL SYSTEMS INC,3840.0,260.0
58988910,17.84,18.02,2011-06-29,MMSI,MERIT MEDICAL SYSTEMS INC,3840.0,260.0
58988910,17.97,17.91,2011-06-30,MMSI,MERIT MEDICAL SYSTEMS INC,3840.0,260.0
58988910,18.05,17.89,2011-07-01,MMSI,MERIT MEDICAL SYSTEMS INC,3840.0,260.0
58988910,18.66,18.04,2011-07-05,MMSI,MERIT MEDICAL SYSTEMS INC,3840.0,260.0
58988910,19.15,18.58,2011-07-06,MMSI,MERIT MEDICAL SYSTEMS INC,3840.0,260.0
58988910,18.73,19.1,2011-07-07,MMSI,MERIT MEDICAL SYSTEMS INC,3840.0,260.0
58988910,18.4,18.42,2011-07-08,MMSI,MERIT MEDICAL SYSTEMS INC,3840.0,260.0
58988910,18.07,18.18,2011-07-11,MMSI,MERIT MEDICAL SYSTEMS INC,3840.0,260.0
58988910,18.04,18.01,2011-07-12,MMSI,MERIT MEDICAL SYSTEMS INC,3840.0,260.0
58988910,18.05,18.14,2011-07-13,MMSI,MERIT MEDICAL SYSTEMS INC,3840.0,260.0
58988910,17.89,18.12,2011-07-14,MMSI,MERIT MEDICAL SYSTEMS INC,3840.0,260.0
58988910,17.86,17.93,2011-07-15,MMSI,MERIT MEDICAL SYSTEMS INC,3840.0,260.0
58988910,17.64,17.75,2011-07-18,MMSI,MERIT MEDICAL SYSTEMS INC,3840.0,260.0
58988910,18.0,17.8,2011-07-19,MMSI,MERIT MEDICAL SYSTEMS INC,3840.0,260.0
58988910,17.67,17.96,2011-07-20,MMSI,MERIT MEDICAL SYSTEMS INC,3840.0,260.0
58988910,18.33,17.69,2011-07-21,MMSI,MERIT MEDICAL SYSTEMS INC,3840.0,260.0
58988910,17.12,18.21,2011-07-22,MMSI,MERIT MEDICAL SYSTEMS INC,3840.0,260.0
58988910,16.22,16.89,2011-07-25,MMSI,MERIT MEDICAL SYSTEMS INC,3840.0,260.0
58988910,15.93,16.27,2011-07-26,MMSI,MERIT MEDICAL SYSTEMS INC,3840.0,260.0
58988910,15.4,15.87,2011-07-27,MMSI,MERIT MEDICAL SYSTEMS INC,3840.0,260.0
58988910,15.14,15.47,2011-07-28,MMSI,MERIT MEDICAL SYSTEMS INC,3840.0,260.0
58988910,15.67,15.08,2011-07-29,MMSI,MERIT MEDICAL SYSTEMS INC,3840.0,260.0
58988910,15.38,15.89,2011-08-01,MMSI,MERIT MEDICAL SYSTEMS INC,3840.0,260.0
58988910,14.88,15.35,2011-08-02,MMSI,MERIT MEDICAL SYSTEMS INC,3840.0,260.0
58988910,15.11,14.96,2011-08-03,MMSI,MERIT MEDICAL SYSTEMS INC,3840.0,260.0
58988910,14.54,14.95,2011-08-04,MMSI,MERIT MEDICAL SYSTEMS INC,3840.0,260.0
58988910,14.24,14.67,2011-08-05,MMSI,MERIT MEDICAL SYSTEMS INC,3840.0,260.0
58988910,12.74,13.82,2011-08-08,MMSI,MERIT MEDICAL SYSTEMS INC,3840.0,260.0
58988910,14.47,13.01,2011-08-09,MMSI,MERIT MEDICAL SYSTEMS INC,3840.0,260.0
58988910,13.29,14.77,2011-08-10,MMSI,MERIT MEDICAL SYSTEMS INC,3840.0,260.0
58988910,13.75,13.4,2011-08-11,MMSI,MERIT MEDICAL SYSTEMS INC,3840.0,260.0
58988910,13.64,13.86,2011-08-12,MMSI,MERIT MEDICAL SYSTEMS INC,3840.0,260.0
58988910,14.09,13.8,2011-08-15,MMSI,MERIT MEDICAL SYSTEMS INC,3840.0,260.0
58988910,13.88,13.94,2011-08-16,MMSI,MERIT MEDICAL SYSTEMS INC,3840.0,260.0
58988910,13.82,13.98,2011-08-17,MMSI,MERIT MEDICAL SYSTEMS INC,3840.0,260.0
58988910,13.15,13.43,2011-08-18,MMSI,MERIT MEDICAL SYSTEMS INC,3840.0,260.0
58988910,12.84,12.94,2011-08-19,MMSI,MERIT MEDICAL SYSTEMS INC,3840.0,260.0
58988910,12.95,13.2,2011-08-22,MMSI,MERIT MEDICAL SYSTEMS INC,3840.0,260.0
58988910,13.47,12.94,2011-08-23,MMSI,MERIT MEDICAL SYSTEMS INC,3840.0,260.0
58988910,13.55,13.42,2011-08-24,MMSI,MERIT MEDICAL SYSTEMS INC,3840.0,260.0
58988910,13.82,13.62,2011-08-25,MMSI,MERIT MEDICAL SYSTEMS INC,3840.0,260.0
58988910,14.24,13.84,2011-08-26,MMSI,MERIT MEDICAL SYSTEMS INC,3840.0,260.0
58988910,14.48,14.39,2011-08-29,MMSI,MERIT MEDICAL SYSTEMS INC,3840.0,260.0
58988910,14.61,14.36,2011-08-30,MMSI,MERIT MEDICAL SYSTEMS INC,3840.0,260.0
58988910,14.55,14.6,2011-08-31,MMSI,MERIT MEDICAL SYSTEMS INC,3840.0,260.0
58988910,14.45,14.53,2011-09-01,MMSI,MERIT MEDICAL SYSTEMS INC,3840.0,260.0
58988910,14.08,14.13,2011-09-02,MMSI,MERIT MEDICAL SYSTEMS INC,3840.0,260.0
58988910,13.64,13.64,2011-09-06,MMSI,MERIT MEDICAL SYSTEMS INC,3840.0,260.0
58988910,14.16,13.83,2011-09-07,MMSI,MERIT MEDICAL SYSTEMS INC,3840.0,260.0
58988910,13.63,14.05,2011-09-08,MMSI,MERIT MEDICAL SYSTEMS INC,3840.0,260.0
58988910,13.11,13.47,2011-09-09,MMSI,MERIT MEDICAL SYSTEMS INC,3840.0,260.0
58988910,13.18,12.9,2011-09-12,MMSI,MERIT MEDICAL SYSTEMS INC,3840.0,260.0
58988910,13.45,13.23,2011-09-13,MMSI,MERIT MEDICAL SYSTEMS INC,3840.0,260.0
58988910,13.61,13.56,2011-09-14,MMSI,MERIT MEDICAL SYSTEMS INC,3840.0,260.0
58988910,14.05,13.75,2011-09-15,MMSI,MERIT MEDICAL SYSTEMS INC,3840.0,260.0
58988910,14.61,14.15,2011-09-16,MMSI,MERIT MEDICAL SYSTEMS INC,3840.0,260.0
58988910,14.41,14.32,2011-09-19,MMSI,MERIT MEDICAL SYSTEMS INC,3840.0,260.0
58988910,14.09,14.46,2011-09-20,MMSI,MERIT MEDICAL SYSTEMS INC,3840.0,260.0
58988910,13.78,14.1,2011-09-21,MMSI,MERIT MEDICAL SYSTEMS INC,3840.0,260.0
58988910,13.55,13.35,2011-09-22,MMSI,MERIT MEDICAL SYSTEMS INC,3840.0,260.0
58988910,13.44,13.54,2011-09-23,MMSI,MERIT MEDICAL SYSTEMS INC,3840.0,260.0
58988910,13.76,13.54,2011-09-26,MMSI,MERIT MEDICAL SYSTEMS INC,3840.0,260.0
58988910,14.21,14.0,2011-09-27,MMSI,MERIT MEDICAL SYSTEMS INC,3840.0,260.0
58988910,13.74,14.22,2011-09-28,MMSI,MERIT MEDICAL SYSTEMS INC,3840.0,260.0
58988910,13.59,14.09,2011-09-29,MMSI,MERIT MEDICAL SYSTEMS INC,3840.0,260.0
58988910,13.14,13.37,2011-09-30,MMSI,MERIT MEDICAL SYSTEMS INC,3840.0,260.0
58988910,12.35,12.99,2011-10-03,MMSI,MERIT MEDICAL SYSTEMS INC,3840.0,260.0
58988910,13.13,12.32,2011-10-04,MMSI,MERIT MEDICAL SYSTEMS INC,3840.0,260.0
58988910,13.06,13.15,2011-10-05,MMSI,MERIT MEDICAL SYSTEMS INC,3840.0,260.0
58988910,13.28,13.07,2011-10-06,MMSI,MERIT MEDICAL SYSTEMS INC,3840.0,260.0
58988910,12.73,13.27,2011-10-07,MMSI,MERIT MEDICAL SYSTEMS INC,3840.0,260.0
58988910,13.0,12.99,2011-10-10,MMSI,MERIT MEDICAL SYSTEMS INC,3840.0,260.0
58988910,12.88,12.91,2011-10-11,MMSI,MERIT MEDICAL SYSTEMS INC,3840.0,260.0
58988910,13.01,13.02,2011-10-12,MMSI,MERIT MEDICAL SYSTEMS INC,3840.0,260.0
58988910,12.9,12.88,2011-10-13,MMSI,MERIT MEDICAL SYSTEMS INC,3840.0,260.0
58988910,12.95,13.0,2011-10-14,MMSI,MERIT MEDICAL SYSTEMS INC,3840.0,260.0
58988910,12.61,12.84,2011-10-17,MMSI,MERIT MEDICAL SYSTEMS INC,3840.0,260.0
58988910,12.93,12.63,2011-10-18,MMSI,MERIT MEDICAL SYSTEMS INC,3840.0,260.0
58988910,13.09,12.95,2011-10-19,MMSI,MERIT MEDICAL SYSTEMS INC,3840.0,260.0
58988910,12.84,13.09,2011-10-20,MMSI,MERIT MEDICAL SYSTEMS INC,3840.0,260.0
58988910,13.28,13.08,2011-10-21,MMSI,MERIT MEDICAL SYSTEMS INC,3840.0,260.0
58988910,13.43,13.32,2011-10-24,MMSI,MERIT MEDICAL SYSTEMS INC,3840.0,260.0
58988910,12.9,13.35,2011-10-25,MMSI,MERIT MEDICAL SYSTEMS INC,3840.0,260.0
58988910,13.44,12.82,2011-10-26,MMSI,MERIT MEDICAL SYSTEMS INC,3840.0,260.0
58988910,14.03,13.87,2011-10-27,MMSI,MERIT MEDICAL SYSTEMS INC,3840.0,260.0
58988910,13.62,14.0,2011-10-28,MMSI,MERIT MEDICAL SYSTEMS INC,3840.0,260.0
58988910,13.42,13.48,2011-10-31,MMSI,MERIT MEDICAL SYSTEMS INC,3840.0,260.0
58988910,12.92,12.97,2011-11-01,MMSI,MERIT MEDICAL SYSTEMS INC,3840.0,260.0
58988910,12.86,13.13,2011-11-02,MMSI,MERIT MEDICAL SYSTEMS INC,3840.0,260.0
58988910,13.38,13.03,2011-11-03,MMSI,MERIT MEDICAL SYSTEMS INC,3840.0,260.0
58988910,13.24,13.26,2011-11-04,MMSI,MERIT MEDICAL SYSTEMS INC,3840.0,260.0
58988910,13.46,13.15,2011-11-07,MMSI,MERIT MEDICAL SYSTEMS INC,3840.0,260.0
58988910,13.82,13.59,2011-11-08,MMSI,MERIT MEDICAL SYSTEMS INC,3840.0,260.0
58988910,13.31,13.48,2011-11-09,MMSI,MERIT MEDICAL SYSTEMS INC,3840.0,260.0
58988910,13.17,13.52,2011-11-10,MMSI,MERIT MEDICAL SYSTEMS INC,3840.0,260.0
58988910,13.47,13.33,2011-11-11,MMSI,MERIT MEDICAL SYSTEMS INC,3840.0,260.0
58988910,13.11,13.43,2011-11-14,MMSI,MERIT MEDICAL SYSTEMS INC,3840.0,260.0
58988910,13.51,13.0,2011-11-15,MMSI,MERIT MEDICAL SYSTEMS INC,3840.0,260.0
58988910,13.5,13.4,2011-11-16,MMSI,MERIT MEDICAL SYSTEMS INC,3840.0,260.0
58988910,13.53,13.51,2011-11-17,MMSI,MERIT MEDICAL SYSTEMS INC,3840.0,260.0
58988910,13.44,13.54,2011-11-18,MMSI,MERIT MEDICAL SYSTEMS INC,3840.0,260.0
58988910,13.16,13.22,2011-11-21,MMSI,MERIT MEDICAL SYSTEMS INC,3840.0,260.0
58988910,13.22,13.18,2011-11-22,MMSI,MERIT MEDICAL SYSTEMS INC,3840.0,260.0
58988910,12.85,13.11,2011-11-23,MMSI,MERIT MEDICAL SYSTEMS INC,3840.0,260.0
58988910,12.64,12.8,2011-11-25,MMSI,MERIT MEDICAL SYSTEMS INC,3840.0,260.0
58988910,13.32,13.04,2011-11-28,MMSI,MERIT MEDICAL SYSTEMS INC,3840.0,260.0
58988910,13.1,13.34,2011-11-29,MMSI,MERIT MEDICAL SYSTEMS INC,3840.0,260.0
58988910,13.89,13.55,2011-11-30,MMSI,MERIT MEDICAL SYSTEMS INC,3840.0,260.0
58988910,13.67,13.82,2011-12-01,MMSI,MERIT MEDICAL SYSTEMS INC,3840.0,260.0
58988910,13.14,13.82,2011-12-02,MMSI,MERIT MEDICAL SYSTEMS INC,3840.0,260.0
58988910,12.97,13.35,2011-12-05,MMSI,MERIT MEDICAL SYSTEMS INC,3840.0,260.0
58988910,13.06,12.96,2011-12-06,MMSI,MERIT MEDICAL SYSTEMS INC,3840.0,260.0
58988910,13.15,12.99,2011-12-07,MMSI,MERIT MEDICAL SYSTEMS INC,3840.0,260.0
58988910,12.88,12.98,2011-12-08,MMSI,MERIT MEDICAL SYSTEMS INC,3840.0,260.0
58988910,13.46,12.95,2011-12-09,MMSI,MERIT MEDICAL SYSTEMS INC,3840.0,260.0
58988910,13.39,13.32,2011-12-12,MMSI,MERIT MEDICAL SYSTEMS INC,3840.0,260.0
58988910,13.39,13.5,2011-12-13,MMSI,MERIT MEDICAL SYSTEMS INC,3840.0,260.0
58988910,13.48,13.29,2011-12-14,MMSI,MERIT MEDICAL SYSTEMS INC,3840.0,260.0
58988910,13.68,13.68,2011-12-15,MMSI,MERIT MEDICAL SYSTEMS INC,3840.0,260.0
58988910,13.63,13.79,2011-12-16,MMSI,MERIT MEDICAL SYSTEMS INC,3840.0,260.0
58988910,13.24,13.69,2011-12-19,MMSI,MERIT MEDICAL SYSTEMS INC,3840.0,260.0
58988910,13.68,13.48,2011-12-20,MMSI,MERIT MEDICAL SYSTEMS INC,3840.0,260.0
58988910,13.72,13.62,2011-12-21,MMSI,MERIT MEDICAL SYSTEMS INC,3840.0,260.0
58988910,13.76,13.75,2011-12-22,MMSI,MERIT MEDICAL SYSTEMS INC,3840.0,260.0
58988910,13.76,13.75,2011-12-23,MMSI,MERIT MEDICAL SYSTEMS INC,3840.0,260.0
58988910,13.84,13.68,2011-12-27,MMSI,MERIT MEDICAL SYSTEMS INC,3840.0,260.0
58988910,13.44,13.79,2011-12-28,MMSI,MERIT MEDICAL SYSTEMS INC,3840.0,260.0
58988910,13.56,13.49,2011-12-29,MMSI,MERIT MEDICAL SYSTEMS INC,3840.0,260.0
58988910,13.38,13.52,2011-12-30,MMSI,MERIT MEDICAL SYSTEMS INC,3840.0,260.0
58988910,13.61,13.63,2012-01-03,MMSI,MERIT MEDICAL SYSTEMS INC,3840.0,260.0
58988910,13.44,13.5,2012-01-04,MMSI,MERIT MEDICAL SYSTEMS INC,3840.0,260.0
58988910,13.35,13.33,2012-01-05,MMSI,MERIT MEDICAL SYSTEMS INC,3840.0,260.0
58988910,13.06,13.32,2012-01-06,MMSI,MERIT MEDICAL SYSTEMS INC,3840.0,260.0
58988910,12.79,13.1,2012-01-09,MMSI,MERIT MEDICAL SYSTEMS INC,3840.0,260.0
58988910,12.56,12.85,2012-01-10,MMSI,MERIT MEDICAL SYSTEMS INC,3840.0,260.0
58988910,12.54,12.51,2012-01-11,MMSI,MERIT MEDICAL SYSTEMS INC,3840.0,260.0
58988910,12.87,12.6,2012-01-12,MMSI,MERIT MEDICAL SYSTEMS INC,3840.0,260.0
58988910,13.03,12.71,2012-01-13,MMSI,MERIT MEDICAL SYSTEMS INC,3840.0,260.0
58988910,13.24,13.14,2012-01-17,MMSI,MERIT MEDICAL SYSTEMS INC,3840.0,260.0
58988910,13.42,13.21,2012-01-18,MMSI,MERIT MEDICAL SYSTEMS INC,3840.0,260.0
58988910,13.45,13.4,2012-01-19,MMSI,MERIT MEDICAL SYSTEMS INC,3840.0,260.0
58988910,13.58,13.4,2012-01-20,MMSI,MERIT MEDICAL SYSTEMS INC,3840.0,260.0
58988910,13.52,13.51,2012-01-23,MMSI,MERIT MEDICAL SYSTEMS INC,3840.0,260.0
58988910,13.64,13.48,2012-01-24,MMSI,MERIT MEDICAL SYSTEMS INC,3840.0,260.0
58988910,13.86,13.64,2012-01-25,MMSI,MERIT MEDICAL SYSTEMS INC,3840.0,260.0
58988910,13.82,13.92,2012-01-26,MMSI,MERIT MEDICAL SYSTEMS INC,3840.0,260.0
58988910,14.05,13.75,2012-01-27,MMSI,MERIT MEDICAL SYSTEMS INC,3840.0,260.0
58988910,14.1,13.98,2012-01-30,MMSI,MERIT MEDICAL SYSTEMS INC,3840.0,260.0
58988910,14.11,14.16,2012-01-31,MMSI,MERIT MEDICAL SYSTEMS INC,3840.0,260.0
58988910,14.26,14.24,2012-02-01,MMSI,MERIT MEDICAL SYSTEMS INC,3840.0,260.0
58988910,14.14,14.34,2012-02-02,MMSI,MERIT MEDICAL SYSTEMS INC,3840.0,260.0
58988910,14.41,14.4,2012-02-03,MMSI,MERIT MEDICAL SYSTEMS INC,3840.0,260.0
58988910,14.38,14.35,2012-02-06,MMSI,MERIT MEDICAL SYSTEMS INC,3840.0,260.0
58988910,13.7,14.38,2012-02-07,MMSI,MERIT MEDICAL SYSTEMS INC,3840.0,260.0
58988910,13.68,13.76,2012-02-08,MMSI,MERIT MEDICAL SYSTEMS INC,3840.0,260.0
58988910,13.58,13.74,2012-02-09,MMSI,MERIT MEDICAL SYSTEMS INC,3840.0,260.0
58988910,13.38,13.41,2012-02-10,MMSI,MERIT MEDICAL SYSTEMS INC,3840.0,260.0
58988910,13.64,13.46,2012-02-13,MMSI,MERIT MEDICAL SYSTEMS INC,3840.0,260.0
58988910,13.52,13.58,2012-02-14,MMSI,MERIT MEDICAL SYSTEMS INC,3840.0,260.0
58988910,13.9,13.54,2012-02-15,MMSI,MERIT MEDICAL SYSTEMS INC,3840.0,260.0
58988910,13.91,13.86,2012-02-16,MMSI,MERIT MEDICAL SYSTEMS INC,3840.0,260.0
58988910,13.79,13.9,2012-02-17,MMSI,MERIT MEDICAL SYSTEMS INC,3840.0,260.0
58988910,13.65,13.81,2012-02-21,MMSI,MERIT MEDICAL SYSTEMS INC,3840.0,260.0
58988910,13.36,13.61,2012-02-22,MMSI,MERIT MEDICAL SYSTEMS INC,3840.0,260.0
58988910,13.35,13.39,2012-02-23,MMSI,MERIT MEDICAL SYSTEMS INC,3840.0,260.0
58988910,12.46,11.89,2012-02-24,MMSI,MERIT MEDICAL SYSTEMS INC,3840.0,260.0
58988910,12.54,12.41,2012-02-27,MMSI,MERIT MEDICAL SYSTEMS INC,3840.0,260.0
58988910,12.62,12.56,2012-02-28,MMSI,MERIT MEDICAL SYSTEMS INC,3840.0,260.0
58988910,12.56,12.66,2012-02-29,MMSI,MERIT MEDICAL SYSTEMS INC,3840.0,260.0
58988910,12.42,12.57,2012-03-01,MMSI,MERIT MEDICAL SYSTEMS INC,3840.0,260.0
58988910,12.47,12.55,2012-03-02,MMSI,MERIT MEDICAL SYSTEMS INC,3840.0,260.0
58988910,12.58,12.39,2012-03-05,MMSI,MERIT MEDICAL SYSTEMS INC,3840.0,260.0
58988910,12.22,12.41,2012-03-06,MMSI,MERIT MEDICAL SYSTEMS INC,3840.0,260.0
58988910,12.47,12.26,2012-03-07,MMSI,MERIT MEDICAL SYSTEMS INC,3840.0,260.0
58988910,12.57,12.57,2012-03-08,MMSI,MERIT MEDICAL SYSTEMS INC,3840.0,260.0
58988910,12.59,12.61,2012-03-09,MMSI,MERIT MEDICAL SYSTEMS INC,3840.0,260.0
58988910,12.32,12.61,2012-03-12,MMSI,MERIT MEDICAL SYSTEMS INC,3840.0,260.0
58988910,12.67,12.42,2012-03-13,MMSI,MERIT MEDICAL SYSTEMS INC,3840.0,260.0
58988910,12.36,12.62,2012-03-14,MMSI,MERIT MEDICAL SYSTEMS INC,3840.0,260.0
58988910,12.44,12.38,2012-03-15,MMSI,MERIT MEDICAL SYSTEMS INC,3840.0,260.0
58988910,12.43,12.46,2012-03-16,MMSI,MERIT MEDICAL SYSTEMS INC,3840.0,260.0
58988910,12.51,12.41,2012-03-19,MMSI,MERIT MEDICAL SYSTEMS INC,3840.0,260.0
58988910,12.34,12.47,2012-03-20,MMSI,MERIT MEDICAL SYSTEMS INC,3840.0,260.0
58988910,12.05,12.32,2012-03-21,MMSI,MERIT MEDICAL SYSTEMS INC,3840.0,260.0
58988910,12.02,11.98,2012-03-22,MMSI,MERIT MEDICAL SYSTEMS INC,3840.0,260.0
58988910,11.97,11.98,2012-03-23,MMSI,MERIT MEDICAL SYSTEMS INC,3840.0,260.0
58988910,12.29,12.08,2012-03-26,MMSI,MERIT MEDICAL SYSTEMS INC,3840.0,260.0
58988910,12.1,12.34,2012-03-27,MMSI,MERIT MEDICAL SYSTEMS INC,3840.0,260.0
58988910,12.41,12.13,2012-03-28,MMSI,MERIT MEDICAL SYSTEMS INC,3840.0,260.0
58988910,12.46,12.33,2012-03-29,MMSI,MERIT MEDICAL SYSTEMS INC,3840.0,260.0
58988910,12.42,12.56,2012-03-30,MMSI,MERIT MEDICAL SYSTEMS INC,3840.0,260.0
58988910,12.56,12.41,2012-04-02,MMSI,MERIT MEDICAL SYSTEMS INC,3840.0,260.0
58988910,12.23,12.5,2012-04-03,MMSI,MERIT MEDICAL SYSTEMS INC,3840.0,260.0
58988910,11.99,12.09,2012-04-04,MMSI,MERIT MEDICAL SYSTEMS INC,3840.0,260.0
58988910,12.02,11.86,2012-04-05,MMSI,MERIT MEDICAL SYSTEMS INC,3840.0,260.0
58988910,11.96,11.85,2012-04-09,MMSI,MERIT MEDICAL SYSTEMS INC,3840.0,260.0
58988910,11.61,11.95,2012-04-10,MMSI,MERIT MEDICAL SYSTEMS INC,3840.0,260.0
58988910,11.77,11.74,2012-04-11,MMSI,MERIT MEDICAL SYSTEMS INC,3840.0,260.0
58988910,11.61,11.73,2012-04-12,MMSI,MERIT MEDICAL SYSTEMS INC,3840.0,260.0
58988910,11.6,11.65,2012-04-13,MMSI,MERIT MEDICAL SYSTEMS INC,3840.0,260.0
58988910,11.95,12.02,2012-04-16,MMSI,MERIT MEDICAL SYSTEMS INC,3840.0,260.0
58988910,12.36,12.05,2012-04-17,MMSI,MERIT MEDICAL SYSTEMS INC,3840.0,260.0
58988910,12.3,12.33,2012-04-18,MMSI,MERIT MEDICAL SYSTEMS INC,3840.0,260.0
58988910,12.43,12.29,2012-04-19,MMSI,MERIT MEDICAL SYSTEMS INC,3840.0,260.0
58988910,12.44,12.65,2012-04-20,MMSI,MERIT MEDICAL SYSTEMS INC,3840.0,260.0
58988910,12.45,12.24,2012-04-23,MMSI,MERIT MEDICAL SYSTEMS INC,3840.0,260.0
58988910,12.8,12.44,2012-04-24,MMSI,MERIT MEDICAL SYSTEMS INC,3840.0,260.0
58988910,12.86,13.01,2012-04-25,MMSI,MERIT MEDICAL SYSTEMS INC,3840.0,260.0
58988910,12.76,12.86,2012-04-26,MMSI,MERIT MEDICAL SYSTEMS INC,3840.0,260.0
58988910,13.17,12.84,2012-04-27,MMSI,MERIT MEDICAL SYSTEMS INC,3840.0,260.0
58988910,13.22,13.18,2012-04-30,MMSI,MERIT MEDICAL SYSTEMS INC,3840.0,260.0
58988910,13.36,13.24,2012-05-01,MMSI,MERIT MEDICAL SYSTEMS INC,3840.0,260.0
58988910,13.35,13.24,2012-05-02,MMSI,MERIT MEDICAL SYSTEMS INC,3840.0,260.0
58988910,13.32,13.34,2012-05-03,MMSI,MERIT MEDICAL SYSTEMS INC,3840.0,260.0
58988910,13.1,13.26,2012-05-04,MMSI,MERIT MEDICAL SYSTEMS INC,3840.0,260.0
58988910,13.28,13.05,2012-05-07,MMSI,MERIT MEDICAL SYSTEMS INC,3840.0,260.0
58988910,13.49,13.19,2012-05-08,MMSI,MERIT MEDICAL SYSTEMS INC,3840.0,260.0
58988910,13.43,13.34,2012-05-09,MMSI,MERIT MEDICAL SYSTEMS INC,3840.0,260.0
58988910,13.49,13.5,2012-05-10,MMSI,MERIT MEDICAL SYSTEMS INC,3840.0,260.0
58988910,13.34,13.42,2012-05-11,MMSI,MERIT MEDICAL SYSTEMS INC,3840.0,260.0
58988910,13.28,13.18,2012-05-14,MMSI,MERIT MEDICAL SYSTEMS INC,3840.0,260.0
58988910,13.32,13.25,2012-05-15,MMSI,MERIT MEDICAL SYSTEMS INC,3840.0,260.0
58988910,13.37,13.33,2012-05-16,MMSI,MERIT MEDICAL SYSTEMS INC,3840.0,260.0
58988910,13.49,13.41,2012-05-17,MMSI,MERIT MEDICAL SYSTEMS INC,3840.0,260.0
58988910,13.24,13.47,2012-05-18,MMSI,MERIT MEDICAL SYSTEMS INC,3840.0,260.0
58988910,13.26,13.3,2012-05-21,MMSI,MERIT MEDICAL SYSTEMS INC,3840.0,260.0
58988910,13.02,13.26,2012-05-22,MMSI,MERIT MEDICAL SYSTEMS INC,3840.0,260.0
58988910,12.91,12.96,2012-05-23,MMSI,MERIT MEDICAL SYSTEMS INC,3840.0,260.0
58988910,13.0,12.96,2012-05-24,MMSI,MERIT MEDICAL SYSTEMS INC,3840.0,260.0
58988910,13.25,13.04,2012-05-25,MMSI,MERIT MEDICAL SYSTEMS INC,3840.0,260.0
58988910,13.21,13.3,2012-05-29,MMSI,MERIT MEDICAL SYSTEMS INC,3840.0,260.0
58988910,12.97,13.15,2012-05-30,MMSI,MERIT MEDICAL SYSTEMS INC,3840.0,260.0
58988910,13.0,12.97,2012-05-31,MMSI,MERIT MEDICAL SYSTEMS INC,3840.0,260.0
58988910,12.56,12.76,2012-06-01,MMSI,MERIT MEDICAL SYSTEMS INC,3840.0,260.0
58988910,12.42,12.61,2012-06-04,MMSI,MERIT MEDICAL SYSTEMS INC,3840.0,260.0
58988910,12.45,12.36,2012-06-05,MMSI,MERIT MEDICAL SYSTEMS INC,3840.0,260.0
58988910,12.49,12.49,2012-06-06,MMSI,MERIT MEDICAL SYSTEMS INC,3840.0,260.0
58988910,12.64,12.62,2012-06-07,MMSI,MERIT MEDICAL SYSTEMS INC,3840.0,260.0
58988910,12.88,12.59,2012-06-08,MMSI,MERIT MEDICAL SYSTEMS INC,3840.0,260.0
58988910,12.63,13.01,2012-06-11,MMSI,MERIT MEDICAL SYSTEMS INC,3840.0,260.0
58988910,12.52,12.71,2012-06-12,MMSI,MERIT MEDICAL SYSTEMS INC,3840.0,260.0
58988910,12.43,12.5,2012-06-13,MMSI,MERIT MEDICAL SYSTEMS INC,3840.0,260.0
58988910,12.54,12.46,2012-06-14,MMSI,MERIT MEDICAL SYSTEMS INC,3840.0,260.0
58988910,12.76,12.49,2012-06-15,MMSI,MERIT MEDICAL SYSTEMS INC,3840.0,260.0
58988910,12.93,12.65,2012-06-18,MMSI,MERIT MEDICAL SYSTEMS INC,3840.0,260.0
58988910,13.08,12.96,2012-06-19,MMSI,MERIT MEDICAL SYSTEMS INC,3840.0,260.0
58988910,13.17,13.06,2012-06-20,MMSI,MERIT MEDICAL SYSTEMS INC,3840.0,260.0
58988910,12.89,13.18,2012-06-21,MMSI,MERIT MEDICAL SYSTEMS INC,3840.0,260.0
58988910,13.04,12.97,2012-06-22,MMSI,MERIT MEDICAL SYSTEMS INC,3840.0,260.0
58988910,13.05,12.88,2012-06-25,MMSI,MERIT MEDICAL SYSTEMS INC,3840.0,260.0
58988910,13.26,13.08,2012-06-26,MMSI,MERIT MEDICAL SYSTEMS INC,3840.0,260.0
58988910,13.57,13.25,2012-06-27,MMSI,MERIT MEDICAL SYSTEMS INC,3840.0,260.0
58988910,13.58,13.47,2012-06-28,MMSI,MERIT MEDICAL SYSTEMS INC,3840.0,260.0
58988910,13.81,13.77,2012-06-29,MMSI,MERIT MEDICAL SYSTEMS INC,3840.0,260.0
58988910,13.91,13.78,2012-07-02,MMSI,MERIT MEDICAL SYSTEMS INC,3840.0,260.0
58988910,14.09,13.89,2012-07-03,MMSI,MERIT MEDICAL SYSTEMS INC,3840.0,260.0
58988910,13.91,14.0,2012-07-05,MMSI,MERIT MEDICAL SYSTEMS INC,3840.0,260.0
58988910,13.75,13.77,2012-07-06,MMSI,MERIT MEDICAL SYSTEMS INC,3840.0,260.0
58988910,13.79,13.74,2012-07-09,MMSI,MERIT MEDICAL SYSTEMS INC,3840.0,260.0
58988910,13.8,13.83,2012-07-10,MMSI,MERIT MEDICAL SYSTEMS INC,3840.0,260.0
58988910,13.95,13.77,2012-07-11,MMSI,MERIT MEDICAL SYSTEMS INC,3840.0,260.0
58988910,13.97,13.9,2012-07-12,MMSI,MERIT MEDICAL SYSTEMS INC,3840.0,260.0
58988910,14.03,13.98,2012-07-13,MMSI,MERIT MEDICAL SYSTEMS INC,3840.0,260.0
58988910,14.09,14.04,2012-07-16,MMSI,MERIT MEDICAL SYSTEMS INC,3840.0,260.0
58988910,14.18,14.2,2012-07-17,MMSI,MERIT MEDICAL SYSTEMS INC,3840.0,260.0
58988910,14.35,14.18,2012-07-18,MMSI,MERIT MEDICAL SYSTEMS INC,3840.0,260.0
58988910,14.05,14.4,2012-07-19,MMSI,MERIT MEDICAL SYSTEMS INC,3840.0,260.0
58988910,13.51,13.92,2012-07-20,MMSI,MERIT MEDICAL SYSTEMS INC,3840.0,260.0
58988910,13.22,13.33,2012-07-23,MMSI,MERIT MEDICAL SYSTEMS INC,3840.0,260.0
58988910,12.97,13.29,2012-07-24,MMSI,MERIT MEDICAL SYSTEMS INC,3840.0,260.0
58988910,13.08,13.06,2012-07-25,MMSI,MERIT MEDICAL SYSTEMS INC,3840.0,260.0
58988910,13.14,13.2,2012-07-26,MMSI,MERIT MEDICAL SYSTEMS INC,3840.0,260.0
58988910,13.36,13.4,2012-07-27,MMSI,MERIT MEDICAL SYSTEMS INC,3840.0,260.0
58988910,13.43,13.34,2012-07-30,MMSI,MERIT MEDICAL SYSTEMS INC,3840.0,260.0
58988910,13.51,13.4,2012-07-31,MMSI,MERIT MEDICAL SYSTEMS INC,3840.0,260.0
58988910,13.46,13.57,2012-08-01,MMSI,MERIT MEDICAL SYSTEMS INC,3840.0,260.0
58988910,13.45,13.38,2012-08-02,MMSI,MERIT MEDICAL SYSTEMS INC,3840.0,260.0
58988910,13.76,13.56,2012-08-03,MMSI,MERIT MEDICAL SYSTEMS INC,3840.0,260.0
58988910,13.93,13.76,2012-08-06,MMSI,MERIT MEDICAL SYSTEMS INC,3840.0,260.0
58988910,14.06,13.97,2012-08-07,MMSI,MERIT MEDICAL SYSTEMS INC,3840.0,260.0
58988910,14.04,13.98,2012-08-08,MMSI,MERIT MEDICAL SYSTEMS INC,3840.0,260.0
58988910,13.9,14.01,2012-08-09,MMSI,MERIT MEDICAL SYSTEMS INC,3840.0,260.0
58988910,13.97,13.88,2012-08-10,MMSI,MERIT MEDICAL SYSTEMS INC,3840.0,260.0
58988910,13.94,13.91,2012-08-13,MMSI,MERIT MEDICAL SYSTEMS INC,3840.0,260.0
58988910,13.87,14.0,2012-08-14,MMSI,MERIT MEDICAL SYSTEMS INC,3840.0,260.0
58988910,14.04,13.82,2012-08-15,MMSI,MERIT MEDICAL SYSTEMS INC,3840.0,260.0
58988910,14.08,14.06,2012-08-16,MMSI,MERIT MEDICAL SYSTEMS INC,3840.0,260.0
58988910,14.16,14.05,2012-08-17,MMSI,MERIT MEDICAL SYSTEMS INC,3840.0,260.0
58988910,14.2,14.18,2012-08-20,MMSI,MERIT MEDICAL SYSTEMS INC,3840.0,260.0
58988910,14.24,14.21,2012-08-21,MMSI,MERIT MEDICAL SYSTEMS INC,3840.0,260.0
58988910,14.28,14.19,2012-08-22,MMSI,MERIT MEDICAL SYSTEMS INC,3840.0,260.0
58988910,14.2,14.25,2012-08-23,MMSI,MERIT MEDICAL SYSTEMS INC,3840.0,260.0
58988910,14.2,14.15,2012-08-24,MMSI,MERIT MEDICAL SYSTEMS INC,3840.0,260.0
58988910,14.29,14.22,2012-08-27,MMSI,MERIT MEDICAL SYSTEMS INC,3840.0,260.0
58988910,14.25,14.25,2012-08-28,MMSI,MERIT MEDICAL SYSTEMS INC,3840.0,260.0
58988910,14.31,14.25,2012-08-29,MMSI,MERIT MEDICAL SYSTEMS INC,3840.0,260.0
58988910,14.2,14.27,2012-08-30,MMSI,MERIT MEDICAL SYSTEMS INC,3840.0,260.0
58988910,14.25,14.37,2012-08-31,MMSI,MERIT MEDICAL SYSTEMS INC,3840.0,260.0
58988910,14.34,14.28,2012-09-04,MMSI,MERIT MEDICAL SYSTEMS INC,3840.0,260.0
58988910,14.41,14.41,2012-09-05,MMSI,MERIT MEDICAL SYSTEMS INC,3840.0,260.0
58988910,14.78,14.48,2012-09-06,MMSI,MERIT MEDICAL SYSTEMS INC,3840.0,260.0
58988910,14.71,14.8,2012-09-07,MMSI,MERIT MEDICAL SYSTEMS INC,3840.0,260.0
58988910,14.67,14.67,2012-09-10,MMSI,MERIT MEDICAL SYSTEMS INC,3840.0,260.0
58988910,14.7,14.69,2012-09-11,MMSI,MERIT MEDICAL SYSTEMS INC,3840.0,260.0
58988910,14.75,14.77,2012-09-12,MMSI,MERIT MEDICAL SYSTEMS INC,3840.0,260.0
58988910,15.2,14.72,2012-09-13,MMSI,MERIT MEDICAL SYSTEMS INC,3840.0,260.0
58988910,15.12,15.25,2012-09-14,MMSI,MERIT MEDICAL SYSTEMS INC,3840.0,260.0
58988910,15.21,15.0,2012-09-17,MMSI,MERIT MEDICAL SYSTEMS INC,3840.0,260.0
58988910,15.13,15.15,2012-09-18,MMSI,MERIT MEDICAL SYSTEMS INC,3840.0,260.0
58988910,15.05,15.14,2012-09-19,MMSI,MERIT MEDICAL SYSTEMS INC,3840.0,260.0
58988910,15.02,15.0,2012-09-20,MMSI,MERIT MEDICAL SYSTEMS INC,3840.0,260.0
58988910,15.11,15.28,2012-09-21,MMSI,MERIT MEDICAL SYSTEMS INC,3840.0,260.0
58988910,15.03,15.03,2012-09-24,MMSI,MERIT MEDICAL SYSTEMS INC,3840.0,260.0
58988910,14.97,15.07,2012-09-25,MMSI,MERIT MEDICAL SYSTEMS INC,3840.0,260.0
58988910,14.92,15.04,2012-09-26,MMSI,MERIT MEDICAL SYSTEMS INC,3840.0,260.0
58988910,15.02,14.94,2012-09-27,MMSI,MERIT MEDICAL SYSTEMS INC,3840.0,260.0
58988910,14.93,14.94,2012-09-28,MMSI,MERIT MEDICAL SYSTEMS INC,3840.0,260.0
58988910,14.7,14.98,2012-10-01,MMSI,MERIT MEDICAL SYSTEMS INC,3840.0,260.0
58988910,14.8,14.76,2012-10-02,MMSI,MERIT MEDICAL SYSTEMS INC,3840.0,260.0
58988910,15.07,14.85,2012-10-03,MMSI,MERIT MEDICAL SYSTEMS INC,3840.0,260.0
58988910,14.99,15.07,2012-10-04,MMSI,MERIT MEDICAL SYSTEMS INC,3840.0,260.0
58988910,14.96,15.01,2012-10-05,MMSI,MERIT MEDICAL SYSTEMS INC,3840.0,260.0
58988910,14.89,14.9,2012-10-08,MMSI,MERIT MEDICAL SYSTEMS INC,3840.0,260.0
58988910,14.46,14.86,2012-10-09,MMSI,MERIT MEDICAL SYSTEMS INC,3840.0,260.0
58988910,14.42,14.48,2012-10-10,MMSI,MERIT MEDICAL SYSTEMS INC,3840.0,260.0
58988910,14.43,14.49,2012-10-11,MMSI,MERIT MEDICAL SYSTEMS INC,3840.0,260.0
58988910,14.36,14.41,2012-10-12,MMSI,MERIT MEDICAL SYSTEMS INC,3840.0,260.0
58988910,14.45,14.38,2012-10-15,MMSI,MERIT MEDICAL SYSTEMS INC,3840.0,260.0
58988910,14.55,14.48,2012-10-16,MMSI,MERIT MEDICAL SYSTEMS INC,3840.0,260.0
58988910,14.69,14.55,2012-10-17,MMSI,MERIT MEDICAL SYSTEMS INC,3840.0,260.0
58988910,14.51,14.67,2012-10-18,MMSI,MERIT MEDICAL SYSTEMS INC,3840.0,260.0
58988910,14.2104,14.44,2012-10-19,MMSI,MERIT MEDICAL SYSTEMS INC,3840.0,260.0
58988910,14.5,14.21,2012-10-22,MMSI,MERIT MEDICAL SYSTEMS INC,3840.0,260.0
58988910,14.5406,14.4,2012-10-23,MMSI,MERIT MEDICAL SYSTEMS INC,3840.0,260.0
58988910,14.85,14.63,2012-10-24,MMSI,MERIT MEDICAL SYSTEMS INC,3840.0,260.0
58988910,14.67,14.92,2012-10-25,MMSI,MERIT MEDICAL SYSTEMS INC,3840.0,260.0
58988910,14.44,14.67,2012-10-26,MMSI,MERIT MEDICAL SYSTEMS INC,3840.0,260.0
58988910,14.46,14.4,2012-10-31,MMSI,MERIT MEDICAL SYSTEMS INC,3840.0,260.0
58988910,14.33,14.5,2012-11-01,MMSI,MERIT MEDICAL SYSTEMS INC,3840.0,260.0
58988910,13.96,14.4,2012-11-02,MMSI,MERIT MEDICAL SYSTEMS INC,3840.0,260.0
58988910,13.95,13.93,2012-11-05,MMSI,MERIT MEDICAL SYSTEMS INC,3840.0,260.0
58988910,13.98,13.99,2012-11-06,MMSI,MERIT MEDICAL SYSTEMS INC,3840.0,260.0
58988910,13.66,13.84,2012-11-07,MMSI,MERIT MEDICAL SYSTEMS INC,3840.0,260.0
58988910,13.43,13.68,2012-11-08,MMSI,MERIT MEDICAL SYSTEMS INC,3840.0,260.0
58988910,13.26,13.36,2012-11-09,MMSI,MERIT MEDICAL SYSTEMS INC,3840.0,260.0
58988910,13.17,13.34,2012-11-12,MMSI,MERIT MEDICAL SYSTEMS INC,3840.0,260.0
58988910,13.2,13.1,2012-11-13,MMSI,MERIT MEDICAL SYSTEMS INC,3840.0,260.0
58988910,12.88,13.22,2012-11-14,MMSI,MERIT MEDICAL SYSTEMS INC,3840.0,260.0
58988910,12.75,12.92,2012-11-15,MMSI,MERIT MEDICAL SYSTEMS INC,3840.0,260.0
58988910,13.0,12.71,2012-11-16,MMSI,MERIT MEDICAL SYSTEMS INC,3840.0,260.0
58988910,13.25,13.09,2012-11-19,MMSI,MERIT MEDICAL SYSTEMS INC,3840.0,260.0
58988910,13.07,13.2,2012-11-20,MMSI,MERIT MEDICAL SYSTEMS INC,3840.0,260.0
58988910,13.04,13.09,2012-11-21,MMSI,MERIT MEDICAL SYSTEMS INC,3840.0,260.0
58988910,13.26,13.1,2012-11-23,MMSI,MERIT MEDICAL SYSTEMS INC,3840.0,260.0
58988910,13.23,13.26,2012-11-26,MMSI,MERIT MEDICAL SYSTEMS INC,3840.0,260.0
58988910,13.79,13.64,2012-11-27,MMSI,MERIT MEDICAL SYSTEMS INC,3840.0,260.0
58988910,13.89,13.8,2012-11-28,MMSI,MERIT MEDICAL SYSTEMS INC,3840.0,260.0
58988910,13.97,14.01,2012-11-29,MMSI,MERIT MEDICAL SYSTEMS INC,3840.0,260.0
58988910,13.87,14.03,2012-11-30,MMSI,MERIT MEDICAL SYSTEMS INC,3840.0,260.0
58988910,13.73,13.93,2012-12-03,MMSI,MERIT MEDICAL SYSTEMS INC,3840.0,260.0
58988910,13.74,13.77,2012-12-04,MMSI,MERIT MEDICAL SYSTEMS INC,3840.0,260.0
58988910,13.61,13.81,2012-12-05,MMSI,MERIT MEDICAL SYSTEMS INC,3840.0,260.0
58988910,13.39,13.56,2012-12-06,MMSI,MERIT MEDICAL SYSTEMS INC,3840.0,260.0
58988910,13.42,13.47,2012-12-07,MMSI,MERIT MEDICAL SYSTEMS INC,3840.0,260.0
58988910,13.5,13.47,2012-12-10,MMSI,MERIT MEDICAL SYSTEMS INC,3840.0,260.0
58988910,13.48,13.53,2012-12-11,MMSI,MERIT MEDICAL SYSTEMS INC,3840.0,260.0
58988910,13.49,13.54,2012-12-12,MMSI,MERIT MEDICAL SYSTEMS INC,3840.0,260.0
58988910,13.4,13.46,2012-12-13,MMSI,MERIT MEDICAL SYSTEMS INC,3840.0,260.0
58988910,13.27,13.33,2012-12-14,MMSI,MERIT MEDICAL SYSTEMS INC,3840.0,260.0
58988910,13.54,13.28,2012-12-17,MMSI,MERIT MEDICAL SYSTEMS INC,3840.0,260.0
58988910,13.48,13.52,2012-12-18,MMSI,MERIT MEDICAL SYSTEMS INC,3840.0,260.0
58988910,13.48,13.48,2012-12-19,MMSI,MERIT MEDICAL SYSTEMS INC,3840.0,260.0
58988910,13.5601,13.46,2012-12-20,MMSI,MERIT MEDICAL SYSTEMS INC,3840.0,260.0
58988910,13.7,13.49,2012-12-21,MMSI,MERIT MEDICAL SYSTEMS INC,3840.0,260.0
58988910,13.69,13.67,2012-12-24,MMSI,MERIT MEDICAL SYSTEMS INC,3840.0,260.0
58988910,13.6,13.7,2012-12-26,MMSI,MERIT MEDICAL SYSTEMS INC,3840.0,260.0
58988910,13.67,13.72,2012-12-27,MMSI,MERIT MEDICAL SYSTEMS INC,3840.0,260.0
58988910,13.48,13.64,2012-12-28,MMSI,MERIT MEDICAL SYSTEMS INC,3840.0,260.0
58988910,13.9,13.45,2012-12-31,MMSI,MERIT MEDICAL SYSTEMS INC,3840.0,260.0
58988910,14.02,14.1,2013-01-02,MMSI,MERIT MEDICAL SYSTEMS INC,3840.0,260.0
58988910,13.63,14.06,2013-01-03,MMSI,MERIT MEDICAL SYSTEMS INC,3840.0,260.0
58988910,14.03,13.72,2013-01-04,MMSI,MERIT MEDICAL SYSTEMS INC,3840.0,260.0
58988910,14.17,13.93,2013-01-07,MMSI,MERIT MEDICAL SYSTEMS INC,3840.0,260.0
58988910,14.19,14.2,2013-01-08,MMSI,MERIT MEDICAL SYSTEMS INC,3840.0,260.0
58988910,14.19,14.26,2013-01-09,MMSI,MERIT MEDICAL SYSTEMS INC,3840.0,260.0
58988910,13.96,14.27,2013-01-10,MMSI,MERIT MEDICAL SYSTEMS INC,3840.0,260.0
58988910,13.95,14.01,2013-01-11,MMSI,MERIT MEDICAL SYSTEMS INC,3840.0,260.0
58988910,14.01,13.92,2013-01-14,MMSI,MERIT MEDICAL SYSTEMS INC,3840.0,260.0
58988910,14.0,13.92,2013-01-15,MMSI,MERIT MEDICAL SYSTEMS INC,3840.0,260.0
58988910,14.12,13.94,2013-01-16,MMSI,MERIT MEDICAL SYSTEMS INC,3840.0,260.0
58988910,14.2,14.19,2013-01-17,MMSI,MERIT MEDICAL SYSTEMS INC,3840.0,260.0
58988910,14.18,14.16,2013-01-18,MMSI,MERIT MEDICAL SYSTEMS INC,3840.0,260.0
58988910,14.09,14.2,2013-01-22,MMSI,MERIT MEDICAL SYSTEMS INC,3840.0,260.0
58988910,13.88,14.11,2013-01-23,MMSI,MERIT MEDICAL SYSTEMS INC,3840.0,260.0
58988910,14.07,13.91,2013-01-24,MMSI,MERIT MEDICAL SYSTEMS INC,3840.0,260.0
58988910,14.21,14.16,2013-01-25,MMSI,MERIT MEDICAL SYSTEMS INC,3840.0,260.0
58988910,13.99,14.22,2013-01-28,MMSI,MERIT MEDICAL SYSTEMS INC,3840.0,260.0
58988910,13.99,13.97,2013-01-29,MMSI,MERIT MEDICAL SYSTEMS INC,3840.0,260.0
58988910,13.77,13.99,2013-01-30,MMSI,MERIT MEDICAL SYSTEMS INC,3840.0,260.0
58988910,13.87,13.78,2013-01-31,MMSI,MERIT MEDICAL SYSTEMS INC,3840.0,260.0
58988910,13.95,13.92,2013-02-01,MMSI,MERIT MEDICAL SYSTEMS INC,3840.0,260.0
58988910,13.72,13.93,2013-02-04,MMSI,MERIT MEDICAL SYSTEMS INC,3840.0,260.0
58988910,13.67,13.76,2013-02-05,MMSI,MERIT MEDICAL SYSTEMS INC,3840.0,260.0
58988910,13.76,13.55,2013-02-06,MMSI,MERIT MEDICAL SYSTEMS INC,3840.0,260.0
58988910,13.89,13.76,2013-02-07,MMSI,MERIT MEDICAL SYSTEMS INC,3840.0,260.0
58988910,14.04,13.94,2013-02-08,MMSI,MERIT MEDICAL SYSTEMS INC,3840.0,260.0
58988910,13.92,14.04,2013-02-11,MMSI,MERIT MEDICAL SYSTEMS INC,3840.0,260.0
58988910,13.84,13.92,2013-02-12,MMSI,MERIT MEDICAL SYSTEMS INC,3840.0,260.0
58988910,13.85,13.87,2013-02-13,MMSI,MERIT MEDICAL SYSTEMS INC,3840.0,260.0
58988910,13.71,13.79,2013-02-14,MMSI,MERIT MEDICAL SYSTEMS INC,3840.0,260.0
58988910,13.8,13.8,2013-02-15,MMSI,MERIT MEDICAL SYSTEMS INC,3840.0,260.0
58988910,13.95,13.81,2013-02-19,MMSI,MERIT MEDICAL SYSTEMS INC,3840.0,260.0
58988910,13.75,13.95,2013-02-20,MMSI,MERIT MEDICAL SYSTEMS INC,3840.0,260.0
58988910,13.83,13.79,2013-02-21,MMSI,MERIT MEDICAL SYSTEMS INC,3840.0,260.0
58988910,11.73,11.88,2013-02-22,MMSI,MERIT MEDICAL SYSTEMS INC,3840.0,260.0
58988910,11.99,11.76,2013-02-25,MMSI,MERIT MEDICAL SYSTEMS INC,3840.0,260.0
58988910,11.99,12.0,2013-02-26,MMSI,MERIT MEDICAL SYSTEMS INC,3840.0,260.0
58988910,11.87,11.94,2013-02-27,MMSI,MERIT MEDICAL SYSTEMS INC,3840.0,260.0
58988910,11.92,11.85,2013-02-28,MMSI,MERIT MEDICAL SYSTEMS INC,3840.0,260.0
58988910,11.95,11.8,2013-03-01,MMSI,MERIT MEDICAL SYSTEMS INC,3840.0,260.0
58988910,12.03,11.96,2013-03-04,MMSI,MERIT MEDICAL SYSTEMS INC,3840.0,260.0
58988910,12.02,12.04,2013-03-05,MMSI,MERIT MEDICAL SYSTEMS INC,3840.0,260.0
58988910,12.025,12.07,2013-03-06,MMSI,MERIT MEDICAL SYSTEMS INC,3840.0,260.0
58988910,12.29,11.98,2013-03-07,MMSI,MERIT MEDICAL SYSTEMS INC,3840.0,260.0
58988910,12.46,12.39,2013-03-08,MMSI,MERIT MEDICAL SYSTEMS INC,3840.0,260.0
58988910,12.4,12.4,2013-03-11,MMSI,MERIT MEDICAL SYSTEMS INC,3840.0,260.0
58988910,12.38,12.35,2013-03-12,MMSI,MERIT MEDICAL SYSTEMS INC,3840.0,260.0
58988910,12.24,12.42,2013-03-13,MMSI,MERIT MEDICAL SYSTEMS INC,3840.0,260.0
58988910,12.5,12.28,2013-03-14,MMSI,MERIT MEDICAL SYSTEMS INC,3840.0,260.0
58988910,12.35,12.45,2013-03-15,MMSI,MERIT MEDICAL SYSTEMS INC,3840.0,260.0
58988910,12.23,12.26,2013-03-18,MMSI,MERIT MEDICAL SYSTEMS INC,3840.0,260.0
58988910,12.32,12.22,2013-03-19,MMSI,MERIT MEDICAL SYSTEMS INC,3840.0,260.0
58988910,12.18,12.35,2013-03-20,MMSI,MERIT MEDICAL SYSTEMS INC,3840.0,260.0
58988910,12.3,12.11,2013-03-21,MMSI,MERIT MEDICAL SYSTEMS INC,3840.0,260.0
58988910,12.3,12.3,2013-03-22,MMSI,MERIT MEDICAL SYSTEMS INC,3840.0,260.0
58988910,12.32,12.36,2013-03-25,MMSI,MERIT MEDICAL SYSTEMS INC,3840.0,260.0
58988910,12.31,12.39,2013-03-26,MMSI,MERIT MEDICAL SYSTEMS INC,3840.0,260.0
58988910,12.25,12.27,2013-03-27,MMSI,MERIT MEDICAL SYSTEMS INC,3840.0,260.0
58988910,12.26,12.28,2013-03-28,MMSI,MERIT MEDICAL SYSTEMS INC,3840.0,260.0
58988910,12.17,12.2,2013-04-01,MMSI,MERIT MEDICAL SYSTEMS INC,3840.0,260.0
58988910,12.17,12.25,2013-04-02,MMSI,MERIT MEDICAL SYSTEMS INC,3840.0,260.0
58988910,12.03,12.16,2013-04-03,MMSI,MERIT MEDICAL SYSTEMS INC,3840.0,260.0
58988910,12.19,12.01,2013-04-04,MMSI,MERIT MEDICAL SYSTEMS INC,3840.0,260.0
58988910,11.94,12.0,2013-04-05,MMSI,MERIT MEDICAL SYSTEMS INC,3840.0,260.0
58988910,11.95,11.99,2013-04-08,MMSI,MERIT MEDICAL SYSTEMS INC,3840.0,260.0
58988910,11.87,11.94,2013-04-09,MMSI,MERIT MEDICAL SYSTEMS INC,3840.0,260.0
58988910,12.01,11.87,2013-04-10,MMSI,MERIT MEDICAL SYSTEMS INC,3840.0,260.0
58988910,11.94,11.97,2013-04-11,MMSI,MERIT MEDICAL SYSTEMS INC,3840.0,260.0
58988910,11.92,11.92,2013-04-12,MMSI,MERIT MEDICAL SYSTEMS INC,3840.0,260.0
58988910,11.52,11.88,2013-04-15,MMSI,MERIT MEDICAL SYSTEMS INC,3840.0,260.0
58988910,11.62,11.58,2013-04-16,MMSI,MERIT MEDICAL SYSTEMS INC,3840.0,260.0
58988910,11.34,11.58,2013-04-17,MMSI,MERIT MEDICAL SYSTEMS INC,3840.0,260.0
58988910,11.08,11.31,2013-04-18,MMSI,MERIT MEDICAL SYSTEMS INC,3840.0,260.0
58988910,11.21,11.06,2013-04-19,MMSI,MERIT MEDICAL SYSTEMS INC,3840.0,260.0
58988910,11.22,11.24,2013-04-22,MMSI,MERIT MEDICAL SYSTEMS INC,3840.0,260.0
58988910,11.34,11.3,2013-04-23,MMSI,MERIT MEDICAL SYSTEMS INC,3840.0,260.0
58988910,11.33,11.3,2013-04-24,MMSI,MERIT MEDICAL SYSTEMS INC,3840.0,260.0
58988910,11.12,11.32,2013-04-25,MMSI,MERIT MEDICAL SYSTEMS INC,3840.0,260.0
58988910,9.76,10.23,2013-04-26,MMSI,MERIT MEDICAL SYSTEMS INC,3840.0,260.0
58988910,9.72,9.82,2013-04-29,MMSI,MERIT MEDICAL SYSTEMS INC,3840.0,260.0
58988910,9.67,9.69,2013-04-30,MMSI,MERIT MEDICAL SYSTEMS INC,3840.0,260.0
58988910,9.64,9.67,2013-05-01,MMSI,MERIT MEDICAL SYSTEMS INC,3840.0,260.0
58988910,9.82,9.78,2013-05-02,MMSI,MERIT MEDICAL SYSTEMS INC,3840.0,260.0
58988910,9.8,10.19,2013-05-03,MMSI,MERIT MEDICAL SYSTEMS INC,3840.0,260.0
58988910,9.77,9.8,2013-05-06,MMSI,MERIT MEDICAL SYSTEMS INC,3840.0,260.0
58988910,9.94,9.76,2013-05-07,MMSI,MERIT MEDICAL SYSTEMS INC,3840.0,260.0
58988910,10.0,9.94,2013-05-08,MMSI,MERIT MEDICAL SYSTEMS INC,3840.0,260.0
58988910,10.115,9.87,2013-05-09,MMSI,MERIT MEDICAL SYSTEMS INC,3840.0,260.0
58988910,10.2,10.11,2013-05-10,MMSI,MERIT MEDICAL SYSTEMS INC,3840.0,260.0
58988910,10.17,10.16,2013-05-13,MMSI,MERIT MEDICAL SYSTEMS INC,3840.0,260.0
58988910,10.17,10.15,2013-05-14,MMSI,MERIT MEDICAL SYSTEMS INC,3840.0,260.0
58988910,10.08,10.17,2013-05-15,MMSI,MERIT MEDICAL SYSTEMS INC,3840.0,260.0
58988910,9.92,10.02,2013-05-16,MMSI,MERIT MEDICAL SYSTEMS INC,3840.0,260.0
58988910,10.18,9.99,2013-05-17,MMSI,MERIT MEDICAL SYSTEMS INC,3840.0,260.0
58988910,10.01,10.13,2013-05-20,MMSI,MERIT MEDICAL SYSTEMS INC,3840.0,260.0
58988910,10.06,9.99,2013-05-21,MMSI,MERIT MEDICAL SYSTEMS INC,3840.0,260.0
58988910,9.95,10.06,2013-05-22,MMSI,MERIT MEDICAL SYSTEMS INC,3840.0,260.0
58988910,9.97,9.91,2013-05-23,MMSI,MERIT MEDICAL SYSTEMS INC,3840.0,260.0
58988910,9.96,9.96,2013-05-24,MMSI,MERIT MEDICAL SYSTEMS INC,3840.0,260.0
58988910,10.37,10.05,2013-05-28,MMSI,MERIT MEDICAL SYSTEMS INC,3840.0,260.0
58988910,10.0,10.3,2013-05-29,MMSI,MERIT MEDICAL SYSTEMS INC,3840.0,260.0
58988910,9.99,10.0,2013-05-30,MMSI,MERIT MEDICAL SYSTEMS INC,3840.0,260.0
58988910,9.87,9.91,2013-05-31,MMSI,MERIT MEDICAL SYSTEMS INC,3840.0,260.0
58988910,9.94,9.9,2013-06-03,MMSI,MERIT MEDICAL SYSTEMS INC,3840.0,260.0
58988910,9.86,9.93,2013-06-04,MMSI,MERIT MEDICAL SYSTEMS INC,3840.0,260.0
58988910,10.05,9.86,2013-06-05,MMSI,MERIT MEDICAL SYSTEMS INC,3840.0,260.0
58988910,10.26,10.01,2013-06-06,MMSI,MERIT MEDICAL SYSTEMS INC,3840.0,260.0
58988910,10.39,10.33,2013-06-07,MMSI,MERIT MEDICAL SYSTEMS INC,3840.0,260.0
58988910,10.69,10.44,2013-06-10,MMSI,MERIT MEDICAL SYSTEMS INC,3840.0,260.0
58988910,10.61,10.62,2013-06-11,MMSI,MERIT MEDICAL SYSTEMS INC,3840.0,260.0
58988910,10.77,10.64,2013-06-12,MMSI,MERIT MEDICAL SYSTEMS INC,3840.0,260.0
58988910,10.78,10.75,2013-06-13,MMSI,MERIT MEDICAL SYSTEMS INC,3840.0,260.0
58988910,11.16,10.78,2013-06-14,MMSI,MERIT MEDICAL SYSTEMS INC,3840.0,260.0
58988910,11.21,11.27,2013-06-17,MMSI,MERIT MEDICAL SYSTEMS INC,3840.0,260.0
58988910,11.49,11.25,2013-06-18,MMSI,MERIT MEDICAL SYSTEMS INC,3840.0,260.0
58988910,11.1,11.51,2013-06-19,MMSI,MERIT MEDICAL SYSTEMS INC,3840.0,260.0
58988910,10.84,10.98,2013-06-20,MMSI,MERIT MEDICAL SYSTEMS INC,3840.0,260.0
58988910,11.09,10.83,2013-06-21,MMSI,MERIT MEDICAL SYSTEMS INC,3840.0,260.0
58988910,10.9,10.97,2013-06-24,MMSI,MERIT MEDICAL SYSTEMS INC,3840.0,260.0
58988910,10.78,11.0,2013-06-25,MMSI,MERIT MEDICAL SYSTEMS INC,3840.0,260.0
58988910,10.72,10.83,2013-06-26,MMSI,MERIT MEDICAL SYSTEMS INC,3840.0,260.0
58988910,11.08,10.77,2013-06-27,MMSI,MERIT MEDICAL SYSTEMS INC,3840.0,260.0
58988910,11.15,11.08,2013-06-28,MMSI,MERIT MEDICAL SYSTEMS INC,3840.0,260.0
58988910,11.39,11.2,2013-07-01,MMSI,MERIT MEDICAL SYSTEMS INC,3840.0,260.0
58988910,11.39,11.42,2013-07-02,MMSI,MERIT MEDICAL SYSTEMS INC,3840.0,260.0
58988910,11.45,11.35,2013-07-03,MMSI,MERIT MEDICAL SYSTEMS INC,3840.0,260.0
58988910,11.81,11.62,2013-07-05,MMSI,MERIT MEDICAL SYSTEMS INC,3840.0,260.0
58988910,12.09,11.81,2013-07-08,MMSI,MERIT MEDICAL SYSTEMS INC,3840.0,260.0
58988910,11.91,12.18,2013-07-09,MMSI,MERIT MEDICAL SYSTEMS INC,3840.0,260.0
58988910,11.97,11.87,2013-07-10,MMSI,MERIT MEDICAL SYSTEMS INC,3840.0,260.0
58988910,12.02,12.08,2013-07-11,MMSI,MERIT MEDICAL SYSTEMS INC,3840.0,260.0
58988910,12.09,11.97,2013-07-12,MMSI,MERIT MEDICAL SYSTEMS INC,3840.0,260.0
58988910,12.3,12.1,2013-07-15,MMSI,MERIT MEDICAL SYSTEMS INC,3840.0,260.0
58988910,12.5,12.24,2013-07-16,MMSI,MERIT MEDICAL SYSTEMS INC,3840.0,260.0
58988910,12.34,12.58,2013-07-17,MMSI,MERIT MEDICAL SYSTEMS INC,3840.0,260.0
58988910,12.86,12.38,2013-07-18,MMSI,MERIT MEDICAL SYSTEMS INC,3840.0,260.0
58988910,13.0,12.83,2013-07-19,MMSI,MERIT MEDICAL SYSTEMS INC,3840.0,260.0
58988910,12.91,12.96,2013-07-22,MMSI,MERIT MEDICAL SYSTEMS INC,3840.0,260.0
58988910,12.85,12.92,2013-07-23,MMSI,MERIT MEDICAL SYSTEMS INC,3840.0,260.0
58988910,12.86,12.88,2013-07-24,MMSI,MERIT MEDICAL SYSTEMS INC,3840.0,260.0
58988910,13.12,12.81,2013-07-25,MMSI,MERIT MEDICAL SYSTEMS INC,3840.0,260.0
58988910,13.05,13.0,2013-07-26,MMSI,MERIT MEDICAL SYSTEMS INC,3840.0,260.0
58988910,12.97,12.99,2013-07-29,MMSI,MERIT MEDICAL SYSTEMS INC,3840.0,260.0
58988910,13.04,13.06,2013-07-30,MMSI,MERIT MEDICAL SYSTEMS INC,3840.0,260.0
58988910,13.14,13.09,2013-07-31,MMSI,MERIT MEDICAL SYSTEMS INC,3840.0,260.0
58988910,14.03,13.28,2013-08-01,MMSI,MERIT MEDICAL SYSTEMS INC,3840.0,260.0
58988910,13.98,14.01,2013-08-02,MMSI,MERIT MEDICAL SYSTEMS INC,3840.0,260.0
58988910,14.01,13.92,2013-08-05,MMSI,MERIT MEDICAL SYSTEMS INC,3840.0,260.0
58988910,13.79,13.93,2013-08-06,MMSI,MERIT MEDICAL SYSTEMS INC,3840.0,260.0
58988910,13.58,13.77,2013-08-07,MMSI,MERIT MEDICAL SYSTEMS INC,3840.0,260.0
58988910,13.53,13.68,2013-08-08,MMSI,MERIT MEDICAL SYSTEMS INC,3840.0,260.0
58988910,13.66,13.5,2013-08-09,MMSI,MERIT MEDICAL SYSTEMS INC,3840.0,260.0
58988910,14.15,13.61,2013-08-12,MMSI,MERIT MEDICAL SYSTEMS INC,3840.0,260.0
58988910,13.91,14.2,2013-08-13,MMSI,MERIT MEDICAL SYSTEMS INC,3840.0,260.0
58988910,13.83,13.87,2013-08-14,MMSI,MERIT MEDICAL SYSTEMS INC,3840.0,260.0
58988910,13.28,13.66,2013-08-15,MMSI,MERIT MEDICAL SYSTEMS INC,3840.0,260.0
58988910,13.16,13.19,2013-08-16,MMSI,MERIT MEDICAL SYSTEMS INC,3840.0,260.0
58988910,13.03,13.12,2013-08-19,MMSI,MERIT MEDICAL SYSTEMS INC,3840.0,260.0
58988910,13.17,12.94,2013-08-20,MMSI,MERIT MEDICAL SYSTEMS INC,3840.0,260.0
58988910,13.09,13.15,2013-08-21,MMSI,MERIT MEDICAL SYSTEMS INC,3840.0,260.0
58988910,13.3,13.09,2013-08-22,MMSI,MERIT MEDICAL SYSTEMS INC,3840.0,260.0
58988910,13.29,13.31,2013-08-23,MMSI,MERIT MEDICAL SYSTEMS INC,3840.0,260.0
58988910,13.27,13.28,2013-08-26,MMSI,MERIT MEDICAL SYSTEMS INC,3840.0,260.0
58988910,13.16,13.13,2013-08-27,MMSI,MERIT MEDICAL SYSTEMS INC,3840.0,260.0
58988910,12.99,13.13,2013-08-28,MMSI,MERIT MEDICAL SYSTEMS INC,3840.0,260.0
58988910,13.06,12.99,2013-08-29,MMSI,MERIT MEDICAL SYSTEMS INC,3840.0,260.0
58988910,12.8,13.01,2013-08-30,MMSI,MERIT MEDICAL SYSTEMS INC,3840.0,260.0
58988910,12.9,12.96,2013-09-03,MMSI,MERIT MEDICAL SYSTEMS INC,3840.0,260.0
58988910,12.94,12.92,2013-09-04,MMSI,MERIT MEDICAL SYSTEMS INC,3840.0,260.0
58988910,12.98,12.92,2013-09-05,MMSI,MERIT MEDICAL SYSTEMS INC,3840.0,260.0
58988910,12.965,13.01,2013-09-06,MMSI,MERIT MEDICAL SYSTEMS INC,3840.0,260.0
58988910,12.99,13.01,2013-09-09,MMSI,MERIT MEDICAL SYSTEMS INC,3840.0,260.0
58988910,12.98,13.04,2013-09-10,MMSI,MERIT MEDICAL SYSTEMS INC,3840.0,260.0
58988910,12.89,12.98,2013-09-11,MMSI,MERIT MEDICAL SYSTEMS INC,3840.0,260.0
58988910,12.79,12.88,2013-09-12,MMSI,MERIT MEDICAL SYSTEMS INC,3840.0,260.0
58988910,12.85,12.85,2013-09-13,MMSI,MERIT MEDICAL SYSTEMS INC,3840.0,260.0
58988910,12.71,13.0,2013-09-16,MMSI,MERIT MEDICAL SYSTEMS INC,3840.0,260.0
58988910,12.72,12.69,2013-09-17,MMSI,MERIT MEDICAL SYSTEMS INC,3840.0,260.0
58988910,12.7,12.71,2013-09-18,MMSI,MERIT MEDICAL SYSTEMS INC,3840.0,260.0
58988910,12.72,12.72,2013-09-19,MMSI,MERIT MEDICAL SYSTEMS INC,3840.0,260.0
58988910,12.65,12.72,2013-09-20,MMSI,MERIT MEDICAL SYSTEMS INC,3840.0,260.0
58988910,12.7,12.61,2013-09-23,MMSI,MERIT MEDICAL SYSTEMS INC,3840.0,260.0
58988910,12.69,12.72,2013-09-24,MMSI,MERIT MEDICAL SYSTEMS INC,3840.0,260.0
58988910,12.64,12.74,2013-09-25,MMSI,MERIT MEDICAL SYSTEMS INC,3840.0,260.0
58988910,12.66,12.65,2013-09-26,MMSI,MERIT MEDICAL SYSTEMS INC,3840.0,260.0
58988910,12.32,12.57,2013-09-27,MMSI,MERIT MEDICAL SYSTEMS INC,3840.0,260.0
58988910,12.13,12.22,2013-09-30,MMSI,MERIT MEDICAL SYSTEMS INC,3840.0,260.0
58988910,12.5,12.12,2013-10-01,MMSI,MERIT MEDICAL SYSTEMS INC,3840.0,260.0
58988910,12.69,13.49,2013-10-02,MMSI,MERIT MEDICAL SYSTEMS INC,3840.0,260.0
58988910,12.7,12.71,2013-10-03,MMSI,MERIT MEDICAL SYSTEMS INC,3840.0,260.0
58988910,12.97,12.67,2013-10-04,MMSI,MERIT MEDICAL SYSTEMS INC,3840.0,260.0
58988910,12.95,12.9,2013-10-07,MMSI,MERIT MEDICAL SYSTEMS INC,3840.0,260.0
58988910,12.91,12.99,2013-10-08,MMSI,MERIT MEDICAL SYSTEMS INC,3840.0,260.0
58988910,12.89,12.96,2013-10-09,MMSI,MERIT MEDICAL SYSTEMS INC,3840.0,260.0
58988910,12.91,13.01,2013-10-10,MMSI,MERIT MEDICAL SYSTEMS INC,3840.0,260.0
58988910,13.05,12.85,2013-10-11,MMSI,MERIT MEDICAL SYSTEMS INC,3840.0,260.0
58988910,13.53,12.99,2013-10-14,MMSI,MERIT MEDICAL SYSTEMS INC,3840.0,260.0
58988910,13.59,13.51,2013-10-15,MMSI,MERIT MEDICAL SYSTEMS INC,3840.0,260.0
58988910,13.81,13.61,2013-10-16,MMSI,MERIT MEDICAL SYSTEMS INC,3840.0,260.0
58988910,14.06,13.72,2013-10-17,MMSI,MERIT MEDICAL SYSTEMS INC,3840.0,260.0
58988910,14.26,14.19,2013-10-18,MMSI,MERIT MEDICAL SYSTEMS INC,3840.0,260.0
58988910,13.98,14.31,2013-10-21,MMSI,MERIT MEDICAL SYSTEMS INC,3840.0,260.0
58988910,14.04,14.0,2013-10-22,MMSI,MERIT MEDICAL SYSTEMS INC,3840.0,260.0
58988910,13.97,13.93,2013-10-23,MMSI,MERIT MEDICAL SYSTEMS INC,3840.0,260.0
58988910,16.2,15.75,2013-10-24,MMSI,MERIT MEDICAL SYSTEMS INC,3840.0,260.0
58988910,16.52,16.12,2013-10-25,MMSI,MERIT MEDICAL SYSTEMS INC,3840.0,260.0
58988910,16.3,16.55,2013-10-28,MMSI,MERIT MEDICAL SYSTEMS INC,3840.0,260.0
58988910,16.4,16.38,2013-10-29,MMSI,MERIT MEDICAL SYSTEMS INC,3840.0,260.0
58988910,16.29,16.36,2013-10-30,MMSI,MERIT MEDICAL SYSTEMS INC,3840.0,260.0
58988910,15.99,16.27,2013-10-31,MMSI,MERIT MEDICAL SYSTEMS INC,3840.0,260.0
58988910,15.83,15.97,2013-11-01,MMSI,MERIT MEDICAL SYSTEMS INC,3840.0,260.0
58988910,15.95,15.85,2013-11-04,MMSI,MERIT MEDICAL SYSTEMS INC,3840.0,260.0
58988910,15.99,15.88,2013-11-05,MMSI,MERIT MEDICAL SYSTEMS INC,3840.0,260.0
58988910,15.86,16.06,2013-11-06,MMSI,MERIT MEDICAL SYSTEMS INC,3840.0,260.0
58988910,15.42,15.96,2013-11-07,MMSI,MERIT MEDICAL SYSTEMS INC,3840.0,260.0
58988910,15.76,15.42,2013-11-08,MMSI,MERIT MEDICAL SYSTEMS INC,3840.0,260.0
58988910,15.47,15.69,2013-11-11,MMSI,MERIT MEDICAL SYSTEMS INC,3840.0,260.0
58988910,16.0,15.48,2013-11-12,MMSI,MERIT MEDICAL SYSTEMS INC,3840.0,260.0
58988910,16.26,15.94,2013-11-13,MMSI,MERIT MEDICAL SYSTEMS INC,3840.0,260.0
58988910,15.99,16.26,2013-11-14,MMSI,MERIT MEDICAL SYSTEMS INC,3840.0,260.0
58988910,16.2,15.95,2013-11-15,MMSI,MERIT MEDICAL SYSTEMS INC,3840.0,260.0
58988910,15.94,16.2,2013-11-18,MMSI,MERIT MEDICAL SYSTEMS INC,3840.0,260.0
58988910,16.03,15.99,2013-11-19,MMSI,MERIT MEDICAL SYSTEMS INC,3840.0,260.0
58988910,16.17,16.1,2013-11-20,MMSI,MERIT MEDICAL SYSTEMS INC,3840.0,260.0
58988910,16.44,16.19,2013-11-21,MMSI,MERIT MEDICAL SYSTEMS INC,3840.0,260.0
58988910,16.47,16.48,2013-11-22,MMSI,MERIT MEDICAL SYSTEMS INC,3840.0,260.0
58988910,16.23,16.47,2013-11-25,MMSI,MERIT MEDICAL SYSTEMS INC,3840.0,260.0
58988910,16.24,16.2,2013-11-26,MMSI,MERIT MEDICAL SYSTEMS INC,3840.0,260.0
58988910,16.42,16.2,2013-11-27,MMSI,MERIT MEDICAL SYSTEMS INC,3840.0,260.0
58988910,16.37,16.53,2013-11-29,MMSI,MERIT MEDICAL SYSTEMS INC,3840.0,260.0
58988910,15.78,16.32,2013-12-02,MMSI,MERIT MEDICAL SYSTEMS INC,3840.0,260.0
58988910,15.9,15.77,2013-12-03,MMSI,MERIT MEDICAL SYSTEMS INC,3840.0,260.0
58988910,15.57,15.88,2013-12-04,MMSI,MERIT MEDICAL SYSTEMS INC,3840.0,260.0
58988910,15.72,15.53,2013-12-05,MMSI,MERIT MEDICAL SYSTEMS INC,3840.0,260.0
58988910,15.6,15.87,2013-12-06,MMSI,MERIT MEDICAL SYSTEMS INC,3840.0,260.0
58988910,15.6,15.56,2013-12-09,MMSI,MERIT MEDICAL SYSTEMS INC,3840.0,260.0
58988910,15.25,15.53,2013-12-10,MMSI,MERIT MEDICAL SYSTEMS INC,3840.0,260.0
58988910,15.28,15.45,2013-12-11,MMSI,MERIT MEDICAL SYSTEMS INC,3840.0,260.0
58988910,15.15,15.29,2013-12-12,MMSI,MERIT MEDICAL SYSTEMS INC,3840.0,260.0
58988910,15.17,15.15,2013-12-13,MMSI,MERIT MEDICAL SYSTEMS INC,3840.0,260.0
58988910,15.4,15.2,2013-12-16,MMSI,MERIT MEDICAL SYSTEMS INC,3840.0,260.0
58988910,15.14,15.35,2013-12-17,MMSI,MERIT MEDICAL SYSTEMS INC,3840.0,260.0
58988910,15.28,15.19,2013-12-18,MMSI,MERIT MEDICAL SYSTEMS INC,3840.0,260.0
58988910,14.73,15.26,2013-12-19,MMSI,MERIT MEDICAL SYSTEMS INC,3840.0,260.0
58988910,15.67,14.75,2013-12-20,MMSI,MERIT MEDICAL SYSTEMS INC,3840.0,260.0
58988910,15.84,15.72,2013-12-23,MMSI,MERIT MEDICAL SYSTEMS INC,3840.0,260.0
58988910,15.8,15.77,2013-12-24,MMSI,MERIT MEDICAL SYSTEMS INC,3840.0,260.0
58988910,15.71,15.84,2013-12-26,MMSI,MERIT MEDICAL SYSTEMS INC,3840.0,260.0
58988910,15.65,15.78,2013-12-27,MMSI,MERIT MEDICAL SYSTEMS INC,3840.0,260.0
58988910,15.61,15.61,2013-12-30,MMSI,MERIT MEDICAL SYSTEMS INC,3840.0,260.0
58988910,15.74,15.64,2013-12-31,MMSI,MERIT MEDICAL SYSTEMS INC,3840.0,260.0
58988910,15.19,15.63,2014-01-02,MMSI,MERIT MEDICAL SYSTEMS INC,3840.0,260.0
58988910,14.99,15.15,2014-01-03,MMSI,MERIT MEDICAL SYSTEMS INC,3840.0,260.0
58988910,14.67,15.05,2014-01-06,MMSI,MERIT MEDICAL SYSTEMS INC,3840.0,260.0
58988910,14.87,14.6,2014-01-07,MMSI,MERIT MEDICAL SYSTEMS INC,3840.0,260.0
58988910,15.08,14.81,2014-01-08,MMSI,MERIT MEDICAL SYSTEMS INC,3840.0,260.0
58988910,15.45,15.18,2014-01-09,MMSI,MERIT MEDICAL SYSTEMS INC,3840.0,260.0
58988910,15.7,15.47,2014-01-10,MMSI,MERIT MEDICAL SYSTEMS INC,3840.0,260.0
58988910,15.27,15.6,2014-01-13,MMSI,MERIT MEDICAL SYSTEMS INC,3840.0,260.0
58988910,15.64,15.29,2014-01-14,MMSI,MERIT MEDICAL SYSTEMS INC,3840.0,260.0
58988910,15.67,15.65,2014-01-15,MMSI,MERIT MEDICAL SYSTEMS INC,3840.0,260.0
58988910,15.65,15.6,2014-01-16,MMSI,MERIT MEDICAL SYSTEMS INC,3840.0,260.0
58988910,15.71,15.68,2014-01-17,MMSI,MERIT MEDICAL SYSTEMS INC,3840.0,260.0
58988910,15.53,15.8,2014-01-21,MMSI,MERIT MEDICAL SYSTEMS INC,3840.0,260.0
58988910,15.53,15.5,2014-01-22,MMSI,MERIT MEDICAL SYSTEMS INC,3840.0,260.0
58988910,15.33,15.41,2014-01-23,MMSI,MERIT MEDICAL SYSTEMS INC,3840.0,260.0
58988910,15.0,15.19,2014-01-24,MMSI,MERIT MEDICAL SYSTEMS INC,3840.0,260.0
58988910,14.85,14.98,2014-01-27,MMSI,MERIT MEDICAL SYSTEMS INC,3840.0,260.0
58988910,14.63,14.87,2014-01-28,MMSI,MERIT MEDICAL SYSTEMS INC,3840.0,260.0
58988910,14.46,14.55,2014-01-29,MMSI,MERIT MEDICAL SYSTEMS INC,3840.0,260.0
58988910,14.61,14.57,2014-01-30,MMSI,MERIT MEDICAL SYSTEMS INC,3840.0,260.0
58988910,14.37,14.32,2014-01-31,MMSI,MERIT MEDICAL SYSTEMS INC,3840.0,260.0
58988910,13.84,14.26,2014-02-03,MMSI,MERIT MEDICAL SYSTEMS INC,3840.0,260.0
58988910,13.76,13.87,2014-02-04,MMSI,MERIT MEDICAL SYSTEMS INC,3840.0,260.0
58988910,13.62,13.68,2014-02-05,MMSI,MERIT MEDICAL SYSTEMS INC,3840.0,260.0
58988910,13.65,13.62,2014-02-06,MMSI,MERIT MEDICAL SYSTEMS INC,3840.0,260.0
58988910,14.24,13.73,2014-02-07,MMSI,MERIT MEDICAL SYSTEMS INC,3840.0,260.0
58988910,14.32,14.27,2014-02-10,MMSI,MERIT MEDICAL SYSTEMS INC,3840.0,260.0
58988910,14.51,14.38,2014-02-11,MMSI,MERIT MEDICAL SYSTEMS INC,3840.0,260.0
58988910,14.73,14.48,2014-02-12,MMSI,MERIT MEDICAL SYSTEMS INC,3840.0,260.0
58988910,14.76,14.58,2014-02-13,MMSI,MERIT MEDICAL SYSTEMS INC,3840.0,260.0
58988910,14.74,14.76,2014-02-14,MMSI,MERIT MEDICAL SYSTEMS INC,3840.0,260.0
58988910,14.83,14.73,2014-02-18,MMSI,MERIT MEDICAL SYSTEMS INC,3840.0,260.0
58988910,14.7,14.8,2014-02-19,MMSI,MERIT MEDICAL SYSTEMS INC,3840.0,260.0
58988910,15.22,14.77,2014-02-20,MMSI,MERIT MEDICAL SYSTEMS INC,3840.0,260.0
58988910,15.03,15.32,2014-02-21,MMSI,MERIT MEDICAL SYSTEMS INC,3840.0,260.0
58988910,15.36,15.35,2014-02-24,MMSI,MERIT MEDICAL SYSTEMS INC,3840.0,260.0
58988910,15.21,16.07,2014-02-25,MMSI,MERIT MEDICAL SYSTEMS INC,3840.0,260.0
58988910,15.3,15.17,2014-02-26,MMSI,MERIT MEDICAL SYSTEMS INC,3840.0,260.0
58988910,15.34,15.21,2014-02-27,MMSI,MERIT MEDICAL SYSTEMS INC,3840.0,260.0
58988910,15.09,15.37,2014-02-28,MMSI,MERIT MEDICAL SYSTEMS INC,3840.0,260.0
58988910,15.15,14.89,2014-03-03,MMSI,MERIT MEDICAL SYSTEMS INC,3840.0,260.0
58988910,15.45,15.14,2014-03-04,MMSI,MERIT MEDICAL SYSTEMS INC,3840.0,260.0
58988910,14.97,15.39,2014-03-05,MMSI,MERIT MEDICAL SYSTEMS INC,3840.0,260.0
58988910,14.83,15.02,2014-03-06,MMSI,MERIT MEDICAL SYSTEMS INC,3840.0,260.0
58988910,14.64,14.94,2014-03-07,MMSI,MERIT MEDICAL SYSTEMS INC,3840.0,260.0
58988910,14.76,14.57,2014-03-10,MMSI,MERIT MEDICAL SYSTEMS INC,3840.0,260.0
58988910,15.12,14.73,2014-03-11,MMSI,MERIT MEDICAL SYSTEMS INC,3840.0,260.0
58988910,15.0,15.02,2014-03-12,MMSI,MERIT MEDICAL SYSTEMS INC,3840.0,260.0
58988910,14.79,15.08,2014-03-13,MMSI,MERIT MEDICAL SYSTEMS INC,3840.0,260.0
58988910,14.73,14.7,2014-03-14,MMSI,MERIT MEDICAL SYSTEMS INC,3840.0,260.0
58988910,15.02,14.82,2014-03-17,MMSI,MERIT MEDICAL SYSTEMS INC,3840.0,260.0
58988910,15.22,14.97,2014-03-18,MMSI,MERIT MEDICAL SYSTEMS INC,3840.0,260.0
58988910,14.96,15.15,2014-03-19,MMSI,MERIT MEDICAL SYSTEMS INC,3840.0,260.0
58988910,14.87,14.89,2014-03-20,MMSI,MERIT MEDICAL SYSTEMS INC,3840.0,260.0
58988910,14.82,14.97,2014-03-21,MMSI,MERIT MEDICAL SYSTEMS INC,3840.0,260.0
58988910,14.54,14.84,2014-03-24,MMSI,MERIT MEDICAL SYSTEMS INC,3840.0,260.0
58988910,14.46,14.64,2014-03-25,MMSI,MERIT MEDICAL SYSTEMS INC,3840.0,260.0
58988910,13.93,14.54,2014-03-26,MMSI,MERIT MEDICAL SYSTEMS INC,3840.0,260.0
58988910,14.14,13.96,2014-03-27,MMSI,MERIT MEDICAL SYSTEMS INC,3840.0,260.0
58988910,13.82,14.14,2014-03-28,MMSI,MERIT MEDICAL SYSTEMS INC,3840.0,260.0
58988910,14.3,13.89,2014-03-31,MMSI,MERIT MEDICAL SYSTEMS INC,3840.0,260.0
58988910,14.72,14.36,2014-04-01,MMSI,MERIT MEDICAL SYSTEMS INC,3840.0,260.0
58988910,14.81,14.75,2014-04-02,MMSI,MERIT MEDICAL SYSTEMS INC,3840.0,260.0
58988910,14.83,14.85,2014-04-03,MMSI,MERIT MEDICAL SYSTEMS INC,3840.0,260.0
58988910,14.38,14.97,2014-04-04,MMSI,MERIT MEDICAL SYSTEMS INC,3840.0,260.0
58988910,14.3,14.3,2014-04-07,MMSI,MERIT MEDICAL SYSTEMS INC,3840.0,260.0
58988910,14.32,14.28,2014-04-08,MMSI,MERIT MEDICAL SYSTEMS INC,3840.0,260.0
58988910,14.61,14.36,2014-04-09,MMSI,MERIT MEDICAL SYSTEMS INC,3840.0,260.0
58988910,14.01,14.55,2014-04-10,MMSI,MERIT MEDICAL SYSTEMS INC,3840.0,260.0
58988910,13.5,13.86,2014-04-11,MMSI,MERIT MEDICAL SYSTEMS INC,3840.0,260.0
58988910,13.56,13.68,2014-04-14,MMSI,MERIT MEDICAL SYSTEMS INC,3840.0,260.0
58988910,13.48,13.66,2014-04-15,MMSI,MERIT MEDICAL SYSTEMS INC,3840.0,260.0
58988910,13.43,13.63,2014-04-16,MMSI,MERIT MEDICAL SYSTEMS INC,3840.0,260.0
58988910,13.05,13.43,2014-04-17,MMSI,MERIT MEDICAL SYSTEMS INC,3840.0,260.0
58988910,13.33,13.07,2014-04-21,MMSI,MERIT MEDICAL SYSTEMS INC,3840.0,260.0
58988910,13.14,13.38,2014-04-22,MMSI,MERIT MEDICAL SYSTEMS INC,3840.0,260.0
58988910,13.25,13.14,2014-04-23,MMSI,MERIT MEDICAL SYSTEMS INC,3840.0,260.0
58988910,13.76,13.3,2014-04-24,MMSI,MERIT MEDICAL SYSTEMS INC,3840.0,260.0
58988910,12.54,13.25,2014-04-25,MMSI,MERIT MEDICAL SYSTEMS INC,3840.0,260.0
58988910,13.03,12.59,2014-04-28,MMSI,MERIT MEDICAL SYSTEMS INC,3840.0,260.0
58988910,13.0,13.12,2014-04-29,MMSI,MERIT MEDICAL SYSTEMS INC,3840.0,260.0
58988910,12.87,12.9,2014-04-30,MMSI,MERIT MEDICAL SYSTEMS INC,3840.0,260.0
58988910,12.95,12.87,2014-05-01,MMSI,MERIT MEDICAL SYSTEMS INC,3840.0,260.0
58988910,13.28,13.04,2014-05-02,MMSI,MERIT MEDICAL SYSTEMS INC,3840.0,260.0
58988910,13.21,13.15,2014-05-05,MMSI,MERIT MEDICAL SYSTEMS INC,3840.0,260.0
58988910,12.82,13.14,2014-05-06,MMSI,MERIT MEDICAL SYSTEMS INC,3840.0,260.0
58988910,12.93,12.88,2014-05-07,MMSI,MERIT MEDICAL SYSTEMS INC,3840.0,260.0
58988910,12.75,12.91,2014-05-08,MMSI,MERIT MEDICAL SYSTEMS INC,3840.0,260.0
58988910,13.02,12.67,2014-05-09,MMSI,MERIT MEDICAL SYSTEMS INC,3840.0,260.0
58988910,13.53,13.1,2014-05-12,MMSI,MERIT MEDICAL SYSTEMS INC,3840.0,260.0
58988910,13.47,13.54,2014-05-13,MMSI,MERIT MEDICAL SYSTEMS INC,3840.0,260.0
58988910,13.58,13.42,2014-05-14,MMSI,MERIT MEDICAL SYSTEMS INC,3840.0,260.0
58988910,13.94,13.53,2014-05-15,MMSI,MERIT MEDICAL SYSTEMS INC,3840.0,260.0
58988910,13.82,13.92,2014-05-16,MMSI,MERIT MEDICAL SYSTEMS INC,3840.0,260.0
58988910,13.925,13.8,2014-05-19,MMSI,MERIT MEDICAL SYSTEMS INC,3840.0,260.0
58988910,13.96,13.86,2014-05-20,MMSI,MERIT MEDICAL SYSTEMS INC,3840.0,260.0
58988910,14.01,14.02,2014-05-21,MMSI,MERIT MEDICAL SYSTEMS INC,3840.0,260.0
58988910,14.05,14.06,2014-05-22,MMSI,MERIT MEDICAL SYSTEMS INC,3840.0,260.0
58988910,14.03,14.06,2014-05-23,MMSI,MERIT MEDICAL SYSTEMS INC,3840.0,260.0
58988910,14.12,14.17,2014-05-27,MMSI,MERIT MEDICAL SYSTEMS INC,3840.0,260.0
58988910,13.99,14.13,2014-05-28,MMSI,MERIT MEDICAL SYSTEMS INC,3840.0,260.0
58988910,14.01,14.1,2014-05-29,MMSI,MERIT MEDICAL SYSTEMS INC,3840.0,260.0
58988910,14.03,14.06,2014-05-30,MMSI,MERIT MEDICAL SYSTEMS INC,3840.0,260.0
58988910,14.0,14.03,2014-06-02,MMSI,MERIT MEDICAL SYSTEMS INC,3840.0,260.0
58988910,13.99,13.94,2014-06-03,MMSI,MERIT MEDICAL SYSTEMS INC,3840.0,260.0
58988910,13.98,13.9,2014-06-04,MMSI,MERIT MEDICAL SYSTEMS INC,3840.0,260.0
58988910,14.08,13.97,2014-06-05,MMSI,MERIT MEDICAL SYSTEMS INC,3840.0,260.0
58988910,14.04,14.13,2014-06-06,MMSI,MERIT MEDICAL SYSTEMS INC,3840.0,260.0
58988910,14.17,14.02,2014-06-09,MMSI,MERIT MEDICAL SYSTEMS INC,3840.0,260.0
58988910,14.01,14.13,2014-06-10,MMSI,MERIT MEDICAL SYSTEMS INC,3840.0,260.0
58988910,13.99,13.94,2014-06-11,MMSI,MERIT MEDICAL SYSTEMS INC,3840.0,260.0
58988910,14.05,13.93,2014-06-12,MMSI,MERIT MEDICAL SYSTEMS INC,3840.0,260.0
58988910,14.0,14.1,2014-06-13,MMSI,MERIT MEDICAL SYSTEMS INC,3840.0,260.0
58988910,13.98,14.02,2014-06-16,MMSI,MERIT MEDICAL SYSTEMS INC,3840.0,260.0
58988910,14.06,14.01,2014-06-17,MMSI,MERIT MEDICAL SYSTEMS INC,3840.0,260.0
58988910,14.19,14.09,2014-06-18,MMSI,MERIT MEDICAL SYSTEMS INC,3840.0,260.0
58988910,14.635,14.25,2014-06-19,MMSI,MERIT MEDICAL SYSTEMS INC,3840.0,260.0
58988910,14.3,14.72,2014-06-20,MMSI,MERIT MEDICAL SYSTEMS INC,3840.0,260.0
58988910,14.14,14.59,2014-06-23,MMSI,MERIT MEDICAL SYSTEMS INC,3840.0,260.0
58988910,14.01,14.09,2014-06-24,MMSI,MERIT MEDICAL SYSTEMS INC,3840.0,260.0
58988910,14.35,13.95,2014-06-25,MMSI,MERIT MEDICAL SYSTEMS INC,3840.0,260.0
58988910,14.85,14.47,2014-06-26,MMSI,MERIT MEDICAL SYSTEMS INC,3840.0,260.0
58988910,15.2,14.77,2014-06-27,MMSI,MERIT MEDICAL SYSTEMS INC,3840.0,260.0
58988910,15.1,15.96,2014-06-30,MMSI,MERIT MEDICAL SYSTEMS INC,3840.0,260.0
58988910,15.5,15.18,2014-07-01,MMSI,MERIT MEDICAL SYSTEMS INC,3840.0,260.0
58988910,15.51,15.43,2014-07-02,MMSI,MERIT MEDICAL SYSTEMS INC,3840.0,260.0
58988910,15.76,15.58,2014-07-03,MMSI,MERIT MEDICAL SYSTEMS INC,3840.0,260.0
58988910,15.18,15.67,2014-07-07,MMSI,MERIT MEDICAL SYSTEMS INC,3840.0,260.0
58988910,14.97,15.46,2014-07-08,MMSI,MERIT MEDICAL SYSTEMS INC,3840.0,260.0
58988910,15.04,14.98,2014-07-09,MMSI,MERIT MEDICAL SYSTEMS INC,3840.0,260.0
58988910,15.02,15.19,2014-07-10,MMSI,MERIT MEDICAL SYSTEMS INC,3840.0,260.0
58988910,15.02,14.98,2014-07-11,MMSI,MERIT MEDICAL SYSTEMS INC,3840.0,260.0
58988910,15.09,15.15,2014-07-14,MMSI,MERIT MEDICAL SYSTEMS INC,3840.0,260.0
58988910,14.95,15.07,2014-07-15,MMSI,MERIT MEDICAL SYSTEMS INC,3840.0,260.0
58988910,14.98,14.99,2014-07-16,MMSI,MERIT MEDICAL SYSTEMS INC,3840.0,260.0
58988910,14.3,14.86,2014-07-17,MMSI,MERIT MEDICAL SYSTEMS INC,3840.0,260.0
58988910,14.8,14.28,2014-07-18,MMSI,MERIT MEDICAL SYSTEMS INC,3840.0,260.0
58988910,14.8,14.68,2014-07-21,MMSI,MERIT MEDICAL SYSTEMS INC,3840.0,260.0
58988910,14.86,14.9,2014-07-22,MMSI,MERIT MEDICAL SYSTEMS INC,3840.0,260.0
58988910,15.04,14.94,2014-07-23,MMSI,MERIT MEDICAL SYSTEMS INC,3840.0,260.0
58988910,15.04,15.23,2014-07-24,MMSI,MERIT MEDICAL SYSTEMS INC,3840.0,260.0
58988910,14.82,14.92,2014-07-25,MMSI,MERIT MEDICAL SYSTEMS INC,3840.0,260.0
58988910,14.94,14.83,2014-07-28,MMSI,MERIT MEDICAL SYSTEMS INC,3840.0,260.0
58988910,14.74,14.98,2014-07-29,MMSI,MERIT MEDICAL SYSTEMS INC,3840.0,260.0
58988910,12.79,12.01,2014-07-30,MMSI,MERIT MEDICAL SYSTEMS INC,3840.0,260.0
58988910,12.84,12.65,2014-07-31,MMSI,MERIT MEDICAL SYSTEMS INC,3840.0,260.0
58988910,12.9,12.85,2014-08-01,MMSI,MERIT MEDICAL SYSTEMS INC,3840.0,260.0
58988910,12.9,12.95,2014-08-04,MMSI,MERIT MEDICAL SYSTEMS INC,3840.0,260.0
58988910,12.74,12.83,2014-08-05,MMSI,MERIT MEDICAL SYSTEMS INC,3840.0,260.0
58988910,12.8,12.68,2014-08-06,MMSI,MERIT MEDICAL SYSTEMS INC,3840.0,260.0
58988910,12.65,12.83,2014-08-07,MMSI,MERIT MEDICAL SYSTEMS INC,3840.0,260.0
58988910,12.59,12.64,2014-08-08,MMSI,MERIT MEDICAL SYSTEMS INC,3840.0,260.0
58988910,12.6,12.65,2014-08-11,MMSI,MERIT MEDICAL SYSTEMS INC,3840.0,260.0
58988910,12.6,12.57,2014-08-12,MMSI,MERIT MEDICAL SYSTEMS INC,3840.0,260.0
58988910,12.73,12.6,2014-08-13,MMSI,MERIT MEDICAL SYSTEMS INC,3840.0,260.0
58988910,12.61,12.75,2014-08-14,MMSI,MERIT MEDICAL SYSTEMS INC,3840.0,260.0
58988910,12.62,12.76,2014-08-15,MMSI,MERIT MEDICAL SYSTEMS INC,3840.0,260.0
58988910,12.71,12.77,2014-08-18,MMSI,MERIT MEDICAL SYSTEMS INC,3840.0,260.0
58988910,12.8,12.76,2014-08-19,MMSI,MERIT MEDICAL SYSTEMS INC,3840.0,260.0
58988910,12.49,12.75,2014-08-20,MMSI,MERIT MEDICAL SYSTEMS INC,3840.0,260.0
58988910,12.32,12.5,2014-08-21,MMSI,MERIT MEDICAL SYSTEMS INC,3840.0,260.0
58988910,12.22,12.32,2014-08-22,MMSI,MERIT MEDICAL SYSTEMS INC,3840.0,260.0
58988910,12.39,12.32,2014-08-25,MMSI,MERIT MEDICAL SYSTEMS INC,3840.0,260.0
58988910,12.62,12.46,2014-08-26,MMSI,MERIT MEDICAL SYSTEMS INC,3840.0,260.0
58988910,12.44,12.6,2014-08-27,MMSI,MERIT MEDICAL SYSTEMS INC,3840.0,260.0
58988910,12.34,12.41,2014-08-28,MMSI,MERIT MEDICAL SYSTEMS INC,3840.0,260.0
58988910,12.51,12.35,2014-08-29,MMSI,MERIT MEDICAL SYSTEMS INC,3840.0,260.0
58988910,12.64,12.55,2014-09-02,MMSI,MERIT MEDICAL SYSTEMS INC,3840.0,260.0
58988910,12.44,12.7,2014-09-03,MMSI,MERIT MEDICAL SYSTEMS INC,3840.0,260.0
58988910,12.28,12.43,2014-09-04,MMSI,MERIT MEDICAL SYSTEMS INC,3840.0,260.0
58988910,12.01,12.23,2014-09-05,MMSI,MERIT MEDICAL SYSTEMS INC,3840.0,260.0
58988910,12.35,12.0,2014-09-08,MMSI,MERIT MEDICAL SYSTEMS INC,3840.0,260.0
58988910,12.19,12.31,2014-09-09,MMSI,MERIT MEDICAL SYSTEMS INC,3840.0,260.0
58988910,12.34,12.18,2014-09-10,MMSI,MERIT MEDICAL SYSTEMS INC,3840.0,260.0
58988910,12.38,12.32,2014-09-11,MMSI,MERIT MEDICAL SYSTEMS INC,3840.0,260.0
58988910,12.62,12.41,2014-09-12,MMSI,MERIT MEDICAL SYSTEMS INC,3840.0,260.0
58988910,12.31,12.64,2014-09-15,MMSI,MERIT MEDICAL SYSTEMS INC,3840.0,260.0
58988910,12.38,12.31,2014-09-16,MMSI,MERIT MEDICAL SYSTEMS INC,3840.0,260.0
58988910,12.54,12.42,2014-09-17,MMSI,MERIT MEDICAL SYSTEMS INC,3840.0,260.0
58988910,12.81,12.58,2014-09-18,MMSI,MERIT MEDICAL SYSTEMS INC,3840.0,260.0
58988910,12.46,12.84,2014-09-19,MMSI,MERIT MEDICAL SYSTEMS INC,3840.0,260.0
58988910,12.28,12.4,2014-09-22,MMSI,MERIT MEDICAL SYSTEMS INC,3840.0,260.0
58988910,12.07,12.22,2014-09-23,MMSI,MERIT MEDICAL SYSTEMS INC,3840.0,260.0
58988910,12.17,12.11,2014-09-24,MMSI,MERIT MEDICAL SYSTEMS INC,3840.0,260.0
58988910,11.99,12.14,2014-09-25,MMSI,MERIT MEDICAL SYSTEMS INC,3840.0,260.0
58988910,12.01,11.97,2014-09-26,MMSI,MERIT MEDICAL SYSTEMS INC,3840.0,260.0
58988910,12.0,11.88,2014-09-29,MMSI,MERIT MEDICAL SYSTEMS INC,3840.0,260.0
58988910,11.88,12.02,2014-09-30,MMSI,MERIT MEDICAL SYSTEMS INC,3840.0,260.0
58988910,11.7,11.82,2014-10-01,MMSI,MERIT MEDICAL SYSTEMS INC,3840.0,260.0
58988910,12.17,11.72,2014-10-02,MMSI,MERIT MEDICAL SYSTEMS INC,3840.0,260.0
58988910,12.06,12.31,2014-10-03,MMSI,MERIT MEDICAL SYSTEMS INC,3840.0,260.0
58988910,12.08,12.08,2014-10-06,MMSI,MERIT MEDICAL SYSTEMS INC,3840.0,260.0
58988910,12.01,12.02,2014-10-07,MMSI,MERIT MEDICAL SYSTEMS INC,3840.0,260.0
58988910,12.35,12.0,2014-10-08,MMSI,MERIT MEDICAL SYSTEMS INC,3840.0,260.0
58988910,12.0,12.31,2014-10-09,MMSI,MERIT MEDICAL SYSTEMS INC,3840.0,260.0
58988910,12.0,11.92,2014-10-10,MMSI,MERIT MEDICAL SYSTEMS INC,3840.0,260.0
58988910,12.33,12.12,2014-10-13,MMSI,MERIT MEDICAL SYSTEMS INC,3840.0,260.0
58988910,12.43,12.47,2014-10-14,MMSI,MERIT MEDICAL SYSTEMS INC,3840.0,260.0
58988910,12.61,12.27,2014-10-15,MMSI,MERIT MEDICAL SYSTEMS INC,3840.0,260.0
58988910,12.74,12.49,2014-10-16,MMSI,MERIT MEDICAL SYSTEMS INC,3840.0,260.0
58988910,12.57,12.92,2014-10-17,MMSI,MERIT MEDICAL SYSTEMS INC,3840.0,260.0
58988910,12.61,12.47,2014-10-20,MMSI,MERIT MEDICAL SYSTEMS INC,3840.0,260.0
58988910,12.74,12.64,2014-10-21,MMSI,MERIT MEDICAL SYSTEMS INC,3840.0,260.0
58988910,12.78,12.8,2014-10-22,MMSI,MERIT MEDICAL SYSTEMS INC,3840.0,260.0
58988910,12.88,12.95,2014-10-23,MMSI,MERIT MEDICAL SYSTEMS INC,3840.0,260.0
58988910,14.89,13.96,2014-10-24,MMSI,MERIT MEDICAL SYSTEMS INC,3840.0,260.0
58988910,14.77,14.76,2014-10-27,MMSI,MERIT MEDICAL SYSTEMS INC,3840.0,260.0
58988910,15.0,14.88,2014-10-28,MMSI,MERIT MEDICAL SYSTEMS INC,3840.0,260.0
58988910,15.01,15.01,2014-10-29,MMSI,MERIT MEDICAL SYSTEMS INC,3840.0,260.0
58988910,15.06,14.88,2014-10-30,MMSI,MERIT MEDICAL SYSTEMS INC,3840.0,260.0
58988910,15.15,15.59,2014-10-31,MMSI,MERIT MEDICAL SYSTEMS INC,3840.0,260.0
58988910,15.14,15.12,2014-11-03,MMSI,MERIT MEDICAL SYSTEMS INC,3840.0,260.0
58988910,15.09,15.07,2014-11-04,MMSI,MERIT MEDICAL SYSTEMS INC,3840.0,260.0
58988910,15.13,15.11,2014-11-05,MMSI,MERIT MEDICAL SYSTEMS INC,3840.0,260.0
58988910,15.31,15.1,2014-11-06,MMSI,MERIT MEDICAL SYSTEMS INC,3840.0,260.0
58988910,14.94,15.3,2014-11-07,MMSI,MERIT MEDICAL SYSTEMS INC,3840.0,260.0
58988910,15.19,14.91,2014-11-10,MMSI,MERIT MEDICAL SYSTEMS INC,3840.0,260.0
58988910,15.25,15.18,2014-11-11,MMSI,MERIT MEDICAL SYSTEMS INC,3840.0,260.0
58988910,15.4,15.13,2014-11-12,MMSI,MERIT MEDICAL SYSTEMS INC,3840.0,260.0
58988910,15.04,15.42,2014-11-13,MMSI,MERIT MEDICAL SYSTEMS INC,3840.0,260.0
58988910,14.96,15.06,2014-11-14,MMSI,MERIT MEDICAL SYSTEMS INC,3840.0,260.0
58988910,14.86,14.92,2014-11-17,MMSI,MERIT MEDICAL SYSTEMS INC,3840.0,260.0
58988910,14.8,14.9,2014-11-18,MMSI,MERIT MEDICAL SYSTEMS INC,3840.0,260.0
58988910,14.65,14.83,2014-11-19,MMSI,MERIT MEDICAL SYSTEMS INC,3840.0,260.0
58988910,14.81,14.55,2014-11-20,MMSI,MERIT MEDICAL SYSTEMS INC,3840.0,260.0
58988910,14.72,14.99,2014-11-21,MMSI,MERIT MEDICAL SYSTEMS INC,3840.0,260.0
58988910,15.0,14.8,2014-11-24,MMSI,MERIT MEDICAL SYSTEMS INC,3840.0,260.0
58988910,15.12,14.98,2014-11-25,MMSI,MERIT MEDICAL SYSTEMS INC,3840.0,260.0
58988910,14.95,15.13,2014-11-26,MMSI,MERIT MEDICAL SYSTEMS INC,3840.0,260.0
58988910,14.8,15.0,2014-11-28,MMSI,MERIT MEDICAL SYSTEMS INC,3840.0,260.0
58988910,14.84,14.73,2014-12-01,MMSI,MERIT MEDICAL SYSTEMS INC,3840.0,260.0
58988910,15.025,14.87,2014-12-02,MMSI,MERIT MEDICAL SYSTEMS INC,3840.0,260.0
58988910,15.02,15.07,2014-12-03,MMSI,MERIT MEDICAL SYSTEMS INC,3840.0,260.0
58988910,15.16,15.03,2014-12-04,MMSI,MERIT MEDICAL SYSTEMS INC,3840.0,260.0
58988910,15.57,15.17,2014-12-05,MMSI,MERIT MEDICAL SYSTEMS INC,3840.0,260.0
58988910,15.83,15.54,2014-12-08,MMSI,MERIT MEDICAL SYSTEMS INC,3840.0,260.0
58988910,16.53,15.65,2014-12-09,MMSI,MERIT MEDICAL SYSTEMS INC,3840.0,260.0
58988910,16.44,16.48,2014-12-10,MMSI,MERIT MEDICAL SYSTEMS INC,3840.0,260.0
58988910,16.39,16.49,2014-12-11,MMSI,MERIT MEDICAL SYSTEMS INC,3840.0,260.0
58988910,16.41,16.28,2014-12-12,MMSI,MERIT MEDICAL SYSTEMS INC,3840.0,260.0
58988910,16.19,16.51,2014-12-15,MMSI,MERIT MEDICAL SYSTEMS INC,3840.0,260.0
58988910,16.3,16.18,2014-12-16,MMSI,MERIT MEDICAL SYSTEMS INC,3840.0,260.0
58988910,16.84,16.39,2014-12-17,MMSI,MERIT MEDICAL SYSTEMS INC,3840.0,260.0
58988910,17.03,17.0,2014-12-18,MMSI,MERIT MEDICAL SYSTEMS INC,3840.0,260.0
58988910,16.8,16.99,2014-12-19,MMSI,MERIT MEDICAL SYSTEMS INC,3840.0,260.0
58988910,17.13,16.79,2014-12-22,MMSI,MERIT MEDICAL SYSTEMS INC,3840.0,260.0
58988910,17.16,17.16,2014-12-23,MMSI,MERIT MEDICAL SYSTEMS INC,3840.0,260.0
58988910,17.17,17.24,2014-12-24,MMSI,MERIT MEDICAL SYSTEMS INC,3840.0,260.0
58988910,17.35,17.24,2014-12-26,MMSI,MERIT MEDICAL SYSTEMS INC,3840.0,260.0
58988910,17.49,17.33,2014-12-29,MMSI,MERIT MEDICAL SYSTEMS INC,3840.0,260.0
58988910,17.53,17.5,2014-12-30,MMSI,MERIT MEDICAL SYSTEMS INC,3840.0,260.0
58988910,17.33,17.61,2014-12-31,MMSI,MERIT MEDICAL SYSTEMS INC,3840.0,260.0
58988910,16.88,17.44,2015-01-02,MMSI,MERIT MEDICAL SYSTEMS INC,3840.0,260.0
58988910,16.47,16.73,2015-01-05,MMSI,MERIT MEDICAL SYSTEMS INC,3840.0,260.0
58988910,16.27,16.39,2015-01-06,MMSI,MERIT MEDICAL SYSTEMS INC,3840.0,260.0
58988910,16.63,16.32,2015-01-07,MMSI,MERIT MEDICAL SYSTEMS INC,3840.0,260.0
58988910,16.65,16.74,2015-01-08,MMSI,MERIT MEDICAL SYSTEMS INC,3840.0,260.0
58988910,16.98,16.67,2015-01-09,MMSI,MERIT MEDICAL SYSTEMS INC,3840.0,260.0
58988910,16.6,16.93,2015-01-12,MMSI,MERIT MEDICAL SYSTEMS INC,3840.0,260.0
58988910,16.76,16.65,2015-01-13,MMSI,MERIT MEDICAL SYSTEMS INC,3840.0,260.0
58988910,16.61,16.54,2015-01-14,MMSI,MERIT MEDICAL SYSTEMS INC,3840.0,260.0
58988910,16.22,16.61,2015-01-15,MMSI,MERIT MEDICAL SYSTEMS INC,3840.0,260.0
58988910,16.22,16.15,2015-01-16,MMSI,MERIT MEDICAL SYSTEMS INC,3840.0,260.0
58988910,16.0,16.22,2015-01-20,MMSI,MERIT MEDICAL SYSTEMS INC,3840.0,260.0
58988910,15.91,15.94,2015-01-21,MMSI,MERIT MEDICAL SYSTEMS INC,3840.0,260.0
58988910,16.0,15.86,2015-01-22,MMSI,MERIT MEDICAL SYSTEMS INC,3840.0,260.0
58988910,15.83,16.05,2015-01-23,MMSI,MERIT MEDICAL SYSTEMS INC,3840.0,260.0
58988910,15.96,15.79,2015-01-26,MMSI,MERIT MEDICAL SYSTEMS INC,3840.0,260.0
58988910,15.9,15.69,2015-01-27,MMSI,MERIT MEDICAL SYSTEMS INC,3840.0,260.0
58988910,15.39,15.92,2015-01-28,MMSI,MERIT MEDICAL SYSTEMS INC,3840.0,260.0
58988910,15.61,15.43,2015-01-29,MMSI,MERIT MEDICAL SYSTEMS INC,3840.0,260.0
58988910,15.33,15.49,2015-01-30,MMSI,MERIT MEDICAL SYSTEMS INC,3840.0,260.0
58988910,16.72,16.0,2015-02-02,MMSI,MERIT MEDICAL SYSTEMS INC,3840.0,260.0
58988910,16.95,16.71,2015-02-03,MMSI,MERIT MEDICAL SYSTEMS INC,3840.0,260.0
58988910,17.11,16.98,2015-02-04,MMSI,MERIT MEDICAL SYSTEMS INC,3840.0,260.0
58988910,17.35,17.22,2015-02-05,MMSI,MERIT MEDICAL SYSTEMS INC,3840.0,260.0
58988910,17.5,17.43,2015-02-06,MMSI,MERIT MEDICAL SYSTEMS INC,3840.0,260.0
58988910,17.36,17.49,2015-02-09,MMSI,MERIT MEDICAL SYSTEMS INC,3840.0,260.0
58988910,17.4,17.45,2015-02-10,MMSI,MERIT MEDICAL SYSTEMS INC,3840.0,260.0
58988910,17.43,17.35,2015-02-11,MMSI,MERIT MEDICAL SYSTEMS INC,3840.0,260.0
58988910,17.43,17.57,2015-02-12,MMSI,MERIT MEDICAL SYSTEMS INC,3840.0,260.0
58988910,17.27,17.44,2015-02-13,MMSI,MERIT MEDICAL SYSTEMS INC,3840.0,260.0
58988910,17.41,17.34,2015-02-17,MMSI,MERIT MEDICAL SYSTEMS INC,3840.0,260.0
58988910,17.49,17.41,2015-02-18,MMSI,MERIT MEDICAL SYSTEMS INC,3840.0,260.0
58988910,17.83,17.39,2015-02-19,MMSI,MERIT MEDICAL SYSTEMS INC,3840.0,260.0
58988910,17.84,17.76,2015-02-20,MMSI,MERIT MEDICAL SYSTEMS INC,3840.0,260.0
58988910,18.07,17.83,2015-02-23,MMSI,MERIT MEDICAL SYSTEMS INC,3840.0,260.0
58988910,18.21,18.05,2015-02-24,MMSI,MERIT MEDICAL SYSTEMS INC,3840.0,260.0
58988910,19.47,18.06,2015-02-25,MMSI,MERIT MEDICAL SYSTEMS INC,3840.0,260.0
58988910,19.69,19.43,2015-02-26,MMSI,MERIT MEDICAL SYSTEMS INC,3840.0,260.0
58988910,19.61,19.6,2015-02-27,MMSI,MERIT MEDICAL SYSTEMS INC,3840.0,260.0
58988910,19.74,19.64,2015-03-02,MMSI,MERIT MEDICAL SYSTEMS INC,3840.0,260.0
58988910,19.47,19.63,2015-03-03,MMSI,MERIT MEDICAL SYSTEMS INC,3840.0,260.0
58988910,19.55,19.34,2015-03-04,MMSI,MERIT MEDICAL SYSTEMS INC,3840.0,260.0
58988910,19.5,19.58,2015-03-05,MMSI,MERIT MEDICAL SYSTEMS INC,3840.0,260.0
58988910,19.15,19.45,2015-03-06,MMSI,MERIT MEDICAL SYSTEMS INC,3840.0,260.0
58988910,19.16,19.21,2015-03-09,MMSI,MERIT MEDICAL SYSTEMS INC,3840.0,260.0
58988910,19.1,18.95,2015-03-10,MMSI,MERIT MEDICAL SYSTEMS INC,3840.0,260.0
58988910,19.12,19.15,2015-03-11,MMSI,MERIT MEDICAL SYSTEMS INC,3840.0,260.0
58988910,19.5,19.18,2015-03-12,MMSI,MERIT MEDICAL SYSTEMS INC,3840.0,260.0
58988910,19.35,19.5,2015-03-13,MMSI,MERIT MEDICAL SYSTEMS INC,3840.0,260.0
58988910,19.6,19.5,2015-03-16,MMSI,MERIT MEDICAL SYSTEMS INC,3840.0,260.0
58988910,19.69,19.55,2015-03-17,MMSI,MERIT MEDICAL SYSTEMS INC,3840.0,260.0
58988910,19.38,19.62,2015-03-18,MMSI,MERIT MEDICAL SYSTEMS INC,3840.0,260.0
58988910,19.42,19.31,2015-03-19,MMSI,MERIT MEDICAL SYSTEMS INC,3840.0,260.0
58988910,19.4,19.43,2015-03-20,MMSI,MERIT MEDICAL SYSTEMS INC,3840.0,260.0
58988910,19.58,19.37,2015-03-23,MMSI,MERIT MEDICAL SYSTEMS INC,3840.0,260.0
58988910,19.18,19.6,2015-03-24,MMSI,MERIT MEDICAL SYSTEMS INC,3840.0,260.0
58988910,18.75,19.22,2015-03-25,MMSI,MERIT MEDICAL SYSTEMS INC,3840.0,260.0
58988910,18.62,18.66,2015-03-26,MMSI,MERIT MEDICAL SYSTEMS INC,3840.0,260.0
58988910,18.9,18.58,2015-03-27,MMSI,MERIT MEDICAL SYSTEMS INC,3840.0,260.0
58988910,19.25,18.91,2015-03-30,MMSI,MERIT MEDICAL SYSTEMS INC,3840.0,260.0
58988910,19.25,19.19,2015-03-31,MMSI,MERIT MEDICAL SYSTEMS INC,3840.0,260.0
58988910,19.28,19.18,2015-04-01,MMSI,MERIT MEDICAL SYSTEMS INC,3840.0,260.0
58988910,19.19,19.33,2015-04-02,MMSI,MERIT MEDICAL SYSTEMS INC,3840.0,260.0
58988910,19.2,19.01,2015-04-06,MMSI,MERIT MEDICAL SYSTEMS INC,3840.0,260.0
58988910,19.04,19.17,2015-04-07,MMSI,MERIT MEDICAL SYSTEMS INC,3840.0,260.0
58988910,19.2,19.03,2015-04-08,MMSI,MERIT MEDICAL SYSTEMS INC,3840.0,260.0
58988910,19.01,19.21,2015-04-09,MMSI,MERIT MEDICAL SYSTEMS INC,3840.0,260.0
58988910,19.1,19.0,2015-04-10,MMSI,MERIT MEDICAL SYSTEMS INC,3840.0,260.0
58988910,19.2,19.12,2015-04-13,MMSI,MERIT MEDICAL SYSTEMS INC,3840.0,260.0
58988910,19.26,19.24,2015-04-14,MMSI,MERIT MEDICAL SYSTEMS INC,3840.0,260.0
58988910,19.26,19.26,2015-04-15,MMSI,MERIT MEDICAL SYSTEMS INC,3840.0,260.0
58988910,19.08,19.26,2015-04-16,MMSI,MERIT MEDICAL SYSTEMS INC,3840.0,260.0
58988910,18.54,18.95,2015-04-17,MMSI,MERIT MEDICAL SYSTEMS INC,3840.0,260.0
58988910,18.52,18.66,2015-04-20,MMSI,MERIT MEDICAL SYSTEMS INC,3840.0,260.0
58988910,18.34,18.51,2015-04-21,MMSI,MERIT MEDICAL SYSTEMS INC,3840.0,260.0
58988910,18.79,18.29,2015-04-22,MMSI,MERIT MEDICAL SYSTEMS INC,3840.0,260.0
58988910,19.24,18.79,2015-04-23,MMSI,MERIT MEDICAL SYSTEMS INC,3840.0,260.0
58988910,20.58,19.82,2015-04-24,MMSI,MERIT MEDICAL SYSTEMS INC,3840.0,260.0
58988910,20.58,20.89,2015-04-27,MMSI,MERIT MEDICAL SYSTEMS INC,3840.0,260.0
58988910,20.85,20.59,2015-04-28,MMSI,MERIT MEDICAL SYSTEMS INC,3840.0,260.0
58988910,20.39,20.76,2015-04-29,MMSI,MERIT MEDICAL SYSTEMS INC,3840.0,260.0
58988910,19.41,20.33,2015-04-30,MMSI,MERIT MEDICAL SYSTEMS INC,3840.0,260.0
58988910,19.88,19.54,2015-05-01,MMSI,MERIT MEDICAL SYSTEMS INC,3840.0,260.0
58988910,19.92,20.6,2015-05-04,MMSI,MERIT MEDICAL SYSTEMS INC,3840.0,260.0
58988910,19.78,19.84,2015-05-05,MMSI,MERIT MEDICAL SYSTEMS INC,3840.0,260.0
58988910,19.95,19.9,2015-05-06,MMSI,MERIT MEDICAL SYSTEMS INC,3840.0,260.0
58988910,20.04,19.95,2015-05-07,MMSI,MERIT MEDICAL SYSTEMS INC,3840.0,260.0
58988910,20.22,20.28,2015-05-08,MMSI,MERIT MEDICAL SYSTEMS INC,3840.0,260.0
58988910,20.34,20.23,2015-05-11,MMSI,MERIT MEDICAL SYSTEMS INC,3840.0,260.0
58988910,20.23,20.34,2015-05-12,MMSI,MERIT MEDICAL SYSTEMS INC,3840.0,260.0
58988910,20.31,20.3,2015-05-13,MMSI,MERIT MEDICAL SYSTEMS INC,3840.0,260.0
58988910,20.74,20.48,2015-05-14,MMSI,MERIT MEDICAL SYSTEMS INC,3840.0,260.0
58988910,20.64,20.73,2015-05-15,MMSI,MERIT MEDICAL SYSTEMS INC,3840.0,260.0
58988910,20.68,20.58,2015-05-18,MMSI,MERIT MEDICAL SYSTEMS INC,3840.0,260.0
58988910,20.99,20.73,2015-05-19,MMSI,MERIT MEDICAL SYSTEMS INC,3840.0,260.0
58988910,20.95,20.98,2015-05-20,MMSI,MERIT MEDICAL SYSTEMS INC,3840.0,260.0
58988910,20.64,20.96,2015-05-21,MMSI,MERIT MEDICAL SYSTEMS INC,3840.0,260.0
58988910,20.27,20.6,2015-05-22,MMSI,MERIT MEDICAL SYSTEMS INC,3840.0,260.0
58988910,20.28,20.32,2015-05-26,MMSI,MERIT MEDICAL SYSTEMS INC,3840.0,260.0
58988910,20.54,20.28,2015-05-27,MMSI,MERIT MEDICAL SYSTEMS INC,3840.0,260.0
58988910,20.5,20.54,2015-05-28,MMSI,MERIT MEDICAL SYSTEMS INC,3840.0,260.0
58988910,20.56,20.45,2015-05-29,MMSI,MERIT MEDICAL SYSTEMS INC,3840.0,260.0
58988910,20.75,20.75,2015-06-01,MMSI,MERIT MEDICAL SYSTEMS INC,3840.0,260.0
58988910,21.0,20.72,2015-06-02,MMSI,MERIT MEDICAL SYSTEMS INC,3840.0,260.0
58988910,21.26,21.02,2015-06-03,MMSI,MERIT MEDICAL SYSTEMS INC,3840.0,260.0
58988910,20.75,21.14,2015-06-04,MMSI,MERIT MEDICAL SYSTEMS INC,3840.0,260.0
58988910,20.9,20.75,2015-06-05,MMSI,MERIT MEDICAL SYSTEMS INC,3840.0,260.0
58988910,20.7,20.85,2015-06-08,MMSI,MERIT MEDICAL SYSTEMS INC,3840.0,260.0
58988910,20.35,20.64,2015-06-09,MMSI,MERIT MEDICAL SYSTEMS INC,3840.0,260.0
58988910,20.58,20.41,2015-06-10,MMSI,MERIT MEDICAL SYSTEMS INC,3840.0,260.0
58988910,20.5,20.65,2015-06-11,MMSI,MERIT MEDICAL SYSTEMS INC,3840.0,260.0
58988910,20.71,20.49,2015-06-12,MMSI,MERIT MEDICAL SYSTEMS INC,3840.0,260.0
58988910,20.68,20.64,2015-06-15,MMSI,MERIT MEDICAL SYSTEMS INC,3840.0,260.0
58988910,21.08,20.61,2015-06-16,MMSI,MERIT MEDICAL SYSTEMS INC,3840.0,260.0
58988910,21.57,21.11,2015-06-17,MMSI,MERIT MEDICAL SYSTEMS INC,3840.0,260.0
58988910,21.85,21.65,2015-06-18,MMSI,MERIT MEDICAL SYSTEMS INC,3840.0,260.0
58988910,21.75,21.87,2015-06-19,MMSI,MERIT MEDICAL SYSTEMS INC,3840.0,260.0
58988910,21.63,21.85,2015-06-22,MMSI,MERIT MEDICAL SYSTEMS INC,3840.0,260.0
58988910,21.79,21.66,2015-06-23,MMSI,MERIT MEDICAL SYSTEMS INC,3840.0,260.0
58988910,21.59,21.77,2015-06-24,MMSI,MERIT MEDICAL SYSTEMS INC,3840.0,260.0
58988910,21.63,21.63,2015-06-25,MMSI,MERIT MEDICAL SYSTEMS INC,3840.0,260.0
58988910,21.53,21.75,2015-06-26,MMSI,MERIT MEDICAL SYSTEMS INC,3840.0,260.0
58988910,21.12,21.52,2015-06-29,MMSI,MERIT MEDICAL SYSTEMS INC,3840.0,260.0
58988910,21.54,21.26,2015-06-30,MMSI,MERIT MEDICAL SYSTEMS INC,3840.0,260.0
58988910,21.41,21.7,2015-07-01,MMSI,MERIT MEDICAL SYSTEMS INC,3840.0,260.0
58988910,21.3,21.46,2015-07-02,MMSI,MERIT MEDICAL SYSTEMS INC,3840.0,260.0
58988910,21.43,21.24,2015-07-06,MMSI,MERIT MEDICAL SYSTEMS INC,3840.0,260.0
58988910,21.38,21.54,2015-07-07,MMSI,MERIT MEDICAL SYSTEMS INC,3840.0,260.0
58988910,21.2,21.25,2015-07-08,MMSI,MERIT MEDICAL SYSTEMS INC,3840.0,260.0
58988910,21.28,21.42,2015-07-09,MMSI,MERIT MEDICAL SYSTEMS INC,3840.0,260.0
58988910,21.81,21.48,2015-07-10,MMSI,MERIT MEDICAL SYSTEMS INC,3840.0,260.0
58988910,21.95,21.92,2015-07-13,MMSI,MERIT MEDICAL SYSTEMS INC,3840.0,260.0
58988910,22.01,22.02,2015-07-14,MMSI,MERIT MEDICAL SYSTEMS INC,3840.0,260.0
58988910,21.7,21.99,2015-07-15,MMSI,MERIT MEDICAL SYSTEMS INC,3840.0,260.0
58988910,21.98,21.79,2015-07-16,MMSI,MERIT MEDICAL SYSTEMS INC,3840.0,260.0
58988910,21.77,21.96,2015-07-17,MMSI,MERIT MEDICAL SYSTEMS INC,3840.0,260.0
58988910,21.91,21.87,2015-07-20,MMSI,MERIT MEDICAL SYSTEMS INC,3840.0,260.0
58988910,22.25,21.97,2015-07-21,MMSI,MERIT MEDICAL SYSTEMS INC,3840.0,260.0
58988910,22.73,22.28,2015-07-22,MMSI,MERIT MEDICAL SYSTEMS INC,3840.0,260.0
58988910,22.12,22.71,2015-07-23,MMSI,MERIT MEDICAL SYSTEMS INC,3840.0,260.0
58988910,25.17,23.65,2015-07-24,MMSI,MERIT MEDICAL SYSTEMS INC,3840.0,260.0
58988910,25.18,25.28,2015-07-27,MMSI,MERIT MEDICAL SYSTEMS INC,3840.0,260.0
58988910,25.64,25.59,2015-07-28,MMSI,MERIT MEDICAL SYSTEMS INC,3840.0,260.0
58988910,24.85,25.67,2015-07-29,MMSI,MERIT MEDICAL SYSTEMS INC,3840.0,260.0
58988910,25.17,25.3,2015-07-30,MMSI,MERIT MEDICAL SYSTEMS INC,3840.0,260.0
58988910,25.56,25.17,2015-07-31,MMSI,MERIT MEDICAL SYSTEMS INC,3840.0,260.0
58988910,25.25,25.54,2015-08-03,MMSI,MERIT MEDICAL SYSTEMS INC,3840.0,260.0
58988910,25.46,25.43,2015-08-04,MMSI,MERIT MEDICAL SYSTEMS INC,3840.0,260.0
58988910,25.44,25.49,2015-08-05,MMSI,MERIT MEDICAL SYSTEMS INC,3840.0,260.0
58988910,25.24,25.55,2015-08-06,MMSI,MERIT MEDICAL SYSTEMS INC,3840.0,260.0
58988910,25.14,25.2,2015-08-07,MMSI,MERIT MEDICAL SYSTEMS INC,3840.0,260.0
58988910,25.64,25.23,2015-08-10,MMSI,MERIT MEDICAL SYSTEMS INC,3840.0,260.0
58988910,25.62,24.78,2015-08-11,MMSI,MERIT MEDICAL SYSTEMS INC,3840.0,260.0
58988910,24.79,25.59,2015-08-12,MMSI,MERIT MEDICAL SYSTEMS INC,3840.0,260.0
58988910,24.67,24.68,2015-08-13,MMSI,MERIT MEDICAL SYSTEMS INC,3840.0,260.0
58988910,24.69,24.55,2015-08-14,MMSI,MERIT MEDICAL SYSTEMS INC,3840.0,260.0
58988910,24.65,24.64,2015-08-17,MMSI,MERIT MEDICAL SYSTEMS INC,3840.0,260.0
58988910,24.43,24.72,2015-08-18,MMSI,MERIT MEDICAL SYSTEMS INC,3840.0,260.0
58988910,24.2,24.34,2015-08-19,MMSI,MERIT MEDICAL SYSTEMS INC,3840.0,260.0
58988910,23.58,24.04,2015-08-20,MMSI,MERIT MEDICAL SYSTEMS INC,3840.0,260.0
58988910,23.19,23.17,2015-08-21,MMSI,MERIT MEDICAL SYSTEMS INC,3840.0,260.0
58988910,21.7,22.01,2015-08-24,MMSI,MERIT MEDICAL SYSTEMS INC,3840.0,260.0
58988910,22.04,22.22,2015-08-25,MMSI,MERIT MEDICAL SYSTEMS INC,3840.0,260.0
58988910,22.22,22.4,2015-08-26,MMSI,MERIT MEDICAL SYSTEMS INC,3840.0,260.0
58988910,22.59,24.0,2015-08-27,MMSI,MERIT MEDICAL SYSTEMS INC,3840.0,260.0
58988910,22.62,22.47,2015-08-28,MMSI,MERIT MEDICAL SYSTEMS INC,3840.0,260.0
58988910,22.75,22.65,2015-08-31,MMSI,MERIT MEDICAL SYSTEMS INC,3840.0,260.0
58988910,22.54,22.44,2015-09-01,MMSI,MERIT MEDICAL SYSTEMS INC,3840.0,260.0
58988910,22.53,22.71,2015-09-02,MMSI,MERIT MEDICAL SYSTEMS INC,3840.0,260.0
58988910,22.79,22.51,2015-09-03,MMSI,MERIT MEDICAL SYSTEMS INC,3840.0,260.0
58988910,22.75,22.61,2015-09-04,MMSI,MERIT MEDICAL SYSTEMS INC,3840.0,260.0
58988910,23.39,22.99,2015-09-08,MMSI,MERIT MEDICAL SYSTEMS INC,3840.0,260.0
58988910,23.08,23.495,2015-09-09,MMSI,MERIT MEDICAL SYSTEMS INC,3840.0,260.0
58988910,23.47,23.01,2015-09-10,MMSI,MERIT MEDICAL SYSTEMS INC,3840.0,260.0
58988910,23.98,23.28,2015-09-11,MMSI,MERIT MEDICAL SYSTEMS INC,3840.0,260.0
58988910,24.11,23.97,2015-09-14,MMSI,MERIT MEDICAL SYSTEMS INC,3840.0,260.0
58988910,24.15,24.15,2015-09-15,MMSI,MERIT MEDICAL SYSTEMS INC,3840.0,260.0
58988910,24.27,24.12,2015-09-16,MMSI,MERIT MEDICAL SYSTEMS INC,3840.0,260.0
58988910,24.57,24.33,2015-09-17,MMSI,MERIT MEDICAL SYSTEMS INC,3840.0,260.0
58988910,24.63,24.28,2015-09-18,MMSI,MERIT MEDICAL SYSTEMS INC,3840.0,260.0
58988910,24.79,24.72,2015-09-21,MMSI,MERIT MEDICAL SYSTEMS INC,3840.0,260.0
58988910,24.52,24.67,2015-09-22,MMSI,MERIT MEDICAL SYSTEMS INC,3840.0,260.0
58988910,24.66,24.52,2015-09-23,MMSI,MERIT MEDICAL SYSTEMS INC,3840.0,260.0
58988910,24.43,24.59,2015-09-24,MMSI,MERIT MEDICAL SYSTEMS INC,3840.0,260.0
58988910,24.12,24.72,2015-09-25,MMSI,MERIT MEDICAL SYSTEMS INC,3840.0,260.0
58988910,23.9,23.95,2015-09-28,MMSI,MERIT MEDICAL SYSTEMS INC,3840.0,260.0
58988910,23.975,23.86,2015-09-29,MMSI,MERIT MEDICAL SYSTEMS INC,3840.0,260.0
58988910,23.91,24.06,2015-09-30,MMSI,MERIT MEDICAL SYSTEMS INC,3840.0,260.0
58988910,23.99,23.85,2015-10-01,MMSI,MERIT MEDICAL SYSTEMS INC,3840.0,260.0
58988910,24.65,23.92,2015-10-02,MMSI,MERIT MEDICAL SYSTEMS INC,3840.0,260.0
58988910,25.33,24.8,2015-10-05,MMSI,MERIT MEDICAL SYSTEMS INC,3840.0,260.0
58988910,24.68,25.33,2015-10-06,MMSI,MERIT MEDICAL SYSTEMS INC,3840.0,260.0
58988910,24.97,24.67,2015-10-07,MMSI,MERIT MEDICAL SYSTEMS INC,3840.0,260.0
58988910,23.67,24.35,2015-10-08,MMSI,MERIT MEDICAL SYSTEMS INC,3840.0,260.0
58988910,23.85,23.61,2015-10-09,MMSI,MERIT MEDICAL SYSTEMS INC,3840.0,260.0
58988910,23.89,23.9,2015-10-12,MMSI,MERIT MEDICAL SYSTEMS INC,3840.0,260.0
58988910,23.27,23.7,2015-10-13,MMSI,MERIT MEDICAL SYSTEMS INC,3840.0,260.0
58988910,23.0,23.22,2015-10-14,MMSI,MERIT MEDICAL SYSTEMS INC,3840.0,260.0
58988910,23.74,23.16,2015-10-15,MMSI,MERIT MEDICAL SYSTEMS INC,3840.0,260.0
58988910,24.17,23.84,2015-10-16,MMSI,MERIT MEDICAL SYSTEMS INC,3840.0,260.0
58988910,24.87,24.17,2015-10-19,MMSI,MERIT MEDICAL SYSTEMS INC,3840.0,260.0
58988910,24.53,24.83,2015-10-20,MMSI,MERIT MEDICAL SYSTEMS INC,3840.0,260.0
58988910,24.65,24.71,2015-10-21,MMSI,MERIT MEDICAL SYSTEMS INC,3840.0,260.0
58988910,24.1,24.71,2015-10-22,MMSI,MERIT MEDICAL SYSTEMS INC,3840.0,260.0
58988910,17.91,22.5,2015-10-23,MMSI,MERIT MEDICAL SYSTEMS INC,3840.0,260.0
58988910,19.29,18.1,2015-10-26,MMSI,MERIT MEDICAL SYSTEMS INC,3840.0,260.0
58988910,18.9,19.64,2015-10-27,MMSI,MERIT MEDICAL SYSTEMS INC,3840.0,260.0
58988910,19.16,19.04,2015-10-28,MMSI,MERIT MEDICAL SYSTEMS INC,3840.0,260.0
58988910,19.22,19.05,2015-10-29,MMSI,MERIT MEDICAL SYSTEMS INC,3840.0,260.0
58988910,18.54,19.33,2015-10-30,MMSI,MERIT MEDICAL SYSTEMS INC,3840.0,260.0
58988910,19.02,18.62,2015-11-02,MMSI,MERIT MEDICAL SYSTEMS INC,3840.0,260.0
58988910,19.1,19.08,2015-11-03,MMSI,MERIT MEDICAL SYSTEMS INC,3840.0,260.0
58988910,18.85,19.17,2015-11-04,MMSI,MERIT MEDICAL SYSTEMS INC,3840.0,260.0
58988910,18.99,18.93,2015-11-05,MMSI,MERIT MEDICAL SYSTEMS INC,3840.0,260.0
58988910,19.1,18.84,2015-11-06,MMSI,MERIT MEDICAL SYSTEMS INC,3840.0,260.0
58988910,18.62,18.9,2015-11-09,MMSI,MERIT MEDICAL SYSTEMS INC,3840.0,260.0
58988910,18.91,18.48,2015-11-10,MMSI,MERIT MEDICAL SYSTEMS INC,3840.0,260.0
58988910,18.32,18.87,2015-11-11,MMSI,MERIT MEDICAL SYSTEMS INC,3840.0,260.0
58988910,18.02,18.37,2015-11-12,MMSI,MERIT MEDICAL SYSTEMS INC,3840.0,260.0
58988910,17.85,17.92,2015-11-13,MMSI,MERIT MEDICAL SYSTEMS INC,3840.0,260.0
58988910,17.83,17.94,2015-11-16,MMSI,MERIT MEDICAL SYSTEMS INC,3840.0,260.0
58988910,17.72,17.96,2015-11-17,MMSI,MERIT MEDICAL SYSTEMS INC,3840.0,260.0
58988910,17.99,17.83,2015-11-18,MMSI,MERIT MEDICAL SYSTEMS INC,3840.0,260.0
58988910,18.13,18.09,2015-11-19,MMSI,MERIT MEDICAL SYSTEMS INC,3840.0,260.0
58988910,18.44,18.25,2015-11-20,MMSI,MERIT MEDICAL SYSTEMS INC,3840.0,260.0
58988910,18.64,18.49,2015-11-23,MMSI,MERIT MEDICAL SYSTEMS INC,3840.0,260.0
58988910,19.28,18.49,2015-11-24,MMSI,MERIT MEDICAL SYSTEMS INC,3840.0,260.0
58988910,19.44,19.2,2015-11-25,MMSI,MERIT MEDICAL SYSTEMS INC,3840.0,260.0
58988910,19.46,19.51,2015-11-27,MMSI,MERIT MEDICAL SYSTEMS INC,3840.0,260.0
58988910,19.37,19.4,2015-11-30,MMSI,MERIT MEDICAL SYSTEMS INC,3840.0,260.0
58988910,19.7,19.47,2015-12-01,MMSI,MERIT MEDICAL SYSTEMS INC,3840.0,260.0
58988910,19.52,19.76,2015-12-02,MMSI,MERIT MEDICAL SYSTEMS INC,3840.0,260.0
58988910,18.96,19.55,2015-12-03,MMSI,MERIT MEDICAL SYSTEMS INC,3840.0,260.0
58988910,19.09,19.05,2015-12-04,MMSI,MERIT MEDICAL SYSTEMS INC,3840.0,260.0
58988910,19.0,19.19,2015-12-07,MMSI,MERIT MEDICAL SYSTEMS INC,3840.0,260.0
58988910,18.89,18.68,2015-12-08,MMSI,MERIT MEDICAL SYSTEMS INC,3840.0,260.0
58988910,18.41,18.83,2015-12-09,MMSI,MERIT MEDICAL SYSTEMS INC,3840.0,260.0
58988910,18.53,18.4,2015-12-10,MMSI,MERIT MEDICAL SYSTEMS INC,3840.0,260.0
58988910,18.48,18.32,2015-12-11,MMSI,MERIT MEDICAL SYSTEMS INC,3840.0,260.0
58988910,18.07,18.41,2015-12-14,MMSI,MERIT MEDICAL SYSTEMS INC,3840.0,260.0
58988910,18.51,18.2,2015-12-15,MMSI,MERIT MEDICAL SYSTEMS INC,3840.0,260.0
58988910,18.75,18.61,2015-12-16,MMSI,MERIT MEDICAL SYSTEMS INC,3840.0,260.0
58988910,18.57,18.9,2015-12-17,MMSI,MERIT MEDICAL SYSTEMS INC,3840.0,260.0
58988910,18.93,18.5,2015-12-18,MMSI,MERIT MEDICAL SYSTEMS INC,3840.0,260.0
58988910,18.74,18.95,2015-12-21,MMSI,MERIT MEDICAL SYSTEMS INC,3840.0,260.0
58988910,18.85,18.88,2015-12-22,MMSI,MERIT MEDICAL SYSTEMS INC,3840.0,260.0
58988910,18.93,18.86,2015-12-23,MMSI,MERIT MEDICAL SYSTEMS INC,3840.0,260.0
58988910,18.93,18.9,2015-12-24,MMSI,MERIT MEDICAL SYSTEMS INC,3840.0,260.0
58988910,18.91,18.94,2015-12-28,MMSI,MERIT MEDICAL SYSTEMS INC,3840.0,260.0
58988910,19.05,18.91,2015-12-29,MMSI,MERIT MEDICAL SYSTEMS INC,3840.0,260.0
58988910,18.96,19.0,2015-12-30,MMSI,MERIT MEDICAL SYSTEMS INC,3840.0,260.0
58988910,18.59,18.84,2015-12-31,MMSI,MERIT MEDICAL SYSTEMS INC,3840.0,260.0
58988910,18.06,18.22,2016-01-04,MMSI,MERIT MEDICAL SYSTEMS INC,3840.0,260.0
58988910,17.73,18.02,2016-01-05,MMSI,MERIT MEDICAL SYSTEMS INC,3840.0,260.0
58988910,17.2,17.51,2016-01-06,MMSI,MERIT MEDICAL SYSTEMS INC,3840.0,260.0
58988910,16.95,17.0,2016-01-07,MMSI,MERIT MEDICAL SYSTEMS INC,3840.0,260.0
58988910,16.38,16.95,2016-01-08,MMSI,MERIT MEDICAL SYSTEMS INC,3840.0,260.0
58988910,16.34,16.44,2016-01-11,MMSI,MERIT MEDICAL SYSTEMS INC,3840.0,260.0
58988910,16.25,16.41,2016-01-12,MMSI,MERIT MEDICAL SYSTEMS INC,3840.0,260.0
58988910,15.93,16.31,2016-01-13,MMSI,MERIT MEDICAL SYSTEMS INC,3840.0,260.0
58988910,16.33,15.92,2016-01-14,MMSI,MERIT MEDICAL SYSTEMS INC,3840.0,260.0
58988910,16.43,15.95,2016-01-15,MMSI,MERIT MEDICAL SYSTEMS INC,3840.0,260.0
58988910,16.41,16.6,2016-01-19,MMSI,MERIT MEDICAL SYSTEMS INC,3840.0,260.0
58988910,16.4,16.3,2016-01-20,MMSI,MERIT MEDICAL SYSTEMS INC,3840.0,260.0
58988910,16.0,16.51,2016-01-21,MMSI,MERIT MEDICAL SYSTEMS INC,3840.0,260.0
58988910,16.35,16.1,2016-01-22,MMSI,MERIT MEDICAL SYSTEMS INC,3840.0,260.0
58988910,16.21,16.34,2016-01-25,MMSI,MERIT MEDICAL SYSTEMS INC,3840.0,260.0
58988910,16.82,16.27,2016-01-26,MMSI,MERIT MEDICAL SYSTEMS INC,3840.0,260.0
58988910,16.08,16.82,2016-01-27,MMSI,MERIT MEDICAL SYSTEMS INC,3840.0,260.0
58988910,16.05,16.16,2016-01-28,MMSI,MERIT MEDICAL SYSTEMS INC,3840.0,260.0
58988910,16.55,16.15,2016-01-29,MMSI,MERIT MEDICAL SYSTEMS INC,3840.0,260.0
58988910,16.46,16.5,2016-02-01,MMSI,MERIT MEDICAL SYSTEMS INC,3840.0,260.0
58988910,16.44,16.34,2016-02-02,MMSI,MERIT MEDICAL SYSTEMS INC,3840.0,260.0
58988910,16.31,16.62,2016-02-03,MMSI,MERIT MEDICAL SYSTEMS INC,3840.0,260.0
58988910,16.21,16.16,2016-02-04,MMSI,MERIT MEDICAL SYSTEMS INC,3840.0,260.0
58988910,15.72,16.21,2016-02-05,MMSI,MERIT MEDICAL SYSTEMS INC,3840.0,260.0
58988910,15.92,15.68,2016-02-08,MMSI,MERIT MEDICAL SYSTEMS INC,3840.0,260.0
58988910,16.08,15.8,2016-02-09,MMSI,MERIT MEDICAL SYSTEMS INC,3840.0,260.0
58988910,16.35,16.23,2016-02-10,MMSI,MERIT MEDICAL SYSTEMS INC,3840.0,260.0
58988910,16.39,16.03,2016-02-11,MMSI,MERIT MEDICAL SYSTEMS INC,3840.0,260.0
58988910,16.78,16.46,2016-02-12,MMSI,MERIT MEDICAL SYSTEMS INC,3840.0,260.0
58988910,17.13,16.91,2016-02-16,MMSI,MERIT MEDICAL SYSTEMS INC,3840.0,260.0
58988910,17.17,17.13,2016-02-17,MMSI,MERIT MEDICAL SYSTEMS INC,3840.0,260.0
58988910,17.31,17.15,2016-02-18,MMSI,MERIT MEDICAL SYSTEMS INC,3840.0,260.0
58988910,18.0,17.31,2016-02-19,MMSI,MERIT MEDICAL SYSTEMS INC,3840.0,260.0
58988910,16.89,18.02,2016-02-22,MMSI,MERIT MEDICAL SYSTEMS INC,3840.0,260.0
58988910,17.49,18.5,2016-02-23,MMSI,MERIT MEDICAL SYSTEMS INC,3840.0,260.0
58988910,17.69,17.32,2016-02-24,MMSI,MERIT MEDICAL SYSTEMS INC,3840.0,260.0
58988910,18.56,17.83,2016-02-25,MMSI,MERIT MEDICAL SYSTEMS INC,3840.0,260.0
58988910,18.62,18.68,2016-02-26,MMSI,MERIT MEDICAL SYSTEMS INC,3840.0,260.0
58988910,18.81,18.57,2016-02-29,MMSI,MERIT MEDICAL SYSTEMS INC,3840.0,260.0
58988910,18.82,18.86,2016-03-01,MMSI,MERIT MEDICAL SYSTEMS INC,3840.0,260.0
58988910,18.82,18.69,2016-03-02,MMSI,MERIT MEDICAL SYSTEMS INC,3840.0,260.0
58988910,19.13,18.8,2016-03-03,MMSI,MERIT MEDICAL SYSTEMS INC,3840.0,260.0
58988910,19.21,19.13,2016-03-04,MMSI,MERIT MEDICAL SYSTEMS INC,3840.0,260.0
58988910,19.22,19.2,2016-03-07,MMSI,MERIT MEDICAL SYSTEMS INC,3840.0,260.0
58988910,18.92,19.2,2016-03-08,MMSI,MERIT MEDICAL SYSTEMS INC,3840.0,260.0
58988910,18.61,19.0,2016-03-09,MMSI,MERIT MEDICAL SYSTEMS INC,3840.0,260.0
58988910,18.31,18.77,2016-03-10,MMSI,MERIT MEDICAL SYSTEMS INC,3840.0,260.0
58988910,18.64,18.45,2016-03-11,MMSI,MERIT MEDICAL SYSTEMS INC,3840.0,260.0
58988910,18.63,18.62,2016-03-14,MMSI,MERIT MEDICAL SYSTEMS INC,3840.0,260.0
58988910,17.95,18.53,2016-03-15,MMSI,MERIT MEDICAL SYSTEMS INC,3840.0,260.0
58988910,17.6,17.85,2016-03-16,MMSI,MERIT MEDICAL SYSTEMS INC,3840.0,260.0
58988910,17.62,17.59,2016-03-17,MMSI,MERIT MEDICAL SYSTEMS INC,3840.0,260.0
58988910,18.09,17.71,2016-03-18,MMSI,MERIT MEDICAL SYSTEMS INC,3840.0,260.0
58988910,17.73,18.0,2016-03-21,MMSI,MERIT MEDICAL SYSTEMS INC,3840.0,260.0
58988910,17.87,17.65,2016-03-22,MMSI,MERIT MEDICAL SYSTEMS INC,3840.0,260.0
58988910,17.51,17.89,2016-03-23,MMSI,MERIT MEDICAL SYSTEMS INC,3840.0,260.0
58988910,17.57,17.44,2016-03-24,MMSI,MERIT MEDICAL SYSTEMS INC,3840.0,260.0
58988910,17.71,17.59,2016-03-28,MMSI,MERIT MEDICAL SYSTEMS INC,3840.0,260.0
58988910,18.37,17.67,2016-03-29,MMSI,MERIT MEDICAL SYSTEMS INC,3840.0,260.0
58988910,18.38,18.42,2016-03-30,MMSI,MERIT MEDICAL SYSTEMS INC,3840.0,260.0
58988910,18.49,18.48,2016-03-31,MMSI,MERIT MEDICAL SYSTEMS INC,3840.0,260.0
58988910,18.64,18.42,2016-04-01,MMSI,MERIT MEDICAL SYSTEMS INC,3840.0,260.0
58988910,18.62,18.7,2016-04-04,MMSI,MERIT MEDICAL SYSTEMS INC,3840.0,260.0
58988910,18.12,18.5,2016-04-05,MMSI,MERIT MEDICAL SYSTEMS INC,3840.0,260.0
58988910,18.3,18.15,2016-04-06,MMSI,MERIT MEDICAL SYSTEMS INC,3840.0,260.0
58988910,18.305,18.22,2016-04-07,MMSI,MERIT MEDICAL SYSTEMS INC,3840.0,260.0
58988910,18.49,18.46,2016-04-08,MMSI,MERIT MEDICAL SYSTEMS INC,3840.0,260.0
58988910,18.2,18.52,2016-04-11,MMSI,MERIT MEDICAL SYSTEMS INC,3840.0,260.0
58988910,18.43,18.25,2016-04-12,MMSI,MERIT MEDICAL SYSTEMS INC,3840.0,260.0
58988910,19.13,18.49,2016-04-13,MMSI,MERIT MEDICAL SYSTEMS INC,3840.0,260.0
58988910,19.0,19.08,2016-04-14,MMSI,MERIT MEDICAL SYSTEMS INC,3840.0,260.0
58988910,19.7,18.91,2016-04-15,MMSI,MERIT MEDICAL SYSTEMS INC,3840.0,260.0
58988910,20.4,19.7,2016-04-18,MMSI,MERIT MEDICAL SYSTEMS INC,3840.0,260.0
58988910,20.12,20.41,2016-04-19,MMSI,MERIT MEDICAL SYSTEMS INC,3840.0,260.0
58988910,19.86,20.08,2016-04-20,MMSI,MERIT MEDICAL SYSTEMS INC,3840.0,260.0
58988910,20.3,19.99,2016-04-21,MMSI,MERIT MEDICAL SYSTEMS INC,3840.0,260.0
58988910,20.44,20.26,2016-04-22,MMSI,MERIT MEDICAL SYSTEMS INC,3840.0,260.0
58988910,19.76,20.51,2016-04-25,MMSI,MERIT MEDICAL SYSTEMS INC,3840.0,260.0
58988910,19.89,19.89,2016-04-26,MMSI,MERIT MEDICAL SYSTEMS INC,3840.0,260.0
58988910,19.76,19.98,2016-04-27,MMSI,MERIT MEDICAL SYSTEMS INC,3840.0,260.0
58988910,19.67,19.72,2016-04-28,MMSI,MERIT MEDICAL SYSTEMS INC,3840.0,260.0
58988910,20.25,19.67,2016-04-29,MMSI,MERIT MEDICAL SYSTEMS INC,3840.0,260.0
58988910,19.72,20.35,2016-05-02,MMSI,MERIT MEDICAL SYSTEMS INC,3840.0,260.0
58988910,19.96,19.95,2016-05-03,MMSI,MERIT MEDICAL SYSTEMS INC,3840.0,260.0
58988910,19.88,19.84,2016-05-04,MMSI,MERIT MEDICAL SYSTEMS INC,3840.0,260.0
58988910,19.87,19.88,2016-05-05,MMSI,MERIT MEDICAL SYSTEMS INC,3840.0,260.0
58988910,19.51,19.73,2016-05-06,MMSI,MERIT MEDICAL SYSTEMS INC,3840.0,260.0
58988910,19.81,19.45,2016-05-09,MMSI,MERIT MEDICAL SYSTEMS INC,3840.0,260.0
58988910,19.59,19.83,2016-05-10,MMSI,MERIT MEDICAL SYSTEMS INC,3840.0,260.0
58988910,19.24,19.6,2016-05-11,MMSI,MERIT MEDICAL SYSTEMS INC,3840.0,260.0
58988910,18.53,19.25,2016-05-12,MMSI,MERIT MEDICAL SYSTEMS INC,3840.0,260.0
58988910,18.48,18.52,2016-05-13,MMSI,MERIT MEDICAL SYSTEMS INC,3840.0,260.0
58988910,19.045,18.42,2016-05-16,MMSI,MERIT MEDICAL SYSTEMS INC,3840.0,260.0
58988910,18.49,19.06,2016-05-17,MMSI,MERIT MEDICAL SYSTEMS INC,3840.0,260.0
58988910,18.59,18.34,2016-05-18,MMSI,MERIT MEDICAL SYSTEMS INC,3840.0,260.0
58988910,18.45,18.44,2016-05-19,MMSI,MERIT MEDICAL SYSTEMS INC,3840.0,260.0
58988910,19.0,18.57,2016-05-20,MMSI,MERIT MEDICAL SYSTEMS INC,3840.0,260.0
58988910,18.97,19.03,2016-05-23,MMSI,MERIT MEDICAL SYSTEMS INC,3840.0,260.0
58988910,19.41,19.12,2016-05-24,MMSI,MERIT MEDICAL SYSTEMS INC,3840.0,260.0
58988910,19.15,19.43,2016-05-25,MMSI,MERIT MEDICAL SYSTEMS INC,3840.0,260.0
58988910,18.8,19.16,2016-05-26,MMSI,MERIT MEDICAL SYSTEMS INC,3840.0,260.0
58988910,19.085,18.98,2016-05-27,MMSI,MERIT MEDICAL SYSTEMS INC,3840.0,260.0
58988910,18.77,19.12,2016-05-31,MMSI,MERIT MEDICAL SYSTEMS INC,3840.0,260.0
58988910,19.22,18.66,2016-06-01,MMSI,MERIT MEDICAL SYSTEMS INC,3840.0,260.0
58988910,19.36,19.2,2016-06-02,MMSI,MERIT MEDICAL SYSTEMS INC,3840.0,260.0
58988910,19.4,19.37,2016-06-03,MMSI,MERIT MEDICAL SYSTEMS INC,3840.0,260.0
58988910,19.78,19.37,2016-06-06,MMSI,MERIT MEDICAL SYSTEMS INC,3840.0,260.0
58988910,19.78,19.77,2016-06-07,MMSI,MERIT MEDICAL SYSTEMS INC,3840.0,260.0
58988910,19.65,19.76,2016-06-08,MMSI,MERIT MEDICAL SYSTEMS INC,3840.0,260.0
58988910,19.64,19.61,2016-06-09,MMSI,MERIT MEDICAL SYSTEMS INC,3840.0,260.0
58988910,19.12,19.44,2016-06-10,MMSI,MERIT MEDICAL SYSTEMS INC,3840.0,260.0
58988910,18.98,19.08,2016-06-13,MMSI,MERIT MEDICAL SYSTEMS INC,3840.0,260.0
58988910,18.92,18.96,2016-06-14,MMSI,MERIT MEDICAL SYSTEMS INC,3840.0,260.0
58988910,18.85,18.99,2016-06-15,MMSI,MERIT MEDICAL SYSTEMS INC,3840.0,260.0
58988910,19.03,18.81,2016-06-16,MMSI,MERIT MEDICAL SYSTEMS INC,3840.0,260.0
58988910,18.93,19.01,2016-06-17,MMSI,MERIT MEDICAL SYSTEMS INC,3840.0,260.0
58988910,19.24,19.07,2016-06-20,MMSI,MERIT MEDICAL SYSTEMS INC,3840.0,260.0
58988910,19.12,19.27,2016-06-21,MMSI,MERIT MEDICAL SYSTEMS INC,3840.0,260.0
58988910,18.98,19.19,2016-06-22,MMSI,MERIT MEDICAL SYSTEMS INC,3840.0,260.0
58988910,19.53,19.17,2016-06-23,MMSI,MERIT MEDICAL SYSTEMS INC,3840.0,260.0
58988910,18.74,18.75,2016-06-24,MMSI,MERIT MEDICAL SYSTEMS INC,3840.0,260.0
58988910,18.44,18.62,2016-06-27,MMSI,MERIT MEDICAL SYSTEMS INC,3840.0,260.0
58988910,18.74,18.61,2016-06-28,MMSI,MERIT MEDICAL SYSTEMS INC,3840.0,260.0
58988910,19.48,18.92,2016-06-29,MMSI,MERIT MEDICAL SYSTEMS INC,3840.0,260.0
58988910,19.83,19.43,2016-06-30,MMSI,MERIT MEDICAL SYSTEMS INC,3840.0,260.0
58988910,20.11,19.83,2016-07-01,MMSI,MERIT MEDICAL SYSTEMS INC,3840.0,260.0
58988910,19.94,20.03,2016-07-05,MMSI,MERIT MEDICAL SYSTEMS INC,3840.0,260.0
58988910,20.5,19.87,2016-07-06,MMSI,MERIT MEDICAL SYSTEMS INC,3840.0,260.0
58988910,20.32,20.39,2016-07-07,MMSI,MERIT MEDICAL SYSTEMS INC,3840.0,260.0
58988910,20.89,20.51,2016-07-08,MMSI,MERIT MEDICAL SYSTEMS INC,3840.0,260.0
58988910,20.68,20.93,2016-07-11,MMSI,MERIT MEDICAL SYSTEMS INC,3840.0,260.0
58988910,20.87,20.77,2016-07-12,MMSI,MERIT MEDICAL SYSTEMS INC,3840.0,260.0
58988910,20.92,21.0,2016-07-13,MMSI,MERIT MEDICAL SYSTEMS INC,3840.0,260.0
58988910,20.81,21.08,2016-07-14,MMSI,MERIT MEDICAL SYSTEMS INC,3840.0,260.0
58988910,20.51,20.96,2016-07-15,MMSI,MERIT MEDICAL SYSTEMS INC,3840.0,260.0
58988910,20.51,20.53,2016-07-18,MMSI,MERIT MEDICAL SYSTEMS INC,3840.0,260.0
58988910,21.24,20.74,2016-07-19,MMSI,MERIT MEDICAL SYSTEMS INC,3840.0,260.0
58988910,21.47,21.37,2016-07-20,MMSI,MERIT MEDICAL SYSTEMS INC,3840.0,260.0
58988910,21.6,21.37,2016-07-21,MMSI,MERIT MEDICAL SYSTEMS INC,3840.0,260.0
58988910,21.89,21.65,2016-07-22,MMSI,MERIT MEDICAL SYSTEMS INC,3840.0,260.0
58988910,21.71,21.81,2016-07-25,MMSI,MERIT MEDICAL SYSTEMS INC,3840.0,260.0
58988910,22.12,21.64,2016-07-26,MMSI,MERIT MEDICAL SYSTEMS INC,3840.0,260.0
58988910,23.2,22.28,2016-07-27,MMSI,MERIT MEDICAL SYSTEMS INC,3840.0,260.0
58988910,23.47,23.63,2016-07-28,MMSI,MERIT MEDICAL SYSTEMS INC,3840.0,260.0
58988910,23.44,23.4,2016-07-29,MMSI,MERIT MEDICAL SYSTEMS INC,3840.0,260.0
58988910,23.6,23.29,2016-08-01,MMSI,MERIT MEDICAL SYSTEMS INC,3840.0,260.0
58988910,23.26,23.5,2016-08-02,MMSI,MERIT MEDICAL SYSTEMS INC,3840.0,260.0
58988910,23.09,23.36,2016-08-03,MMSI,MERIT MEDICAL SYSTEMS INC,3840.0,260.0
58988910,22.95,23.14,2016-08-04,MMSI,MERIT MEDICAL SYSTEMS INC,3840.0,260.0
58988910,23.24,22.99,2016-08-05,MMSI,MERIT MEDICAL SYSTEMS INC,3840.0,260.0
58988910,23.06,23.25,2016-08-08,MMSI,MERIT MEDICAL SYSTEMS INC,3840.0,260.0
58988910,23.36,23.18,2016-08-09,MMSI,MERIT MEDICAL SYSTEMS INC,3840.0,260.0
58988910,23.28,23.46,2016-08-10,MMSI,MERIT MEDICAL SYSTEMS INC,3840.0,260.0
58988910,23.4,23.4,2016-08-11,MMSI,MERIT MEDICAL SYSTEMS INC,3840.0,260.0
58988910,23.51,23.44,2016-08-12,MMSI,MERIT MEDICAL SYSTEMS INC,3840.0,260.0
58988910,24.23,23.44,2016-08-15,MMSI,MERIT MEDICAL SYSTEMS INC,3840.0,260.0
58988910,24.28,23.94,2016-08-16,MMSI,MERIT MEDICAL SYSTEMS INC,3840.0,260.0
58988910,23.67,24.33,2016-08-17,MMSI,MERIT MEDICAL SYSTEMS INC,3840.0,260.0
58988910,23.85,23.6,2016-08-18,MMSI,MERIT MEDICAL SYSTEMS INC,3840.0,260.0
58988910,23.74,23.75,2016-08-19,MMSI,MERIT MEDICAL SYSTEMS INC,3840.0,260.0
58988910,23.8,23.74,2016-08-22,MMSI,MERIT MEDICAL SYSTEMS INC,3840.0,260.0
58988910,23.76,23.94,2016-08-23,MMSI,MERIT MEDICAL SYSTEMS INC,3840.0,260.0
58988910,23.4,23.73,2016-08-24,MMSI,MERIT MEDICAL SYSTEMS INC,3840.0,260.0
58988910,23.44,23.31,2016-08-25,MMSI,MERIT MEDICAL SYSTEMS INC,3840.0,260.0
58988910,23.56,23.43,2016-08-26,MMSI,MERIT MEDICAL SYSTEMS INC,3840.0,260.0
58988910,24.26,23.41,2016-08-29,MMSI,MERIT MEDICAL SYSTEMS INC,3840.0,260.0
58988910,24.3,24.19,2016-08-30,MMSI,MERIT MEDICAL SYSTEMS INC,3840.0,260.0
58988910,24.24,24.35,2016-08-31,MMSI,MERIT MEDICAL SYSTEMS INC,3840.0,260.0
58988910,24.4,24.29,2016-09-01,MMSI,MERIT MEDICAL SYSTEMS INC,3840.0,260.0
58988910,24.49,24.44,2016-09-02,MMSI,MERIT MEDICAL SYSTEMS INC,3840.0,260.0
58988910,24.44,24.5,2016-09-06,MMSI,MERIT MEDICAL SYSTEMS INC,3840.0,260.0
58988910,24.75,24.41,2016-09-07,MMSI,MERIT MEDICAL SYSTEMS INC,3840.0,260.0
58988910,24.95,24.75,2016-09-08,MMSI,MERIT MEDICAL SYSTEMS INC,3840.0,260.0
58988910,24.21,24.7,2016-09-09,MMSI,MERIT MEDICAL SYSTEMS INC,3840.0,260.0
58988910,24.5,24.06,2016-09-12,MMSI,MERIT MEDICAL SYSTEMS INC,3840.0,260.0
58988910,24.09,24.37,2016-09-13,MMSI,MERIT MEDICAL SYSTEMS INC,3840.0,260.0
58988910,24.01,24.1,2016-09-14,MMSI,MERIT MEDICAL SYSTEMS INC,3840.0,260.0
58988910,24.43,24.03,2016-09-15,MMSI,MERIT MEDICAL SYSTEMS INC,3840.0,260.0
58988910,24.14,24.48,2016-09-16,MMSI,MERIT MEDICAL SYSTEMS INC,3840.0,260.0
58988910,24.41,24.25,2016-09-19,MMSI,MERIT MEDICAL SYSTEMS INC,3840.0,260.0
58988910,24.23,24.51,2016-09-20,MMSI,MERIT MEDICAL SYSTEMS INC,3840.0,260.0
58988910,24.2,24.27,2016-09-21,MMSI,MERIT MEDICAL SYSTEMS INC,3840.0,260.0
58988910,24.28,24.34,2016-09-22,MMSI,MERIT MEDICAL SYSTEMS INC,3840.0,260.0
58988910,23.96,24.29,2016-09-23,MMSI,MERIT MEDICAL SYSTEMS INC,3840.0,260.0
58988910,23.48,23.76,2016-09-26,MMSI,MERIT MEDICAL SYSTEMS INC,3840.0,260.0
58988910,23.62,23.48,2016-09-27,MMSI,MERIT MEDICAL SYSTEMS INC,3840.0,260.0
58988910,24.15,23.59,2016-09-28,MMSI,MERIT MEDICAL SYSTEMS INC,3840.0,260.0
58988910,23.76,24.1,2016-09-29,MMSI,MERIT MEDICAL SYSTEMS INC,3840.0,260.0
58988910,24.29,23.85,2016-09-30,MMSI,MERIT MEDICAL SYSTEMS INC,3840.0,260.0
58988910,24.36,24.14,2016-10-03,MMSI,MERIT MEDICAL SYSTEMS INC,3840.0,260.0
58988910,24.53,24.4,2016-10-04,MMSI,MERIT MEDICAL SYSTEMS INC,3840.0,260.0
58988910,24.61,24.53,2016-10-05,MMSI,MERIT MEDICAL SYSTEMS INC,3840.0,260.0
58988910,24.54,24.51,2016-10-06,MMSI,MERIT MEDICAL SYSTEMS INC,3840.0,260.0
58988910,24.55,24.51,2016-10-07,MMSI,MERIT MEDICAL SYSTEMS INC,3840.0,260.0
58988910,24.98,24.68,2016-10-10,MMSI,MERIT MEDICAL SYSTEMS INC,3840.0,260.0
58988910,24.22,24.86,2016-10-11,MMSI,MERIT MEDICAL SYSTEMS INC,3840.0,260.0
58988910,24.31,24.28,2016-10-12,MMSI,MERIT MEDICAL SYSTEMS INC,3840.0,260.0
58988910,24.07,24.19,2016-10-13,MMSI,MERIT MEDICAL SYSTEMS INC,3840.0,260.0
58988910,23.72,24.24,2016-10-14,MMSI,MERIT MEDICAL SYSTEMS INC,3840.0,260.0
58988910,23.6,23.85,2016-10-17,MMSI,MERIT MEDICAL SYSTEMS INC,3840.0,260.0
58988910,23.9,23.75,2016-10-18,MMSI,MERIT MEDICAL SYSTEMS INC,3840.0,260.0
58988910,24.1,23.85,2016-10-19,MMSI,MERIT MEDICAL SYSTEMS INC,3840.0,260.0
58988910,24.15,24.05,2016-10-20,MMSI,MERIT MEDICAL SYSTEMS INC,3840.0,260.0
58988910,23.65,23.9,2016-10-21,MMSI,MERIT MEDICAL SYSTEMS INC,3840.0,260.0
58988910,23.4,22.8,2016-10-24,MMSI,MERIT MEDICAL SYSTEMS INC,3840.0,260.0
58988910,23.1,23.5,2016-10-25,MMSI,MERIT MEDICAL SYSTEMS INC,3840.0,260.0
58988910,22.55,23.0,2016-10-26,MMSI,MERIT MEDICAL SYSTEMS INC,3840.0,260.0
58988910,21.95,23.55,2016-10-27,MMSI,MERIT MEDICAL SYSTEMS INC,3840.0,260.0
58988910,22.0,21.8,2016-10-28,MMSI,MERIT MEDICAL SYSTEMS INC,3840.0,260.0
58988910,21.95,21.95,2016-10-31,MMSI,MERIT MEDICAL SYSTEMS INC,3840.0,260.0
58988910,21.05,21.9,2016-11-01,MMSI,MERIT MEDICAL SYSTEMS INC,3840.0,260.0
58988910,21.15,21.1,2016-11-02,MMSI,MERIT MEDICAL SYSTEMS INC,3840.0,260.0
58988910,21.05,21.25,2016-11-03,MMSI,MERIT MEDICAL SYSTEMS INC,3840.0,260.0
58988910,20.75,21.15,2016-11-04,MMSI,MERIT MEDICAL SYSTEMS INC,3840.0,260.0
58988910,21.25,21.3,2016-11-07,MMSI,MERIT MEDICAL SYSTEMS INC,3840.0,260.0
58988910,21.65,21.15,2016-11-08,MMSI,MERIT MEDICAL SYSTEMS INC,3840.0,260.0
58988910,22.1,21.6,2016-11-09,MMSI,MERIT MEDICAL SYSTEMS INC,3840.0,260.0
58988910,22.4,22.4,2016-11-10,MMSI,MERIT MEDICAL SYSTEMS INC,3840.0,260.0
58988910,23.0,22.5,2016-11-11,MMSI,MERIT MEDICAL SYSTEMS INC,3840.0,260.0
58988910,23.0,23.6,2016-11-14,MMSI,MERIT MEDICAL SYSTEMS INC,3840.0,260.0
58988910,23.1,22.9,2016-11-15,MMSI,MERIT MEDICAL SYSTEMS INC,3840.0,260.0
58988910,22.9,23.1,2016-11-16,MMSI,MERIT MEDICAL SYSTEMS INC,3840.0,260.0
58988910,23.0,22.95,2016-11-17,MMSI,MERIT MEDICAL SYSTEMS INC,3840.0,260.0
58988910,23.75,23.1,2016-11-18,MMSI,MERIT MEDICAL SYSTEMS INC,3840.0,260.0
58988910,23.95,23.75,2016-11-21,MMSI,MERIT MEDICAL SYSTEMS INC,3840.0,260.0
58988910,23.95,23.95,2016-11-22,MMSI,MERIT MEDICAL SYSTEMS INC,3840.0,260.0
58988910,24.1,23.8,2016-11-23,MMSI,MERIT MEDICAL SYSTEMS INC,3840.0,260.0
58988910,24.3,24.1,2016-11-25,MMSI,MERIT MEDICAL SYSTEMS INC,3840.0,260.0
58988910,24.1,24.15,2016-11-28,MMSI,MERIT MEDICAL SYSTEMS INC,3840.0,260.0
58988910,23.85,24.05,2016-11-29,MMSI,MERIT MEDICAL SYSTEMS INC,3840.0,260.0
58988910,23.55,23.95,2016-11-30,MMSI,MERIT MEDICAL SYSTEMS INC,3840.0,260.0
58988910,24.2,23.6,2016-12-01,MMSI,MERIT MEDICAL SYSTEMS INC,3840.0,260.0
58988910,24.6,24.25,2016-12-02,MMSI,MERIT MEDICAL SYSTEMS INC,3840.0,260.0
58988910,24.75,24.85,2016-12-05,MMSI,MERIT MEDICAL SYSTEMS INC,3840.0,260.0
58988910,25.3,24.9,2016-12-06,MMSI,MERIT MEDICAL SYSTEMS INC,3840.0,260.0
58988910,25.6,25.25,2016-12-07,MMSI,MERIT MEDICAL SYSTEMS INC,3840.0,260.0
58988910,26.0,25.55,2016-12-08,MMSI,MERIT MEDICAL SYSTEMS INC,3840.0,260.0
58988910,26.6,26.2,2016-12-09,MMSI,MERIT MEDICAL SYSTEMS INC,3840.0,260.0
58988910,26.45,26.5,2016-12-12,MMSI,MERIT MEDICAL SYSTEMS INC,3840.0,260.0
58988910,26.1,26.8,2016-12-13,MMSI,MERIT MEDICAL SYSTEMS INC,3840.0,260.0
58988910,25.9,26.15,2016-12-14,MMSI,MERIT MEDICAL SYSTEMS INC,3840.0,260.0
58988910,26.35,26.0,2016-12-15,MMSI,MERIT MEDICAL SYSTEMS INC,3840.0,260.0
58988910,25.95,26.45,2016-12-16,MMSI,MERIT MEDICAL SYSTEMS INC,3840.0,260.0
58988910,26.05,25.95,2016-12-19,MMSI,MERIT MEDICAL SYSTEMS INC,3840.0,260.0
58988910,26.65,26.25,2016-12-20,MMSI,MERIT MEDICAL SYSTEMS INC,3840.0,260.0
58988910,26.5,26.6,2016-12-21,MMSI,MERIT MEDICAL SYSTEMS INC,3840.0,260.0
58988910,26.25,26.65,2016-12-22,MMSI,MERIT MEDICAL SYSTEMS INC,3840.0,260.0
58988910,26.4,26.3,2016-12-23,MMSI,MERIT MEDICAL SYSTEMS INC,3840.0,260.0
58988910,26.35,26.4,2016-12-27,MMSI,MERIT MEDICAL SYSTEMS INC,3840.0,260.0
58988910,26.25,26.45,2016-12-28,MMSI,MERIT MEDICAL SYSTEMS INC,3840.0,260.0
58988910,26.35,26.4,2016-12-29,MMSI,MERIT MEDICAL SYSTEMS INC,3840.0,260.0
58988910,26.5,26.3,2016-12-30,MMSI,MERIT MEDICAL SYSTEMS INC,3840.0,260.0
58988910,26.2,26.5,2017-01-03,MMSI,MERIT MEDICAL SYSTEMS INC,3840.0,260.0
58988910,26.05,26.3,2017-01-04,MMSI,MERIT MEDICAL SYSTEMS INC,3840.0,260.0
58988910,25.7,26.0,2017-01-05,MMSI,MERIT MEDICAL SYSTEMS INC,3840.0,260.0
58988910,25.25,25.85,2017-01-06,MMSI,MERIT MEDICAL SYSTEMS INC,3840.0,260.0
58988910,25.65,25.15,2017-01-09,MMSI,MERIT MEDICAL SYSTEMS INC,3840.0,260.0
58988910,25.95,25.7,2017-01-10,MMSI,MERIT MEDICAL SYSTEMS INC,3840.0,260.0
58988910,26.0,26.05,2017-01-11,MMSI,MERIT MEDICAL SYSTEMS INC,3840.0,260.0
58988910,26.1,25.85,2017-01-12,MMSI,MERIT MEDICAL SYSTEMS INC,3840.0,260.0
58988910,26.7,26.25,2017-01-13,MMSI,MERIT MEDICAL SYSTEMS INC,3840.0,260.0
58988910,26.4,26.65,2017-01-17,MMSI,MERIT MEDICAL SYSTEMS INC,3840.0,260.0
58988910,26.35,26.6,2017-01-18,MMSI,MERIT MEDICAL SYSTEMS INC,3840.0,260.0
58988910,25.7,26.35,2017-01-19,MMSI,MERIT MEDICAL SYSTEMS INC,3840.0,260.0
58988910,25.6,25.75,2017-01-20,MMSI,MERIT MEDICAL SYSTEMS INC,3840.0,260.0
58988910,25.4,25.6,2017-01-23,MMSI,MERIT MEDICAL SYSTEMS INC,3840.0,260.0
58988910,25.0,25.45,2017-01-24,MMSI,MERIT MEDICAL SYSTEMS INC,3840.0,260.0
58988910,25.8,25.0,2017-01-25,MMSI,MERIT MEDICAL SYSTEMS INC,3840.0,260.0
58988910,25.25,25.8,2017-01-26,MMSI,MERIT MEDICAL SYSTEMS INC,3840.0,260.0
58988910,25.25,25.35,2017-01-27,MMSI,MERIT MEDICAL SYSTEMS INC,3840.0,260.0
58988910,24.7,25.1,2017-01-30,MMSI,MERIT MEDICAL SYSTEMS INC,3840.0,260.0
58988910,25.4,24.6,2017-01-31,MMSI,MERIT MEDICAL SYSTEMS INC,3840.0,260.0
58988910,25.85,25.6,2017-02-01,MMSI,MERIT MEDICAL SYSTEMS INC,3840.0,260.0
58988910,25.85,25.75,2017-02-02,MMSI,MERIT MEDICAL SYSTEMS INC,3840.0,260.0
58988910,26.6,26.0,2017-02-03,MMSI,MERIT MEDICAL SYSTEMS INC,3840.0,260.0
58988910,26.8,26.65,2017-02-06,MMSI,MERIT MEDICAL SYSTEMS INC,3840.0,260.0
58988910,26.8,26.9,2017-02-07,MMSI,MERIT MEDICAL SYSTEMS INC,3840.0,260.0
58988910,27.1,26.65,2017-02-08,MMSI,MERIT MEDICAL SYSTEMS INC,3840.0,260.0
58988910,27.45,27.2,2017-02-09,MMSI,MERIT MEDICAL SYSTEMS INC,3840.0,260.0
58988910,27.7,27.6,2017-02-10,MMSI,MERIT MEDICAL SYSTEMS INC,3840.0,260.0
58988910,28.2,27.9,2017-02-13,MMSI,MERIT MEDICAL SYSTEMS INC,3840.0,260.0
58988910,27.75,28.1,2017-02-14,MMSI,MERIT MEDICAL SYSTEMS INC,3840.0,260.0
58988910,28.15,27.6,2017-02-15,MMSI,MERIT MEDICAL SYSTEMS INC,3840.0,260.0
58988910,28.35,28.15,2017-02-16,MMSI,MERIT MEDICAL SYSTEMS INC,3840.0,260.0
58988910,28.25,28.0,2017-02-17,MMSI,MERIT MEDICAL SYSTEMS INC,3840.0,260.0
58988910,28.65,28.3,2017-02-21,MMSI,MERIT MEDICAL SYSTEMS INC,3840.0,260.0
58988910,29.925,29.0,2017-02-22,MMSI,MERIT MEDICAL SYSTEMS INC,3840.0,260.0
58988910,29.45,30.05,2017-02-23,MMSI,MERIT MEDICAL SYSTEMS INC,3840.0,260.0
58988910,29.6,29.25,2017-02-24,MMSI,MERIT MEDICAL SYSTEMS INC,3840.0,260.0
58988910,30.85,29.95,2017-02-27,MMSI,MERIT MEDICAL SYSTEMS INC,3840.0,260.0
58988910,30.8,30.95,2017-02-28,MMSI,MERIT MEDICAL SYSTEMS INC,3840.0,260.0
58988910,30.9,31.3,2017-03-01,MMSI,MERIT MEDICAL SYSTEMS INC,3840.0,260.0
58988910,30.7,31.0,2017-03-02,MMSI,MERIT MEDICAL SYSTEMS INC,3840.0,260.0
58988910,30.55,30.8,2017-03-03,MMSI,MERIT MEDICAL SYSTEMS INC,3840.0,260.0
58988910,30.2,30.3,2017-03-06,MMSI,MERIT MEDICAL SYSTEMS INC,3840.0,260.0
58988910,29.9,30.0,2017-03-07,MMSI,MERIT MEDICAL SYSTEMS INC,3840.0,260.0
58988910,29.75,29.85,2017-03-08,MMSI,MERIT MEDICAL SYSTEMS INC,3840.0,260.0
58988910,29.9,29.75,2017-03-09,MMSI,MERIT MEDICAL SYSTEMS INC,3840.0,260.0
58988910,29.85,30.15,2017-03-10,MMSI,MERIT MEDICAL SYSTEMS INC,3840.0,260.0
58988910,30.45,29.8,2017-03-13,MMSI,MERIT MEDICAL SYSTEMS INC,3840.0,260.0
58988910,30.55,30.4,2017-03-14,MMSI,MERIT MEDICAL SYSTEMS INC,3840.0,260.0
58988910,30.55,30.75,2017-03-15,MMSI,MERIT MEDICAL SYSTEMS INC,3840.0,260.0
58988910,30.4,30.65,2017-03-16,MMSI,MERIT MEDICAL SYSTEMS INC,3840.0,260.0
58988910,31.35,30.25,2017-03-17,MMSI,MERIT MEDICAL SYSTEMS INC,3840.0,260.0
58988910,31.55,31.3,2017-03-20,MMSI,MERIT MEDICAL SYSTEMS INC,3840.0,260.0
58988910,29.8,31.0,2017-03-21,MMSI,MERIT MEDICAL SYSTEMS INC,3840.0,260.0
58988910,29.6,29.55,2017-03-22,MMSI,MERIT MEDICAL SYSTEMS INC,3840.0,260.0
58988910,28.25,28.65,2017-03-23,MMSI,MERIT MEDICAL SYSTEMS INC,3840.0,260.0
58988910,28.725,28.45,2017-03-24,MMSI,MERIT MEDICAL SYSTEMS INC,3840.0,260.0
58988910,28.55,28.1,2017-03-27,MMSI,MERIT MEDICAL SYSTEMS INC,3840.0,260.0
58988910,28.9,28.45,2017-03-28,MMSI,MERIT MEDICAL SYSTEMS INC,3840.0,260.0
58988910,28.7,28.9,2017-03-29,MMSI,MERIT MEDICAL SYSTEMS INC,3840.0,260.0
58988910,29.225,28.65,2017-03-30,MMSI,MERIT MEDICAL SYSTEMS INC,3840.0,260.0
58988910,28.9,29.2,2017-03-31,MMSI,MERIT MEDICAL SYSTEMS INC,3840.0,260.0
58988910,28.75,28.9,2017-04-03,MMSI,MERIT MEDICAL SYSTEMS INC,3840.0,260.0
58988910,28.2,28.7,2017-04-04,MMSI,MERIT MEDICAL SYSTEMS INC,3840.0,260.0
58988910,28.3,28.75,2017-04-05,MMSI,MERIT MEDICAL SYSTEMS INC,3840.0,260.0
58988910,28.4,28.25,2017-04-06,MMSI,MERIT MEDICAL SYSTEMS INC,3840.0,260.0
58988910,28.3,28.3,2017-04-07,MMSI,MERIT MEDICAL SYSTEMS INC,3840.0,260.0
58988910,28.35,28.45,2017-04-10,MMSI,MERIT MEDICAL SYSTEMS INC,3840.0,260.0
58988910,28.75,28.35,2017-04-11,MMSI,MERIT MEDICAL SYSTEMS INC,3840.0,260.0
58988910,28.4,28.75,2017-04-12,MMSI,MERIT MEDICAL SYSTEMS INC,3840.0,260.0
58988910,28.2,28.4,2017-04-13,MMSI,MERIT MEDICAL SYSTEMS INC,3840.0,260.0
58988910,28.8,28.6,2017-04-17,MMSI,MERIT MEDICAL SYSTEMS INC,3840.0,260.0
58988910,28.55,28.65,2017-04-18,MMSI,MERIT MEDICAL SYSTEMS INC,3840.0,260.0
58988910,29.0,28.8,2017-04-19,MMSI,MERIT MEDICAL SYSTEMS INC,3840.0,260.0
58988910,29.0,29.1,2017-04-20,MMSI,MERIT MEDICAL SYSTEMS INC,3840.0,260.0
58988910,29.0,29.05,2017-04-21,MMSI,MERIT MEDICAL SYSTEMS INC,3840.0,260.0
58988910,30.4,29.5,2017-04-24,MMSI,MERIT MEDICAL SYSTEMS INC,3840.0,260.0
58988910,30.675,30.55,2017-04-25,MMSI,MERIT MEDICAL SYSTEMS INC,3840.0,260.0
58988910,31.15,30.6,2017-04-26,MMSI,MERIT MEDICAL SYSTEMS INC,3840.0,260.0
58988910,31.2,31.2,2017-04-27,MMSI,MERIT MEDICAL SYSTEMS INC,3840.0,260.0
58988910,33.7,33.2,2017-04-28,MMSI,MERIT MEDICAL SYSTEMS INC,3840.0,260.0
58988910,33.95,34.0,2017-05-01,MMSI,MERIT MEDICAL SYSTEMS INC,3840.0,260.0
58988910,33.7,33.95,2017-05-02,MMSI,MERIT MEDICAL SYSTEMS INC,3840.0,260.0
58988910,33.75,33.45,2017-05-03,MMSI,MERIT MEDICAL SYSTEMS INC,3840.0,260.0
58988910,33.45,33.9,2017-05-04,MMSI,MERIT MEDICAL SYSTEMS INC,3840.0,260.0
58988910,34.15,33.55,2017-05-05,MMSI,MERIT MEDICAL SYSTEMS INC,3840.0,260.0
58988910,33.6,34.0,2017-05-08,MMSI,MERIT MEDICAL SYSTEMS INC,3840.0,260.0
58988910,34.1,33.55,2017-05-09,MMSI,MERIT MEDICAL SYSTEMS INC,3840.0,260.0
58988910,33.9,34.0,2017-05-10,MMSI,MERIT MEDICAL SYSTEMS INC,3840.0,260.0
58988910,33.5,33.7,2017-05-11,MMSI,MERIT MEDICAL SYSTEMS INC,3840.0,260.0
58988910,33.425,33.5,2017-05-12,MMSI,MERIT MEDICAL SYSTEMS INC,3840.0,260.0
58988910,34.15,33.6,2017-05-15,MMSI,MERIT MEDICAL SYSTEMS INC,3840.0,260.0
58988910,34.3,34.15,2017-05-16,MMSI,MERIT MEDICAL SYSTEMS INC,3840.0,260.0
58988910,33.1,33.8,2017-05-17,MMSI,MERIT MEDICAL SYSTEMS INC,3840.0,260.0
58988910,33.1,33.15,2017-05-18,MMSI,MERIT MEDICAL SYSTEMS INC,3840.0,260.0
58988910,33.55,33.05,2017-05-19,MMSI,MERIT MEDICAL SYSTEMS INC,3840.0,260.0
58988910,34.0,33.6,2017-05-22,MMSI,MERIT MEDICAL SYSTEMS INC,3840.0,260.0
58988910,34.4,34.1,2017-05-23,MMSI,MERIT MEDICAL SYSTEMS INC,3840.0,260.0
58988910,34.4,34.5,2017-05-24,MMSI,MERIT MEDICAL SYSTEMS INC,3840.0,260.0
58988910,34.3,34.5,2017-05-25,MMSI,MERIT MEDICAL SYSTEMS INC,3840.0,260.0
58988910,34.75,34.25,2017-05-26,MMSI,MERIT MEDICAL SYSTEMS INC,3840.0,260.0
58988910,34.85,34.65,2017-05-30,MMSI,MERIT MEDICAL SYSTEMS INC,3840.0,260.0
58988910,35.5,35.0,2017-05-31,MMSI,MERIT MEDICAL SYSTEMS INC,3840.0,260.0
58988910,36.35,35.55,2017-06-01,MMSI,MERIT MEDICAL SYSTEMS INC,3840.0,260.0
58988910,36.85,36.45,2017-06-02,MMSI,MERIT MEDICAL SYSTEMS INC,3840.0,260.0
58988910,36.2,37.0,2017-06-05,MMSI,MERIT MEDICAL SYSTEMS INC,3840.0,260.0
58988910,36.0,35.9,2017-06-06,MMSI,MERIT MEDICAL SYSTEMS INC,3840.0,260.0
58988910,35.65,35.95,2017-06-07,MMSI,MERIT MEDICAL SYSTEMS INC,3840.0,260.0
58988910,35.85,35.7,2017-06-08,MMSI,MERIT MEDICAL SYSTEMS INC,3840.0,260.0
58988910,35.15,35.8,2017-06-09,MMSI,MERIT MEDICAL SYSTEMS INC,3840.0,260.0
58988910,34.9,35.25,2017-06-12,MMSI,MERIT MEDICAL SYSTEMS INC,3840.0,260.0
58988910,35.15,35.05,2017-06-13,MMSI,MERIT MEDICAL SYSTEMS INC,3840.0,260.0
58988910,34.85,35.0,2017-06-14,MMSI,MERIT MEDICAL SYSTEMS INC,3840.0,260.0
58988910,35.15,34.35,2017-06-15,MMSI,MERIT MEDICAL SYSTEMS INC,3840.0,260.0
58988910,35.35,34.75,2017-06-16,MMSI,MERIT MEDICAL SYSTEMS INC,3840.0,260.0
58988910,36.1,35.3,2017-06-19,MMSI,MERIT MEDICAL SYSTEMS INC,3840.0,260.0
58988910,37.0,37.15,2017-06-20,MMSI,MERIT MEDICAL SYSTEMS INC,3840.0,260.0
58988910,36.8,36.85,2017-06-21,MMSI,MERIT MEDICAL SYSTEMS INC,3840.0,260.0
58988910,37.1,36.95,2017-06-22,MMSI,MERIT MEDICAL SYSTEMS INC,3840.0,260.0
58988910,37.8,37.0,2017-06-23,MMSI,MERIT MEDICAL SYSTEMS INC,3840.0,260.0
58988910,37.4,37.95,2017-06-26,MMSI,MERIT MEDICAL SYSTEMS INC,3840.0,260.0
58988910,37.1,37.1,2017-06-27,MMSI,MERIT MEDICAL SYSTEMS INC,3840.0,260.0
58988910,38.0,37.4,2017-06-28,MMSI,MERIT MEDICAL SYSTEMS INC,3840.0,260.0
58988910,37.35,38.0,2017-06-29,MMSI,MERIT MEDICAL SYSTEMS INC,3840.0,260.0
58988910,38.15,37.4,2017-06-30,MMSI,MERIT MEDICAL SYSTEMS INC,3840.0,260.0
58988910,37.65,38.25,2017-07-03,MMSI,MERIT MEDICAL SYSTEMS INC,3840.0,260.0
58988910,38.25,37.55,2017-07-05,MMSI,MERIT MEDICAL SYSTEMS INC,3840.0,260.0
58988910,37.9,37.9,2017-07-06,MMSI,MERIT MEDICAL SYSTEMS INC,3840.0,260.0
58988910,38.3,38.1,2017-07-07,MMSI,MERIT MEDICAL SYSTEMS INC,3840.0,260.0
58988910,37.9,38.2,2017-07-10,MMSI,MERIT MEDICAL SYSTEMS INC,3840.0,260.0
58988910,38.15,37.9,2017-07-11,MMSI,MERIT MEDICAL SYSTEMS INC,3840.0,260.0
58988910,37.9,38.4,2017-07-12,MMSI,MERIT MEDICAL SYSTEMS INC,3840.0,260.0
58988910,36.675,37.95,2017-07-13,MMSI,MERIT MEDICAL SYSTEMS INC,3840.0,260.0
58988910,37.55,36.65,2017-07-14,MMSI,MERIT MEDICAL SYSTEMS INC,3840.0,260.0
58988910,37.55,37.75,2017-07-17,MMSI,MERIT MEDICAL SYSTEMS INC,3840.0,260.0
58988910,37.15,37.55,2017-07-18,MMSI,MERIT MEDICAL SYSTEMS INC,3840.0,260.0
58988910,38.6,37.35,2017-07-19,MMSI,MERIT MEDICAL SYSTEMS INC,3840.0,260.0
58988910,39.4,40.0,2017-07-20,MMSI,MERIT MEDICAL SYSTEMS INC,3840.0,260.0
58988910,38.25,39.95,2017-07-21,MMSI,MERIT MEDICAL SYSTEMS INC,3840.0,260.0
58988910,38.35,38.2,2017-07-24,MMSI,MERIT MEDICAL SYSTEMS INC,3840.0,260.0
58988910,38.85,38.75,2017-07-25,MMSI,MERIT MEDICAL SYSTEMS INC,3840.0,260.0
58988910,37.8,38.85,2017-07-26,MMSI,MERIT MEDICAL SYSTEMS INC,3840.0,260.0
58988910,40.7,40.95,2017-07-27,MMSI,MERIT MEDICAL SYSTEMS INC,3840.0,260.0
58988910,41.05,40.6,2017-07-28,MMSI,MERIT MEDICAL SYSTEMS INC,3840.0,260.0
58988910,41.0,41.3,2017-07-31,MMSI,MERIT MEDICAL SYSTEMS INC,3840.0,260.0
58988910,41.65,41.45,2017-08-01,MMSI,MERIT MEDICAL SYSTEMS INC,3840.0,260.0
58988910,41.5,41.65,2017-08-02,MMSI,MERIT MEDICAL SYSTEMS INC,3840.0,260.0
58988910,41.3,41.55,2017-08-03,MMSI,MERIT MEDICAL SYSTEMS INC,3840.0,260.0
58988910,41.325,41.55,2017-08-04,MMSI,MERIT MEDICAL SYSTEMS INC,3840.0,260.0
58988910,42.4,41.35,2017-08-07,MMSI,MERIT MEDICAL SYSTEMS INC,3840.0,260.0
58988910,41.95,42.45,2017-08-08,MMSI,MERIT MEDICAL SYSTEMS INC,3840.0,260.0
58988910,41.85,41.85,2017-08-09,MMSI,MERIT MEDICAL SYSTEMS INC,3840.0,260.0
58988910,39.8,41.55,2017-08-10,MMSI,MERIT MEDICAL SYSTEMS INC,3840.0,260.0
58988910,39.75,39.8,2017-08-11,MMSI,MERIT MEDICAL SYSTEMS INC,3840.0,260.0
58988910,40.4,40.25,2017-08-14,MMSI,MERIT MEDICAL SYSTEMS INC,3840.0,260.0
58988910,41.05,40.6,2017-08-15,MMSI,MERIT MEDICAL SYSTEMS INC,3840.0,260.0
58988910,40.85,40.8,2017-08-16,MMSI,MERIT MEDICAL SYSTEMS INC,3840.0,260.0
58988910,40.85,40.75,2017-08-17,MMSI,MERIT MEDICAL SYSTEMS INC,3840.0,260.0
58988910,40.75,40.45,2017-08-18,MMSI,MERIT MEDICAL SYSTEMS INC,3840.0,260.0
58988910,40.65,40.75,2017-08-21,MMSI,MERIT MEDICAL SYSTEMS INC,3840.0,260.0
58988910,41.5,40.8,2017-08-22,MMSI,MERIT MEDICAL SYSTEMS INC,3840.0,260.0
58988910,41.3,41.3,2017-08-23,MMSI,MERIT MEDICAL SYSTEMS INC,3840.0,260.0
58988910,40.9,41.45,2017-08-24,MMSI,MERIT MEDICAL SYSTEMS INC,3840.0,260.0
58988910,40.65,40.95,2017-08-25,MMSI,MERIT MEDICAL SYSTEMS INC,3840.0,260.0
58988910,40.55,39.35,2017-08-28,MMSI,MERIT MEDICAL SYSTEMS INC,3840.0,260.0
58988910,40.25,39.95,2017-08-29,MMSI,MERIT MEDICAL SYSTEMS INC,3840.0,260.0
58988910,40.5,40.35,2017-08-30,MMSI,MERIT MEDICAL SYSTEMS INC,3840.0,260.0
58988910,41.3,40.5,2017-08-31,MMSI,MERIT MEDICAL SYSTEMS INC,3840.0,260.0
58988910,41.65,41.35,2017-09-01,MMSI,MERIT MEDICAL SYSTEMS INC,3840.0,260.0
58988910,40.7,41.5,2017-09-05,MMSI,MERIT MEDICAL SYSTEMS INC,3840.0,260.0
58988910,40.75,40.9,2017-09-06,MMSI,MERIT MEDICAL SYSTEMS INC,3840.0,260.0
58988910,40.45,40.75,2017-09-07,MMSI,MERIT MEDICAL SYSTEMS INC,3840.0,260.0
58988910,41.4,40.45,2017-09-08,MMSI,MERIT MEDICAL SYSTEMS INC,3840.0,260.0
58988910,42.0,41.8,2017-09-11,MMSI,MERIT MEDICAL SYSTEMS INC,3840.0,260.0
58988910,41.6,42.0,2017-09-12,MMSI,MERIT MEDICAL SYSTEMS INC,3840.0,260.0
58988910,41.65,41.6,2017-09-13,MMSI,MERIT MEDICAL SYSTEMS INC,3840.0,260.0
58988910,42.1,41.4,2017-09-14,MMSI,MERIT MEDICAL SYSTEMS INC,3840.0,260.0
58988910,41.5,42.15,2017-09-15,MMSI,MERIT MEDICAL SYSTEMS INC,3840.0,260.0
58988910,41.65,41.6,2017-09-18,MMSI,MERIT MEDICAL SYSTEMS INC,3840.0,260.0
58988910,41.05,41.55,2017-09-19,MMSI,MERIT MEDICAL SYSTEMS INC,3840.0,260.0
58988910,40.8,41.1,2017-09-20,MMSI,MERIT MEDICAL SYSTEMS INC,3840.0,260.0
58988910,40.6,40.8,2017-09-21,MMSI,MERIT MEDICAL SYSTEMS INC,3840.0,260.0
58988910,40.8,40.8,2017-09-22,MMSI,MERIT MEDICAL SYSTEMS INC,3840.0,260.0
58988910,40.85,40.8,2017-09-25,MMSI,MERIT MEDICAL SYSTEMS INC,3840.0,260.0
58988910,40.75,41.05,2017-09-26,MMSI,MERIT MEDICAL SYSTEMS INC,3840.0,260.0
58988910,41.9,40.95,2017-09-27,MMSI,MERIT MEDICAL SYSTEMS INC,3840.0,260.0
58988910,42.05,41.8,2017-09-28,MMSI,MERIT MEDICAL SYSTEMS INC,3840.0,260.0
58988910,42.35,42.25,2017-09-29,MMSI,MERIT MEDICAL SYSTEMS INC,3840.0,260.0
58988910,44.1,42.55,2017-10-02,MMSI,MERIT MEDICAL SYSTEMS INC,3840.0,260.0
58988910,44.45,44.55,2017-10-03,MMSI,MERIT MEDICAL SYSTEMS INC,3840.0,260.0
58988910,44.8,44.4,2017-10-04,MMSI,MERIT MEDICAL SYSTEMS INC,3840.0,260.0
58988910,45.4,45.15,2017-10-05,MMSI,MERIT MEDICAL SYSTEMS INC,3840.0,260.0
58988910,45.35,45.45,2017-10-06,MMSI,MERIT MEDICAL SYSTEMS INC,3840.0,260.0
58988910,44.95,45.25,2017-10-09,MMSI,MERIT MEDICAL SYSTEMS INC,3840.0,260.0
58988910,43.65,45.2,2017-10-10,MMSI,MERIT MEDICAL SYSTEMS INC,3840.0,260.0
58988910,43.55,43.5,2017-10-11,MMSI,MERIT MEDICAL SYSTEMS INC,3840.0,260.0
58988910,42.95,43.45,2017-10-12,MMSI,MERIT MEDICAL SYSTEMS INC,3840.0,260.0
58988910,42.7,43.15,2017-10-13,MMSI,MERIT MEDICAL SYSTEMS INC,3840.0,260.0
58988910,42.4,42.65,2017-10-16,MMSI,MERIT MEDICAL SYSTEMS INC,3840.0,260.0
58988910,42.4,42.3,2017-10-17,MMSI,MERIT MEDICAL SYSTEMS INC,3840.0,260.0
58988910,42.15,42.7,2017-10-18,MMSI,MERIT MEDICAL SYSTEMS INC,3840.0,260.0
58988910,41.65,41.95,2017-10-19,MMSI,MERIT MEDICAL SYSTEMS INC,3840.0,260.0
58988910,42.0,42.1,2017-10-20,MMSI,MERIT MEDICAL SYSTEMS INC,3840.0,260.0
58988910,41.8,42.2,2017-10-23,MMSI,MERIT MEDICAL SYSTEMS INC,3840.0,260.0
58988910,42.15,41.85,2017-10-24,MMSI,MERIT MEDICAL SYSTEMS INC,3840.0,260.0
58988910,41.7,41.9,2017-10-25,MMSI,MERIT MEDICAL SYSTEMS INC,3840.0,260.0
58988910,38.05,41.15,2017-10-26,MMSI,MERIT MEDICAL SYSTEMS INC,3840.0,260.0
58988910,37.0,38.05,2017-10-27,MMSI,MERIT MEDICAL SYSTEMS INC,3840.0,260.0
58988910,37.5,37.0,2017-10-30,MMSI,MERIT MEDICAL SYSTEMS INC,3840.0,260.0
58988910,38.05,37.45,2017-10-31,MMSI,MERIT MEDICAL SYSTEMS INC,3840.0,260.0
58988910,37.2,38.15,2017-11-01,MMSI,MERIT MEDICAL SYSTEMS INC,3840.0,260.0
58988910,37.65,37.15,2017-11-02,MMSI,MERIT MEDICAL SYSTEMS INC,3840.0,260.0
58988910,37.95,37.65,2017-11-03,MMSI,MERIT MEDICAL SYSTEMS INC,3840.0,260.0
58988910,37.3,38.05,2017-11-06,MMSI,MERIT MEDICAL SYSTEMS INC,3840.0,260.0
58988910,37.8,37.2,2017-11-07,MMSI,MERIT MEDICAL SYSTEMS INC,3840.0,260.0
58988910,37.5,37.6,2017-11-08,MMSI,MERIT MEDICAL SYSTEMS INC,3840.0,260.0
58988910,37.45,37.35,2017-11-09,MMSI,MERIT MEDICAL SYSTEMS INC,3840.0,260.0
58988910,36.8,37.4,2017-11-10,MMSI,MERIT MEDICAL SYSTEMS INC,3840.0,260.0
58988910,37.7,36.45,2017-11-13,MMSI,MERIT MEDICAL SYSTEMS INC,3840.0,260.0
58988910,37.2,37.65,2017-11-14,MMSI,MERIT MEDICAL SYSTEMS INC,3840.0,260.0
58988910,37.2,37.15,2017-11-15,MMSI,MERIT MEDICAL SYSTEMS INC,3840.0,260.0
58988910,40.85,39.05,2017-11-16,MMSI,MERIT MEDICAL SYSTEMS INC,3840.0,260.0
58988910,40.6,40.55,2017-11-17,MMSI,MERIT MEDICAL SYSTEMS INC,3840.0,260.0
58988910,41.9,40.75,2017-11-20,MMSI,MERIT MEDICAL SYSTEMS INC,3840.0,260.0
58988910,43.55,42.2,2017-11-21,MMSI,MERIT MEDICAL SYSTEMS INC,3840.0,260.0
58988910,43.8,43.5,2017-11-22,MMSI,MERIT MEDICAL SYSTEMS INC,3840.0,260.0
58988910,44.1,43.8,2017-11-24,MMSI,MERIT MEDICAL SYSTEMS INC,3840.0,260.0
58988910,44.2,44.2,2017-11-27,MMSI,MERIT MEDICAL SYSTEMS INC,3840.0,260.0
58988910,44.05,44.5,2017-11-28,MMSI,MERIT MEDICAL SYSTEMS INC,3840.0,260.0
58988910,44.15,44.2,2017-11-29,MMSI,MERIT MEDICAL SYSTEMS INC,3840.0,260.0
58988910,43.45,45.15,2017-11-30,MMSI,MERIT MEDICAL SYSTEMS INC,3840.0,260.0
58988910,43.2,43.5,2017-12-01,MMSI,MERIT MEDICAL SYSTEMS INC,3840.0,260.0
58988910,43.7,43.55,2017-12-04,MMSI,MERIT MEDICAL SYSTEMS INC,3840.0,260.0
58988910,43.6,43.9,2017-12-05,MMSI,MERIT MEDICAL SYSTEMS INC,3840.0,260.0
58988910,43.25,43.55,2017-12-06,MMSI,MERIT MEDICAL SYSTEMS INC,3840.0,260.0
58988910,43.85,43.25,2017-12-07,MMSI,MERIT MEDICAL SYSTEMS INC,3840.0,260.0
58988910,43.3,43.95,2017-12-08,MMSI,MERIT MEDICAL SYSTEMS INC,3840.0,260.0
58988910,43.35,43.4,2017-12-11,MMSI,MERIT MEDICAL SYSTEMS INC,3840.0,260.0
58988910,43.65,43.55,2017-12-12,MMSI,MERIT MEDICAL SYSTEMS INC,3840.0,260.0
58988910,43.5,43.6,2017-12-13,MMSI,MERIT MEDICAL SYSTEMS INC,3840.0,260.0
58988910,43.4,43.45,2017-12-14,MMSI,MERIT MEDICAL SYSTEMS INC,3840.0,260.0
58988910,44.9,43.4,2017-12-15,MMSI,MERIT MEDICAL SYSTEMS INC,3840.0,260.0
58988910,44.35,45.4,2017-12-18,MMSI,MERIT MEDICAL SYSTEMS INC,3840.0,260.0
58988910,43.85,44.4,2017-12-19,MMSI,MERIT MEDICAL SYSTEMS INC,3840.0,260.0
58988910,43.55,44.1,2017-12-20,MMSI,MERIT MEDICAL SYSTEMS INC,3840.0,260.0
58988910,43.35,43.45,2017-12-21,MMSI,MERIT MEDICAL SYSTEMS INC,3840.0,260.0
58988910,43.0,43.45,2017-12-22,MMSI,MERIT MEDICAL SYSTEMS INC,3840.0,260.0
58988910,43.05,42.9,2017-12-26,MMSI,MERIT MEDICAL SYSTEMS INC,3840.0,260.0
58988910,43.45,43.0,2017-12-27,MMSI,MERIT MEDICAL SYSTEMS INC,3840.0,260.0
58988910,43.85,43.7,2017-12-28,MMSI,MERIT MEDICAL SYSTEMS INC,3840.0,260.0
58988910,43.2,43.85,2017-12-29,MMSI,MERIT MEDICAL SYSTEMS INC,3840.0,260.0
58988910,43.55,42.95,2018-01-02,MMSI,MERIT MEDICAL SYSTEMS INC,3840.0,260.0
58988910,45.0,43.8,2018-01-03,MMSI,MERIT MEDICAL SYSTEMS INC,3840.0,260.0
58988910,45.15,45.05,2018-01-04,MMSI,MERIT MEDICAL SYSTEMS INC,3840.0,260.0
58988910,44.7,45.25,2018-01-05,MMSI,MERIT MEDICAL SYSTEMS INC,3840.0,260.0
58988910,45.35,44.75,2018-01-08,MMSI,MERIT MEDICAL SYSTEMS INC,3840.0,260.0
58988910,44.75,45.5,2018-01-09,MMSI,MERIT MEDICAL SYSTEMS INC,3840.0,260.0
58988910,44.1,44.5,2018-01-10,MMSI,MERIT MEDICAL SYSTEMS INC,3840.0,260.0
58988910,44.45,44.05,2018-01-11,MMSI,MERIT MEDICAL SYSTEMS INC,3840.0,260.0
58988910,45.3,44.6,2018-01-12,MMSI,MERIT MEDICAL SYSTEMS INC,3840.0,260.0
58988910,45.5,45.45,2018-01-16,MMSI,MERIT MEDICAL SYSTEMS INC,3840.0,260.0
58988910,46.8,45.5,2018-01-17,MMSI,MERIT MEDICAL SYSTEMS INC,3840.0,260.0
58988910,46.4,46.8,2018-01-18,MMSI,MERIT MEDICAL SYSTEMS INC,3840.0,260.0
58988910,48.0,46.4,2018-01-19,MMSI,MERIT MEDICAL SYSTEMS INC,3840.0,260.0
58988910,46.75,48.1,2018-01-22,MMSI,MERIT MEDICAL SYSTEMS INC,3840.0,260.0
58988910,46.6,46.55,2018-01-23,MMSI,MERIT MEDICAL SYSTEMS INC,3840.0,260.0
58988910,46.45,46.7,2018-01-24,MMSI,MERIT MEDICAL SYSTEMS INC,3840.0,260.0
58988910,46.8,46.75,2018-01-25,MMSI,MERIT MEDICAL SYSTEMS INC,3840.0,260.0
58988910,47.0,46.95,2018-01-26,MMSI,MERIT MEDICAL SYSTEMS INC,3840.0,260.0
58988910,47.0,46.8,2018-01-29,MMSI,MERIT MEDICAL SYSTEMS INC,3840.0,260.0
58988910,46.75,46.45,2018-01-30,MMSI,MERIT MEDICAL SYSTEMS INC,3840.0,260.0
58988910,46.45,47.0,2018-01-31,MMSI,MERIT MEDICAL SYSTEMS INC,3840.0,260.0
58988910,46.1,46.1,2018-02-01,MMSI,MERIT MEDICAL SYSTEMS INC,3840.0,260.0
58988910,45.0,45.9,2018-02-02,MMSI,MERIT MEDICAL SYSTEMS INC,3840.0,260.0
58988910,43.8,44.8,2018-02-05,MMSI,MERIT MEDICAL SYSTEMS INC,3840.0,260.0
58988910,44.05,42.9,2018-02-06,MMSI,MERIT MEDICAL SYSTEMS INC,3840.0,260.0
58988910,43.35,43.85,2018-02-07,MMSI,MERIT MEDICAL SYSTEMS INC,3840.0,260.0
58988910,42.1,43.35,2018-02-08,MMSI,MERIT MEDICAL SYSTEMS INC,3840.0,260.0
58988910,42.65,42.6,2018-02-09,MMSI,MERIT MEDICAL SYSTEMS INC,3840.0,260.0
58988910,43.25,42.85,2018-02-12,MMSI,MERIT MEDICAL SYSTEMS INC,3840.0,260.0
58988910,42.75,43.1,2018-02-13,MMSI,MERIT MEDICAL SYSTEMS INC,3840.0,260.0
58988910,43.35,42.45,2018-02-14,MMSI,MERIT MEDICAL SYSTEMS INC,3840.0,260.0
58988910,44.9,43.8,2018-02-15,MMSI,MERIT MEDICAL SYSTEMS INC,3840.0,260.0
58988910,45.7,44.95,2018-02-16,MMSI,MERIT MEDICAL SYSTEMS INC,3840.0,260.0
58988910,45.5,45.35,2018-02-20,MMSI,MERIT MEDICAL SYSTEMS INC,3840.0,260.0
58988910,45.85,45.5,2018-02-21,MMSI,MERIT MEDICAL SYSTEMS INC,3840.0,260.0
58988910,45.7,45.85,2018-02-22,MMSI,MERIT MEDICAL SYSTEMS INC,3840.0,260.0
58988910,46.75,46.05,2018-02-23,MMSI,MERIT MEDICAL SYSTEMS INC,3840.0,260.0
58988910,47.8,46.6,2018-02-26,MMSI,MERIT MEDICAL SYSTEMS INC,3840.0,260.0
58988910,46.9,47.8,2018-02-27,MMSI,MERIT MEDICAL SYSTEMS INC,3840.0,260.0
58988910,45.5,47.2,2018-02-28,MMSI,MERIT MEDICAL SYSTEMS INC,3840.0,260.0
58988910,45.9,46.4,2018-03-01,MMSI,MERIT MEDICAL SYSTEMS INC,3840.0,260.0
58988910,44.8,45.7,2018-03-02,MMSI,MERIT MEDICAL SYSTEMS INC,3840.0,260.0
58988910,44.5,44.85,2018-03-05,MMSI,MERIT MEDICAL SYSTEMS INC,3840.0,260.0
58988910,45.05,44.55,2018-03-06,MMSI,MERIT MEDICAL SYSTEMS INC,3840.0,260.0
58988910,46.2,44.7,2018-03-07,MMSI,MERIT MEDICAL SYSTEMS INC,3840.0,260.0
58988910,46.2,46.15,2018-03-08,MMSI,MERIT MEDICAL SYSTEMS INC,3840.0,260.0
58988910,45.95,46.5,2018-03-09,MMSI,MERIT MEDICAL SYSTEMS INC,3840.0,260.0
58988910,47.0,45.95,2018-03-12,MMSI,MERIT MEDICAL SYSTEMS INC,3840.0,260.0
58988910,47.3,47.15,2018-03-13,MMSI,MERIT MEDICAL SYSTEMS INC,3840.0,260.0
58988910,46.85,47.5,2018-03-14,MMSI,MERIT MEDICAL SYSTEMS INC,3840.0,260.0
58988910,46.45,46.75,2018-03-15,MMSI,MERIT MEDICAL SYSTEMS INC,3840.0,260.0
58988910,45.0,46.45,2018-03-16,MMSI,MERIT MEDICAL SYSTEMS INC,3840.0,260.0
58988910,43.9,44.9,2018-03-19,MMSI,MERIT MEDICAL SYSTEMS INC,3840.0,260.0
58988910,44.15,43.95,2018-03-20,MMSI,MERIT MEDICAL SYSTEMS INC,3840.0,260.0
58988910,44.5,44.15,2018-03-21,MMSI,MERIT MEDICAL SYSTEMS INC,3840.0,260.0
58988910,43.9,44.15,2018-03-22,MMSI,MERIT MEDICAL SYSTEMS INC,3840.0,260.0
58988910,43.3,43.95,2018-03-23,MMSI,MERIT MEDICAL SYSTEMS INC,3840.0,260.0
58988910,44.15,43.95,2018-03-26,MMSI,MERIT MEDICAL SYSTEMS INC,3840.0,260.0
58988910,43.5,44.35,2018-03-27,MMSI,MERIT MEDICAL SYSTEMS INC,3840.0,260.0
58988910,44.2,43.5,2018-03-28,MMSI,MERIT MEDICAL SYSTEMS INC,3840.0,260.0
58988910,45.35,44.45,2018-03-29,MMSI,MERIT MEDICAL SYSTEMS INC,3840.0,260.0
58988910,44.75,44.8,2018-04-02,MMSI,MERIT MEDICAL SYSTEMS INC,3840.0,260.0
58988910,45.0,44.95,2018-04-03,MMSI,MERIT MEDICAL SYSTEMS INC,3840.0,260.0
58988910,45.15,44.45,2018-04-04,MMSI,MERIT MEDICAL SYSTEMS INC,3840.0,260.0
58988910,46.0,45.45,2018-04-05,MMSI,MERIT MEDICAL SYSTEMS INC,3840.0,260.0
58988910,45.25,45.65,2018-04-06,MMSI,MERIT MEDICAL SYSTEMS INC,3840.0,260.0
58988910,45.25,45.45,2018-04-09,MMSI,MERIT MEDICAL SYSTEMS INC,3840.0,260.0
58988910,45.6,45.6,2018-04-10,MMSI,MERIT MEDICAL SYSTEMS INC,3840.0,260.0
58988910,44.8,45.25,2018-04-11,MMSI,MERIT MEDICAL SYSTEMS INC,3840.0,260.0
58988910,45.25,45.15,2018-04-12,MMSI,MERIT MEDICAL SYSTEMS INC,3840.0,260.0
58988910,45.0,45.3,2018-04-13,MMSI,MERIT MEDICAL SYSTEMS INC,3840.0,260.0
58988910,45.9,45.25,2018-04-16,MMSI,MERIT MEDICAL SYSTEMS INC,3840.0,260.0
58988910,45.8,46.3,2018-04-17,MMSI,MERIT MEDICAL SYSTEMS INC,3840.0,260.0
58988910,45.8,46.05,2018-04-18,MMSI,MERIT MEDICAL SYSTEMS INC,3840.0,260.0
58988910,45.6,45.65,2018-04-19,MMSI,MERIT MEDICAL SYSTEMS INC,3840.0,260.0
58988910,45.95,45.85,2018-04-20,MMSI,MERIT MEDICAL SYSTEMS INC,3840.0,260.0
58988910,45.8,46.0,2018-04-23,MMSI,MERIT MEDICAL SYSTEMS INC,3840.0,260.0
58988910,45.1,45.9,2018-04-24,MMSI,MERIT MEDICAL SYSTEMS INC,3840.0,260.0
58988910,45.05,44.9,2018-04-25,MMSI,MERIT MEDICAL SYSTEMS INC,3840.0,260.0
58988910,46.35,46.95,2018-04-26,MMSI,MERIT MEDICAL SYSTEMS INC,3840.0,260.0
58988910,47.9,46.5,2018-04-27,MMSI,MERIT MEDICAL SYSTEMS INC,3840.0,260.0
58988910,48.5,48.0,2018-04-30,MMSI,MERIT MEDICAL SYSTEMS INC,3840.0,260.0
58988910,48.9,48.45,2018-05-01,MMSI,MERIT MEDICAL SYSTEMS INC,3840.0,260.0
58988910,49.8,48.8,2018-05-02,MMSI,MERIT MEDICAL SYSTEMS INC,3840.0,260.0
58988910,50.0,49.7,2018-05-03,MMSI,MERIT MEDICAL SYSTEMS INC,3840.0,260.0
58988910,50.15,49.85,2018-05-04,MMSI,MERIT MEDICAL SYSTEMS INC,3840.0,260.0
58988910,50.85,50.45,2018-05-07,MMSI,MERIT MEDICAL SYSTEMS INC,3840.0,260.0
58988910,51.05,50.85,2018-05-08,MMSI,MERIT MEDICAL SYSTEMS INC,3840.0,260.0
58988910,51.05,51.05,2018-05-09,MMSI,MERIT MEDICAL SYSTEMS INC,3840.0,260.0
58988910,52.1,51.3,2018-05-10,MMSI,MERIT MEDICAL SYSTEMS INC,3840.0,260.0
58988910,52.0,52.15,2018-05-11,MMSI,MERIT MEDICAL SYSTEMS INC,3840.0,260.0
58988910,51.5,52.05,2018-05-14,MMSI,MERIT MEDICAL SYSTEMS INC,3840.0,260.0
58988910,50.7,51.2,2018-05-15,MMSI,MERIT MEDICAL SYSTEMS INC,3840.0,260.0
58988910,52.0,50.85,2018-05-16,MMSI,MERIT MEDICAL SYSTEMS INC,3840.0,260.0
58988910,52.7,52.0,2018-05-17,MMSI,MERIT MEDICAL SYSTEMS INC,3840.0,260.0
58988910,53.7,53.15,2018-05-18,MMSI,MERIT MEDICAL SYSTEMS INC,3840.0,260.0
58988910,54.05,53.75,2018-05-21,MMSI,MERIT MEDICAL SYSTEMS INC,3840.0,260.0
58988910,53.6,54.2,2018-05-22,MMSI,MERIT MEDICAL SYSTEMS INC,3840.0,260.0
58988910,54.6,53.5,2018-05-23,MMSI,MERIT MEDICAL SYSTEMS INC,3840.0,260.0
58988910,54.45,54.4,2018-05-24,MMSI,MERIT MEDICAL SYSTEMS INC,3840.0,260.0
58988910,53.55,54.5,2018-05-25,MMSI,MERIT MEDICAL SYSTEMS INC,3840.0,260.0
58988910,53.9,53.25,2018-05-29,MMSI,MERIT MEDICAL SYSTEMS INC,3840.0,260.0
58988910,55.15,53.9,2018-05-30,MMSI,MERIT MEDICAL SYSTEMS INC,3840.0,260.0
58988910,51.3,55.2,2018-05-31,MMSI,MERIT MEDICAL SYSTEMS INC,3840.0,260.0
58988910,52.0,50.35,2018-06-01,MMSI,MERIT MEDICAL SYSTEMS INC,3840.0,260.0
58988910,52.15,52.5,2018-06-04,MMSI,MERIT MEDICAL SYSTEMS INC,3840.0,260.0
58988910,51.2,52.1,2018-06-05,MMSI,MERIT MEDICAL SYSTEMS INC,3840.0,260.0
58988910,50.5,51.35,2018-06-06,MMSI,MERIT MEDICAL SYSTEMS INC,3840.0,260.0
58988910,48.5,50.45,2018-06-07,MMSI,MERIT MEDICAL SYSTEMS INC,3840.0,260.0
58988910,49.25,48.65,2018-06-08,MMSI,MERIT MEDICAL SYSTEMS INC,3840.0,260.0
58988910,49.95,48.95,2018-06-11,MMSI,MERIT MEDICAL SYSTEMS INC,3840.0,260.0
58988910,50.45,49.95,2018-06-12,MMSI,MERIT MEDICAL SYSTEMS INC,3840.0,260.0
58988910,49.4,50.4,2018-06-13,MMSI,MERIT MEDICAL SYSTEMS INC,3840.0,260.0
58988910,49.6,49.55,2018-06-14,MMSI,MERIT MEDICAL SYSTEMS INC,3840.0,260.0
58988910,50.15,49.35,2018-06-15,MMSI,MERIT MEDICAL SYSTEMS INC,3840.0,260.0
58988910,50.25,49.9,2018-06-18,MMSI,MERIT MEDICAL SYSTEMS INC,3840.0,260.0
58988910,50.55,50.0,2018-06-19,MMSI,MERIT MEDICAL SYSTEMS INC,3840.0,260.0
58988910,50.75,50.6,2018-06-20,MMSI,MERIT MEDICAL SYSTEMS INC,3840.0,260.0
58988910,49.95,50.85,2018-06-21,MMSI,MERIT MEDICAL SYSTEMS INC,3840.0,260.0
58988910,50.4,50.1,2018-06-22,MMSI,MERIT MEDICAL SYSTEMS INC,3840.0,260.0
58988910,50.85,50.4,2018-06-25,MMSI,MERIT MEDICAL SYSTEMS INC,3840.0,260.0
58988910,52.3,50.85,2018-06-26,MMSI,MERIT MEDICAL SYSTEMS INC,3840.0,260.0
58988910,52.2,52.25,2018-06-27,MMSI,MERIT MEDICAL SYSTEMS INC,3840.0,260.0
58988910,52.55,52.0,2018-06-28,MMSI,MERIT MEDICAL SYSTEMS INC,3840.0,260.0
58988910,51.2,52.75,2018-06-29,MMSI,MERIT MEDICAL SYSTEMS INC,3840.0,260.0
58988910,53.3,51.55,2018-07-02,MMSI,MERIT MEDICAL SYSTEMS INC,3840.0,260.0
58988910,53.25,53.4,2018-07-03,MMSI,MERIT MEDICAL SYSTEMS INC,3840.0,260.0
58988910,53.1,53.55,2018-07-05,MMSI,MERIT MEDICAL SYSTEMS INC,3840.0,260.0
58988910,55.2,53.2,2018-07-06,MMSI,MERIT MEDICAL SYSTEMS INC,3840.0,260.0
58988910,54.65,55.3,2018-07-09,MMSI,MERIT MEDICAL SYSTEMS INC,3840.0,260.0
58988910,55.4,55.2,2018-07-10,MMSI,MERIT MEDICAL SYSTEMS INC,3840.0,260.0
58988910,55.2,55.05,2018-07-11,MMSI,MERIT MEDICAL SYSTEMS INC,3840.0,260.0
58988910,55.65,55.5,2018-07-12,MMSI,MERIT MEDICAL SYSTEMS INC,3840.0,260.0
58988910,55.75,55.5,2018-07-13,MMSI,MERIT MEDICAL SYSTEMS INC,3840.0,260.0
58988910,55.6,55.85,2018-07-16,MMSI,MERIT MEDICAL SYSTEMS INC,3840.0,260.0
58988910,56.65,56.15,2018-07-17,MMSI,MERIT MEDICAL SYSTEMS INC,3840.0,260.0
58988910,55.85,56.85,2018-07-18,MMSI,MERIT MEDICAL SYSTEMS INC,3840.0,260.0
58988910,55.95,55.65,2018-07-19,MMSI,MERIT MEDICAL SYSTEMS INC,3840.0,260.0
58988910,55.8,55.9,2018-07-20,MMSI,MERIT MEDICAL SYSTEMS INC,3840.0,260.0
58988910,56.2,55.6,2018-07-23,MMSI,MERIT MEDICAL SYSTEMS INC,3840.0,260.0
58988910,57.35,60.9,2018-07-24,MMSI,MERIT MEDICAL SYSTEMS INC,3840.0,260.0
58988910,55.3,56.3,2018-07-25,MMSI,MERIT MEDICAL SYSTEMS INC,3840.0,260.0
58988910,55.4,54.1,2018-07-26,MMSI,MERIT MEDICAL SYSTEMS INC,3840.0,260.0
58988910,54.05,55.5,2018-07-27,MMSI,MERIT MEDICAL SYSTEMS INC,3840.0,260.0
58988910,53.0,54.2,2018-07-30,MMSI,MERIT MEDICAL SYSTEMS INC,3840.0,260.0
58988910,54.3,53.05,2018-07-31,MMSI,MERIT MEDICAL SYSTEMS INC,3840.0,260.0
58988910,55.25,54.3,2018-08-01,MMSI,MERIT MEDICAL SYSTEMS INC,3840.0,260.0
58988910,55.5,55.15,2018-08-02,MMSI,MERIT MEDICAL SYSTEMS INC,3840.0,260.0
58988910,55.75,55.55,2018-08-03,MMSI,MERIT MEDICAL SYSTEMS INC,3840.0,260.0
58988910,56.25,55.6,2018-08-06,MMSI,MERIT MEDICAL SYSTEMS INC,3840.0,260.0
58988910,55.2,49.95,2018-08-07,MMSI,MERIT MEDICAL SYSTEMS INC,3840.0,260.0
58988910,54.5,55.3,2018-08-08,MMSI,MERIT MEDICAL SYSTEMS INC,3840.0,260.0
58988910,55.05,54.6,2018-08-09,MMSI,MERIT MEDICAL SYSTEMS INC,3840.0,260.0
58988910,54.75,54.7,2018-08-10,MMSI,MERIT MEDICAL SYSTEMS INC,3840.0,260.0
58988910,54.95,54.8,2018-08-13,MMSI,MERIT MEDICAL SYSTEMS INC,3840.0,260.0
58988910,55.75,55.15,2018-08-14,MMSI,MERIT MEDICAL SYSTEMS INC,3840.0,260.0
58988910,56.6,55.55,2018-08-15,MMSI,MERIT MEDICAL SYSTEMS INC,3840.0,260.0
58988910,56.55,56.75,2018-08-16,MMSI,MERIT MEDICAL SYSTEMS INC,3840.0,260.0
58988910,56.65,56.3,2018-08-17,MMSI,MERIT MEDICAL SYSTEMS INC,3840.0,260.0
58988910,56.5,56.9,2018-08-20,MMSI,MERIT MEDICAL SYSTEMS INC,3840.0,260.0
58988910,57.9,56.75,2018-08-21,MMSI,MERIT MEDICAL SYSTEMS INC,3840.0,260.0
58988910,57.65,57.7,2018-08-22,MMSI,MERIT MEDICAL SYSTEMS INC,3840.0,260.0
58988910,57.4,57.65,2018-08-23,MMSI,MERIT MEDICAL SYSTEMS INC,3840.0,260.0
58988910,57.65,57.3,2018-08-24,MMSI,MERIT MEDICAL SYSTEMS INC,3840.0,260.0
58988910,58.0,57.75,2018-08-27,MMSI,MERIT MEDICAL SYSTEMS INC,3840.0,260.0
58988910,58.3,58.15,2018-08-28,MMSI,MERIT MEDICAL SYSTEMS INC,3840.0,260.0
58988910,58.6,58.4,2018-08-29,MMSI,MERIT MEDICAL SYSTEMS INC,3840.0,260.0
58988910,58.65,58.3,2018-08-30,MMSI,MERIT MEDICAL SYSTEMS INC,3840.0,260.0
58988910,58.85,58.55,2018-08-31,MMSI,MERIT MEDICAL SYSTEMS INC,3840.0,260.0
58988910,58.9,58.9,2018-09-04,MMSI,MERIT MEDICAL SYSTEMS INC,3840.0,260.0
58988910,60.0,58.95,2018-09-05,MMSI,MERIT MEDICAL SYSTEMS INC,3840.0,260.0
58988910,61.05,60.55,2018-09-06,MMSI,MERIT MEDICAL SYSTEMS INC,3840.0,260.0
58988910,61.45,61.1,2018-09-07,MMSI,MERIT MEDICAL SYSTEMS INC,3840.0,260.0
58988910,60.15,61.7,2018-09-10,MMSI,MERIT MEDICAL SYSTEMS INC,3840.0,260.0
58988910,61.15,60.0,2018-09-11,MMSI,MERIT MEDICAL SYSTEMS INC,3840.0,260.0
58988910,61.15,61.1,2018-09-12,MMSI,MERIT MEDICAL SYSTEMS INC,3840.0,260.0
58988910,62.05,61.3,2018-09-13,MMSI,MERIT MEDICAL SYSTEMS INC,3840.0,260.0
58988910,62.85,62.05,2018-09-14,MMSI,MERIT MEDICAL SYSTEMS INC,3840.0,260.0
58988910,60.7,62.55,2018-09-17,MMSI,MERIT MEDICAL SYSTEMS INC,3840.0,260.0
58988910,61.5,60.85,2018-09-18,MMSI,MERIT MEDICAL SYSTEMS INC,3840.0,260.0
58988910,60.8,61.2,2018-09-19,MMSI,MERIT MEDICAL SYSTEMS INC,3840.0,260.0
58988910,61.0,61.1,2018-09-20,MMSI,MERIT MEDICAL SYSTEMS INC,3840.0,260.0
58988910,61.4,61.15,2018-09-21,MMSI,MERIT MEDICAL SYSTEMS INC,3840.0,260.0
58988910,61.2,61.1,2018-09-24,MMSI,MERIT MEDICAL SYSTEMS INC,3840.0,260.0
58988910,61.75,61.15,2018-09-25,MMSI,MERIT MEDICAL SYSTEMS INC,3840.0,260.0
58988910,60.95,61.7,2018-09-26,MMSI,MERIT MEDICAL SYSTEMS INC,3840.0,260.0
58988910,60.4,61.1,2018-09-27,MMSI,MERIT MEDICAL SYSTEMS INC,3840.0,260.0
58988910,61.45,60.3,2018-09-28,MMSI,MERIT MEDICAL SYSTEMS INC,3840.0,260.0
58988910,62.0,61.44,2018-10-01,MMSI,MERIT MEDICAL SYSTEMS INC,3840.0,260.0
58988910,65.51,65.31,2018-10-02,MMSI,MERIT MEDICAL SYSTEMS INC,3840.0,260.0
58988910,65.94,65.96,2018-10-03,MMSI,MERIT MEDICAL SYSTEMS INC,3840.0,260.0
58988910,64.25,65.54,2018-10-04,MMSI,MERIT MEDICAL SYSTEMS INC,3840.0,260.0
58988910,65.3,64.25,2018-10-05,MMSI,MERIT MEDICAL SYSTEMS INC,3840.0,260.0
58988910,64.08,65.28,2018-10-08,MMSI,MERIT MEDICAL SYSTEMS INC,3840.0,260.0
58988910,62.69,63.83,2018-10-09,MMSI,MERIT MEDICAL SYSTEMS INC,3840.0,260.0
58988910,61.25,62.65,2018-10-10,MMSI,MERIT MEDICAL SYSTEMS INC,3840.0,260.0
58988910,61.0,61.99,2018-10-11,MMSI,MERIT MEDICAL SYSTEMS INC,3840.0,260.0
58988910,62.01,61.8,2018-10-12,MMSI,MERIT MEDICAL SYSTEMS INC,3840.0,260.0
58988910,62.03,62.06,2018-10-15,MMSI,MERIT MEDICAL SYSTEMS INC,3840.0,260.0
58988910,64.42,62.61,2018-10-16,MMSI,MERIT MEDICAL SYSTEMS INC,3840.0,260.0
58988910,64.95,64.19,2018-10-17,MMSI,MERIT MEDICAL SYSTEMS INC,3840.0,260.0
58988910,63.81,64.82,2018-10-18,MMSI,MERIT MEDICAL SYSTEMS INC,3840.0,260.0
58988910,62.72,64.0,2018-10-19,MMSI,MERIT MEDICAL SYSTEMS INC,3840.0,260.0
58988910,62.2,63.0,2018-10-22,MMSI,MERIT MEDICAL SYSTEMS INC,3840.0,260.0
58988910,62.04,61.39,2018-10-23,MMSI,MERIT MEDICAL SYSTEMS INC,3840.0,260.0
58988910,60.84,61.5,2018-10-24,MMSI,MERIT MEDICAL SYSTEMS INC,3840.0,260.0
58988910,61.29,60.56,2018-10-25,MMSI,MERIT MEDICAL SYSTEMS INC,3840.0,260.0
58988910,58.34,60.5,2018-10-26,MMSI,MERIT MEDICAL SYSTEMS INC,3840.0,260.0
58988910,58.85,59.26,2018-10-29,MMSI,MERIT MEDICAL SYSTEMS INC,3840.0,260.0
58988910,57.64,58.84,2018-10-30,MMSI,MERIT MEDICAL SYSTEMS INC,3840.0,260.0
58988910,57.12,58.29,2018-10-31,MMSI,MERIT MEDICAL SYSTEMS INC,3840.0,260.0
58988910,59.11,57.46,2018-11-01,MMSI,MERIT MEDICAL SYSTEMS INC,3840.0,260.0
58988910,59.69,59.02,2018-11-02,MMSI,MERIT MEDICAL SYSTEMS INC,3840.0,260.0
58988910,59.16,59.89,2018-11-05,MMSI,MERIT MEDICAL SYSTEMS INC,3840.0,260.0
58988910,59.58,59.06,2018-11-06,MMSI,MERIT MEDICAL SYSTEMS INC,3840.0,260.0
58988910,61.06,59.7,2018-11-07,MMSI,MERIT MEDICAL SYSTEMS INC,3840.0,260.0
58988910,61.24,61.08,2018-11-08,MMSI,MERIT MEDICAL SYSTEMS INC,3840.0,260.0
58988910,59.16,61.04,2018-11-09,MMSI,MERIT MEDICAL SYSTEMS INC,3840.0,260.0
58988910,57.94,59.22,2018-11-12,MMSI,MERIT MEDICAL SYSTEMS INC,3840.0,260.0
58988910,57.9,58.32,2018-11-13,MMSI,MERIT MEDICAL SYSTEMS INC,3840.0,260.0
58988910,57.8,57.97,2018-11-14,MMSI,MERIT MEDICAL SYSTEMS INC,3840.0,260.0
58988910,59.1,57.69,2018-11-15,MMSI,MERIT MEDICAL SYSTEMS INC,3840.0,260.0
58988910,61.28,58.98,2018-11-16,MMSI,MERIT MEDICAL SYSTEMS INC,3840.0,260.0
58988910,58.83,60.25,2018-11-19,MMSI,MERIT MEDICAL SYSTEMS INC,3840.0,260.0
58988910,58.82,58.27,2018-11-20,MMSI,MERIT MEDICAL SYSTEMS INC,3840.0,260.0
58988910,58.35,58.99,2018-11-21,MMSI,MERIT MEDICAL SYSTEMS INC,3840.0,260.0
58988910,58.72,57.94,2018-11-23,MMSI,MERIT MEDICAL SYSTEMS INC,3840.0,260.0
58988910,58.33,59.23,2018-11-26,MMSI,MERIT MEDICAL SYSTEMS INC,3840.0,260.0
58988910,58.42,57.81,2018-11-27,MMSI,MERIT MEDICAL SYSTEMS INC,3840.0,260.0
58988910,61.0,58.84,2018-11-28,MMSI,MERIT MEDICAL SYSTEMS INC,3840.0,260.0
58988910,62.21,61.2,2018-11-29,MMSI,MERIT MEDICAL SYSTEMS INC,3840.0,260.0
58988910,63.05,62.38,2018-11-30,MMSI,MERIT MEDICAL SYSTEMS INC,3840.0,260.0
58988910,62.9,64.03,2018-12-03,MMSI,MERIT MEDICAL SYSTEMS INC,3840.0,260.0
58988910,61.54,62.91,2018-12-04,MMSI,MERIT MEDICAL SYSTEMS INC,3840.0,260.0
58988910,60.59,60.49,2018-12-06,MMSI,MERIT MEDICAL SYSTEMS INC,3840.0,260.0
58988910,58.88,60.71,2018-12-07,MMSI,MERIT MEDICAL SYSTEMS INC,3840.0,260.0
58988910,58.66,58.94,2018-12-10,MMSI,MERIT MEDICAL SYSTEMS INC,3840.0,260.0
58988910,58.52,59.33,2018-12-11,MMSI,MERIT MEDICAL SYSTEMS INC,3840.0,260.0
58988910,58.73,59.35,2018-12-12,MMSI,MERIT MEDICAL SYSTEMS INC,3840.0,260.0
58988910,57.64,59.02,2018-12-13,MMSI,MERIT MEDICAL SYSTEMS INC,3840.0,260.0
58988910,56.28,57.2,2018-12-14,MMSI,MERIT MEDICAL SYSTEMS INC,3840.0,260.0
58988910,54.53,56.1,2018-12-17,MMSI,MERIT MEDICAL SYSTEMS INC,3840.0,260.0
58988910,53.55,55.0,2018-12-18,MMSI,MERIT MEDICAL SYSTEMS INC,3840.0,260.0
58988910,52.42,53.84,2018-12-19,MMSI,MERIT MEDICAL SYSTEMS INC,3840.0,260.0
58988910,51.13,52.36,2018-12-20,MMSI,MERIT MEDICAL SYSTEMS INC,3840.0,260.0
58988910,50.95,51.14,2018-12-21,MMSI,MERIT MEDICAL SYSTEMS INC,3840.0,260.0
58988910,50.15,50.51,2018-12-24,MMSI,MERIT MEDICAL SYSTEMS INC,3840.0,260.0
58988910,53.25,50.58,2018-12-26,MMSI,MERIT MEDICAL SYSTEMS INC,3840.0,260.0
58988910,53.75,52.5,2018-12-27,MMSI,MERIT MEDICAL SYSTEMS INC,3840.0,260.0
58988910,54.97,54.3,2018-12-28,MMSI,MERIT MEDICAL SYSTEMS INC,3840.0,260.0
58988910,55.81,55.42,2018-12-31,MMSI,MERIT MEDICAL SYSTEMS INC,3840.0,260.0
58988910,53.2,54.88,2019-01-02,MMSI,MERIT MEDICAL SYSTEMS INC,3840.0,260.0
58988910,50.86,52.82,2019-01-03,MMSI,MERIT MEDICAL SYSTEMS INC,3840.0,260.0
58988910,51.31,51.01,2019-01-04,MMSI,MERIT MEDICAL SYSTEMS INC,3840.0,260.0
58988910,51.43,51.35,2019-01-07,MMSI,MERIT MEDICAL SYSTEMS INC,3840.0,260.0
58988910,51.75,51.74,2019-01-08,MMSI,MERIT MEDICAL SYSTEMS INC,3840.0,260.0
58988910,52.38,51.99,2019-01-09,MMSI,MERIT MEDICAL SYSTEMS INC,3840.0,260.0
58988910,54.1,52.05,2019-01-10,MMSI,MERIT MEDICAL SYSTEMS INC,3840.0,260.0
58988910,53.18,53.95,2019-01-11,MMSI,MERIT MEDICAL SYSTEMS INC,3840.0,260.0
58988910,52.76,52.83,2019-01-14,MMSI,MERIT MEDICAL SYSTEMS INC,3840.0,260.0
58988910,53.68,52.42,2019-01-15,MMSI,MERIT MEDICAL SYSTEMS INC,3840.0,260.0
58988910,52.98,53.92,2019-01-16,MMSI,MERIT MEDICAL SYSTEMS INC,3840.0,260.0
58988910,52.62,52.89,2019-01-17,MMSI,MERIT MEDICAL SYSTEMS INC,3840.0,260.0
58988910,53.6,52.82,2019-01-18,MMSI,MERIT MEDICAL SYSTEMS INC,3840.0,260.0
58988910,53.67,53.5,2019-01-22,MMSI,MERIT MEDICAL SYSTEMS INC,3840.0,260.0
58988910,53.66,53.75,2019-01-23,MMSI,MERIT MEDICAL SYSTEMS INC,3840.0,260.0
58988910,54.13,53.6,2019-01-24,MMSI,MERIT MEDICAL SYSTEMS INC,3840.0,260.0
58988910,54.58,54.39,2019-01-25,MMSI,MERIT MEDICAL SYSTEMS INC,3840.0,260.0
58988910,53.5,54.09,2019-01-28,MMSI,MERIT MEDICAL SYSTEMS INC,3840.0,260.0
58988910,53.37,53.55,2019-01-29,MMSI,MERIT MEDICAL SYSTEMS INC,3840.0,260.0
58988910,54.7,53.62,2019-01-30,MMSI,MERIT MEDICAL SYSTEMS INC,3840.0,260.0
58988910,56.53,54.69,2019-01-31,MMSI,MERIT MEDICAL SYSTEMS INC,3840.0,260.0
58988910,56.43,56.32,2019-02-01,MMSI,MERIT MEDICAL SYSTEMS INC,3840.0,260.0
58988910,56.32,56.43,2019-02-04,MMSI,MERIT MEDICAL SYSTEMS INC,3840.0,260.0
58988910,56.63,56.52,2019-02-05,MMSI,MERIT MEDICAL SYSTEMS INC,3840.0,260.0
58988910,56.62,56.64,2019-02-06,MMSI,MERIT MEDICAL SYSTEMS INC,3840.0,260.0
58988910,55.48,56.33,2019-02-07,MMSI,MERIT MEDICAL SYSTEMS INC,3840.0,260.0
58988910,55.81,55.37,2019-02-08,MMSI,MERIT MEDICAL SYSTEMS INC,3840.0,260.0
58988910,57.65,56.14,2019-02-11,MMSI,MERIT MEDICAL SYSTEMS INC,3840.0,260.0
58988910,57.86,57.9,2019-02-12,MMSI,MERIT MEDICAL SYSTEMS INC,3840.0,260.0
58988910,57.86,58.11,2019-02-13,MMSI,MERIT MEDICAL SYSTEMS INC,3840.0,260.0
58988910,58.61,57.78,2019-02-14,MMSI,MERIT MEDICAL SYSTEMS INC,3840.0,260.0
58988910,59.6,58.96,2019-02-15,MMSI,MERIT MEDICAL SYSTEMS INC,3840.0,260.0
58988910,60.05,59.65,2019-02-19,MMSI,MERIT MEDICAL SYSTEMS INC,3840.0,260.0
58988910,60.88,59.74,2019-02-20,MMSI,MERIT MEDICAL SYSTEMS INC,3840.0,260.0
58988910,59.94,60.58,2019-02-21,MMSI,MERIT MEDICAL SYSTEMS INC,3840.0,260.0
58988910,59.6,60.15,2019-02-22,MMSI,MERIT MEDICAL SYSTEMS INC,3840.0,260.0
58988910,59.39,60.1,2019-02-25,MMSI,MERIT MEDICAL SYSTEMS INC,3840.0,260.0
58988910,57.48,59.39,2019-02-26,MMSI,MERIT MEDICAL SYSTEMS INC,3840.0,260.0
58988910,56.84,61.66,2019-02-27,MMSI,MERIT MEDICAL SYSTEMS INC,3840.0,260.0
58988910,55.73,56.51,2019-02-28,MMSI,MERIT MEDICAL SYSTEMS INC,3840.0,260.0
58988910,58.16,55.53,2019-03-01,MMSI,MERIT MEDICAL SYSTEMS INC,3840.0,260.0
58988910,56.54,58.21,2019-03-04,MMSI,MERIT MEDICAL SYSTEMS INC,3840.0,260.0
58988910,56.67,56.74,2019-03-05,MMSI,MERIT MEDICAL SYSTEMS INC,3840.0,260.0
58988910,56.0,56.89,2019-03-06,MMSI,MERIT MEDICAL SYSTEMS INC,3840.0,260.0
58988910,57.5,55.98,2019-03-07,MMSI,MERIT MEDICAL SYSTEMS INC,3840.0,260.0
58988910,57.26,57.37,2019-03-08,MMSI,MERIT MEDICAL SYSTEMS INC,3840.0,260.0
58988910,58.41,57.29,2019-03-11,MMSI,MERIT MEDICAL SYSTEMS INC,3840.0,260.0
58988910,59.44,58.78,2019-03-12,MMSI,MERIT MEDICAL SYSTEMS INC,3840.0,260.0
58988910,60.42,59.75,2019-03-13,MMSI,MERIT MEDICAL SYSTEMS INC,3840.0,260.0
58988910,60.69,60.4,2019-03-14,MMSI,MERIT MEDICAL SYSTEMS INC,3840.0,260.0
58988910,60.89,60.98,2019-03-15,MMSI,MERIT MEDICAL SYSTEMS INC,3840.0,260.0
58988910,60.19,61.07,2019-03-18,MMSI,MERIT MEDICAL SYSTEMS INC,3840.0,260.0
58988910,59.68,60.43,2019-03-19,MMSI,MERIT MEDICAL SYSTEMS INC,3840.0,260.0
58988910,59.71,59.43,2019-03-20,MMSI,MERIT MEDICAL SYSTEMS INC,3840.0,260.0
58988910,60.84,59.43,2019-03-21,MMSI,MERIT MEDICAL SYSTEMS INC,3840.0,260.0
58988910,58.77,60.48,2019-03-22,MMSI,MERIT MEDICAL SYSTEMS INC,3840.0,260.0
58988910,59.98,58.51,2019-03-25,MMSI,MERIT MEDICAL SYSTEMS INC,3840.0,260.0
58988910,60.34,60.44,2019-03-26,MMSI,MERIT MEDICAL SYSTEMS INC,3840.0,260.0
58988910,59.96,60.08,2019-03-27,MMSI,MERIT MEDICAL SYSTEMS INC,3840.0,260.0
58988910,60.32,60.01,2019-03-28,MMSI,MERIT MEDICAL SYSTEMS INC,3840.0,260.0
58988910,61.83,60.63,2019-03-29,MMSI,MERIT MEDICAL SYSTEMS INC,3840.0,260.0
58988910,61.9,62.49,2019-04-01,MMSI,MERIT MEDICAL SYSTEMS INC,3840.0,260.0
58988910,61.77,61.97,2019-04-02,MMSI,MERIT MEDICAL SYSTEMS INC,3840.0,260.0
58988910,60.3,62.1,2019-04-03,MMSI,MERIT MEDICAL SYSTEMS INC,3840.0,260.0
58988910,60.43,60.28,2019-04-04,MMSI,MERIT MEDICAL SYSTEMS INC,3840.0,260.0
58988910,61.31,60.69,2019-04-05,MMSI,MERIT MEDICAL SYSTEMS INC,3840.0,260.0
58988910,60.99,61.25,2019-04-08,MMSI,MERIT MEDICAL SYSTEMS INC,3840.0,260.0
58988910,61.23,60.95,2019-04-09,MMSI,MERIT MEDICAL SYSTEMS INC,3840.0,260.0
58988910,62.18,61.33,2019-04-10,MMSI,MERIT MEDICAL SYSTEMS INC,3840.0,260.0
58988910,62.6,62.24,2019-04-11,MMSI,MERIT MEDICAL SYSTEMS INC,3840.0,260.0
58988910,62.35,62.68,2019-04-12,MMSI,MERIT MEDICAL SYSTEMS INC,3840.0,260.0
58988910,62.55,62.45,2019-04-15,MMSI,MERIT MEDICAL SYSTEMS INC,3840.0,260.0
58988910,62.3,62.82,2019-04-16,MMSI,MERIT MEDICAL SYSTEMS INC,3840.0,260.0
58988910,57.8,62.43,2019-04-17,MMSI,MERIT MEDICAL SYSTEMS INC,3840.0,260.0
58988910,57.66,58.0,2019-04-18,MMSI,MERIT MEDICAL SYSTEMS INC,3840.0,260.0
58988910,57.58,57.73,2019-04-22,MMSI,MERIT MEDICAL SYSTEMS INC,3840.0,260.0
58988910,59.2,57.52,2019-04-23,MMSI,MERIT MEDICAL SYSTEMS INC,3840.0,260.0
58988910,56.5,60.0,2019-04-24,MMSI,MERIT MEDICAL SYSTEMS INC,3840.0,260.0
58988910,54.4,55.95,2019-04-25,MMSI,MERIT MEDICAL SYSTEMS INC,3840.0,260.0
58988910,54.85,54.46,2019-04-26,MMSI,MERIT MEDICAL SYSTEMS INC,3840.0,260.0
58988910,55.4,54.7,2019-04-29,MMSI,MERIT MEDICAL SYSTEMS INC,3840.0,260.0
58988910,56.18,55.66,2019-04-30,MMSI,MERIT MEDICAL SYSTEMS INC,3840.0,260.0
58988910,54.49,56.3,2019-05-01,MMSI,MERIT MEDICAL SYSTEMS INC,3840.0,260.0
58988910,56.86,54.6,2019-05-02,MMSI,MERIT MEDICAL SYSTEMS INC,3840.0,260.0
58988910,57.93,57.0,2019-05-03,MMSI,MERIT MEDICAL SYSTEMS INC,3840.0,260.0
58988910,58.94,57.2,2019-05-06,MMSI,MERIT MEDICAL SYSTEMS INC,3840.0,260.0
58988910,57.2,58.39,2019-05-07,MMSI,MERIT MEDICAL SYSTEMS INC,3840.0,260.0
58988910,56.69,57.2,2019-05-08,MMSI,MERIT MEDICAL SYSTEMS INC,3840.0,260.0
58988910,57.48,56.38,2019-05-09,MMSI,MERIT MEDICAL SYSTEMS INC,3840.0,260.0
58988910,56.75,57.25,2019-05-10,MMSI,MERIT MEDICAL SYSTEMS INC,3840.0,260.0
58988910,55.29,55.71,2019-05-13,MMSI,MERIT MEDICAL SYSTEMS INC,3840.0,260.0
58988910,56.28,55.3,2019-05-14,MMSI,MERIT MEDICAL SYSTEMS INC,3840.0,260.0
58988910,56.37,55.84,2019-05-15,MMSI,MERIT MEDICAL SYSTEMS INC,3840.0,260.0
58988910,56.7,56.4,2019-05-16,MMSI,MERIT MEDICAL SYSTEMS INC,3840.0,260.0
58988910,54.89,56.1,2019-05-17,MMSI,MERIT MEDICAL SYSTEMS INC,3840.0,260.0
58988910,53.97,54.24,2019-05-20,MMSI,MERIT MEDICAL SYSTEMS INC,3840.0,260.0
58988910,53.64,54.37,2019-05-21,MMSI,MERIT MEDICAL SYSTEMS INC,3840.0,260.0
58988910,54.02,53.59,2019-05-22,MMSI,MERIT MEDICAL SYSTEMS INC,3840.0,260.0
58988910,52.17,53.93,2019-05-23,MMSI,MERIT MEDICAL SYSTEMS INC,3840.0,260.0
58988910,52.75,52.37,2019-05-24,MMSI,MERIT MEDICAL SYSTEMS INC,3840.0,260.0
58988910,53.29,53.04,2019-05-28,MMSI,MERIT MEDICAL SYSTEMS INC,3840.0,260.0
58988910,52.93,52.86,2019-05-29,MMSI,MERIT MEDICAL SYSTEMS INC,3840.0,260.0
58988910,53.5,53.01,2019-05-30,MMSI,MERIT MEDICAL SYSTEMS INC,3840.0,260.0
58988910,51.63,52.87,2019-05-31,MMSI,MERIT MEDICAL SYSTEMS INC,3840.0,260.0
58988910,52.13,52.0,2019-06-03,MMSI,MERIT MEDICAL SYSTEMS INC,3840.0,260.0
58988910,53.63,52.61,2019-06-04,MMSI,MERIT MEDICAL SYSTEMS INC,3840.0,260.0
58988910,54.15,53.73,2019-06-05,MMSI,MERIT MEDICAL SYSTEMS INC,3840.0,260.0
58988910,53.78,54.11,2019-06-06,MMSI,MERIT MEDICAL SYSTEMS INC,3840.0,260.0
58988910,55.17,54.01,2019-06-07,MMSI,MERIT MEDICAL SYSTEMS INC,3840.0,260.0
58988910,56.35,55.45,2019-06-10,MMSI,MERIT MEDICAL SYSTEMS INC,3840.0,260.0
58988910,56.18,56.71,2019-06-11,MMSI,MERIT MEDICAL SYSTEMS INC,3840.0,260.0
58988910,56.23,56.13,2019-06-12,MMSI,MERIT MEDICAL SYSTEMS INC,3840.0,260.0
58988910,56.74,56.47,2019-06-13,MMSI,MERIT MEDICAL SYSTEMS INC,3840.0,260.0
58988910,57.77,57.05,2019-06-14,MMSI,MERIT MEDICAL SYSTEMS INC,3840.0,260.0
58988910,59.1,58.0,2019-06-17,MMSI,MERIT MEDICAL SYSTEMS INC,3840.0,260.0
58988910,60.52,59.38,2019-06-18,MMSI,MERIT MEDICAL SYSTEMS INC,3840.0,260.0
58988910,61.17,60.14,2019-06-19,MMSI,MERIT MEDICAL SYSTEMS INC,3840.0,260.0
58988910,60.92,61.65,2019-06-20,MMSI,MERIT MEDICAL SYSTEMS INC,3840.0,260.0
58988910,60.65,60.46,2019-06-21,MMSI,MERIT MEDICAL SYSTEMS INC,3840.0,260.0
58988910,59.11,60.44,2019-06-24,MMSI,MERIT MEDICAL SYSTEMS INC,3840.0,260.0
58988910,58.85,59.42,2019-06-25,MMSI,MERIT MEDICAL SYSTEMS INC,3840.0,260.0
58988910,58.13,58.85,2019-06-26,MMSI,MERIT MEDICAL SYSTEMS INC,3840.0,260.0
58988910,59.36,58.41,2019-06-27,MMSI,MERIT MEDICAL SYSTEMS INC,3840.0,260.0
58988910,59.56,59.29,2019-06-28,MMSI,MERIT MEDICAL SYSTEMS INC,3840.0,260.0
58988910,58.13,60.0,2019-07-01,MMSI,MERIT MEDICAL SYSTEMS INC,3840.0,260.0
58988910,57.71,58.08,2019-07-02,MMSI,MERIT MEDICAL SYSTEMS INC,3840.0,260.0
58988910,58.47,57.95,2019-07-03,MMSI,MERIT MEDICAL SYSTEMS INC,3840.0,260.0
58988910,58.7,58.09,2019-07-05,MMSI,MERIT MEDICAL SYSTEMS INC,3840.0,260.0
58988910,57.96,58.25,2019-07-08,MMSI,MERIT MEDICAL SYSTEMS INC,3840.0,260.0
58988910,57.78,57.73,2019-07-09,MMSI,MERIT MEDICAL SYSTEMS INC,3840.0,260.0
58988910,57.67,57.89,2019-07-10,MMSI,MERIT MEDICAL SYSTEMS INC,3840.0,260.0
58988910,57.77,57.89,2019-07-11,MMSI,MERIT MEDICAL SYSTEMS INC,3840.0,260.0
58988910,56.86,57.66,2019-07-12,MMSI,MERIT MEDICAL SYSTEMS INC,3840.0,260.0
58988910,57.12,56.97,2019-07-15,MMSI,MERIT MEDICAL SYSTEMS INC,3840.0,260.0
58988910,56.47,57.07,2019-07-16,MMSI,MERIT MEDICAL SYSTEMS INC,3840.0,260.0
58988910,56.31,56.55,2019-07-17,MMSI,MERIT MEDICAL SYSTEMS INC,3840.0,260.0
58988910,55.78,56.41,2019-07-18,MMSI,MERIT MEDICAL SYSTEMS INC,3840.0,260.0
58988910,55.02,55.72,2019-07-19,MMSI,MERIT MEDICAL SYSTEMS INC,3840.0,260.0
58988910,53.97,55.21,2019-07-22,MMSI,MERIT MEDICAL SYSTEMS INC,3840.0,260.0
58988910,53.78,53.75,2019-07-23,MMSI,MERIT MEDICAL SYSTEMS INC,3840.0,260.0
58988910,54.48,54.02,2019-07-24,MMSI,MERIT MEDICAL SYSTEMS INC,3840.0,260.0
58988910,54.84,54.5,2019-07-25,MMSI,MERIT MEDICAL SYSTEMS INC,3840.0,260.0
58988910,41.0,44.0,2019-07-26,MMSI,MERIT MEDICAL SYSTEMS INC,3840.0,260.0
58988910,40.29,41.31,2019-07-29,MMSI,MERIT MEDICAL SYSTEMS INC,3840.0,260.0
58988910,40.19,40.0,2019-07-30,MMSI,MERIT MEDICAL SYSTEMS INC,3840.0,260.0
58988910,39.46,40.33,2019-07-31,MMSI,MERIT MEDICAL SYSTEMS INC,3840.0,260.0
58988910,40.79,40.06,2019-08-01,MMSI,MERIT MEDICAL SYSTEMS INC,3840.0,260.0
58988910,40.75,40.52,2019-08-02,MMSI,MERIT MEDICAL SYSTEMS INC,3840.0,260.0
58988910,40.04,40.13,2019-08-05,MMSI,MERIT MEDICAL SYSTEMS INC,3840.0,260.0
58988910,38.65,40.27,2019-08-06,MMSI,MERIT MEDICAL SYSTEMS INC,3840.0,260.0
58988910,37.75,38.1,2019-08-07,MMSI,MERIT MEDICAL SYSTEMS INC,3840.0,260.0
58988910,38.13,38.01,2019-08-08,MMSI,MERIT MEDICAL SYSTEMS INC,3840.0,260.0
58988910,36.67,37.92,2019-08-09,MMSI,MERIT MEDICAL SYSTEMS INC,3840.0,260.0
58988910,37.63,36.58,2019-08-12,MMSI,MERIT MEDICAL SYSTEMS INC,3840.0,260.0
58988910,37.47,37.5,2019-08-13,MMSI,MERIT MEDICAL SYSTEMS INC,3840.0,260.0
58988910,36.4,36.94,2019-08-14,MMSI,MERIT MEDICAL SYSTEMS INC,3840.0,260.0
58988910,36.84,36.77,2019-08-15,MMSI,MERIT MEDICAL SYSTEMS INC,3840.0,260.0
58988910,36.18,36.89,2019-08-16,MMSI,MERIT MEDICAL SYSTEMS INC,3840.0,260.0
58988910,35.07,36.49,2019-08-19,MMSI,MERIT MEDICAL SYSTEMS INC,3840.0,260.0
58988910,35.32,35.1,2019-08-20,MMSI,MERIT MEDICAL SYSTEMS INC,3840.0,260.0
58988910,34.62,35.55,2019-08-21,MMSI,MERIT MEDICAL SYSTEMS INC,3840.0,260.0
58988910,34.64,34.85,2019-08-22,MMSI,MERIT MEDICAL SYSTEMS INC,3840.0,260.0
58988910,34.23,34.47,2019-08-23,MMSI,MERIT MEDICAL SYSTEMS INC,3840.0,260.0
58988910,34.01,34.4,2019-08-26,MMSI,MERIT MEDICAL SYSTEMS INC,3840.0,260.0
58988910,34.5,34.24,2019-08-27,MMSI,MERIT MEDICAL SYSTEMS INC,3840.0,260.0
58988910,34.46,34.42,2019-08-28,MMSI,MERIT MEDICAL SYSTEMS INC,3840.0,260.0
58988910,34.92,34.7,2019-08-29,MMSI,MERIT MEDICAL SYSTEMS INC,3840.0,260.0
58988910,34.78,34.95,2019-08-30,MMSI,MERIT MEDICAL SYSTEMS INC,3840.0,260.0
58988910,34.14,34.57,2019-09-03,MMSI,MERIT MEDICAL SYSTEMS INC,3840.0,260.0
58988910,32.53,34.43,2019-09-04,MMSI,MERIT MEDICAL SYSTEMS INC,3840.0,260.0
58988910,29.79,32.79,2019-09-05,MMSI,MERIT MEDICAL SYSTEMS INC,3840.0,260.0
58988910,30.62,29.82,2019-09-06,MMSI,MERIT MEDICAL SYSTEMS INC,3840.0,260.0
58988910,30.93,30.62,2019-09-09,MMSI,MERIT MEDICAL SYSTEMS INC,3840.0,260.0
58988910,27.98,28.99,2019-09-10,MMSI,MERIT MEDICAL SYSTEMS INC,3840.0,260.0
58988910,28.0,28.38,2019-09-11,MMSI,MERIT MEDICAL SYSTEMS INC,3840.0,260.0
58988910,27.08,28.09,2019-09-12,MMSI,MERIT MEDICAL SYSTEMS INC,3840.0,260.0
58988910,27.66,26.93,2019-09-13,MMSI,MERIT MEDICAL SYSTEMS INC,3840.0,260.0
58988910,28.75,27.6,2019-09-16,MMSI,MERIT MEDICAL SYSTEMS INC,3840.0,260.0
58988910,29.91,28.9,2019-09-17,MMSI,MERIT MEDICAL SYSTEMS INC,3840.0,260.0
58988910,29.93,29.95,2019-09-18,MMSI,MERIT MEDICAL SYSTEMS INC,3840.0,260.0
58988910,29.98,29.92,2019-09-19,MMSI,MERIT MEDICAL SYSTEMS INC,3840.0,260.0
58988910,30.25,29.92,2019-09-20,MMSI,MERIT MEDICAL SYSTEMS INC,3840.0,260.0
58988910,31.35,30.11,2019-09-23,MMSI,MERIT MEDICAL SYSTEMS INC,3840.0,260.0
58988910,31.65,31.85,2019-09-24,MMSI,MERIT MEDICAL SYSTEMS INC,3840.0,260.0
58988910,32.32,31.66,2019-09-25,MMSI,MERIT MEDICAL SYSTEMS INC,3840.0,260.0
58988910,31.805,32.25,2019-09-26,MMSI,MERIT MEDICAL SYSTEMS INC,3840.0,260.0
58988910,30.42,31.83,2019-09-27,MMSI,MERIT MEDICAL SYSTEMS INC,3840.0,260.0
58988910,30.46,30.6,2019-09-30,MMSI,MERIT MEDICAL SYSTEMS INC,3840.0,260.0
58988910,29.34,30.35,2019-10-01,MMSI,MERIT MEDICAL SYSTEMS INC,3840.0,260.0
58988910,28.31,29.13,2019-10-02,MMSI,MERIT MEDICAL SYSTEMS INC,3840.0,260.0
58988910,28.54,28.17,2019-10-03,MMSI,MERIT MEDICAL SYSTEMS INC,3840.0,260.0
58988910,28.8,28.76,2019-10-04,MMSI,MERIT MEDICAL SYSTEMS INC,3840.0,260.0
58988910,28.93,28.75,2019-10-07,MMSI,MERIT MEDICAL SYSTEMS INC,3840.0,260.0
58988910,28.31,28.77,2019-10-08,MMSI,MERIT MEDICAL SYSTEMS INC,3840.0,260.0
58988910,28.34,28.45,2019-10-09,MMSI,MERIT MEDICAL SYSTEMS INC,3840.0,260.0
58988910,27.06,28.3,2019-10-10,MMSI,MERIT MEDICAL SYSTEMS INC,3840.0,260.0
58988910,27.87,27.28,2019-10-11,MMSI,MERIT MEDICAL SYSTEMS INC,3840.0,260.0
58988910,28.46,27.95,2019-10-14,MMSI,MERIT MEDICAL SYSTEMS INC,3840.0,260.0
58988910,29.1,28.5,2019-10-15,MMSI,MERIT MEDICAL SYSTEMS INC,3840.0,260.0
58988910,29.65,29.14,2019-10-16,MMSI,MERIT MEDICAL SYSTEMS INC,3840.0,260.0
58988910,30.31,29.75,2019-10-17,MMSI,MERIT MEDICAL SYSTEMS INC,3840.0,260.0
58988910,30.64,30.27,2019-10-18,MMSI,MERIT MEDICAL SYSTEMS INC,3840.0,260.0
58988910,30.51,30.75,2019-10-21,MMSI,MERIT MEDICAL SYSTEMS INC,3840.0,260.0
58988910,30.37,30.61,2019-10-22,MMSI,MERIT MEDICAL SYSTEMS INC,3840.0,260.0
58988910,30.36,30.28,2019-10-23,MMSI,MERIT MEDICAL SYSTEMS INC,3840.0,260.0
58988910,30.28,30.49,2019-10-24,MMSI,MERIT MEDICAL SYSTEMS INC,3840.0,260.0
58988910,30.12,30.19,2019-10-25,MMSI,MERIT MEDICAL SYSTEMS INC,3840.0,260.0
58988910,30.22,30.13,2019-10-28,MMSI,MERIT MEDICAL SYSTEMS INC,3840.0,260.0
58988910,30.1,30.22,2019-10-29,MMSI,MERIT MEDICAL SYSTEMS INC,3840.0,260.0
58988910,29.11,30.15,2019-10-30,MMSI,MERIT MEDICAL SYSTEMS INC,3840.0,260.0
58988910,20.655,22.46,2019-10-31,MMSI,MERIT MEDICAL SYSTEMS INC,3840.0,260.0
58988910,24.15,20.81,2019-11-01,MMSI,MERIT MEDICAL SYSTEMS INC,3840.0,260.0
58988910,25.44,24.47,2019-11-04,MMSI,MERIT MEDICAL SYSTEMS INC,3840.0,260.0
58988910,25.99,25.55,2019-11-05,MMSI,MERIT MEDICAL SYSTEMS INC,3840.0,260.0
58988910,27.17,26.29,2019-11-06,MMSI,MERIT MEDICAL SYSTEMS INC,3840.0,260.0
58988910,25.89,27.1,2019-11-07,MMSI,MERIT MEDICAL SYSTEMS INC,3840.0,260.0
58988910,26.68,25.81,2019-11-08,MMSI,MERIT MEDICAL SYSTEMS INC,3840.0,260.0
58988910,25.66,26.18,2019-11-11,MMSI,MERIT MEDICAL SYSTEMS INC,3840.0,260.0
58988910,25.69,25.6,2019-11-12,MMSI,MERIT MEDICAL SYSTEMS INC,3840.0,260.0
58988910,25.96,25.45,2019-11-13,MMSI,MERIT MEDICAL SYSTEMS INC,3840.0,260.0
58988910,26.27,25.92,2019-11-14,MMSI,MERIT MEDICAL SYSTEMS INC,3840.0,260.0
58988910,26.44,26.41,2019-11-15,MMSI,MERIT MEDICAL SYSTEMS INC,3840.0,260.0
58988910,26.65,26.49,2019-11-18,MMSI,MERIT MEDICAL SYSTEMS INC,3840.0,260.0
58988910,26.81,26.69,2019-11-19,MMSI,MERIT MEDICAL SYSTEMS INC,3840.0,260.0
58988910,27.04,26.78,2019-11-20,MMSI,MERIT MEDICAL SYSTEMS INC,3840.0,260.0
58988910,27.09,27.33,2019-11-21,MMSI,MERIT MEDICAL SYSTEMS INC,3840.0,260.0
58988910,27.4,27.16,2019-11-22,MMSI,MERIT MEDICAL SYSTEMS INC,3840.0,260.0
58988910,28.25,27.56,2019-11-25,MMSI,MERIT MEDICAL SYSTEMS INC,3840.0,260.0
58988910,28.15,28.28,2019-11-26,MMSI,MERIT MEDICAL SYSTEMS INC,3840.0,260.0
58988910,28.17,28.305,2019-11-27,MMSI,MERIT MEDICAL SYSTEMS INC,3840.0,260.0
58988910,28.0,28.0,2019-11-29,MMSI,MERIT MEDICAL SYSTEMS INC,3840.0,260.0
58988910,27.99,27.9,2019-12-02,MMSI,MERIT MEDICAL SYSTEMS INC,3840.0,260.0
58988910,27.995,27.91,2019-12-03,MMSI,MERIT MEDICAL SYSTEMS INC,3840.0,260.0
58988910,28.4,28.15,2019-12-04,MMSI,MERIT MEDICAL SYSTEMS INC,3840.0,260.0
58988910,28.46,28.33,2019-12-05,MMSI,MERIT MEDICAL SYSTEMS INC,3840.0,260.0
58988910,29.14,28.6,2019-12-06,MMSI,MERIT MEDICAL SYSTEMS INC,3840.0,260.0
58988910,29.54,29.18,2019-12-09,MMSI,MERIT MEDICAL SYSTEMS INC,3840.0,260.0
58988910,29.29,29.46,2019-12-10,MMSI,MERIT MEDICAL SYSTEMS INC,3840.0,260.0
58988910,30.01,28.12,2019-12-11,MMSI,MERIT MEDICAL SYSTEMS INC,3840.0,260.0
58988910,30.0,29.14,2019-12-12,MMSI,MERIT MEDICAL SYSTEMS INC,3840.0,260.0
58988910,29.77,29.91,2019-12-13,MMSI,MERIT MEDICAL SYSTEMS INC,3840.0,260.0
58988910,30.19,30.03,2019-12-16,MMSI,MERIT MEDICAL SYSTEMS INC,3840.0,260.0
58988910,30.4,30.44,2019-12-17,MMSI,MERIT MEDICAL SYSTEMS INC,3840.0,260.0
58988910,31.21,30.51,2019-12-18,MMSI,MERIT MEDICAL SYSTEMS INC,3840.0,260.0
58988910,31.655,31.39,2019-12-19,MMSI,MERIT MEDICAL SYSTEMS INC,3840.0,260.0
58988910,31.76,31.75,2019-12-20,MMSI,MERIT MEDICAL SYSTEMS INC,3840.0,260.0
58988910,32.08,31.97,2019-12-23,MMSI,MERIT MEDICAL SYSTEMS INC,3840.0,260.0
58988910,31.87,31.99,2019-12-24,MMSI,MERIT MEDICAL SYSTEMS INC,3840.0,260.0
58988910,31.49,30.5,2019-12-26,MMSI,MERIT MEDICAL SYSTEMS INC,3840.0,260.0
58988910,31.25,31.77,2019-12-27,MMSI,MERIT MEDICAL SYSTEMS INC,3840.0,260.0
58988910,30.66,31.29,2019-12-30,MMSI,MERIT MEDICAL SYSTEMS INC,3840.0,260.0
58988910,31.22,30.7,2019-12-31,MMSI,MERIT MEDICAL SYSTEMS INC,3840.0,260.0
58988910,31.46,31.41,2020-01-02,MMSI,MERIT MEDICAL SYSTEMS INC,3840.0,260.0
58988910,32.48,31.12,2020-01-03,MMSI,MERIT MEDICAL SYSTEMS INC,3840.0,260.0
58988910,33.32,32.27,2020-01-06,MMSI,MERIT MEDICAL SYSTEMS INC,3840.0,260.0
58988910,32.94,33.19,2020-01-07,MMSI,MERIT MEDICAL SYSTEMS INC,3840.0,260.0
58988910,33.63,32.95,2020-01-08,MMSI,MERIT MEDICAL SYSTEMS INC,3840.0,260.0
58988910,34.05,33.76,2020-01-09,MMSI,MERIT MEDICAL SYSTEMS INC,3840.0,260.0
58988910,34.67,34.01,2020-01-10,MMSI,MERIT MEDICAL SYSTEMS INC,3840.0,260.0
58988910,34.65,34.76,2020-01-13,MMSI,MERIT MEDICAL SYSTEMS INC,3840.0,260.0
58988910,38.4,37.9,2020-01-14,MMSI,MERIT MEDICAL SYSTEMS INC,3840.0,260.0
58988910,37.55,38.16,2020-01-15,MMSI,MERIT MEDICAL SYSTEMS INC,3840.0,260.0
58988910,36.82,37.57,2020-01-16,MMSI,MERIT MEDICAL SYSTEMS INC,3840.0,260.0
58988910,36.7,37.14,2020-01-17,MMSI,MERIT MEDICAL SYSTEMS INC,3840.0,260.0
58988910,36.495,36.67,2020-01-21,MMSI,MERIT MEDICAL SYSTEMS INC,3840.0,260.0
58988910,36.18,36.62,2020-01-22,MMSI,MERIT MEDICAL SYSTEMS INC,3840.0,260.0
58988910,36.67,36.32,2020-01-23,MMSI,MERIT MEDICAL SYSTEMS INC,3840.0,260.0
58988910,36.58,36.7,2020-01-24,MMSI,MERIT MEDICAL SYSTEMS INC,3840.0,260.0
58988910,36.06,36.06,2020-01-27,MMSI,MERIT MEDICAL SYSTEMS INC,3840.0,260.0
58988910,37.42,34.72,2020-01-28,MMSI,MERIT MEDICAL SYSTEMS INC,3840.0,260.0
58988910,37.0,37.5,2020-01-29,MMSI,MERIT MEDICAL SYSTEMS INC,3840.0,260.0
58988910,37.02,36.87,2020-01-30,MMSI,MERIT MEDICAL SYSTEMS INC,3840.0,260.0
58988910,36.42,36.81,2020-01-31,MMSI,MERIT MEDICAL SYSTEMS INC,3840.0,260.0
58988910,37.6,38.49,2020-02-03,MMSI,MERIT MEDICAL SYSTEMS INC,3840.0,260.0
58988910,38.87,38.16,2020-02-04,MMSI,MERIT MEDICAL SYSTEMS INC,3840.0,260.0
58988910,39.735,38.95,2020-02-05,MMSI,MERIT MEDICAL SYSTEMS INC,3840.0,260.0
58988910,39.97,39.58,2020-02-06,MMSI,MERIT MEDICAL SYSTEMS INC,3840.0,260.0
58988910,38.89,40.02,2020-02-07,MMSI,MERIT MEDICAL SYSTEMS INC,3840.0,260.0
58988910,39.3,38.78,2020-02-10,MMSI,MERIT MEDICAL SYSTEMS INC,3840.0,260.0
58988910,40.19,39.8,2020-02-11,MMSI,MERIT MEDICAL SYSTEMS INC,3840.0,260.0
58988910,39.37,40.55,2020-02-12,MMSI,MERIT MEDICAL SYSTEMS INC,3840.0,260.0
58988910,40.53,39.29,2020-02-13,MMSI,MERIT MEDICAL SYSTEMS INC,3840.0,260.0
58988910,40.91,40.61,2020-02-14,MMSI,MERIT MEDICAL SYSTEMS INC,3840.0,260.0
58988910,40.33,40.81,2020-02-18,MMSI,MERIT MEDICAL SYSTEMS INC,3840.0,260.0
58988910,41.02,40.53,2020-02-19,MMSI,MERIT MEDICAL SYSTEMS INC,3840.0,260.0
58988910,40.885,41.07,2020-02-20,MMSI,MERIT MEDICAL SYSTEMS INC,3840.0,260.0
58988910,39.77,40.75,2020-02-21,MMSI,MERIT MEDICAL SYSTEMS INC,3840.0,260.0
58988910,38.75,38.48,2020-02-24,MMSI,MERIT MEDICAL SYSTEMS INC,3840.0,260.0
58988910,39.92,43.26,2020-02-25,MMSI,MERIT MEDICAL SYSTEMS INC,3840.0,260.0
58988910,37.71,40.13,2020-02-26,MMSI,MERIT MEDICAL SYSTEMS INC,3840.0,260.0
58988910,36.44,36.81,2020-02-27,MMSI,MERIT MEDICAL SYSTEMS INC,3840.0,260.0
58988910,36.01,35.24,2020-02-28,MMSI,MERIT MEDICAL SYSTEMS INC,3840.0,260.0
58988910,36.92,36.36,2020-03-02,MMSI,MERIT MEDICAL SYSTEMS INC,3840.0,260.0
58988910,36.52,37.12,2020-03-03,MMSI,MERIT MEDICAL SYSTEMS INC,3840.0,260.0
58988910,38.52,37.23,2020-03-04,MMSI,MERIT MEDICAL SYSTEMS INC,3840.0,260.0
58988910,37.92,37.74,2020-03-05,MMSI,MERIT MEDICAL SYSTEMS INC,3840.0,260.0
58988910,37.58,36.76,2020-03-06,MMSI,MERIT MEDICAL SYSTEMS INC,3840.0,260.0
58988910,36.36,35.24,2020-03-09,MMSI,MERIT MEDICAL SYSTEMS INC,3840.0,260.0
58988910,35.97,37.39,2020-03-10,MMSI,MERIT MEDICAL SYSTEMS INC,3840.0,260.0
58988910,32.88,35.15,2020-03-11,MMSI,MERIT MEDICAL SYSTEMS INC,3840.0,260.0
58988910,30.71,30.56,2020-03-12,MMSI,MERIT MEDICAL SYSTEMS INC,3840.0,260.0
58988910,33.71,32.2,2020-03-13,MMSI,MERIT MEDICAL SYSTEMS INC,3840.0,260.0
58988910,25.94,25.5,2020-03-16,MMSI,MERIT MEDICAL SYSTEMS INC,3840.0,260.0
58988910,30.91,26.3,2020-03-17,MMSI,MERIT MEDICAL SYSTEMS INC,3840.0,260.0
58988910,27.99,29.67,2020-03-18,MMSI,MERIT MEDICAL SYSTEMS INC,3840.0,260.0
58988910,28.25,27.6,2020-03-19,MMSI,MERIT MEDICAL SYSTEMS INC,3840.0,260.0
58988910,29.08,28.75,2020-03-20,MMSI,MERIT MEDICAL SYSTEMS INC,3840.0,260.0
58988910,27.98,29.76,2020-03-23,MMSI,MERIT MEDICAL SYSTEMS INC,3840.0,260.0
58988910,30.17,29.28,2020-03-24,MMSI,MERIT MEDICAL SYSTEMS INC,3840.0,260.0
58988910,33.0,30.31,2020-03-25,MMSI,MERIT MEDICAL SYSTEMS INC,3840.0,260.0
58988910,32.98,33.85,2020-03-26,MMSI,MERIT MEDICAL SYSTEMS INC,3840.0,260.0
58988910,30.27,31.85,2020-03-27,MMSI,MERIT MEDICAL SYSTEMS INC,3840.0,260.0
58988910,30.91,30.66,2020-03-30,MMSI,MERIT MEDICAL SYSTEMS INC,3840.0,260.0
58988910,31.25,30.96,2020-03-31,MMSI,MERIT MEDICAL SYSTEMS INC,3840.0,260.0
58988910,28.84,30.08,2020-04-01,MMSI,MERIT MEDICAL SYSTEMS INC,3840.0,260.0
58988910,30.59,28.34,2020-04-02,MMSI,MERIT MEDICAL SYSTEMS INC,3840.0,260.0
58988910,30.41,30.49,2020-04-03,MMSI,MERIT MEDICAL SYSTEMS INC,3840.0,260.0
58988910,33.49,31.51,2020-04-06,MMSI,MERIT MEDICAL SYSTEMS INC,3840.0,260.0
58988910,32.98,34.4,2020-04-07,MMSI,MERIT MEDICAL SYSTEMS INC,3840.0,260.0
58988910,33.43,33.46,2020-04-08,MMSI,MERIT MEDICAL SYSTEMS INC,3840.0,260.0
58988910,34.55,34.16,2020-04-09,MMSI,MERIT MEDICAL SYSTEMS INC,3840.0,260.0
58988910,33.5,34.28,2020-04-13,MMSI,MERIT MEDICAL SYSTEMS INC,3840.0,260.0
58988910,35.57,34.32,2020-04-14,MMSI,MERIT MEDICAL SYSTEMS INC,3840.0,260.0
58988910,34.75,33.94,2020-04-15,MMSI,MERIT MEDICAL SYSTEMS INC,3840.0,260.0
58988910,34.77,34.93,2020-04-16,MMSI,MERIT MEDICAL SYSTEMS INC,3840.0,260.0
58988910,37.61,35.7,2020-04-17,MMSI,MERIT MEDICAL SYSTEMS INC,3840.0,260.0
58988910,38.14,37.13,2020-04-20,MMSI,MERIT MEDICAL SYSTEMS INC,3840.0,260.0
58988910,36.55,37.47,2020-04-21,MMSI,MERIT MEDICAL SYSTEMS INC,3840.0,260.0
58988910,36.9,36.97,2020-04-22,MMSI,MERIT MEDICAL SYSTEMS INC,3840.0,260.0
58988910,37.86,37.51,2020-04-23,MMSI,MERIT MEDICAL SYSTEMS INC,3840.0,260.0
58988910,40.21,43.0,2020-04-24,MMSI,MERIT MEDICAL SYSTEMS INC,3840.0,260.0
58988910,40.19,40.94,2020-04-27,MMSI,MERIT MEDICAL SYSTEMS INC,3840.0,260.0
58988910,39.29,40.94,2020-04-28,MMSI,MERIT MEDICAL SYSTEMS INC,3840.0,260.0
58988910,42.17,40.2,2020-04-29,MMSI,MERIT MEDICAL SYSTEMS INC,3840.0,260.0
58988910,40.82,40.83,2020-04-30,MMSI,MERIT MEDICAL SYSTEMS INC,3840.0,260.0
58988910,38.54,39.86,2020-05-01,MMSI,MERIT MEDICAL SYSTEMS INC,3840.0,260.0
58988910,39.5,38.3,2020-05-04,MMSI,MERIT MEDICAL SYSTEMS INC,3840.0,260.0
58988910,39.48,40.17,2020-05-05,MMSI,MERIT MEDICAL SYSTEMS INC,3840.0,260.0
58988910,39.09,39.49,2020-05-06,MMSI,MERIT MEDICAL SYSTEMS INC,3840.0,260.0
58988910,40.8,39.61,2020-05-07,MMSI,MERIT MEDICAL SYSTEMS INC,3840.0,260.0
58988910,41.67,41.32,2020-05-08,MMSI,MERIT MEDICAL SYSTEMS INC,3840.0,260.0
58988910,41.47,41.0,2020-05-11,MMSI,MERIT MEDICAL SYSTEMS INC,3840.0,260.0
58988910,40.29,41.7,2020-05-12,MMSI,MERIT MEDICAL SYSTEMS INC,3840.0,260.0
58988910,38.85,40.41,2020-05-13,MMSI,MERIT MEDICAL SYSTEMS INC,3840.0,260.0
58988910,38.95,38.02,2020-05-14,MMSI,MERIT MEDICAL SYSTEMS INC,3840.0,260.0
58988910,39.62,38.93,2020-05-15,MMSI,MERIT MEDICAL SYSTEMS INC,3840.0,260.0
58988910,43.1,41.15,2020-05-18,MMSI,MERIT MEDICAL SYSTEMS INC,3840.0,260.0
58988910,41.89,42.88,2020-05-19,MMSI,MERIT MEDICAL SYSTEMS INC,3840.0,260.0
58988910,43.84,42.88,2020-05-20,MMSI,MERIT MEDICAL SYSTEMS INC,3840.0,260.0
58988910,42.65,43.92,2020-05-21,MMSI,MERIT MEDICAL SYSTEMS INC,3840.0,260.0
58988910,44.81,42.94,2020-05-22,MMSI,MERIT MEDICAL SYSTEMS INC,3840.0,260.0
58988910,43.15,45.99,2020-05-26,MMSI,MERIT MEDICAL SYSTEMS INC,3840.0,260.0
58988910,44.26,44.72,2020-05-27,MMSI,MERIT MEDICAL SYSTEMS INC,3840.0,260.0
58988910,43.56,44.95,2020-05-28,MMSI,MERIT MEDICAL SYSTEMS INC,3840.0,260.0
58988910,44.99,43.32,2020-05-29,MMSI,MERIT MEDICAL SYSTEMS INC,3840.0,260.0
58988910,44.55,45.33,2020-06-01,MMSI,MERIT MEDICAL SYSTEMS INC,3840.0,260.0
58988910,44.99,44.8,2020-06-02,MMSI,MERIT MEDICAL SYSTEMS INC,3840.0,260.0
58988910,44.89,45.2,2020-06-03,MMSI,MERIT MEDICAL SYSTEMS INC,3840.0,260.0
58988910,43.99,44.43,2020-06-04,MMSI,MERIT MEDICAL SYSTEMS INC,3840.0,260.0
58988910,45.41,45.14,2020-06-05,MMSI,MERIT MEDICAL SYSTEMS INC,3840.0,260.0
58988910,45.26,45.59,2020-06-08,MMSI,MERIT MEDICAL SYSTEMS INC,3840.0,260.0
58988910,44.44,44.8,2020-06-09,MMSI,MERIT MEDICAL SYSTEMS INC,3840.0,260.0
58988910,43.53,44.42,2020-06-10,MMSI,MERIT MEDICAL SYSTEMS INC,3840.0,260.0
58988910,40.45,42.13,2020-06-11,MMSI,MERIT MEDICAL SYSTEMS INC,3840.0,260.0
58988910,41.89,42.18,2020-06-12,MMSI,MERIT MEDICAL SYSTEMS INC,3840.0,260.0
58988910,43.55,40.79,2020-06-15,MMSI,MERIT MEDICAL SYSTEMS INC,3840.0,260.0
58988910,42.95,44.91,2020-06-16,MMSI,MERIT MEDICAL SYSTEMS INC,3840.0,260.0
58988910,43.56,43.27,2020-06-17,MMSI,MERIT MEDICAL SYSTEMS INC,3840.0,260.0
58988910,42.78,43.36,2020-06-18,MMSI,MERIT MEDICAL SYSTEMS INC,3840.0,260.0
58988910,42.19,43.03,2020-06-19,MMSI,MERIT MEDICAL SYSTEMS INC,3840.0,260.0
58988910,42.98,42.18,2020-06-22,MMSI,MERIT MEDICAL SYSTEMS INC,3840.0,260.0
58988910,43.87,43.65,2020-06-23,MMSI,MERIT MEDICAL SYSTEMS INC,3840.0,260.0
58988910,42.21,43.43,2020-06-24,MMSI,MERIT MEDICAL SYSTEMS INC,3840.0,260.0
58988910,44.03,42.16,2020-06-25,MMSI,MERIT MEDICAL SYSTEMS INC,3840.0,260.0
58988910,42.09,43.72,2020-06-26,MMSI,MERIT MEDICAL SYSTEMS INC,3840.0,260.0
58988910,43.92,42.52,2020-06-29,MMSI,MERIT MEDICAL SYSTEMS INC,3840.0,260.0
58988910,45.65,43.79,2020-06-30,MMSI,MERIT MEDICAL SYSTEMS INC,3840.0,260.0
58988910,45.21,45.59,2020-07-01,MMSI,MERIT MEDICAL SYSTEMS INC,3840.0,260.0
58988910,44.96,45.91,2020-07-02,MMSI,MERIT MEDICAL SYSTEMS INC,3840.0,260.0
58988910,44.5,45.89,2020-07-06,MMSI,MERIT MEDICAL SYSTEMS INC,3840.0,260.0
58988910,43.57,44.11,2020-07-07,MMSI,MERIT MEDICAL SYSTEMS INC,3840.0,260.0
58988910,43.78,43.44,2020-07-08,MMSI,MERIT MEDICAL SYSTEMS INC,3840.0,260.0
58988910,43.24,44.01,2020-07-09,MMSI,MERIT MEDICAL SYSTEMS INC,3840.0,260.0
58988910,44.52,43.4,2020-07-10,MMSI,MERIT MEDICAL SYSTEMS INC,3840.0,260.0
58988910,43.64,45.0,2020-07-13,MMSI,MERIT MEDICAL SYSTEMS INC,3840.0,260.0
58988910,43.29,43.79,2020-07-14,MMSI,MERIT MEDICAL SYSTEMS INC,3840.0,260.0
58988910,46.19,44.73,2020-07-15,MMSI,MERIT MEDICAL SYSTEMS INC,3840.0,260.0
58988910,44.85,45.92,2020-07-16,MMSI,MERIT MEDICAL SYSTEMS INC,3840.0,260.0
58988910,45.5,44.83,2020-07-17,MMSI,MERIT MEDICAL SYSTEMS INC,3840.0,260.0
58988910,44.69,45.46,2020-07-20,MMSI,MERIT MEDICAL SYSTEMS INC,3840.0,260.0
58988910,43.03,44.79,2020-07-21,MMSI,MERIT MEDICAL SYSTEMS INC,3840.0,260.0
58988910,41.97,42.96,2020-07-22,MMSI,MERIT MEDICAL SYSTEMS INC,3840.0,260.0
58988910,41.95,41.97,2020-07-23,MMSI,MERIT MEDICAL SYSTEMS INC,3840.0,260.0
58988910,42.65,41.88,2020-07-24,MMSI,MERIT MEDICAL SYSTEMS INC,3840.0,260.0
58988910,44.45,42.68,2020-07-27,MMSI,MERIT MEDICAL SYSTEMS INC,3840.0,260.0
58988910,44.64,44.14,2020-07-28,MMSI,MERIT MEDICAL SYSTEMS INC,3840.0,260.0
58988910,46.69,44.93,2020-07-29,MMSI,MERIT MEDICAL SYSTEMS INC,3840.0,260.0
58988910,46.54,45.9,2020-07-30,MMSI,MERIT MEDICAL SYSTEMS INC,3840.0,260.0
58988910,44.72,46.73,2020-07-31,MMSI,MERIT MEDICAL SYSTEMS INC,3840.0,260.0
58988910,43.8,45.03,2020-08-03,MMSI,MERIT MEDICAL SYSTEMS INC,3840.0,260.0
58988910,42.93,43.83,2020-08-04,MMSI,MERIT MEDICAL SYSTEMS INC,3840.0,260.0
58988910,43.21,43.54,2020-08-05,MMSI,MERIT MEDICAL SYSTEMS INC,3840.0,260.0
58988910,42.37,43.16,2020-08-06,MMSI,MERIT MEDICAL SYSTEMS INC,3840.0,260.0
58988910,44.74,42.08,2020-08-07,MMSI,MERIT MEDICAL SYSTEMS INC,3840.0,260.0
58988910,43.77,44.71,2020-08-10,MMSI,MERIT MEDICAL SYSTEMS INC,3840.0,260.0
58988910,44.17,44.18,2020-08-11,MMSI,MERIT MEDICAL SYSTEMS INC,3840.0,260.0
58988910,45.27,44.64,2020-08-12,MMSI,MERIT MEDICAL SYSTEMS INC,3840.0,260.0
58988910,46.56,44.99,2020-08-13,MMSI,MERIT MEDICAL SYSTEMS INC,3840.0,260.0
58988910,46.59,46.43,2020-08-14,MMSI,MERIT MEDICAL SYSTEMS INC,3840.0,260.0
58988910,47.92,46.43,2020-08-17,MMSI,MERIT MEDICAL SYSTEMS INC,3840.0,260.0
58988910,48.55,47.63,2020-08-18,MMSI,MERIT MEDICAL SYSTEMS INC,3840.0,260.0
58988910,48.46,46.84,2020-08-19,MMSI,MERIT MEDICAL SYSTEMS INC,3840.0,260.0
58988910,48.14,48.09,2020-08-20,MMSI,MERIT MEDICAL SYSTEMS INC,3840.0,260.0
58988910,47.84,47.99,2020-08-21,MMSI,MERIT MEDICAL SYSTEMS INC,3840.0,260.0
58988910,47.75,48.2,2020-08-24,MMSI,MERIT MEDICAL SYSTEMS INC,3840.0,260.0
58988910,48.58,47.7,2020-08-25,MMSI,MERIT MEDICAL SYSTEMS INC,3840.0,260.0
58988910,48.7,48.52,2020-08-26,MMSI,MERIT MEDICAL SYSTEMS INC,3840.0,260.0
58988910,49.82,48.83,2020-08-27,MMSI,MERIT MEDICAL SYSTEMS INC,3840.0,260.0
58988910,49.82,50.0,2020-08-28,MMSI,MERIT MEDICAL SYSTEMS INC,3840.0,260.0
58988910,49.1,49.81,2020-08-31,MMSI,MERIT MEDICAL SYSTEMS INC,3840.0,260.0
58988910,49.64,49.33,2020-09-01,MMSI,MERIT MEDICAL SYSTEMS INC,3840.0,260.0
58988910,49.64,49.75,2020-09-02,MMSI,MERIT MEDICAL SYSTEMS INC,3840.0,260.0
58988910,48.94,49.61,2020-09-03,MMSI,MERIT MEDICAL SYSTEMS INC,3840.0,260.0
58988910,49.04,49.53,2020-09-04,MMSI,MERIT MEDICAL SYSTEMS INC,3840.0,260.0
58988910,49.49,48.5,2020-09-08,MMSI,MERIT MEDICAL SYSTEMS INC,3840.0,260.0
58988910,49.6,49.79,2020-09-09,MMSI,MERIT MEDICAL SYSTEMS INC,3840.0,260.0
58988910,49.18,49.94,2020-09-10,MMSI,MERIT MEDICAL SYSTEMS INC,3840.0,260.0
58988910,43.96,49.18,2020-09-11,MMSI,MERIT MEDICAL SYSTEMS INC,3840.0,260.0
58988910,43.41,43.91,2020-09-14,MMSI,MERIT MEDICAL SYSTEMS INC,3840.0,260.0
58988910,43.53,43.61,2020-09-15,MMSI,MERIT MEDICAL SYSTEMS INC,3840.0,260.0
58988910,43.16,43.89,2020-09-16,MMSI,MERIT MEDICAL SYSTEMS INC,3840.0,260.0
58988910,42.45,42.5,2020-09-17,MMSI,MERIT MEDICAL SYSTEMS INC,3840.0,260.0
58988910,42.19,42.89,2020-09-18,MMSI,MERIT MEDICAL SYSTEMS INC,3840.0,260.0
58988910,41.96,41.51,2020-09-21,MMSI,MERIT MEDICAL SYSTEMS INC,3840.0,260.0
58988910,41.54,42.33,2020-09-22,MMSI,MERIT MEDICAL SYSTEMS INC,3840.0,260.0
58988910,40.13,41.67,2020-09-23,MMSI,MERIT MEDICAL SYSTEMS INC,3840.0,260.0
58988910,40.83,39.98,2020-09-24,MMSI,MERIT MEDICAL SYSTEMS INC,3840.0,260.0
58988910,41.36,40.54,2020-09-25,MMSI,MERIT MEDICAL SYSTEMS INC,3840.0,260.0
58988910,43.25,43.48,2020-09-28,MMSI,MERIT MEDICAL SYSTEMS INC,3840.0,260.0
58988910,43.07,43.11,2020-09-29,MMSI,MERIT MEDICAL SYSTEMS INC,3840.0,260.0
58988910,43.5,43.1,2020-09-30,MMSI,MERIT MEDICAL SYSTEMS INC,3840.0,260.0
58988910,42.74,43.86,2020-10-01,MMSI,MERIT MEDICAL SYSTEMS INC,3840.0,260.0
58988910,42.16,41.97,2020-10-02,MMSI,MERIT MEDICAL SYSTEMS INC,3840.0,260.0
58988910,43.97,42.43,2020-10-05,MMSI,MERIT MEDICAL SYSTEMS INC,3840.0,260.0
58988910,45.7,44.21,2020-10-06,MMSI,MERIT MEDICAL SYSTEMS INC,3840.0,260.0
58988910,46.98,45.82,2020-10-07,MMSI,MERIT MEDICAL SYSTEMS INC,3840.0,260.0
58988910,47.05,47.32,2020-10-08,MMSI,MERIT MEDICAL SYSTEMS INC,3840.0,260.0
58988910,47.81,47.62,2020-10-09,MMSI,MERIT MEDICAL SYSTEMS INC,3840.0,260.0
58988910,49.12,47.86,2020-10-12,MMSI,MERIT MEDICAL SYSTEMS INC,3840.0,260.0
58988910,49.15,48.8,2020-10-13,MMSI,MERIT MEDICAL SYSTEMS INC,3840.0,260.0
58988910,47.59,49.18,2020-10-14,MMSI,MERIT MEDICAL SYSTEMS INC,3840.0,260.0
58988910,47.56,47.12,2020-10-15,MMSI,MERIT MEDICAL SYSTEMS INC,3840.0,260.0
58988910,47.85,47.38,2020-10-16,MMSI,MERIT MEDICAL SYSTEMS INC,3840.0,260.0
58988910,47.28,48.27,2020-10-19,MMSI,MERIT MEDICAL SYSTEMS INC,3840.0,260.0
58988910,47.07,47.62,2020-10-20,MMSI,MERIT MEDICAL SYSTEMS INC,3840.0,260.0
58988910,46.4,47.05,2020-10-21,MMSI,MERIT MEDICAL SYSTEMS INC,3840.0,260.0
58988910,48.11,46.69,2020-10-22,MMSI,MERIT MEDICAL SYSTEMS INC,3840.0,260.0
58988910,48.98,48.47,2020-10-23,MMSI,MERIT MEDICAL SYSTEMS INC,3840.0,260.0
58988910,48.49,48.44,2020-10-26,MMSI,MERIT MEDICAL SYSTEMS INC,3840.0,260.0
58988910,49.04,48.55,2020-10-27,MMSI,MERIT MEDICAL SYSTEMS INC,3840.0,260.0
58988910,49.24,48.15,2020-10-28,MMSI,MERIT MEDICAL SYSTEMS INC,3840.0,260.0
58988910,51.59,51.78,2020-10-29,MMSI,MERIT MEDICAL SYSTEMS INC,3840.0,260.0
58988910,50.05,51.5,2020-10-30,MMSI,MERIT MEDICAL SYSTEMS INC,3840.0,260.0
58988910,49.69,50.15,2020-11-02,MMSI,MERIT MEDICAL SYSTEMS INC,3840.0,260.0
58988910,50.58,50.08,2020-11-03,MMSI,MERIT MEDICAL SYSTEMS INC,3840.0,260.0
58988910,51.58,50.28,2020-11-04,MMSI,MERIT MEDICAL SYSTEMS INC,3840.0,260.0
58988910,51.06,52.23,2020-11-05,MMSI,MERIT MEDICAL SYSTEMS INC,3840.0,260.0
58988910,51.05,51.55,2020-11-06,MMSI,MERIT MEDICAL SYSTEMS INC,3840.0,260.0
58988910,53.38,53.27,2020-11-09,MMSI,MERIT MEDICAL SYSTEMS INC,3840.0,260.0
58988910,53.56,53.82,2020-11-10,MMSI,MERIT MEDICAL SYSTEMS INC,3840.0,260.0
58988910,52.03,54.76,2020-11-11,MMSI,MERIT MEDICAL SYSTEMS INC,3840.0,260.0
58988910,51.13,51.49,2020-11-12,MMSI,MERIT MEDICAL SYSTEMS INC,3840.0,260.0
58988910,51.27,51.33,2020-11-13,MMSI,MERIT MEDICAL SYSTEMS INC,3840.0,260.0
58988910,51.42,51.01,2020-11-16,MMSI,MERIT MEDICAL SYSTEMS INC,3840.0,260.0
58988910,51.23,51.15,2020-11-17,MMSI,MERIT MEDICAL SYSTEMS INC,3840.0,260.0
58988910,50.11,51.27,2020-11-18,MMSI,MERIT MEDICAL SYSTEMS INC,3840.0,260.0
58988910,51.28,49.94,2020-11-19,MMSI,MERIT MEDICAL SYSTEMS INC,3840.0,260.0
58988910,52.7,50.72,2020-11-20,MMSI,MERIT MEDICAL SYSTEMS INC,3840.0,260.0
58988910,54.59,52.96,2020-11-23,MMSI,MERIT MEDICAL SYSTEMS INC,3840.0,260.0
58988910,54.78,55.13,2020-11-24,MMSI,MERIT MEDICAL SYSTEMS INC,3840.0,260.0
58988910,54.92,54.6,2020-11-25,MMSI,MERIT MEDICAL SYSTEMS INC,3840.0,260.0
58988910,54.8,55.11,2020-11-27,MMSI,MERIT MEDICAL SYSTEMS INC,3840.0,260.0
58988910,55.07,54.6,2020-11-30,MMSI,MERIT MEDICAL SYSTEMS INC,3840.0,260.0
58988910,54.5,55.23,2020-12-01,MMSI,MERIT MEDICAL SYSTEMS INC,3840.0,260.0
58988910,54.9,54.43,2020-12-02,MMSI,MERIT MEDICAL SYSTEMS INC,3840.0,260.0
58988910,55.55,54.99,2020-12-03,MMSI,MERIT MEDICAL SYSTEMS INC,3840.0,260.0
58988910,58.11,55.91,2020-12-04,MMSI,MERIT MEDICAL SYSTEMS INC,3840.0,260.0
58988910,57.85,57.73,2020-12-07,MMSI,MERIT MEDICAL SYSTEMS INC,3840.0,260.0
58988910,57.58,57.54,2020-12-08,MMSI,MERIT MEDICAL SYSTEMS INC,3840.0,260.0
58988910,56.27,57.86,2020-12-09,MMSI,MERIT MEDICAL SYSTEMS INC,3840.0,260.0
58988910,55.89,56.56,2020-12-10,MMSI,MERIT MEDICAL SYSTEMS INC,3840.0,260.0
58988910,55.74,55.54,2020-12-11,MMSI,MERIT MEDICAL SYSTEMS INC,3840.0,260.0
58988910,53.84,55.89,2020-12-14,MMSI,MERIT MEDICAL SYSTEMS INC,3840.0,260.0
58988910,55.27,54.26,2020-12-15,MMSI,MERIT MEDICAL SYSTEMS INC,3840.0,260.0
58988910,53.23,55.14,2020-12-16,MMSI,MERIT MEDICAL SYSTEMS INC,3840.0,260.0
58988910,55.26,53.45,2020-12-17,MMSI,MERIT MEDICAL SYSTEMS INC,3840.0,260.0
58988910,53.5,55.39,2020-12-18,MMSI,MERIT MEDICAL SYSTEMS INC,3840.0,260.0
58988910,53.57,52.98,2020-12-21,MMSI,MERIT MEDICAL SYSTEMS INC,3840.0,260.0
58988910,54.22,54.22,2020-12-22,MMSI,MERIT MEDICAL SYSTEMS INC,3840.0,260.0
58988910,54.12,54.38,2020-12-23,MMSI,MERIT MEDICAL SYSTEMS INC,3840.0,260.0
58988910,54.53,54.32,2020-12-24,MMSI,MERIT MEDICAL SYSTEMS INC,3840.0,260.0
58988910,54.15,54.91,2020-12-28,MMSI,MERIT MEDICAL SYSTEMS INC,3840.0,260.0
58988910,54.52,54.16,2020-12-29,MMSI,MERIT MEDICAL SYSTEMS INC,3840.0,260.0
58988910,54.76,54.56,2020-12-30,MMSI,MERIT MEDICAL SYSTEMS INC,3840.0,260.0
58988910,55.51,54.95,2020-12-31,MMSI,MERIT MEDICAL SYSTEMS INC,3840.0,260.0
58988910,54.76,55.61,2021-01-04,MMSI,MERIT MEDICAL SYSTEMS INC,3840.0,260.0
58988910,56.25,55.62,2021-01-05,MMSI,MERIT MEDICAL SYSTEMS INC,3840.0,260.0
58988910,57.75,56.24,2021-01-06,MMSI,MERIT MEDICAL SYSTEMS INC,3840.0,260.0
58988910,57.21,57.28,2021-01-07,MMSI,MERIT MEDICAL SYSTEMS INC,3840.0,260.0
58988910,57.12,57.65,2021-01-08,MMSI,MERIT MEDICAL SYSTEMS INC,3840.0,260.0
58988910,56.42,56.28,2021-01-11,MMSI,MERIT MEDICAL SYSTEMS INC,3840.0,260.0
58988910,55.56,56.39,2021-01-12,MMSI,MERIT MEDICAL SYSTEMS INC,3840.0,260.0
58988910,56.4,55.99,2021-01-13,MMSI,MERIT MEDICAL SYSTEMS INC,3840.0,260.0
58988910,56.36,56.46,2021-01-14,MMSI,MERIT MEDICAL SYSTEMS INC,3840.0,260.0
58988910,55.72,55.97,2021-01-15,MMSI,MERIT MEDICAL SYSTEMS INC,3840.0,260.0
58988910,55.93,55.8,2021-01-19,MMSI,MERIT MEDICAL SYSTEMS INC,3840.0,260.0
58988910,57.36,56.02,2021-01-20,MMSI,MERIT MEDICAL SYSTEMS INC,3840.0,260.0
58988910,56.82,57.36,2021-01-21,MMSI,MERIT MEDICAL SYSTEMS INC,3840.0,260.0
58988910,57.81,56.59,2021-01-22,MMSI,MERIT MEDICAL SYSTEMS INC,3840.0,260.0
58988910,58.2,57.65,2021-01-25,MMSI,MERIT MEDICAL SYSTEMS INC,3840.0,260.0
58988910,59.28,58.66,2021-01-26,MMSI,MERIT MEDICAL SYSTEMS INC,3840.0,260.0
58988910,58.43,57.86,2021-01-27,MMSI,MERIT MEDICAL SYSTEMS INC,3840.0,260.0
58988910,55.31,58.2,2021-01-28,MMSI,MERIT MEDICAL SYSTEMS INC,3840.0,260.0
58988910,54.15,55.24,2021-01-29,MMSI,MERIT MEDICAL SYSTEMS INC,3840.0,260.0
58988910,54.16,54.41,2021-02-01,MMSI,MERIT MEDICAL SYSTEMS INC,3840.0,260.0
58988910,56.05,54.87,2021-02-02,MMSI,MERIT MEDICAL SYSTEMS INC,3840.0,260.0
58988910,55.12,55.91,2021-02-03,MMSI,MERIT MEDICAL SYSTEMS INC,3840.0,260.0
58988910,56.89,55.4,2021-02-04,MMSI,MERIT MEDICAL SYSTEMS INC,3840.0,260.0
58988910,58.69,57.6,2021-02-05,MMSI,MERIT MEDICAL SYSTEMS INC,3840.0,260.0
58988910,59.36,59.43,2021-02-08,MMSI,MERIT MEDICAL SYSTEMS INC,3840.0,260.0
58988910,59.62,59.7,2021-02-09,MMSI,MERIT MEDICAL SYSTEMS INC,3840.0,260.0
58988910,59.96,59.94,2021-02-10,MMSI,MERIT MEDICAL SYSTEMS INC,3840.0,260.0
58988910,60.99,60.32,2021-02-11,MMSI,MERIT MEDICAL SYSTEMS INC,3840.0,260.0
58988910,60.26,60.46,2021-02-12,MMSI,MERIT MEDICAL SYSTEMS INC,3840.0,260.0
58988910,60.47,60.85,2021-02-16,MMSI,MERIT MEDICAL SYSTEMS INC,3840.0,260.0
58988910,60.13,60.01,2021-02-17,MMSI,MERIT MEDICAL SYSTEMS INC,3840.0,260.0
58988910,59.14,60.01,2021-02-18,MMSI,MERIT MEDICAL SYSTEMS INC,3840.0,260.0
58988910,58.89,59.2,2021-02-19,MMSI,MERIT MEDICAL SYSTEMS INC,3840.0,260.0
58988910,57.54,58.35,2021-02-22,MMSI,MERIT MEDICAL SYSTEMS INC,3840.0,260.0
58988910,55.845,57.04,2021-02-23,MMSI,MERIT MEDICAL SYSTEMS INC,3840.0,260.0
58988910,56.46,55.78,2021-02-24,MMSI,MERIT MEDICAL SYSTEMS INC,3840.0,260.0
58988910,54.85,57.26,2021-02-25,MMSI,MERIT MEDICAL SYSTEMS INC,3840.0,260.0
58988910,55.72,55.34,2021-02-26,MMSI,MERIT MEDICAL SYSTEMS INC,3840.0,260.0
58988910,55.62,56.37,2021-03-01,MMSI,MERIT MEDICAL SYSTEMS INC,3840.0,260.0
58988910,55.26,55.23,2021-03-02,MMSI,MERIT MEDICAL SYSTEMS INC,3840.0,260.0
58988910,54.81,55.15,2021-03-03,MMSI,MERIT MEDICAL SYSTEMS INC,3840.0,260.0
58988910,52.56,54.65,2021-03-04,MMSI,MERIT MEDICAL SYSTEMS INC,3840.0,260.0
58988910,55.04,53.12,2021-03-05,MMSI,MERIT MEDICAL SYSTEMS INC,3840.0,260.0
58988910,56.21,55.28,2021-03-08,MMSI,MERIT MEDICAL SYSTEMS INC,3840.0,260.0
58988910,58.35,57.02,2021-03-09,MMSI,MERIT MEDICAL SYSTEMS INC,3840.0,260.0
58988910,59.14,59.12,2021-03-10,MMSI,MERIT MEDICAL SYSTEMS INC,3840.0,260.0
58988910,59.7,59.56,2021-03-11,MMSI,MERIT MEDICAL SYSTEMS INC,3840.0,260.0
58988910,59.595,59.53,2021-03-12,MMSI,MERIT MEDICAL SYSTEMS INC,3840.0,260.0
58988910,60.15,59.22,2021-03-15,MMSI,MERIT MEDICAL SYSTEMS INC,3840.0,260.0
58988910,60.66,59.39,2021-03-16,MMSI,MERIT MEDICAL SYSTEMS INC,3840.0,260.0
58988910,60.34,59.97,2021-03-17,MMSI,MERIT MEDICAL SYSTEMS INC,3840.0,260.0
58988910,57.09,59.77,2021-03-18,MMSI,MERIT MEDICAL SYSTEMS INC,3840.0,260.0
58988910,56.25,56.08,2021-03-19,MMSI,MERIT MEDICAL SYSTEMS INC,3840.0,260.0
58988910,57.19,56.48,2021-03-22,MMSI,MERIT MEDICAL SYSTEMS INC,3840.0,260.0
58988910,56.0,57.1,2021-03-23,MMSI,MERIT MEDICAL SYSTEMS INC,3840.0,260.0
58988910,54.81,56.5,2021-03-24,MMSI,MERIT MEDICAL SYSTEMS INC,3840.0,260.0
58988910,55.24,54.55,2021-03-25,MMSI,MERIT MEDICAL SYSTEMS INC,3840.0,260.0
58988910,56.92,55.24,2021-03-26,MMSI,MERIT MEDICAL SYSTEMS INC,3840.0,260.0
58988910,57.18,56.3,2021-03-29,MMSI,MERIT MEDICAL SYSTEMS INC,3840.0,260.0
58988910,59.56,58.13,2021-03-30,MMSI,MERIT MEDICAL SYSTEMS INC,3840.0,260.0
58988910,59.88,60.0,2021-03-31,MMSI,MERIT MEDICAL SYSTEMS INC,3840.0,260.0
58988910,59.78,59.94,2021-04-01,MMSI,MERIT MEDICAL SYSTEMS INC,3840.0,260.0
58988910,59.96,60.36,2021-04-05,MMSI,MERIT MEDICAL SYSTEMS INC,3840.0,260.0
58988910,60.49,60.15,2021-04-06,MMSI,MERIT MEDICAL SYSTEMS INC,3840.0,260.0
58988910,60.07,60.42,2021-04-07,MMSI,MERIT MEDICAL SYSTEMS INC,3840.0,260.0
58988910,60.56,60.56,2021-04-08,MMSI,MERIT MEDICAL SYSTEMS INC,3840.0,260.0
58988910,61.5,60.58,2021-04-09,MMSI,MERIT MEDICAL SYSTEMS INC,3840.0,260.0
58988910,60.69,61.8,2021-04-12,MMSI,MERIT MEDICAL SYSTEMS INC,3840.0,260.0
58988910,60.95,61.0,2021-04-13,MMSI,MERIT MEDICAL SYSTEMS INC,3840.0,260.0
58988910,61.4,60.93,2021-04-14,MMSI,MERIT MEDICAL SYSTEMS INC,3840.0,260.0
58988910,61.36,61.97,2021-04-15,MMSI,MERIT MEDICAL SYSTEMS INC,3840.0,260.0
58988910,61.78,61.94,2021-04-16,MMSI,MERIT MEDICAL SYSTEMS INC,3840.0,260.0
58988910,60.96,61.3,2021-04-19,MMSI,MERIT MEDICAL SYSTEMS INC,3840.0,260.0
58988910,60.95,61.01,2021-04-20,MMSI,MERIT MEDICAL SYSTEMS INC,3840.0,260.0
58988910,63.15,61.29,2021-04-21,MMSI,MERIT MEDICAL SYSTEMS INC,3840.0,260.0
58988910,62.17,62.61,2021-04-22,MMSI,MERIT MEDICAL SYSTEMS INC,3840.0,260.0
58988910,64.02,62.77,2021-04-23,MMSI,MERIT MEDICAL SYSTEMS INC,3840.0,260.0
58988910,63.55,64.24,2021-04-26,MMSI,MERIT MEDICAL SYSTEMS INC,3840.0,260.0
58988910,63.39,63.92,2021-04-27,MMSI,MERIT MEDICAL SYSTEMS INC,3840.0,260.0
58988910,63.74,63.39,2021-04-28,MMSI,MERIT MEDICAL SYSTEMS INC,3840.0,260.0
58988910,63.31,64.02,2021-04-29,MMSI,MERIT MEDICAL SYSTEMS INC,3840.0,260.0
58988910,63.6,62.69,2021-04-30,MMSI,MERIT MEDICAL SYSTEMS INC,3840.0,260.0
58988910,64.32,63.72,2021-05-03,MMSI,MERIT MEDICAL SYSTEMS INC,3840.0,260.0
58988910,64.62,64.19,2021-05-04,MMSI,MERIT MEDICAL SYSTEMS INC,3840.0,260.0
58988910,63.64,65.03,2021-05-05,MMSI,MERIT MEDICAL SYSTEMS INC,3840.0,260.0
58988910,64.86,63.84,2021-05-06,MMSI,MERIT MEDICAL SYSTEMS INC,3840.0,260.0
58988910,64.63,64.76,2021-05-07,MMSI,MERIT MEDICAL SYSTEMS INC,3840.0,260.0
58988910,62.99,64.41,2021-05-10,MMSI,MERIT MEDICAL SYSTEMS INC,3840.0,260.0
58988910,61.79,61.51,2021-05-11,MMSI,MERIT MEDICAL SYSTEMS INC,3840.0,260.0
58988910,59.1,61.43,2021-05-12,MMSI,MERIT MEDICAL SYSTEMS INC,3840.0,260.0
58988910,59.68,59.34,2021-05-13,MMSI,MERIT MEDICAL SYSTEMS INC,3840.0,260.0
58988910,59.69,60.27,2021-05-14,MMSI,MERIT MEDICAL SYSTEMS INC,3840.0,260.0
58988910,59.38,59.7,2021-05-17,MMSI,MERIT MEDICAL SYSTEMS INC,3840.0,260.0
58988910,60.52,59.5,2021-05-18,MMSI,MERIT MEDICAL SYSTEMS INC,3840.0,260.0
58988910,60.77,60.65,2021-05-19,MMSI,MERIT MEDICAL SYSTEMS INC,3840.0,260.0
58988910,61.02,60.54,2021-05-20,MMSI,MERIT MEDICAL SYSTEMS INC,3840.0,260.0
58988910,62.03,61.64,2021-05-21,MMSI,MERIT MEDICAL SYSTEMS INC,3840.0,260.0
58988910,63.2,61.85,2021-05-24,MMSI,MERIT MEDICAL SYSTEMS INC,3840.0,260.0
58988910,63.19,63.28,2021-05-25,MMSI,MERIT MEDICAL SYSTEMS INC,3840.0,260.0
58988910,61.46,63.04,2021-05-26,MMSI,MERIT MEDICAL SYSTEMS INC,3840.0,260.0
58988910,60.83,61.75,2021-05-27,MMSI,MERIT MEDICAL SYSTEMS INC,3840.0,260.0
58988910,60.34,61.32,2021-05-28,MMSI,MERIT MEDICAL SYSTEMS INC,3840.0,260.0
58988910,61.67,60.51,2021-06-01,MMSI,MERIT MEDICAL SYSTEMS INC,3840.0,260.0
58988910,59.64,61.87,2021-06-02,MMSI,MERIT MEDICAL SYSTEMS INC,3840.0,260.0
58988910,59.78,59.82,2021-06-03,MMSI,MERIT MEDICAL SYSTEMS INC,3840.0,260.0
58988910,60.39,60.1,2021-06-04,MMSI,MERIT MEDICAL SYSTEMS INC,3840.0,260.0
58988910,60.06,60.31,2021-06-07,MMSI,MERIT MEDICAL SYSTEMS INC,3840.0,260.0
58988910,60.58,60.46,2021-06-08,MMSI,MERIT MEDICAL SYSTEMS INC,3840.0,260.0
58988910,60.75,60.91,2021-06-09,MMSI,MERIT MEDICAL SYSTEMS INC,3840.0,260.0
58988910,61.39,60.79,2021-06-10,MMSI,MERIT MEDICAL SYSTEMS INC,3840.0,260.0
58988910,62.0,61.47,2021-06-11,MMSI,MERIT MEDICAL SYSTEMS INC,3840.0,260.0
58988910,61.53,61.9,2021-06-14,MMSI,MERIT MEDICAL SYSTEMS INC,3840.0,260.0
58988910,61.99,61.6,2021-06-15,MMSI,MERIT MEDICAL SYSTEMS INC,3840.0,260.0
58988910,61.7,62.07,2021-06-16,MMSI,MERIT MEDICAL SYSTEMS INC,3840.0,260.0
58988910,61.77,61.65,2021-06-17,MMSI,MERIT MEDICAL SYSTEMS INC,3840.0,260.0
58988910,60.24,60.93,2021-06-18,MMSI,MERIT MEDICAL SYSTEMS INC,3840.0,260.0
58988910,61.58,60.48,2021-06-21,MMSI,MERIT MEDICAL SYSTEMS INC,3840.0,260.0
58988910,62.25,62.37,2021-06-22,MMSI,MERIT MEDICAL SYSTEMS INC,3840.0,260.0
58988910,62.42,62.07,2021-06-23,MMSI,MERIT MEDICAL SYSTEMS INC,3840.0,260.0
58988910,63.36,62.76,2021-06-24,MMSI,MERIT MEDICAL SYSTEMS INC,3840.0,260.0
58988910,64.45,63.62,2021-06-25,MMSI,MERIT MEDICAL SYSTEMS INC,3840.0,260.0
58988910,64.25,64.38,2021-06-28,MMSI,MERIT MEDICAL SYSTEMS INC,3840.0,260.0
58988910,64.52,64.41,2021-06-29,MMSI,MERIT MEDICAL SYSTEMS INC,3840.0,260.0
58988910,64.66,64.509,2021-06-30,MMSI,MERIT MEDICAL SYSTEMS INC,3840.0,260.0
58988910,64.55,64.67,2021-07-01,MMSI,MERIT MEDICAL SYSTEMS INC,3840.0,260.0
58988910,64.02,64.57,2021-07-02,MMSI,MERIT MEDICAL SYSTEMS INC,3840.0,260.0
58988910,63.68,64.23,2021-07-06,MMSI,MERIT MEDICAL SYSTEMS INC,3840.0,260.0
58988910,63.55,63.74,2021-07-07,MMSI,MERIT MEDICAL SYSTEMS INC,3840.0,260.0
58988910,63.68,62.685,2021-07-08,MMSI,MERIT MEDICAL SYSTEMS INC,3840.0,260.0
58988910,63.4,64.02,2021-07-09,MMSI,MERIT MEDICAL SYSTEMS INC,3840.0,260.0
58988910,63.58,63.24,2021-07-12,MMSI,MERIT MEDICAL SYSTEMS INC,3840.0,260.0
58988910,62.67,63.53,2021-07-13,MMSI,MERIT MEDICAL SYSTEMS INC,3840.0,260.0
58988910,60.75,63.05,2021-07-14,MMSI,MERIT MEDICAL SYSTEMS INC,3840.0,260.0
58988910,59.97,60.33,2021-07-15,MMSI,MERIT MEDICAL SYSTEMS INC,3840.0,260.0
58988910,59.95,60.32,2021-07-16,MMSI,MERIT MEDICAL SYSTEMS INC,3840.0,260.0
58988910,59.6,59.2,2021-07-19,MMSI,MERIT MEDICAL SYSTEMS INC,3840.0,260.0
58988910,60.72,59.9,2021-07-20,MMSI,MERIT MEDICAL SYSTEMS INC,3840.0,260.0
58988910,63.29,61.12,2021-07-21,MMSI,MERIT MEDICAL SYSTEMS INC,3840.0,260.0
58988910,64.0,63.19,2021-07-22,MMSI,MERIT MEDICAL SYSTEMS INC,3840.0,260.0
58988910,64.23,64.11,2021-07-23,MMSI,MERIT MEDICAL SYSTEMS INC,3840.0,260.0
58988910,63.96,64.57,2021-07-26,MMSI,MERIT MEDICAL SYSTEMS INC,3840.0,260.0
58988910,64.53,63.92,2021-07-27,MMSI,MERIT MEDICAL SYSTEMS INC,3840.0,260.0
58988910,65.11,64.66,2021-07-28,MMSI,MERIT MEDICAL SYSTEMS INC,3840.0,260.0
58988910,64.92,65.1,2021-07-29,MMSI,MERIT MEDICAL SYSTEMS INC,3840.0,260.0
58988910,70.09,65.63,2021-07-30,MMSI,MERIT MEDICAL SYSTEMS INC,3840.0,260.0
58988910,67.87,70.545,2021-08-02,MMSI,MERIT MEDICAL SYSTEMS INC,3840.0,260.0
58988910,67.68,68.25,2021-08-03,MMSI,MERIT MEDICAL SYSTEMS INC,3840.0,260.0
58988910,66.0,67.06,2021-08-04,MMSI,MERIT MEDICAL SYSTEMS INC,3840.0,260.0
58988910,66.99,66.06,2021-08-05,MMSI,MERIT MEDICAL SYSTEMS INC,3840.0,260.0
58988910,67.68,67.54,2021-08-06,MMSI,MERIT MEDICAL SYSTEMS INC,3840.0,260.0
58988910,66.55,67.02,2021-08-09,MMSI,MERIT MEDICAL SYSTEMS INC,3840.0,260.0
58988910,66.11,66.86,2021-08-10,MMSI,MERIT MEDICAL SYSTEMS INC,3840.0,260.0
58988910,65.85,66.51,2021-08-11,MMSI,MERIT MEDICAL SYSTEMS INC,3840.0,260.0
58988910,66.27,65.77,2021-08-12,MMSI,MERIT MEDICAL SYSTEMS INC,3840.0,260.0
58988910,66.0,66.2,2021-08-13,MMSI,MERIT MEDICAL SYSTEMS INC,3840.0,260.0
58988910,66.55,65.59,2021-08-16,MMSI,MERIT MEDICAL SYSTEMS INC,3840.0,260.0
58988910,66.81,66.17,2021-08-17,MMSI,MERIT MEDICAL SYSTEMS INC,3840.0,260.0
58988910,67.04,67.04,2021-08-18,MMSI,MERIT MEDICAL SYSTEMS INC,3840.0,260.0
58988910,68.33,66.9,2021-08-19,MMSI,MERIT MEDICAL SYSTEMS INC,3840.0,260.0
58988910,69.22,68.38,2021-08-20,MMSI,MERIT MEDICAL SYSTEMS INC,3840.0,260.0
58988910,70.18,69.35,2021-08-23,MMSI,MERIT MEDICAL SYSTEMS INC,3840.0,260.0
58988910,70.64,70.03,2021-08-24,MMSI,MERIT MEDICAL SYSTEMS INC,3840.0,260.0
58988910,69.45,70.32,2021-08-25,MMSI,MERIT MEDICAL SYSTEMS INC,3840.0,260.0
58988910,68.68,69.34,2021-08-26,MMSI,MERIT MEDICAL SYSTEMS INC,3840.0,260.0
58988910,71.67,69.06,2021-08-27,MMSI,MERIT MEDICAL SYSTEMS INC,3840.0,260.0
58988910,71.51,71.98,2021-08-30,MMSI,MERIT MEDICAL SYSTEMS INC,3840.0,260.0
58988910,71.77,71.34,2021-08-31,MMSI,MERIT MEDICAL SYSTEMS INC,3840.0,260.0
58988910,72.12,71.78,2021-09-01,MMSI,MERIT MEDICAL SYSTEMS INC,3840.0,260.0
58988910,73.23,72.65,2021-09-02,MMSI,MERIT MEDICAL SYSTEMS INC,3840.0,260.0
58988910,72.99,72.84,2021-09-03,MMSI,MERIT MEDICAL SYSTEMS INC,3840.0,260.0
58988910,71.55,72.76,2021-09-07,MMSI,MERIT MEDICAL SYSTEMS INC,3840.0,260.0
58988910,72.23,70.86,2021-09-08,MMSI,MERIT MEDICAL SYSTEMS INC,3840.0,260.0
58988910,71.89,72.16,2021-09-09,MMSI,MERIT MEDICAL SYSTEMS INC,3840.0,260.0
58988910,71.7,72.3,2021-09-10,MMSI,MERIT MEDICAL SYSTEMS INC,3840.0,260.0
58988910,71.61,72.06,2021-09-13,MMSI,MERIT MEDICAL SYSTEMS INC,3840.0,260.0
58988910,71.55,72.0,2021-09-14,MMSI,MERIT MEDICAL SYSTEMS INC,3840.0,260.0
58988910,72.39,71.65,2021-09-15,MMSI,MERIT MEDICAL SYSTEMS INC,3840.0,260.0
58988910,72.03,72.65,2021-09-16,MMSI,MERIT MEDICAL SYSTEMS INC,3840.0,260.0
58988910,71.65,72.65,2021-09-17,MMSI,MERIT MEDICAL SYSTEMS INC,3840.0,260.0
58988910,71.57,70.47,2021-09-20,MMSI,MERIT MEDICAL SYSTEMS INC,3840.0,260.0
58988910,70.85,72.14,2021-09-21,MMSI,MERIT MEDICAL SYSTEMS INC,3840.0,260.0
58988910,72.13,70.91,2021-09-22,MMSI,MERIT MEDICAL SYSTEMS INC,3840.0,260.0
58988910,73.13,72.17,2021-09-23,MMSI,MERIT MEDICAL SYSTEMS INC,3840.0,260.0
58988910,72.26,72.81,2021-09-24,MMSI,MERIT MEDICAL SYSTEMS INC,3840.0,260.0
58988910,72.63,72.31,2021-09-27,MMSI,MERIT MEDICAL SYSTEMS INC,3840.0,260.0
58988910,71.83,72.17,2021-09-28,MMSI,MERIT MEDICAL SYSTEMS INC,3840.0,260.0
58988910,72.11,71.92,2021-09-29,MMSI,MERIT MEDICAL SYSTEMS INC,3840.0,260.0
58988910,71.8,72.34,2021-09-30,MMSI,MERIT MEDICAL SYSTEMS INC,3840.0,260.0
58988910,72.52,71.95,2021-10-01,MMSI,MERIT MEDICAL SYSTEMS INC,3840.0,260.0
58988910,70.5,72.52,2021-10-04,MMSI,MERIT MEDICAL SYSTEMS INC,3840.0,260.0
58988910,72.03,70.65,2021-10-05,MMSI,MERIT MEDICAL SYSTEMS INC,3840.0,260.0
58988910,72.02,71.63,2021-10-06,MMSI,MERIT MEDICAL SYSTEMS INC,3840.0,260.0
58988910,72.61,72.32,2021-10-07,MMSI,MERIT MEDICAL SYSTEMS INC,3840.0,260.0
58988910,72.52,72.72,2021-10-08,MMSI,MERIT MEDICAL SYSTEMS INC,3840.0,260.0
58988910,71.73,72.35,2021-10-11,MMSI,MERIT MEDICAL SYSTEMS INC,3840.0,260.0
58988910,72.05,71.89,2021-10-12,MMSI,MERIT MEDICAL SYSTEMS INC,3840.0,260.0
58988910,72.33,72.11,2021-10-13,MMSI,MERIT MEDICAL SYSTEMS INC,3840.0,260.0
58988910,71.09,73.04,2021-10-14,MMSI,MERIT MEDICAL SYSTEMS INC,3840.0,260.0
58988910,69.59,71.94,2021-10-15,MMSI,MERIT MEDICAL SYSTEMS INC,3840.0,260.0
58988910,69.21,69.13,2021-10-18,MMSI,MERIT MEDICAL SYSTEMS INC,3840.0,260.0
58988910,69.86,69.79,2021-10-19,MMSI,MERIT MEDICAL SYSTEMS INC,3840.0,260.0
58988910,70.29,69.83,2021-10-20,MMSI,MERIT MEDICAL SYSTEMS INC,3840.0,260.0
58988910,70.79,70.11,2021-10-21,MMSI,MERIT MEDICAL SYSTEMS INC,3840.0,260.0
58988910,72.3,71.04,2021-10-22,MMSI,MERIT MEDICAL SYSTEMS INC,3840.0,260.0
58988910,68.21,72.17,2021-10-25,MMSI,MERIT MEDICAL SYSTEMS INC,3840.0,260.0
58988910,69.06,68.5,2021-10-26,MMSI,MERIT MEDICAL SYSTEMS INC,3840.0,260.0
58988910,68.48,68.87,2021-10-27,MMSI,MERIT MEDICAL SYSTEMS INC,3840.0,260.0
58988910,67.7,68.4,2021-10-28,MMSI,MERIT MEDICAL SYSTEMS INC,3840.0,260.0
58988910,67.26,67.21,2021-10-29,MMSI,MERIT MEDICAL SYSTEMS INC,3840.0,260.0
58988910,65.05,67.37,2021-11-01,MMSI,MERIT MEDICAL SYSTEMS INC,3840.0,260.0
58988910,65.0,65.18,2021-11-02,MMSI,MERIT MEDICAL SYSTEMS INC,3840.0,260.0
58988910,67.44,64.9,2021-11-03,MMSI,MERIT MEDICAL SYSTEMS INC,3840.0,260.0
58988910,68.2,67.27,2021-11-04,MMSI,MERIT MEDICAL SYSTEMS INC,3840.0,260.0
58988910,69.46,68.05,2021-11-05,MMSI,MERIT MEDICAL SYSTEMS INC,3840.0,260.0
58988910,69.69,69.46,2021-11-08,MMSI,MERIT MEDICAL SYSTEMS INC,3840.0,260.0
58988910,67.92,69.38,2021-11-09,MMSI,MERIT MEDICAL SYSTEMS INC,3840.0,260.0
58988910,67.92,67.16,2021-11-10,MMSI,MERIT MEDICAL SYSTEMS INC,3840.0,260.0
58988910,67.95,68.15,2021-11-11,MMSI,MERIT MEDICAL SYSTEMS INC,3840.0,260.0
58988910,67.83,68.37,2021-11-12,MMSI,MERIT MEDICAL SYSTEMS INC,3840.0,260.0
58988910,68.0,68.02,2021-11-15,MMSI,MERIT MEDICAL SYSTEMS INC,3840.0,260.0
58988910,69.12,67.87,2021-11-16,MMSI,MERIT MEDICAL SYSTEMS INC,3840.0,260.0
58988910,67.77,69.02,2021-11-17,MMSI,MERIT MEDICAL SYSTEMS INC,3840.0,260.0
58988910,68.11,68.02,2021-11-18,MMSI,MERIT MEDICAL SYSTEMS INC,3840.0,260.0
58988910,69.27,67.96,2021-11-19,MMSI,MERIT MEDICAL SYSTEMS INC,3840.0,260.0
58988910,68.6,69.62,2021-11-22,MMSI,MERIT MEDICAL SYSTEMS INC,3840.0,260.0
58988910,68.47,68.36,2021-11-23,MMSI,MERIT MEDICAL SYSTEMS INC,3840.0,260.0
58988910,68.5,68.21,2021-11-24,MMSI,MERIT MEDICAL SYSTEMS INC,3840.0,260.0
58988910,66.11,67.55,2021-11-26,MMSI,MERIT MEDICAL SYSTEMS INC,3840.0,260.0
58988910,64.51,66.2,2021-11-29,MMSI,MERIT MEDICAL SYSTEMS INC,3840.0,260.0
58988910,62.86,64.19,2021-11-30,MMSI,MERIT MEDICAL SYSTEMS INC,3840.0,260.0
58988910,61.6,63.34,2021-12-01,MMSI,MERIT MEDICAL SYSTEMS INC,3840.0,260.0
58988910,62.77,61.97,2021-12-02,MMSI,MERIT MEDICAL SYSTEMS INC,3840.0,260.0
58988910,63.32,62.98,2021-12-03,MMSI,MERIT MEDICAL SYSTEMS INC,3840.0,260.0
58988910,65.55,64.05,2021-12-06,MMSI,MERIT MEDICAL SYSTEMS INC,3840.0,260.0
58988910,66.57,66.02,2021-12-07,MMSI,MERIT MEDICAL SYSTEMS INC,3840.0,260.0
58988910,66.23,66.68,2021-12-08,MMSI,MERIT MEDICAL SYSTEMS INC,3840.0,260.0
58988910,64.29,65.75,2021-12-09,MMSI,MERIT MEDICAL SYSTEMS INC,3840.0,260.0
58988910,63.36,64.82,2021-12-10,MMSI,MERIT MEDICAL SYSTEMS INC,3840.0,260.0
58988910,63.3,63.06,2021-12-13,MMSI,MERIT MEDICAL SYSTEMS INC,3840.0,260.0
58988910,61.4,63.0,2021-12-14,MMSI,MERIT MEDICAL SYSTEMS INC,3840.0,260.0
58988910,62.09,61.4,2021-12-15,MMSI,MERIT MEDICAL SYSTEMS INC,3840.0,260.0
58988910,60.65,62.57,2021-12-16,MMSI,MERIT MEDICAL SYSTEMS INC,3840.0,260.0
58988910,61.55,60.12,2021-12-17,MMSI,MERIT MEDICAL SYSTEMS INC,3840.0,260.0
58988910,59.58,60.85,2021-12-20,MMSI,MERIT MEDICAL SYSTEMS INC,3840.0,260.0
58988910,60.91,60.31,2021-12-21,MMSI,MERIT MEDICAL SYSTEMS INC,3840.0,260.0
58988910,62.95,61.12,2021-12-22,MMSI,MERIT MEDICAL SYSTEMS INC,3840.0,260.0
58988910,63.73,63.64,2021-12-23,MMSI,MERIT MEDICAL SYSTEMS INC,3840.0,260.0
58988910,64.0,64.39,2021-12-27,MMSI,MERIT MEDICAL SYSTEMS INC,3840.0,260.0
58988910,64.25,64.0,2021-12-28,MMSI,MERIT MEDICAL SYSTEMS INC,3840.0,260.0
58988910,64.08,64.41,2021-12-29,MMSI,MERIT MEDICAL SYSTEMS INC,3840.0,260.0
58988910,63.99,64.41,2021-12-30,MMSI,MERIT MEDICAL SYSTEMS INC,3840.0,260.0
58988910,62.3,64.25,2021-12-31,MMSI,MERIT MEDICAL SYSTEMS INC,3840.0,260.0
58988910,63.82,62.31,2022-01-03,MMSI,MERIT MEDICAL SYSTEMS INC,3840.0,260.0
58988910,63.35,63.89,2022-01-04,MMSI,MERIT MEDICAL SYSTEMS INC,3840.0,260.0
58988910,61.19,63.15,2022-01-05,MMSI,MERIT MEDICAL SYSTEMS INC,3840.0,260.0
58988910,60.56,60.86,2022-01-06,MMSI,MERIT MEDICAL SYSTEMS INC,3840.0,260.0
58988910,59.08,60.16,2022-01-07,MMSI,MERIT MEDICAL SYSTEMS INC,3840.0,260.0
58988910,58.89,58.82,2022-01-10,MMSI,MERIT MEDICAL SYSTEMS INC,3840.0,260.0
58988910,59.08,59.07,2022-01-11,MMSI,MERIT MEDICAL SYSTEMS INC,3840.0,260.0
58988910,59.25,59.23,2022-01-12,MMSI,MERIT MEDICAL SYSTEMS INC,3840.0,260.0
58988910,58.44,59.4,2022-01-13,MMSI,MERIT MEDICAL SYSTEMS INC,3840.0,260.0
58988910,57.81,57.6,2022-01-14,MMSI,MERIT MEDICAL SYSTEMS INC,3840.0,260.0
58988910,55.71,57.14,2022-01-18,MMSI,MERIT MEDICAL SYSTEMS INC,3840.0,260.0
58988910,55.72,56.06,2022-01-19,MMSI,MERIT MEDICAL SYSTEMS INC,3840.0,260.0
58988910,55.17,55.92,2022-01-20,MMSI,MERIT MEDICAL SYSTEMS INC,3840.0,260.0
58988910,55.7,54.82,2022-01-21,MMSI,MERIT MEDICAL SYSTEMS INC,3840.0,260.0
58988910,57.49,54.95,2022-01-24,MMSI,MERIT MEDICAL SYSTEMS INC,3840.0,260.0
58988910,55.19,56.58,2022-01-25,MMSI,MERIT MEDICAL SYSTEMS INC,3840.0,260.0
58988910,54.34,55.87,2022-01-26,MMSI,MERIT MEDICAL SYSTEMS INC,3840.0,260.0
58988910,52.65,54.35,2022-01-27,MMSI,MERIT MEDICAL SYSTEMS INC,3840.0,260.0
58988910,53.91,52.86,2022-01-28,MMSI,MERIT MEDICAL SYSTEMS INC,3840.0,260.0
58988910,55.45,53.6,2022-01-31,MMSI,MERIT MEDICAL SYSTEMS INC,3840.0,260.0
58988910,55.82,55.64,2022-02-01,MMSI,MERIT MEDICAL SYSTEMS INC,3840.0,260.0
58988910,55.72,55.69,2022-02-02,MMSI,MERIT MEDICAL SYSTEMS INC,3840.0,260.0
58988910,54.46,55.42,2022-02-03,MMSI,MERIT MEDICAL SYSTEMS INC,3840.0,260.0
58988910,55.01,54.2,2022-02-04,MMSI,MERIT MEDICAL SYSTEMS INC,3840.0,260.0
58988910,55.35,54.78,2022-02-07,MMSI,MERIT MEDICAL SYSTEMS INC,3840.0,260.0
58988910,58.6,55.44,2022-02-08,MMSI,MERIT MEDICAL SYSTEMS INC,3840.0,260.0
58988910,59.26,59.12,2022-02-09,MMSI,MERIT MEDICAL SYSTEMS INC,3840.0,260.0
58988910,57.99,58.16,2022-02-10,MMSI,MERIT MEDICAL SYSTEMS INC,3840.0,260.0
58988910,57.23,58.07,2022-02-11,MMSI,MERIT MEDICAL SYSTEMS INC,3840.0,260.0
58988910,57.63,57.56,2022-02-14,MMSI,MERIT MEDICAL SYSTEMS INC,3840.0,260.0
58988910,58.6,58.11,2022-02-15,MMSI,MERIT MEDICAL SYSTEMS INC,3840.0,260.0
58988910,58.94,58.32,2022-02-16,MMSI,MERIT MEDICAL SYSTEMS INC,3840.0,260.0
58988910,58.64,58.42,2022-02-17,MMSI,MERIT MEDICAL SYSTEMS INC,3840.0,260.0
58988910,56.79,58.35,2022-02-18,MMSI,MERIT MEDICAL SYSTEMS INC,3840.0,260.0
58988910,57.31,56.6,2022-02-22,MMSI,MERIT MEDICAL SYSTEMS INC,3840.0,260.0
58988910,59.56,57.51,2022-02-23,MMSI,MERIT MEDICAL SYSTEMS INC,3840.0,260.0
58988910,59.08,58.34,2022-02-24,MMSI,MERIT MEDICAL SYSTEMS INC,3840.0,260.0
58988910,64.55,60.1,2022-02-25,MMSI,MERIT MEDICAL SYSTEMS INC,3840.0,260.0
58988910,65.03,63.54,2022-02-28,MMSI,MERIT MEDICAL SYSTEMS INC,3840.0,260.0
58988910,65.11,65.05,2022-03-01,MMSI,MERIT MEDICAL SYSTEMS INC,3840.0,260.0
58988910,65.14,65.05,2022-03-02,MMSI,MERIT MEDICAL SYSTEMS INC,3840.0,260.0
58988910,64.54,65.6,2022-03-03,MMSI,MERIT MEDICAL SYSTEMS INC,3840.0,260.0
58988910,64.52,64.43,2022-03-04,MMSI,MERIT MEDICAL SYSTEMS INC,3840.0,260.0
58988910,64.28,64.24,2022-03-07,MMSI,MERIT MEDICAL SYSTEMS INC,3840.0,260.0
58988910,61.18,64.1,2022-03-08,MMSI,MERIT MEDICAL SYSTEMS INC,3840.0,260.0
58988910,65.0,62.03,2022-03-09,MMSI,MERIT MEDICAL SYSTEMS INC,3840.0,260.0
58988910,63.87,64.15,2022-03-10,MMSI,MERIT MEDICAL SYSTEMS INC,3840.0,260.0
58988910,62.59,64.38,2022-03-11,MMSI,MERIT MEDICAL SYSTEMS INC,3840.0,260.0
58988910,61.53,62.76,2022-03-14,MMSI,MERIT MEDICAL SYSTEMS INC,3840.0,260.0
58988910,62.89,61.77,2022-03-15,MMSI,MERIT MEDICAL SYSTEMS INC,3840.0,260.0
58988910,62.95,63.56,2022-03-16,MMSI,MERIT MEDICAL SYSTEMS INC,3840.0,260.0
58988910,63.84,62.68,2022-03-17,MMSI,MERIT MEDICAL SYSTEMS INC,3840.0,260.0
58988910,64.64,64.0,2022-03-18,MMSI,MERIT MEDICAL SYSTEMS INC,3840.0,260.0
58988910,64.34,64.4,2022-03-21,MMSI,MERIT MEDICAL SYSTEMS INC,3840.0,260.0
58988910,64.22,64.54,2022-03-22,MMSI,MERIT MEDICAL SYSTEMS INC,3840.0,260.0
58988910,62.27,63.98,2022-03-23,MMSI,MERIT MEDICAL SYSTEMS INC,3840.0,260.0
58988910,62.32,62.27,2022-03-24,MMSI,MERIT MEDICAL SYSTEMS INC,3840.0,260.0
58988910,62.52,62.63,2022-03-25,MMSI,MERIT MEDICAL SYSTEMS INC,3840.0,260.0
58988910,63.26,62.23,2022-03-28,MMSI,MERIT MEDICAL SYSTEMS INC,3840.0,260.0
58988910,65.42,63.87,2022-03-29,MMSI,MERIT MEDICAL SYSTEMS INC,3840.0,260.0
58988910,66.46,64.92,2022-03-30,MMSI,MERIT MEDICAL SYSTEMS INC,3840.0,260.0
58988910,66.52,66.4,2022-03-31,MMSI,MERIT MEDICAL SYSTEMS INC,3840.0,260.0
58988910,68.04,66.78,2022-04-01,MMSI,MERIT MEDICAL SYSTEMS INC,3840.0,260.0
58988910,64.48,67.75,2022-04-04,MMSI,MERIT MEDICAL SYSTEMS INC,3840.0,260.0
58988910,65.51,64.67,2022-04-05,MMSI,MERIT MEDICAL SYSTEMS INC,3840.0,260.0
58988910,65.38,64.93,2022-04-06,MMSI,MERIT MEDICAL SYSTEMS INC,3840.0,260.0
58988910,66.62,65.35,2022-04-07,MMSI,MERIT MEDICAL SYSTEMS INC,3840.0,260.0
58988910,68.01,66.62,2022-04-08,MMSI,MERIT MEDICAL SYSTEMS INC,3840.0,260.0
58988910,66.03,68.01,2022-04-11,MMSI,MERIT MEDICAL SYSTEMS INC,3840.0,260.0
58988910,67.99,66.41,2022-04-12,MMSI,MERIT MEDICAL SYSTEMS INC,3840.0,260.0
58988910,68.28,67.86,2022-04-13,MMSI,MERIT MEDICAL SYSTEMS INC,3840.0,260.0
58988910,68.84,68.58,2022-04-14,MMSI,MERIT MEDICAL SYSTEMS INC,3840.0,260.0
58988910,68.34,68.81,2022-04-18,MMSI,MERIT MEDICAL SYSTEMS INC,3840.0,260.0
58988910,69.51,68.02,2022-04-19,MMSI,MERIT MEDICAL SYSTEMS INC,3840.0,260.0
58988910,70.49,70.16,2022-04-20,MMSI,MERIT MEDICAL SYSTEMS INC,3840.0,260.0
58988910,68.75,70.27,2022-04-21,MMSI,MERIT MEDICAL SYSTEMS INC,3840.0,260.0
58988910,66.25,67.98,2022-04-22,MMSI,MERIT MEDICAL SYSTEMS INC,3840.0,260.0
58988910,66.8,65.93,2022-04-25,MMSI,MERIT MEDICAL SYSTEMS INC,3840.0,260.0
58988910,65.97,66.21,2022-04-26,MMSI,MERIT MEDICAL SYSTEMS INC,3840.0,260.0
58988910,65.1,65.94,2022-04-27,MMSI,MERIT MEDICAL SYSTEMS INC,3840.0,260.0
58988910,63.55,64.5,2022-04-28,MMSI,MERIT MEDICAL SYSTEMS INC,3840.0,260.0
58988910,62.01,63.47,2022-04-29,MMSI,MERIT MEDICAL SYSTEMS INC,3840.0,260.0
58988910,62.87,62.12,2022-05-02,MMSI,MERIT MEDICAL SYSTEMS INC,3840.0,260.0
58988910,64.01,62.68,2022-05-03,MMSI,MERIT MEDICAL SYSTEMS INC,3840.0,260.0
58988910,65.62,64.1,2022-05-04,MMSI,MERIT MEDICAL SYSTEMS INC,3840.0,260.0
58988910,63.04,64.87,2022-05-05,MMSI,MERIT MEDICAL SYSTEMS INC,3840.0,260.0
58988910,62.21,62.94,2022-05-06,MMSI,MERIT MEDICAL SYSTEMS INC,3840.0,260.0
58988910,58.57,61.46,2022-05-09,MMSI,MERIT MEDICAL SYSTEMS INC,3840.0,260.0
58988910,57.71,58.94,2022-05-10,MMSI,MERIT MEDICAL SYSTEMS INC,3840.0,260.0
58988910,56.12,57.92,2022-05-11,MMSI,MERIT MEDICAL SYSTEMS INC,3840.0,260.0
58988910,57.03,55.72,2022-05-12,MMSI,MERIT MEDICAL SYSTEMS INC,3840.0,260.0
58988910,58.85,57.69,2022-05-13,MMSI,MERIT MEDICAL SYSTEMS INC,3840.0,260.0
58988910,60.41,58.64,2022-05-16,MMSI,MERIT MEDICAL SYSTEMS INC,3840.0,260.0
58988910,62.24,61.0,2022-05-17,MMSI,MERIT MEDICAL SYSTEMS INC,3840.0,260.0
58988910,60.69,61.31,2022-05-18,MMSI,MERIT MEDICAL SYSTEMS INC,3840.0,260.0
58988910,59.94,60.43,2022-05-19,MMSI,MERIT MEDICAL SYSTEMS INC,3840.0,260.0
58988910,58.87,60.69,2022-05-20,MMSI,MERIT MEDICAL SYSTEMS INC,3840.0,260.0
58988910,60.56,59.65,2022-05-23,MMSI,MERIT MEDICAL SYSTEMS INC,3840.0,260.0
58988910,59.02,59.92,2022-05-24,MMSI,MERIT MEDICAL SYSTEMS INC,3840.0,260.0
58988910,59.09,58.66,2022-05-25,MMSI,MERIT MEDICAL SYSTEMS INC,3840.0,260.0
58988910,60.79,59.61,2022-05-26,MMSI,MERIT MEDICAL SYSTEMS INC,3840.0,260.0
58988910,62.51,61.26,2022-05-27,MMSI,MERIT MEDICAL SYSTEMS INC,3840.0,260.0
58988910,61.39,61.87,2022-05-31,MMSI,MERIT MEDICAL SYSTEMS INC,3840.0,260.0
58988910,61.18,61.6,2022-06-01,MMSI,MERIT MEDICAL SYSTEMS INC,3840.0,260.0
58988910,62.1,61.57,2022-06-02,MMSI,MERIT MEDICAL SYSTEMS INC,3840.0,260.0
58988910,61.94,61.96,2022-06-03,MMSI,MERIT MEDICAL SYSTEMS INC,3840.0,260.0
58988910,61.5,62.42,2022-06-06,MMSI,MERIT MEDICAL SYSTEMS INC,3840.0,260.0
58988910,61.2,60.95,2022-06-07,MMSI,MERIT MEDICAL SYSTEMS INC,3840.0,260.0
58988910,59.6,60.95,2022-06-08,MMSI,MERIT MEDICAL SYSTEMS INC,3840.0,260.0
58988910,58.43,59.23,2022-06-09,MMSI,MERIT MEDICAL SYSTEMS INC,3840.0,260.0
58988910,57.93,57.67,2022-06-10,MMSI,MERIT MEDICAL SYSTEMS INC,3840.0,260.0
58988910,54.55,56.65,2022-06-13,MMSI,MERIT MEDICAL SYSTEMS INC,3840.0,260.0
58988910,51.75,54.26,2022-06-14,MMSI,MERIT MEDICAL SYSTEMS INC,3840.0,260.0
58988910,53.41,52.57,2022-06-15,MMSI,MERIT MEDICAL SYSTEMS INC,3840.0,260.0
58988910,51.77,52.14,2022-06-16,MMSI,MERIT MEDICAL SYSTEMS INC,3840.0,260.0
58988910,51.99,52.7,2022-06-17,MMSI,MERIT MEDICAL SYSTEMS INC,3840.0,260.0
58988910,52.08,52.25,2022-06-21,MMSI,MERIT MEDICAL SYSTEMS INC,3840.0,260.0
58988910,51.97,51.78,2022-06-22,MMSI,MERIT MEDICAL SYSTEMS INC,3840.0,260.0
58988910,53.48,52.26,2022-06-23,MMSI,MERIT MEDICAL SYSTEMS INC,3840.0,260.0
58988910,52.94,53.86,2022-06-24,MMSI,MERIT MEDICAL SYSTEMS INC,3840.0,260.0
58988910,54.88,53.41,2022-06-27,MMSI,MERIT MEDICAL SYSTEMS INC,3840.0,260.0
58988910,53.77,55.25,2022-06-28,MMSI,MERIT MEDICAL SYSTEMS INC,3840.0,260.0
58988910,54.58,53.77,2022-06-29,MMSI,MERIT MEDICAL SYSTEMS INC,3840.0,260.0
58988910,54.27,54.48,2022-06-30,MMSI,MERIT MEDICAL SYSTEMS INC,3840.0,260.0
58988910,54.96,53.95,2022-07-01,MMSI,MERIT MEDICAL SYSTEMS INC,3840.0,260.0
58988910,54.46,53.93,2022-07-05,MMSI,MERIT MEDICAL SYSTEMS INC,3840.0,260.0
58988910,53.36,54.76,2022-07-06,MMSI,MERIT MEDICAL SYSTEMS INC,3840.0,260.0
58988910,54.23,53.61,2022-07-07,MMSI,MERIT MEDICAL SYSTEMS INC,3840.0,260.0
58988910,53.88,54.12,2022-07-08,MMSI,MERIT MEDICAL SYSTEMS INC,3840.0,260.0
58988910,52.51,53.34,2022-07-11,MMSI,MERIT MEDICAL SYSTEMS INC,3840.0,260.0
58988910,51.68,52.43,2022-07-12,MMSI,MERIT MEDICAL SYSTEMS INC,3840.0,260.0
58988910,52.16,50.99,2022-07-13,MMSI,MERIT MEDICAL SYSTEMS INC,3840.0,260.0
58988910,51.69,51.55,2022-07-14,MMSI,MERIT MEDICAL SYSTEMS INC,3840.0,260.0
58988910,53.27,52.88,2022-07-15,MMSI,MERIT MEDICAL SYSTEMS INC,3840.0,260.0
58988910,52.26,53.76,2022-07-18,MMSI,MERIT MEDICAL SYSTEMS INC,3840.0,260.0
58988910,53.81,52.98,2022-07-19,MMSI,MERIT MEDICAL SYSTEMS INC,3840.0,260.0
58988910,54.02,53.51,2022-07-20,MMSI,MERIT MEDICAL SYSTEMS INC,3840.0,260.0
58988910,55.13,54.12,2022-07-21,MMSI,MERIT MEDICAL SYSTEMS INC,3840.0,260.0
58988910,54.65,55.31,2022-07-22,MMSI,MERIT MEDICAL SYSTEMS INC,3840.0,260.0
58988910,54.22,54.98,2022-07-25,MMSI,MERIT MEDICAL SYSTEMS INC,3840.0,260.0
58988910,54.26,54.4,2022-07-26,MMSI,MERIT MEDICAL SYSTEMS INC,3840.0,260.0
58988910,56.61,54.62,2022-07-27,MMSI,MERIT MEDICAL SYSTEMS INC,3840.0,260.0
58988910,57.49,55.38,2022-07-28,MMSI,MERIT MEDICAL SYSTEMS INC,3840.0,260.0
58988910,57.48,57.09,2022-07-29,MMSI,MERIT MEDICAL SYSTEMS INC,3840.0,260.0
58988910,60.0,56.74,2022-08-01,MMSI,MERIT MEDICAL SYSTEMS INC,3840.0,260.0
58988910,59.29,59.79,2022-08-02,MMSI,MERIT MEDICAL SYSTEMS INC,3840.0,260.0
58988910,59.21,59.51,2022-08-03,MMSI,MERIT MEDICAL SYSTEMS INC,3840.0,260.0
58988910,59.37,59.38,2022-08-04,MMSI,MERIT MEDICAL SYSTEMS INC,3840.0,260.0
58988910,59.94,58.62,2022-08-05,MMSI,MERIT MEDICAL SYSTEMS INC,3840.0,260.0
58988910,60.68,60.63,2022-08-08,MMSI,MERIT MEDICAL SYSTEMS INC,3840.0,260.0
58988910,60.52,60.96,2022-08-09,MMSI,MERIT MEDICAL SYSTEMS INC,3840.0,260.0
58988910,62.16,61.38,2022-08-10,MMSI,MERIT MEDICAL SYSTEMS INC,3840.0,260.0
58988910,62.0,62.81,2022-08-11,MMSI,MERIT MEDICAL SYSTEMS INC,3840.0,260.0
58988910,62.98,62.0,2022-08-12,MMSI,MERIT MEDICAL SYSTEMS INC,3840.0,260.0
58988910,63.58,62.64,2022-08-15,MMSI,MERIT MEDICAL SYSTEMS INC,3840.0,260.0
58988910,63.32,63.2,2022-08-16,MMSI,MERIT MEDICAL SYSTEMS INC,3840.0,260.0
58988910,62.01,63.0,2022-08-17,MMSI,MERIT MEDICAL SYSTEMS INC,3840.0,260.0
58988910,61.05,61.82,2022-08-18,MMSI,MERIT MEDICAL SYSTEMS INC,3840.0,260.0
58988910,59.64,60.83,2022-08-19,MMSI,MERIT MEDICAL SYSTEMS INC,3840.0,260.0
58988910,58.54,58.78,2022-08-22,MMSI,MERIT MEDICAL SYSTEMS INC,3840.0,260.0
58988910,58.38,58.16,2022-08-23,MMSI,MERIT MEDICAL SYSTEMS INC,3840.0,260.0
58988910,59.91,58.69,2022-08-24,MMSI,MERIT MEDICAL SYSTEMS INC,3840.0,260.0
58988910,61.69,60.38,2022-08-25,MMSI,MERIT MEDICAL SYSTEMS INC,3840.0,260.0
58988910,59.69,61.56,2022-08-26,MMSI,MERIT MEDICAL SYSTEMS INC,3840.0,260.0
58988910,59.41,59.55,2022-08-29,MMSI,MERIT MEDICAL SYSTEMS INC,3840.0,260.0
58988910,58.76,59.58,2022-08-30,MMSI,MERIT MEDICAL SYSTEMS INC,3840.0,260.0
58988910,59.23,59.33,2022-08-31,MMSI,MERIT MEDICAL SYSTEMS INC,3840.0,260.0
58988910,58.6,58.41,2022-09-01,MMSI,MERIT MEDICAL SYSTEMS INC,3840.0,260.0
58988910,57.6,59.38,2022-09-02,MMSI,MERIT MEDICAL SYSTEMS INC,3840.0,260.0
58988910,57.67,57.43,2022-09-06,MMSI,MERIT MEDICAL SYSTEMS INC,3840.0,260.0
58988910,59.81,57.89,2022-09-07,MMSI,MERIT MEDICAL SYSTEMS INC,3840.0,260.0
58988910,61.04,59.3,2022-09-08,MMSI,MERIT MEDICAL SYSTEMS INC,3840.0,260.0
58988910,61.45,61.31,2022-09-09,MMSI,MERIT MEDICAL SYSTEMS INC,3840.0,260.0
58988910,61.79,61.2,2022-09-12,MMSI,MERIT MEDICAL SYSTEMS INC,3840.0,260.0
58988910,60.01,60.37,2022-09-13,MMSI,MERIT MEDICAL SYSTEMS INC,3840.0,260.0
58988910,60.31,59.75,2022-09-14,MMSI,MERIT MEDICAL SYSTEMS INC,3840.0,260.0
58988910,59.36,60.45,2022-09-15,MMSI,MERIT MEDICAL SYSTEMS INC,3840.0,260.0
58988910,57.97,58.71,2022-09-16,MMSI,MERIT MEDICAL SYSTEMS INC,3840.0,260.0
58988910,57.23,57.25,2022-09-19,MMSI,MERIT MEDICAL SYSTEMS INC,3840.0,260.0
58988910,56.15,56.85,2022-09-20,MMSI,MERIT MEDICAL SYSTEMS INC,3840.0,260.0
58988910,55.15,56.36,2022-09-21,MMSI,MERIT MEDICAL SYSTEMS INC,3840.0,260.0
58988910,54.05,55.07,2022-09-22,MMSI,MERIT MEDICAL SYSTEMS INC,3840.0,260.0
58988910,54.0,53.81,2022-09-23,MMSI,MERIT MEDICAL SYSTEMS INC,3840.0,260.0
58988910,54.3,53.86,2022-09-26,MMSI,MERIT MEDICAL SYSTEMS INC,3840.0,260.0
58988910,55.05,54.73,2022-09-27,MMSI,MERIT MEDICAL SYSTEMS INC,3840.0,260.0
58988910,57.53,55.42,2022-09-28,MMSI,MERIT MEDICAL SYSTEMS INC,3840.0,260.0
58988910,57.07,57.3,2022-09-29,MMSI,MERIT MEDICAL SYSTEMS INC,3840.0,260.0
58988910,56.51,57.12,2022-09-30,MMSI,MERIT MEDICAL SYSTEMS INC,3840.0,260.0
58988910,57.93,57.09,2022-10-03,MMSI,MERIT MEDICAL SYSTEMS INC,3840.0,260.0
58988910,59.94,58.87,2022-10-04,MMSI,MERIT MEDICAL SYSTEMS INC,3840.0,260.0
58988910,60.05,59.23,2022-10-05,MMSI,MERIT MEDICAL SYSTEMS INC,3840.0,260.0
58988910,58.8,59.85,2022-10-06,MMSI,MERIT MEDICAL SYSTEMS INC,3840.0,260.0
58988910,57.29,58.06,2022-10-07,MMSI,MERIT MEDICAL SYSTEMS INC,3840.0,260.0
58988910,56.45,57.55,2022-10-10,MMSI,MERIT MEDICAL SYSTEMS INC,3840.0,260.0
58988910,56.36,56.44,2022-10-11,MMSI,MERIT MEDICAL SYSTEMS INC,3840.0,260.0
58988910,56.16,56.42,2022-10-12,MMSI,MERIT MEDICAL SYSTEMS INC,3840.0,260.0
58988910,57.04,55.22,2022-10-13,MMSI,MERIT MEDICAL SYSTEMS INC,3840.0,260.0
58988910,54.72,57.35,2022-10-14,MMSI,MERIT MEDICAL SYSTEMS INC,3840.0,260.0
58988910,57.27,55.59,2022-10-17,MMSI,MERIT MEDICAL SYSTEMS INC,3840.0,260.0
58988910,58.72,58.51,2022-10-18,MMSI,MERIT MEDICAL SYSTEMS INC,3840.0,260.0
58988910,58.03,58.31,2022-10-19,MMSI,MERIT MEDICAL SYSTEMS INC,3840.0,260.0
58988910,57.26,58.02,2022-10-20,MMSI,MERIT MEDICAL SYSTEMS INC,3840.0,260.0
58988910,57.94,57.52,2022-10-21,MMSI,MERIT MEDICAL SYSTEMS INC,3840.0,260.0
58988910,58.0,58.5,2022-10-24,MMSI,MERIT MEDICAL SYSTEMS INC,3840.0,260.0
58988910,60.0,58.19,2022-10-25,MMSI,MERIT MEDICAL SYSTEMS INC,3840.0,260.0
58988910,60.82,60.66,2022-10-26,MMSI,MERIT MEDICAL SYSTEMS INC,3840.0,260.0
58988910,64.2,62.71,2022-10-27,MMSI,MERIT MEDICAL SYSTEMS INC,3840.0,260.0
58988910,67.61,64.13,2022-10-28,MMSI,MERIT MEDICAL SYSTEMS INC,3840.0,260.0
58988910,68.77,67.2,2022-10-31,MMSI,MERIT MEDICAL SYSTEMS INC,3840.0,260.0
58988910,69.03,69.29,2022-11-01,MMSI,MERIT MEDICAL SYSTEMS INC,3840.0,260.0
58988910,66.41,69.03,2022-11-02,MMSI,MERIT MEDICAL SYSTEMS INC,3840.0,260.0
58988910,66.58,65.22,2022-11-03,MMSI,MERIT MEDICAL SYSTEMS INC,3840.0,260.0
58988910,68.53,67.24,2022-11-04,MMSI,MERIT MEDICAL SYSTEMS INC,3840.0,260.0
58988910,68.7,69.13,2022-11-07,MMSI,MERIT MEDICAL SYSTEMS INC,3840.0,260.0
58988910,67.73,68.88,2022-11-08,MMSI,MERIT MEDICAL SYSTEMS INC,3840.0,260.0
58988910,66.9,67.32,2022-11-09,MMSI,MERIT MEDICAL SYSTEMS INC,3840.0,260.0
58988910,70.25,69.87,2022-11-10,MMSI,MERIT MEDICAL SYSTEMS INC,3840.0,260.0
58988910,69.68,70.4,2022-11-11,MMSI,MERIT MEDICAL SYSTEMS INC,3840.0,260.0
58988910,69.4,69.16,2022-11-14,MMSI,MERIT MEDICAL SYSTEMS INC,3840.0,260.0
58988910,69.88,70.0,2022-11-15,MMSI,MERIT MEDICAL SYSTEMS INC,3840.0,260.0
58988910,70.37,69.84,2022-11-16,MMSI,MERIT MEDICAL SYSTEMS INC,3840.0,260.0
58988910,69.87,69.61,2022-11-17,MMSI,MERIT MEDICAL SYSTEMS INC,3840.0,260.0
58988910,70.0,71.06,2022-11-18,MMSI,MERIT MEDICAL SYSTEMS INC,3840.0,260.0
58988910,70.68,70.12,2022-11-21,MMSI,MERIT MEDICAL SYSTEMS INC,3840.0,260.0
58988910,71.8,71.0,2022-11-22,MMSI,MERIT MEDICAL SYSTEMS INC,3840.0,260.0
58988910,71.48,71.69,2022-11-23,MMSI,MERIT MEDICAL SYSTEMS INC,3840.0,260.0
58988910,71.75,71.45,2022-11-25,MMSI,MERIT MEDICAL SYSTEMS INC,3840.0,260.0
58988910,70.16,71.45,2022-11-28,MMSI,MERIT MEDICAL SYSTEMS INC,3840.0,260.0
58988910,70.13,69.87,2022-11-29,MMSI,MERIT MEDICAL SYSTEMS INC,3840.0,260.0
58988910,72.0,70.2,2022-11-30,MMSI,MERIT MEDICAL SYSTEMS INC,3840.0,260.0
58988910,72.52,72.0,2022-12-01,MMSI,MERIT MEDICAL SYSTEMS INC,3840.0,260.0
58988910,73.04,71.61,2022-12-02,MMSI,MERIT MEDICAL SYSTEMS INC,3840.0,260.0
58988910,71.11,72.35,2022-12-05,MMSI,MERIT MEDICAL SYSTEMS INC,3840.0,260.0
58988910,70.67,70.97,2022-12-06,MMSI,MERIT MEDICAL SYSTEMS INC,3840.0,260.0
58988910,70.97,70.76,2022-12-07,MMSI,MERIT MEDICAL SYSTEMS INC,3840.0,260.0
58988910,73.01,71.57,2022-12-08,MMSI,MERIT MEDICAL SYSTEMS INC,3840.0,260.0
58988910,72.45,72.84,2022-12-09,MMSI,MERIT MEDICAL SYSTEMS INC,3840.0,260.0
58988910,73.71,72.9,2022-12-12,MMSI,MERIT MEDICAL SYSTEMS INC,3840.0,260.0
58988910,74.43,75.64,2022-12-13,MMSI,MERIT MEDICAL SYSTEMS INC,3840.0,260.0
58988910,72.93,74.17,2022-12-14,MMSI,MERIT MEDICAL SYSTEMS INC,3840.0,260.0
58988910,71.23,72.19,2022-12-15,MMSI,MERIT MEDICAL SYSTEMS INC,3840.0,260.0
58988910,71.26,70.16,2022-12-16,MMSI,MERIT MEDICAL SYSTEMS INC,3840.0,260.0
58988910,70.45,71.31,2022-12-19,MMSI,MERIT MEDICAL SYSTEMS INC,3840.0,260.0
58988910,69.32,69.43,2022-12-20,MMSI,MERIT MEDICAL SYSTEMS INC,3840.0,260.0
58988910,70.51,69.95,2022-12-21,MMSI,MERIT MEDICAL SYSTEMS INC,3840.0,260.0
58988910,70.86,70.06,2022-12-22,MMSI,MERIT MEDICAL SYSTEMS INC,3840.0,260.0
58988910,70.85,70.69,2022-12-23,MMSI,MERIT MEDICAL SYSTEMS INC,3840.0,260.0
58988910,70.17,71.13,2022-12-27,MMSI,MERIT MEDICAL SYSTEMS INC,3840.0,260.0
58988910,69.43,70.53,2022-12-28,MMSI,MERIT MEDICAL SYSTEMS INC,3840.0,260.0
58988910,70.86,69.98,2022-12-29,MMSI,MERIT MEDICAL SYSTEMS INC,3840.0,260.0
58988910,70.62,70.56,2022-12-30,MMSI,MERIT MEDICAL SYSTEMS INC,3840.0,260.0
58988910,69.6,71.02,2023-01-03,MMSI,MERIT MEDICAL SYSTEMS INC,3840.0,260.0
58988910,70.04,70.04,2023-01-04,MMSI,MERIT MEDICAL SYSTEMS INC,3840.0,260.0
58988910,70.42,69.8,2023-01-05,MMSI,MERIT MEDICAL SYSTEMS INC,3840.0,260.0
58988910,71.18,71.33,2023-01-06,MMSI,MERIT MEDICAL SYSTEMS INC,3840.0,260.0
58988910,69.54,71.48,2023-01-09,MMSI,MERIT MEDICAL SYSTEMS INC,3840.0,260.0
58988910,69.31,69.74,2023-01-10,MMSI,MERIT MEDICAL SYSTEMS INC,3840.0,260.0
58988910,68.16,69.33,2023-01-11,MMSI,MERIT MEDICAL SYSTEMS INC,3840.0,260.0
58988910,68.6,68.32,2023-01-12,MMSI,MERIT MEDICAL SYSTEMS INC,3840.0,260.0
58988910,70.35,68.37,2023-01-13,MMSI,MERIT MEDICAL SYSTEMS INC,3840.0,260.0
58988910,69.97,70.27,2023-01-17,MMSI,MERIT MEDICAL SYSTEMS INC,3840.0,260.0
58988910,69.84,69.97,2023-01-18,MMSI,MERIT MEDICAL SYSTEMS INC,3840.0,260.0
58988910,69.48,69.94,2023-01-19,MMSI,MERIT MEDICAL SYSTEMS INC,3840.0,260.0
58988910,70.23,70.05,2023-01-20,MMSI,MERIT MEDICAL SYSTEMS INC,3840.0,260.0
58988910,70.67,70.16,2023-01-23,MMSI,MERIT MEDICAL SYSTEMS INC,3840.0,260.0
58988910,69.74,70.5,2023-01-24,MMSI,MERIT MEDICAL SYSTEMS INC,3840.0,260.0
58988910,69.47,69.46,2023-01-25,MMSI,MERIT MEDICAL SYSTEMS INC,3840.0,260.0
58988910,69.52,70.0,2023-01-26,MMSI,MERIT MEDICAL SYSTEMS INC,3840.0,260.0
58988910,69.94,69.5,2023-01-27,MMSI,MERIT MEDICAL SYSTEMS INC,3840.0,260.0
58988910,70.33,69.73,2023-01-30,MMSI,MERIT MEDICAL SYSTEMS INC,3840.0,260.0
58988910,71.35,70.98,2023-01-31,MMSI,MERIT MEDICAL SYSTEMS INC,3840.0,260.0
58988910,71.92,71.14,2023-02-01,MMSI,MERIT MEDICAL SYSTEMS INC,3840.0,260.0
58988910,73.42,72.06,2023-02-02,MMSI,MERIT MEDICAL SYSTEMS INC,3840.0,260.0
58988910,73.33,72.98,2023-02-03,MMSI,MERIT MEDICAL SYSTEMS INC,3840.0,260.0
58988910,71.32,73.34,2023-02-06,MMSI,MERIT MEDICAL SYSTEMS INC,3840.0,260.0
58988910,71.61,70.81,2023-02-07,MMSI,MERIT MEDICAL SYSTEMS INC,3840.0,260.0
58988910,71.47,71.0,2023-02-08,MMSI,MERIT MEDICAL SYSTEMS INC,3840.0,260.0
58988910,70.37,71.86,2023-02-09,MMSI,MERIT MEDICAL SYSTEMS INC,3840.0,260.0
58988910,70.11,70.25,2023-02-10,MMSI,MERIT MEDICAL SYSTEMS INC,3840.0,260.0
58988910,70.86,70.17,2023-02-13,MMSI,MERIT MEDICAL SYSTEMS INC,3840.0,260.0
58988910,69.91,71.36,2023-02-14,MMSI,MERIT MEDICAL SYSTEMS INC,3840.0,260.0
58988910,70.12,69.57,2023-02-15,MMSI,MERIT MEDICAL SYSTEMS INC,3840.0,260.0
58988910,69.74,69.25,2023-02-16,MMSI,MERIT MEDICAL SYSTEMS INC,3840.0,260.0
58988910,69.97,70.03,2023-02-17,MMSI,MERIT MEDICAL SYSTEMS INC,3840.0,260.0
58988910,69.51,69.25,2023-02-21,MMSI,MERIT MEDICAL SYSTEMS INC,3840.0,260.0
58988910,68.85,69.5,2023-02-22,MMSI,MERIT MEDICAL SYSTEMS INC,3840.0,260.0
58988910,71.43,70.37,2023-02-23,MMSI,MERIT MEDICAL SYSTEMS INC,3840.0,260.0
58988910,70.66,70.71,2023-02-24,MMSI,MERIT MEDICAL SYSTEMS INC,3840.0,260.0
58988910,70.38,71.04,2023-02-27,MMSI,MERIT MEDICAL SYSTEMS INC,3840.0,260.0
58988910,70.58,70.05,2023-02-28,MMSI,MERIT MEDICAL SYSTEMS INC,3840.0,260.0
58988910,69.13,70.33,2023-03-01,MMSI,MERIT MEDICAL SYSTEMS INC,3840.0,260.0
58988910,69.87,68.79,2023-03-02,MMSI,MERIT MEDICAL SYSTEMS INC,3840.0,260.0
58988910,70.07,70.57,2023-03-03,MMSI,MERIT MEDICAL SYSTEMS INC,3840.0,260.0
58988910,66.95,69.79,2023-03-06,MMSI,MERIT MEDICAL SYSTEMS INC,3840.0,260.0
58988910,66.13,67.08,2023-03-07,MMSI,MERIT MEDICAL SYSTEMS INC,3840.0,260.0
58988910,66.73,66.36,2023-03-08,MMSI,MERIT MEDICAL SYSTEMS INC,3840.0,260.0
58988910,66.5,67.0,2023-03-09,MMSI,MERIT MEDICAL SYSTEMS INC,3840.0,260.0
58988910,67.07,66.31,2023-03-10,MMSI,MERIT MEDICAL SYSTEMS INC,3840.0,260.0
58988910,67.08,66.42,2023-03-13,MMSI,MERIT MEDICAL SYSTEMS INC,3840.0,260.0
58988910,68.95,68.0,2023-03-14,MMSI,MERIT MEDICAL SYSTEMS INC,3840.0,260.0
58988910,68.03,67.88,2023-03-15,MMSI,MERIT MEDICAL SYSTEMS INC,3840.0,260.0
58988910,70.96,67.28,2023-03-16,MMSI,MERIT MEDICAL SYSTEMS INC,3840.0,260.0
58988910,69.56,70.8,2023-03-17,MMSI,MERIT MEDICAL SYSTEMS INC,3840.0,260.0
58988910,71.07,70.09,2023-03-20,MMSI,MERIT MEDICAL SYSTEMS INC,3840.0,260.0
58988910,70.81,71.59,2023-03-21,MMSI,MERIT MEDICAL SYSTEMS INC,3840.0,260.0
58988910,70.52,70.22,2023-03-22,MMSI,MERIT MEDICAL SYSTEMS INC,3840.0,260.0
58988910,70.92,70.96,2023-03-23,MMSI,MERIT MEDICAL SYSTEMS INC,3840.0,260.0
58988910,72.08,70.61,2023-03-24,MMSI,MERIT MEDICAL SYSTEMS INC,3840.0,260.0
58988910,72.63,72.58,2023-03-27,MMSI,MERIT MEDICAL SYSTEMS INC,3840.0,260.0
58988910,72.23,72.22,2023-03-28,MMSI,MERIT MEDICAL SYSTEMS INC,3840.0,260.0
58988910,72.42,72.59,2023-03-29,MMSI,MERIT MEDICAL SYSTEMS INC,3840.0,260.0
58988910,72.97,72.69,2023-03-30,MMSI,MERIT MEDICAL SYSTEMS INC,3840.0,260.0
58988910,73.95,73.31,2023-03-31,MMSI,MERIT MEDICAL SYSTEMS INC,3840.0,260.0
58988910,74.03,73.77,2023-04-03,MMSI,MERIT MEDICAL SYSTEMS INC,3840.0,260.0
58988910,74.76,73.68,2023-04-04,MMSI,MERIT MEDICAL SYSTEMS INC,3840.0,260.0
58988910,75.1,74.61,2023-04-05,MMSI,MERIT MEDICAL SYSTEMS INC,3840.0,260.0
58988910,74.92,75.07,2023-04-06,MMSI,MERIT MEDICAL SYSTEMS INC,3840.0,260.0
58988910,75.58,74.22,2023-04-10,MMSI,MERIT MEDICAL SYSTEMS INC,3840.0,260.0
58988910,76.66,75.73,2023-04-11,MMSI,MERIT MEDICAL SYSTEMS INC,3840.0,260.0
58988910,75.99,76.92,2023-04-12,MMSI,MERIT MEDICAL SYSTEMS INC,3840.0,260.0
58988910,77.24,76.37,2023-04-13,MMSI,MERIT MEDICAL SYSTEMS INC,3840.0,260.0
58988910,77.47,77.1,2023-04-14,MMSI,MERIT MEDICAL SYSTEMS INC,3840.0,260.0
58988910,76.08,77.68,2023-04-17,MMSI,MERIT MEDICAL SYSTEMS INC,3840.0,260.0
58988910,76.06,76.09,2023-04-18,MMSI,MERIT MEDICAL SYSTEMS INC,3840.0,260.0
58988910,77.61,76.84,2023-04-19,MMSI,MERIT MEDICAL SYSTEMS INC,3840.0,260.0
58988910,77.43,77.4,2023-04-20,MMSI,MERIT MEDICAL SYSTEMS INC,3840.0,260.0
58988910,78.25,77.58,2023-04-21,MMSI,MERIT MEDICAL SYSTEMS INC,3840.0,260.0
58988910,79.0,78.38,2023-04-24,MMSI,MERIT MEDICAL SYSTEMS INC,3840.0,260.0
58988910,78.11,79.18,2023-04-25,MMSI,MERIT MEDICAL SYSTEMS INC,3840.0,260.0
58988910,77.67,77.29,2023-04-26,MMSI,MERIT MEDICAL SYSTEMS INC,3840.0,260.0
58988910,81.76,80.0,2023-04-27,MMSI,MERIT MEDICAL SYSTEMS INC,3840.0,260.0
58988910,81.29,81.58,2023-04-28,MMSI,MERIT MEDICAL SYSTEMS INC,3840.0,260.0
58988910,82.12,81.17,2023-05-01,MMSI,MERIT MEDICAL SYSTEMS INC,3840.0,260.0
58988910,81.77,81.98,2023-05-02,MMSI,MERIT MEDICAL SYSTEMS INC,3840.0,260.0
58988910,83.39,82.26,2023-05-03,MMSI,MERIT MEDICAL SYSTEMS INC,3840.0,260.0
58988910,83.34,82.81,2023-05-04,MMSI,MERIT MEDICAL SYSTEMS INC,3840.0,260.0
58988910,84.82,84.02,2023-05-05,MMSI,MERIT MEDICAL SYSTEMS INC,3840.0,260.0
58988910,84.84,84.76,2023-05-08,MMSI,MERIT MEDICAL SYSTEMS INC,3840.0,260.0
58988910,84.6,84.46,2023-05-09,MMSI,MERIT MEDICAL SYSTEMS INC,3840.0,260.0
58988910,84.53,85.38,2023-05-10,MMSI,MERIT MEDICAL SYSTEMS INC,3840.0,260.0
58988910,83.98,83.96,2023-05-11,MMSI,MERIT MEDICAL SYSTEMS INC,3840.0,260.0
58988910,84.05,83.98,2023-05-12,MMSI,MERIT MEDICAL SYSTEMS INC,3840.0,260.0
58988910,84.14,84.12,2023-05-15,MMSI,MERIT MEDICAL SYSTEMS INC,3840.0,260.0
58988910,84.05,83.55,2023-05-16,MMSI,MERIT MEDICAL SYSTEMS INC,3840.0,260.0
58988910,83.94,84.33,2023-05-17,MMSI,MERIT MEDICAL SYSTEMS INC,3840.0,260.0
58988910,83.99,83.72,2023-05-18,MMSI,MERIT MEDICAL SYSTEMS INC,3840.0,260.0
58988910,84.59,84.65,2023-05-19,MMSI,MERIT MEDICAL SYSTEMS INC,3840.0,260.0
58988910,84.44,84.44,2023-05-22,MMSI,MERIT MEDICAL SYSTEMS INC,3840.0,260.0
58988910,80.66,84.2,2023-05-23,MMSI,MERIT MEDICAL SYSTEMS INC,3840.0,260.0
58988910,80.51,80.69,2023-05-24,MMSI,MERIT MEDICAL SYSTEMS INC,3840.0,260.0
58988910,80.95,80.01,2023-05-25,MMSI,MERIT MEDICAL SYSTEMS INC,3840.0,260.0
58988910,81.44,81.17,2023-05-26,MMSI,MERIT MEDICAL SYSTEMS INC,3840.0,260.0
58988910,81.44,81.31,2023-05-30,MMSI,MERIT MEDICAL SYSTEMS INC,3840.0,260.0
58988910,82.4,81.46,2023-05-31,MMSI,MERIT MEDICAL SYSTEMS INC,3840.0,260.0
58988910,82.89,82.12,2023-06-01,MMSI,MERIT MEDICAL SYSTEMS INC,3840.0,260.0
58988910,84.35,83.19,2023-06-02,MMSI,MERIT MEDICAL SYSTEMS INC,3840.0,260.0
58988910,83.95,84.49,2023-06-05,MMSI,MERIT MEDICAL SYSTEMS INC,3840.0,260.0
58988910,84.42,83.72,2023-06-06,MMSI,MERIT MEDICAL SYSTEMS INC,3840.0,260.0
58988910,85.24,84.64,2023-06-07,MMSI,MERIT MEDICAL SYSTEMS INC,3840.0,260.0
58988910,84.26,84.91,2023-06-08,MMSI,MERIT MEDICAL SYSTEMS INC,3840.0,260.0
58988910,83.69,84.89,2023-06-09,MMSI,MERIT MEDICAL SYSTEMS INC,3840.0,260.0
58988910,83.1,83.63,2023-06-12,MMSI,MERIT MEDICAL SYSTEMS INC,3840.0,260.0
58988910,82.32,83.03,2023-06-13,MMSI,MERIT MEDICAL SYSTEMS INC,3840.0,260.0
58988910,82.94,82.7,2023-06-14,MMSI,MERIT MEDICAL SYSTEMS INC,3840.0,260.0
58988910,82.19,82.68,2023-06-15,MMSI,MERIT MEDICAL SYSTEMS INC,3840.0,260.0
58988910,83.28,83.07,2023-06-16,MMSI,MERIT MEDICAL SYSTEMS INC,3840.0,260.0
58988910,82.91,83.12,2023-06-20,MMSI,MERIT MEDICAL SYSTEMS INC,3840.0,260.0
58988910,82.64,82.91,2023-06-21,MMSI,MERIT MEDICAL SYSTEMS INC,3840.0,260.0
58988910,83.67,82.84,2023-06-22,MMSI,MERIT MEDICAL SYSTEMS INC,3840.0,260.0
58988910,82.17,83.14,2023-06-23,MMSI,MERIT MEDICAL SYSTEMS INC,3840.0,260.0
58988910,82.3,82.04,2023-06-26,MMSI,MERIT MEDICAL SYSTEMS INC,3840.0,260.0
58988910,82.47,82.26,2023-06-27,MMSI,MERIT MEDICAL SYSTEMS INC,3840.0,260.0
58988910,82.34,82.5,2023-06-28,MMSI,MERIT MEDICAL SYSTEMS INC,3840.0,260.0
58988910,83.42,82.09,2023-06-29,MMSI,MERIT MEDICAL SYSTEMS INC,3840.0,260.0
58988910,83.64,83.93,2023-06-30,MMSI,MERIT MEDICAL SYSTEMS INC,3840.0,260.0
58988910,82.51,83.38,2023-07-03,MMSI,MERIT MEDICAL SYSTEMS INC,3840.0,260.0
58988910,80.92,82.38,2023-07-05,MMSI,MERIT MEDICAL SYSTEMS INC,3840.0,260.0
58988910,79.4,80.34,2023-07-06,MMSI,MERIT MEDICAL SYSTEMS INC,3840.0,260.0
58988910,79.61,79.4,2023-07-07,MMSI,MERIT MEDICAL SYSTEMS INC,3840.0,260.0
58988910,81.49,79.34,2023-07-10,MMSI,MERIT MEDICAL SYSTEMS INC,3840.0,260.0
58988910,82.26,81.49,2023-07-11,MMSI,MERIT MEDICAL SYSTEMS INC,3840.0,260.0
58988910,84.11,83.03,2023-07-12,MMSI,MERIT MEDICAL SYSTEMS INC,3840.0,260.0
58988910,84.26,84.5,2023-07-13,MMSI,MERIT MEDICAL SYSTEMS INC,3840.0,260.0
58988910,84.73,84.24,2023-07-14,MMSI,MERIT MEDICAL SYSTEMS INC,3840.0,260.0
58988910,84.17,84.46,2023-07-17,MMSI,MERIT MEDICAL SYSTEMS INC,3840.0,260.0
58988910,83.68,84.17,2023-07-18,MMSI,MERIT MEDICAL SYSTEMS INC,3840.0,260.0
58988910,82.39,83.55,2023-07-19,MMSI,MERIT MEDICAL SYSTEMS INC,3840.0,260.0
58988910,81.96,82.63,2023-07-20,MMSI,MERIT MEDICAL SYSTEMS INC,3840.0,260.0
58988910,82.0,82.45,2023-07-21,MMSI,MERIT MEDICAL SYSTEMS INC,3840.0,260.0
58988910,80.19,81.69,2023-07-24,MMSI,MERIT MEDICAL SYSTEMS INC,3840.0,260.0
58988910,81.53,79.85,2023-07-25,MMSI,MERIT MEDICAL SYSTEMS INC,3840.0,260.0
58988910,72.5,78.0,2023-07-26,MMSI,MERIT MEDICAL SYSTEMS INC,3840.0,260.0
58988910,72.38,73.34,2023-07-27,MMSI,MERIT MEDICAL SYSTEMS INC,3840.0,260.0
58988910,73.5,72.47,2023-07-28,MMSI,MERIT MEDICAL SYSTEMS INC,3840.0,260.0
58988910,74.67,73.59,2023-07-31,MMSI,MERIT MEDICAL SYSTEMS INC,3840.0,260.0
58988910,74.07,74.21,2023-08-01,MMSI,MERIT MEDICAL SYSTEMS INC,3840.0,260.0
58988910,73.65,73.53,2023-08-02,MMSI,MERIT MEDICAL SYSTEMS INC,3840.0,260.0
58988910,72.2,73.13,2023-08-03,MMSI,MERIT MEDICAL SYSTEMS INC,3840.0,260.0
58988910,71.9,72.21,2023-08-04,MMSI,MERIT MEDICAL SYSTEMS INC,3840.0,260.0
58988910,71.31,71.86,2023-08-07,MMSI,MERIT MEDICAL SYSTEMS INC,3840.0,260.0
58988910,69.89,70.36,2023-08-08,MMSI,MERIT MEDICAL SYSTEMS INC,3840.0,260.0
58988910,69.41,69.8,2023-08-09,MMSI,MERIT MEDICAL SYSTEMS INC,3840.0,260.0
58988910,68.93,69.61,2023-08-10,MMSI,MERIT MEDICAL SYSTEMS INC,3840.0,260.0
58988910,68.71,68.85,2023-08-11,MMSI,MERIT MEDICAL SYSTEMS INC,3840.0,260.0
58988910,68.29,68.58,2023-08-14,MMSI,MERIT MEDICAL SYSTEMS INC,3840.0,260.0
58988910,68.39,68.15,2023-08-15,MMSI,MERIT MEDICAL SYSTEMS INC,3840.0,260.0
58988910,67.29,68.33,2023-08-16,MMSI,MERIT MEDICAL SYSTEMS INC,3840.0,260.0
58988910,67.65,67.49,2023-08-17,MMSI,MERIT MEDICAL SYSTEMS INC,3840.0,260.0
58988910,67.97,67.58,2023-08-18,MMSI,MERIT MEDICAL SYSTEMS INC,3840.0,260.0
58988910,67.8,67.99,2023-08-21,MMSI,MERIT MEDICAL SYSTEMS INC,3840.0,260.0
58988910,68.8,67.99,2023-08-22,MMSI,MERIT MEDICAL SYSTEMS INC,3840.0,260.0
58988910,69.11,69.12,2023-08-23,MMSI,MERIT MEDICAL SYSTEMS INC,3840.0,260.0
58988910,67.07,68.85,2023-08-24,MMSI,MERIT MEDICAL SYSTEMS INC,3840.0,260.0
58988910,67.19,67.03,2023-08-25,MMSI,MERIT MEDICAL SYSTEMS INC,3840.0,260.0
58988910,65.91,67.28,2023-08-28,MMSI,MERIT MEDICAL SYSTEMS INC,3840.0,260.0
58988910,66.64,66.01,2023-08-29,MMSI,MERIT MEDICAL SYSTEMS INC,3840.0,260.0
58988910,66.17,66.64,2023-08-30,MMSI,MERIT MEDICAL SYSTEMS INC,3840.0,260.0
58988910,65.28,66.22,2023-08-31,MMSI,MERIT MEDICAL SYSTEMS INC,3840.0,260.0
58988910,65.3,65.63,2023-09-01,MMSI,MERIT MEDICAL SYSTEMS INC,3840.0,260.0
58988910,63.9,65.1,2023-09-05,MMSI,MERIT MEDICAL SYSTEMS INC,3840.0,260.0
58988910,64.77,64.25,2023-09-06,MMSI,MERIT MEDICAL SYSTEMS INC,3840.0,260.0
58988910,63.36,64.77,2023-09-07,MMSI,MERIT MEDICAL SYSTEMS INC,3840.0,260.0
58988910,63.62,63.27,2023-09-08,MMSI,MERIT MEDICAL SYSTEMS INC,3840.0,260.0
58988910,65.97,63.66,2023-09-11,MMSI,MERIT MEDICAL SYSTEMS INC,3840.0,260.0
58988910,66.13,65.89,2023-09-12,MMSI,MERIT MEDICAL SYSTEMS INC,3840.0,260.0
58988910,67.76,65.94,2023-09-13,MMSI,MERIT MEDICAL SYSTEMS INC,3840.0,260.0
58988910,68.32,67.9,2023-09-14,MMSI,MERIT MEDICAL SYSTEMS INC,3840.0,260.0
58988910,68.16,68.37,2023-09-15,MMSI,MERIT MEDICAL SYSTEMS INC,3840.0,260.0
58988910,68.62,68.17,2023-09-18,MMSI,MERIT MEDICAL SYSTEMS INC,3840.0,260.0
58988910,69.18,68.6,2023-09-19,MMSI,MERIT MEDICAL SYSTEMS INC,3840.0,260.0
58988910,68.5,69.51,2023-09-20,MMSI,MERIT MEDICAL SYSTEMS INC,3840.0,260.0
58988910,67.99,67.9,2023-09-21,MMSI,MERIT MEDICAL SYSTEMS INC,3840.0,260.0
58988910,68.12,67.8,2023-09-22,MMSI,MERIT MEDICAL SYSTEMS INC,3840.0,260.0
58988910,68.38,67.69,2023-09-25,MMSI,MERIT MEDICAL SYSTEMS INC,3840.0,260.0
58988910,67.33,67.91,2023-09-26,MMSI,MERIT MEDICAL SYSTEMS INC,3840.0,260.0
58988910,67.97,67.74,2023-09-27,MMSI,MERIT MEDICAL SYSTEMS INC,3840.0,260.0
58988910,69.42,68.21,2023-09-28,MMSI,MERIT MEDICAL SYSTEMS INC,3840.0,260.0
58988910,69.02,69.48,2023-09-29,MMSI,MERIT MEDICAL SYSTEMS INC,3840.0,260.0
58988910,67.23,68.75,2023-10-02,MMSI,MERIT MEDICAL SYSTEMS INC,3840.0,260.0
58988910,67.27,67.2,2023-10-03,MMSI,MERIT MEDICAL SYSTEMS INC,3840.0,260.0
58988910,66.85,67.59,2023-10-04,MMSI,MERIT MEDICAL SYSTEMS INC,3840.0,260.0
58988910,66.71,66.32,2023-10-05,MMSI,MERIT MEDICAL SYSTEMS INC,3840.0,260.0
58988910,67.75,66.7,2023-10-06,MMSI,MERIT MEDICAL SYSTEMS INC,3840.0,260.0
58988910,68.14,67.18,2023-10-09,MMSI,MERIT MEDICAL SYSTEMS INC,3840.0,260.0
58988910,68.61,68.49,2023-10-10,MMSI,MERIT MEDICAL SYSTEMS INC,3840.0,260.0
58988910,65.71,68.44,2023-10-11,MMSI,MERIT MEDICAL SYSTEMS INC,3840.0,260.0
58988910,62.92,65.71,2023-10-12,MMSI,MERIT MEDICAL SYSTEMS INC,3840.0,260.0
58988910,64.63,62.92,2023-10-13,MMSI,MERIT MEDICAL SYSTEMS INC,3840.0,260.0
58988910,66.05,65.08,2023-10-16,MMSI,MERIT MEDICAL SYSTEMS INC,3840.0,260.0
58988910,65.98,65.45,2023-10-17,MMSI,MERIT MEDICAL SYSTEMS INC,3840.0,260.0
58988910,66.0,65.87,2023-10-18,MMSI,MERIT MEDICAL SYSTEMS INC,3840.0,260.0
58988910,64.72,66.0,2023-10-19,MMSI,MERIT MEDICAL SYSTEMS INC,3840.0,260.0
58988910,64.83,64.99,2023-10-20,MMSI,MERIT MEDICAL SYSTEMS INC,3840.0,260.0
58988910,64.73,64.88,2023-10-23,MMSI,MERIT MEDICAL SYSTEMS INC,3840.0,260.0
58988910,65.29,65.03,2023-10-24,MMSI,MERIT MEDICAL SYSTEMS INC,3840.0,260.0
58988910,64.04,65.04,2023-10-25,MMSI,MERIT MEDICAL SYSTEMS INC,3840.0,260.0
58988910,63.49,64.16,2023-10-26,MMSI,MERIT MEDICAL SYSTEMS INC,3840.0,260.0
58988910,69.0,67.0,2023-10-27,MMSI,MERIT MEDICAL SYSTEMS INC,3840.0,260.0
58988910,66.45,69.13,2023-10-30,MMSI,MERIT MEDICAL SYSTEMS INC,3840.0,260.0
58988910,68.74,66.73,2023-10-31,MMSI,MERIT MEDICAL SYSTEMS INC,3840.0,260.0
58988910,71.06,68.74,2023-11-01,MMSI,MERIT MEDICAL SYSTEMS INC,3840.0,260.0
58988910,70.63,71.46,2023-11-02,MMSI,MERIT MEDICAL SYSTEMS INC,3840.0,260.0
58988910,71.85,71.81,2023-11-03,MMSI,MERIT MEDICAL SYSTEMS INC,3840.0,260.0
58988910,71.14,71.59,2023-11-06,MMSI,MERIT MEDICAL SYSTEMS INC,3840.0,260.0
58988910,71.68,70.98,2023-11-07,MMSI,MERIT MEDICAL SYSTEMS INC,3840.0,260.0
58988910,71.28,71.75,2023-11-08,MMSI,MERIT MEDICAL SYSTEMS INC,3840.0,260.0
58988910,69.77,71.27,2023-11-09,MMSI,MERIT MEDICAL SYSTEMS INC,3840.0,260.0
58988910,69.64,70.11,2023-11-10,MMSI,MERIT MEDICAL SYSTEMS INC,3840.0,260.0
58988910,70.94,70.27,2023-11-13,MMSI,MERIT MEDICAL SYSTEMS INC,3840.0,260.0
58988910,73.43,72.68,2023-11-14,MMSI,MERIT MEDICAL SYSTEMS INC,3840.0,260.0
58988910,72.14,72.91,2023-11-15,MMSI,MERIT MEDICAL SYSTEMS INC,3840.0,260.0
58988910,71.6,72.58,2023-11-16,MMSI,MERIT MEDICAL SYSTEMS INC,3840.0,260.0
58988910,71.37,71.91,2023-11-17,MMSI,MERIT MEDICAL SYSTEMS INC,3840.0,260.0
58988910,71.81,71.57,2023-11-20,MMSI,MERIT MEDICAL SYSTEMS INC,3840.0,260.0
58988910,71.74,71.61,2023-11-21,MMSI,MERIT MEDICAL SYSTEMS INC,3840.0,260.0
58988910,71.67,72.26,2023-11-22,MMSI,MERIT MEDICAL SYSTEMS INC,3840.0,260.0
58988910,72.32,71.92,2023-11-24,MMSI,MERIT MEDICAL SYSTEMS INC,3840.0,260.0
58988910,71.77,72.12,2023-11-27,MMSI,MERIT MEDICAL SYSTEMS INC,3840.0,260.0
58988910,70.53,71.6,2023-11-28,MMSI,MERIT MEDICAL SYSTEMS INC,3840.0,260.0
58988910,70.66,70.96,2023-11-29,MMSI,MERIT MEDICAL SYSTEMS INC,3840.0,260.0
58988910,71.56,70.71,2023-11-30,MMSI,MERIT MEDICAL SYSTEMS INC,3840.0,260.0
58988910,72.71,71.5,2023-12-01,MMSI,MERIT MEDICAL SYSTEMS INC,3840.0,260.0
58988910,73.94,72.35,2023-12-04,MMSI,MERIT MEDICAL SYSTEMS INC,3840.0,260.0
58988910,65.53,69.5,2023-12-05,MMSI,MERIT MEDICAL SYSTEMS INC,3840.0,260.0
58988910,68.59,66.6,2023-12-06,MMSI,MERIT MEDICAL SYSTEMS INC,3840.0,260.0
58988910,69.61,68.76,2023-12-07,MMSI,MERIT MEDICAL SYSTEMS INC,3840.0,260.0
58988910,69.82,69.81,2023-12-08,MMSI,MERIT MEDICAL SYSTEMS INC,3840.0,260.0
58988910,68.78,70.02,2023-12-11,MMSI,MERIT MEDICAL SYSTEMS INC,3840.0,260.0
58988910,69.0,69.2,2023-12-12,MMSI,MERIT MEDICAL SYSTEMS INC,3840.0,260.0
58988910,71.92,68.52,2023-12-13,MMSI,MERIT MEDICAL SYSTEMS INC,3840.0,260.0
58988910,71.98,72.94,2023-12-14,MMSI,MERIT MEDICAL SYSTEMS INC,3840.0,260.0
58988910,71.56,72.22,2023-12-15,MMSI,MERIT MEDICAL SYSTEMS INC,3840.0,260.0
58988910,71.25,71.96,2023-12-18,MMSI,MERIT MEDICAL SYSTEMS INC,3840.0,260.0
58988910,71.03,71.25,2023-12-19,MMSI,MERIT MEDICAL SYSTEMS INC,3840.0,260.0
58988910,71.67,71.27,2023-12-20,MMSI,MERIT MEDICAL SYSTEMS INC,3840.0,260.0
58988910,75.03,75.0,2023-12-21,MMSI,MERIT MEDICAL SYSTEMS INC,3840.0,260.0
58988910,75.59,75.15,2023-12-22,MMSI,MERIT MEDICAL SYSTEMS INC,3840.0,260.0
58988910,76.52,75.72,2023-12-26,MMSI,MERIT MEDICAL SYSTEMS INC,3840.0,260.0
58988910,76.7,76.74,2023-12-27,MMSI,MERIT MEDICAL SYSTEMS INC,3840.0,260.0
58988910,76.56,76.6,2023-12-28,MMSI,MERIT MEDICAL SYSTEMS INC,3840.0,260.0
58988910,75.96,76.27,2023-12-29,MMSI,MERIT MEDICAL SYSTEMS INC,3840.0,260.0
