cusip,prc,openprc,date,numtrd,shrout,htick,hcomnam,hsiccd
67066Y10,10.17,9.85,2009-01-02,,23480.0,NAC,NUVEEN CALIFORNIA QUA MUN INC FD,6726.0
67066Y10,10.37,10.1,2009-01-05,,23480.0,NAC,NUVEEN CALIFORNIA QUA MUN INC FD,6726.0
67066Y10,10.65,10.45,2009-01-06,,23480.0,NAC,NUVEEN CALIFORNIA QUA MUN INC FD,6726.0
67066Y10,10.51,10.69,2009-01-07,,23480.0,NAC,NUVEEN CALIFORNIA QUA MUN INC FD,6726.0
67066Y10,11.0,10.55,2009-01-08,,23480.0,NAC,NUVEEN CALIFORNIA QUA MUN INC FD,6726.0
67066Y10,11.3,11.08,2009-01-09,,23480.0,NAC,NUVEEN CALIFORNIA QUA MUN INC FD,6726.0
67066Y10,11.03,11.3,2009-01-12,,23480.0,NAC,NUVEEN CALIFORNIA QUA MUN INC FD,6726.0
67066Y10,10.9,10.97,2009-01-13,,23480.0,NAC,NUVEEN CALIFORNIA QUA MUN INC FD,6726.0
67066Y10,10.7,10.86,2009-01-14,,23480.0,NAC,NUVEEN CALIFORNIA QUA MUN INC FD,6726.0
67066Y10,10.2699,10.55,2009-01-15,,23480.0,NAC,NUVEEN CALIFORNIA QUA MUN INC FD,6726.0
67066Y10,10.55,10.2,2009-01-16,,23480.0,NAC,NUVEEN CALIFORNIA QUA MUN INC FD,6726.0
67066Y10,10.49,10.51,2009-01-20,,23480.0,NAC,NUVEEN CALIFORNIA QUA MUN INC FD,6726.0
67066Y10,10.53,10.35,2009-01-21,,23480.0,NAC,NUVEEN CALIFORNIA QUA MUN INC FD,6726.0
67066Y10,10.4,10.52,2009-01-22,,23480.0,NAC,NUVEEN CALIFORNIA QUA MUN INC FD,6726.0
67066Y10,10.4,10.45,2009-01-23,,23480.0,NAC,NUVEEN CALIFORNIA QUA MUN INC FD,6726.0
67066Y10,10.632,10.55,2009-01-26,,23480.0,NAC,NUVEEN CALIFORNIA QUA MUN INC FD,6726.0
67066Y10,10.6,10.6,2009-01-27,,23480.0,NAC,NUVEEN CALIFORNIA QUA MUN INC FD,6726.0
67066Y10,10.5817,10.58,2009-01-28,,23480.0,NAC,NUVEEN CALIFORNIA QUA MUN INC FD,6726.0
67066Y10,10.6,10.56,2009-01-29,,23480.0,NAC,NUVEEN CALIFORNIA QUA MUN INC FD,6726.0
67066Y10,10.51,10.55,2009-01-30,,23480.0,NAC,NUVEEN CALIFORNIA QUA MUN INC FD,6726.0
67066Y10,10.67,10.56,2009-02-02,,23480.0,NAC,NUVEEN CALIFORNIA QUA MUN INC FD,6726.0
67066Y10,10.69,10.7,2009-02-03,,23480.0,NAC,NUVEEN CALIFORNIA QUA MUN INC FD,6726.0
67066Y10,10.65,10.81,2009-02-04,,23480.0,NAC,NUVEEN CALIFORNIA QUA MUN INC FD,6726.0
67066Y10,10.66,10.62,2009-02-05,,23480.0,NAC,NUVEEN CALIFORNIA QUA MUN INC FD,6726.0
67066Y10,10.69,10.6,2009-02-06,,23480.0,NAC,NUVEEN CALIFORNIA QUA MUN INC FD,6726.0
67066Y10,10.922,10.75,2009-02-09,,23480.0,NAC,NUVEEN CALIFORNIA QUA MUN INC FD,6726.0
67066Y10,10.8355,10.93,2009-02-10,,23480.0,NAC,NUVEEN CALIFORNIA QUA MUN INC FD,6726.0
67066Y10,10.88,10.8,2009-02-11,,23480.0,NAC,NUVEEN CALIFORNIA QUA MUN INC FD,6726.0
67066Y10,11.05,10.89,2009-02-12,,23480.0,NAC,NUVEEN CALIFORNIA QUA MUN INC FD,6726.0
67066Y10,11.15,11.05,2009-02-13,,23480.0,NAC,NUVEEN CALIFORNIA QUA MUN INC FD,6726.0
67066Y10,10.53,11.15,2009-02-17,,23480.0,NAC,NUVEEN CALIFORNIA QUA MUN INC FD,6726.0
67066Y10,10.44,10.45,2009-02-18,,23480.0,NAC,NUVEEN CALIFORNIA QUA MUN INC FD,6726.0
67066Y10,10.18,10.36,2009-02-19,,23480.0,NAC,NUVEEN CALIFORNIA QUA MUN INC FD,6726.0
67066Y10,9.92,10.15,2009-02-20,,23480.0,NAC,NUVEEN CALIFORNIA QUA MUN INC FD,6726.0
67066Y10,9.57,9.89,2009-02-23,,23480.0,NAC,NUVEEN CALIFORNIA QUA MUN INC FD,6726.0
67066Y10,10.3,9.49,2009-02-24,,23480.0,NAC,NUVEEN CALIFORNIA QUA MUN INC FD,6726.0
67066Y10,10.61,10.45,2009-02-25,,23480.0,NAC,NUVEEN CALIFORNIA QUA MUN INC FD,6726.0
67066Y10,10.78,10.73,2009-02-26,,23480.0,NAC,NUVEEN CALIFORNIA QUA MUN INC FD,6726.0
67066Y10,10.82,10.78,2009-02-27,,23480.0,NAC,NUVEEN CALIFORNIA QUA MUN INC FD,6726.0
67066Y10,10.55,10.8,2009-03-02,,23480.0,NAC,NUVEEN CALIFORNIA QUA MUN INC FD,6726.0
67066Y10,9.9601,10.39,2009-03-03,,23480.0,NAC,NUVEEN CALIFORNIA QUA MUN INC FD,6726.0
67066Y10,10.15,10.02,2009-03-04,,23480.0,NAC,NUVEEN CALIFORNIA QUA MUN INC FD,6726.0
67066Y10,9.99,10.02,2009-03-05,,23480.0,NAC,NUVEEN CALIFORNIA QUA MUN INC FD,6726.0
67066Y10,9.7,9.93,2009-03-06,,23480.0,NAC,NUVEEN CALIFORNIA QUA MUN INC FD,6726.0
67066Y10,9.63,9.61,2009-03-09,,23480.0,NAC,NUVEEN CALIFORNIA QUA MUN INC FD,6726.0
67066Y10,9.99,9.61,2009-03-10,,23480.0,NAC,NUVEEN CALIFORNIA QUA MUN INC FD,6726.0
67066Y10,9.8,10.07,2009-03-11,,23480.0,NAC,NUVEEN CALIFORNIA QUA MUN INC FD,6726.0
67066Y10,9.85,9.75,2009-03-12,,23480.0,NAC,NUVEEN CALIFORNIA QUA MUN INC FD,6726.0
67066Y10,9.805,9.65,2009-03-13,,23480.0,NAC,NUVEEN CALIFORNIA QUA MUN INC FD,6726.0
67066Y10,10.0146,9.84,2009-03-16,,23480.0,NAC,NUVEEN CALIFORNIA QUA MUN INC FD,6726.0
67066Y10,10.19,9.95,2009-03-17,,23480.0,NAC,NUVEEN CALIFORNIA QUA MUN INC FD,6726.0
67066Y10,10.26,10.17,2009-03-18,,23480.0,NAC,NUVEEN CALIFORNIA QUA MUN INC FD,6726.0
67066Y10,10.23,10.25,2009-03-19,,23480.0,NAC,NUVEEN CALIFORNIA QUA MUN INC FD,6726.0
67066Y10,10.3,10.1,2009-03-20,,23480.0,NAC,NUVEEN CALIFORNIA QUA MUN INC FD,6726.0
67066Y10,9.94,10.3,2009-03-23,,23480.0,NAC,NUVEEN CALIFORNIA QUA MUN INC FD,6726.0
67066Y10,9.98,9.9,2009-03-24,,23480.0,NAC,NUVEEN CALIFORNIA QUA MUN INC FD,6726.0
67066Y10,9.9,9.98,2009-03-25,,23480.0,NAC,NUVEEN CALIFORNIA QUA MUN INC FD,6726.0
67066Y10,10.0,9.97,2009-03-26,,23480.0,NAC,NUVEEN CALIFORNIA QUA MUN INC FD,6726.0
67066Y10,10.13,10.02,2009-03-27,,23480.0,NAC,NUVEEN CALIFORNIA QUA MUN INC FD,6726.0
67066Y10,10.13,10.15,2009-03-30,,23480.0,NAC,NUVEEN CALIFORNIA QUA MUN INC FD,6726.0
67066Y10,10.31,10.08,2009-03-31,,23480.0,NAC,NUVEEN CALIFORNIA QUA MUN INC FD,6726.0
67066Y10,10.27,10.38,2009-04-01,,23480.0,NAC,NUVEEN CALIFORNIA QUA MUN INC FD,6726.0
67066Y10,10.5,10.32,2009-04-02,,23480.0,NAC,NUVEEN CALIFORNIA QUA MUN INC FD,6726.0
67066Y10,10.55,10.59,2009-04-03,,23480.0,NAC,NUVEEN CALIFORNIA QUA MUN INC FD,6726.0
67066Y10,10.46,10.6,2009-04-06,,23480.0,NAC,NUVEEN CALIFORNIA QUA MUN INC FD,6726.0
67066Y10,10.38,10.29,2009-04-07,,23480.0,NAC,NUVEEN CALIFORNIA QUA MUN INC FD,6726.0
67066Y10,10.44,10.4,2009-04-08,,23480.0,NAC,NUVEEN CALIFORNIA QUA MUN INC FD,6726.0
67066Y10,10.46,10.47,2009-04-09,,23480.0,NAC,NUVEEN CALIFORNIA QUA MUN INC FD,6726.0
67066Y10,10.28,10.3,2009-04-13,,23480.0,NAC,NUVEEN CALIFORNIA QUA MUN INC FD,6726.0
67066Y10,10.24,10.28,2009-04-14,,23480.0,NAC,NUVEEN CALIFORNIA QUA MUN INC FD,6726.0
67066Y10,10.52,10.22,2009-04-15,,23480.0,NAC,NUVEEN CALIFORNIA QUA MUN INC FD,6726.0
67066Y10,10.53,10.44,2009-04-16,,23480.0,NAC,NUVEEN CALIFORNIA QUA MUN INC FD,6726.0
67066Y10,10.64,10.54,2009-04-17,,23480.0,NAC,NUVEEN CALIFORNIA QUA MUN INC FD,6726.0
67066Y10,10.66,10.66,2009-04-20,,23480.0,NAC,NUVEEN CALIFORNIA QUA MUN INC FD,6726.0
67066Y10,10.75,10.75,2009-04-21,,23480.0,NAC,NUVEEN CALIFORNIA QUA MUN INC FD,6726.0
67066Y10,10.81,10.75,2009-04-22,,23480.0,NAC,NUVEEN CALIFORNIA QUA MUN INC FD,6726.0
67066Y10,11.015,10.84,2009-04-23,,23480.0,NAC,NUVEEN CALIFORNIA QUA MUN INC FD,6726.0
67066Y10,10.99,10.93,2009-04-24,,23480.0,NAC,NUVEEN CALIFORNIA QUA MUN INC FD,6726.0
67066Y10,10.9,10.86,2009-04-27,,23480.0,NAC,NUVEEN CALIFORNIA QUA MUN INC FD,6726.0
67066Y10,10.94,10.9,2009-04-28,,23480.0,NAC,NUVEEN CALIFORNIA QUA MUN INC FD,6726.0
67066Y10,10.95,10.95,2009-04-29,,23480.0,NAC,NUVEEN CALIFORNIA QUA MUN INC FD,6726.0
67066Y10,11.15,10.91,2009-04-30,,23480.0,NAC,NUVEEN CALIFORNIA QUA MUN INC FD,6726.0
67066Y10,11.3,11.25,2009-05-01,,23480.0,NAC,NUVEEN CALIFORNIA QUA MUN INC FD,6726.0
67066Y10,11.41,11.4,2009-05-04,,23480.0,NAC,NUVEEN CALIFORNIA QUA MUN INC FD,6726.0
67066Y10,11.3815,11.3,2009-05-05,,23480.0,NAC,NUVEEN CALIFORNIA QUA MUN INC FD,6726.0
67066Y10,11.31,11.41,2009-05-06,,23480.0,NAC,NUVEEN CALIFORNIA QUA MUN INC FD,6726.0
67066Y10,11.28,11.35,2009-05-07,,23480.0,NAC,NUVEEN CALIFORNIA QUA MUN INC FD,6726.0
67066Y10,11.42,11.52,2009-05-08,,23480.0,NAC,NUVEEN CALIFORNIA QUA MUN INC FD,6726.0
67066Y10,11.32,11.5,2009-05-11,,23480.0,NAC,NUVEEN CALIFORNIA QUA MUN INC FD,6726.0
67066Y10,11.26,11.3,2009-05-12,,23480.0,NAC,NUVEEN CALIFORNIA QUA MUN INC FD,6726.0
67066Y10,11.33,11.35,2009-05-13,,23480.0,NAC,NUVEEN CALIFORNIA QUA MUN INC FD,6726.0
67066Y10,11.2836,11.28,2009-05-14,,23480.0,NAC,NUVEEN CALIFORNIA QUA MUN INC FD,6726.0
67066Y10,11.33,11.2,2009-05-15,,23480.0,NAC,NUVEEN CALIFORNIA QUA MUN INC FD,6726.0
67066Y10,11.35,11.28,2009-05-18,,23480.0,NAC,NUVEEN CALIFORNIA QUA MUN INC FD,6726.0
67066Y10,11.32,11.35,2009-05-19,,23480.0,NAC,NUVEEN CALIFORNIA QUA MUN INC FD,6726.0
67066Y10,11.35,11.28,2009-05-20,,23480.0,NAC,NUVEEN CALIFORNIA QUA MUN INC FD,6726.0
67066Y10,11.35,11.41,2009-05-21,,23480.0,NAC,NUVEEN CALIFORNIA QUA MUN INC FD,6726.0
67066Y10,11.4,11.35,2009-05-22,,23480.0,NAC,NUVEEN CALIFORNIA QUA MUN INC FD,6726.0
67066Y10,11.56,11.27,2009-05-26,,23480.0,NAC,NUVEEN CALIFORNIA QUA MUN INC FD,6726.0
67066Y10,11.707,11.51,2009-05-27,,23480.0,NAC,NUVEEN CALIFORNIA QUA MUN INC FD,6726.0
67066Y10,11.49,11.72,2009-05-28,,23480.0,NAC,NUVEEN CALIFORNIA QUA MUN INC FD,6726.0
67066Y10,11.62,11.63,2009-05-29,,23480.0,NAC,NUVEEN CALIFORNIA QUA MUN INC FD,6726.0
67066Y10,11.63,11.7,2009-06-01,,23480.0,NAC,NUVEEN CALIFORNIA QUA MUN INC FD,6726.0
67066Y10,11.65,11.65,2009-06-02,,23480.0,NAC,NUVEEN CALIFORNIA QUA MUN INC FD,6726.0
67066Y10,11.45,11.78,2009-06-03,,23480.0,NAC,NUVEEN CALIFORNIA QUA MUN INC FD,6726.0
67066Y10,11.45,11.39,2009-06-04,,23480.0,NAC,NUVEEN CALIFORNIA QUA MUN INC FD,6726.0
67066Y10,11.33,11.45,2009-06-05,,23480.0,NAC,NUVEEN CALIFORNIA QUA MUN INC FD,6726.0
67066Y10,11.08,11.36,2009-06-08,,23480.0,NAC,NUVEEN CALIFORNIA QUA MUN INC FD,6726.0
67066Y10,11.2599,11.1,2009-06-09,,23480.0,NAC,NUVEEN CALIFORNIA QUA MUN INC FD,6726.0
67066Y10,11.18,11.3,2009-06-10,,23480.0,NAC,NUVEEN CALIFORNIA QUA MUN INC FD,6726.0
67066Y10,11.15,11.16,2009-06-11,,23480.0,NAC,NUVEEN CALIFORNIA QUA MUN INC FD,6726.0
67066Y10,10.83,11.06,2009-06-12,,23480.0,NAC,NUVEEN CALIFORNIA QUA MUN INC FD,6726.0
67066Y10,10.8,10.76,2009-06-15,,23480.0,NAC,NUVEEN CALIFORNIA QUA MUN INC FD,6726.0
67066Y10,10.87,10.72,2009-06-16,,23480.0,NAC,NUVEEN CALIFORNIA QUA MUN INC FD,6726.0
67066Y10,10.95,10.89,2009-06-17,,23480.0,NAC,NUVEEN CALIFORNIA QUA MUN INC FD,6726.0
67066Y10,11.01,10.87,2009-06-18,,23480.0,NAC,NUVEEN CALIFORNIA QUA MUN INC FD,6726.0
67066Y10,10.935,11.05,2009-06-19,,23480.0,NAC,NUVEEN CALIFORNIA QUA MUN INC FD,6726.0
67066Y10,10.69,10.94,2009-06-22,,23480.0,NAC,NUVEEN CALIFORNIA QUA MUN INC FD,6726.0
67066Y10,10.72,10.64,2009-06-23,,23480.0,NAC,NUVEEN CALIFORNIA QUA MUN INC FD,6726.0
67066Y10,10.67,10.78,2009-06-24,,23480.0,NAC,NUVEEN CALIFORNIA QUA MUN INC FD,6726.0
67066Y10,10.84,10.72,2009-06-25,,23480.0,NAC,NUVEEN CALIFORNIA QUA MUN INC FD,6726.0
67066Y10,10.9,10.9,2009-06-26,,23480.0,NAC,NUVEEN CALIFORNIA QUA MUN INC FD,6726.0
67066Y10,10.89,10.93,2009-06-29,,23480.0,NAC,NUVEEN CALIFORNIA QUA MUN INC FD,6726.0
67066Y10,10.8,10.88,2009-06-30,,23480.0,NAC,NUVEEN CALIFORNIA QUA MUN INC FD,6726.0
67066Y10,10.85,10.81,2009-07-01,,23480.0,NAC,NUVEEN CALIFORNIA QUA MUN INC FD,6726.0
67066Y10,10.92,10.83,2009-07-02,,23480.0,NAC,NUVEEN CALIFORNIA QUA MUN INC FD,6726.0
67066Y10,10.79,10.94,2009-07-06,,23480.0,NAC,NUVEEN CALIFORNIA QUA MUN INC FD,6726.0
67066Y10,10.75,10.74,2009-07-07,,23480.0,NAC,NUVEEN CALIFORNIA QUA MUN INC FD,6726.0
67066Y10,10.87,10.72,2009-07-08,,23480.0,NAC,NUVEEN CALIFORNIA QUA MUN INC FD,6726.0
67066Y10,10.94,10.85,2009-07-09,,23480.0,NAC,NUVEEN CALIFORNIA QUA MUN INC FD,6726.0
67066Y10,11.1,10.94,2009-07-10,,23480.0,NAC,NUVEEN CALIFORNIA QUA MUN INC FD,6726.0
67066Y10,11.09,11.13,2009-07-13,,23480.0,NAC,NUVEEN CALIFORNIA QUA MUN INC FD,6726.0
67066Y10,11.22,11.21,2009-07-14,,23480.0,NAC,NUVEEN CALIFORNIA QUA MUN INC FD,6726.0
67066Y10,11.21,11.18,2009-07-15,,23480.0,NAC,NUVEEN CALIFORNIA QUA MUN INC FD,6726.0
67066Y10,11.09,11.05,2009-07-16,,23480.0,NAC,NUVEEN CALIFORNIA QUA MUN INC FD,6726.0
67066Y10,11.2,11.1,2009-07-17,,23480.0,NAC,NUVEEN CALIFORNIA QUA MUN INC FD,6726.0
67066Y10,11.25,11.21,2009-07-20,,23480.0,NAC,NUVEEN CALIFORNIA QUA MUN INC FD,6726.0
67066Y10,11.36,11.34,2009-07-21,,23480.0,NAC,NUVEEN CALIFORNIA QUA MUN INC FD,6726.0
67066Y10,11.45,11.35,2009-07-22,,23480.0,NAC,NUVEEN CALIFORNIA QUA MUN INC FD,6726.0
67066Y10,11.28,11.51,2009-07-23,,23480.0,NAC,NUVEEN CALIFORNIA QUA MUN INC FD,6726.0
67066Y10,11.45,11.29,2009-07-24,,23480.0,NAC,NUVEEN CALIFORNIA QUA MUN INC FD,6726.0
67066Y10,11.47,11.45,2009-07-27,,23480.0,NAC,NUVEEN CALIFORNIA QUA MUN INC FD,6726.0
67066Y10,11.49,11.41,2009-07-28,,23480.0,NAC,NUVEEN CALIFORNIA QUA MUN INC FD,6726.0
67066Y10,11.45,11.49,2009-07-29,,23480.0,NAC,NUVEEN CALIFORNIA QUA MUN INC FD,6726.0
67066Y10,11.54,11.43,2009-07-30,,23480.0,NAC,NUVEEN CALIFORNIA QUA MUN INC FD,6726.0
67066Y10,11.7,11.64,2009-07-31,,23480.0,NAC,NUVEEN CALIFORNIA QUA MUN INC FD,6726.0
67066Y10,11.77,11.8,2009-08-03,,23480.0,NAC,NUVEEN CALIFORNIA QUA MUN INC FD,6726.0
67066Y10,11.72,11.78,2009-08-04,,23480.0,NAC,NUVEEN CALIFORNIA QUA MUN INC FD,6726.0
67066Y10,11.7,11.71,2009-08-05,,23480.0,NAC,NUVEEN CALIFORNIA QUA MUN INC FD,6726.0
67066Y10,11.626,11.65,2009-08-06,,23480.0,NAC,NUVEEN CALIFORNIA QUA MUN INC FD,6726.0
67066Y10,11.83,11.66,2009-08-07,,23480.0,NAC,NUVEEN CALIFORNIA QUA MUN INC FD,6726.0
67066Y10,11.67,11.83,2009-08-10,,23480.0,NAC,NUVEEN CALIFORNIA QUA MUN INC FD,6726.0
67066Y10,11.8,11.72,2009-08-11,,23480.0,NAC,NUVEEN CALIFORNIA QUA MUN INC FD,6726.0
67066Y10,12.0,11.83,2009-08-12,,23480.0,NAC,NUVEEN CALIFORNIA QUA MUN INC FD,6726.0
67066Y10,12.05,11.95,2009-08-13,,23480.0,NAC,NUVEEN CALIFORNIA QUA MUN INC FD,6726.0
67066Y10,11.99,12.05,2009-08-14,,23480.0,NAC,NUVEEN CALIFORNIA QUA MUN INC FD,6726.0
67066Y10,11.92,11.87,2009-08-17,,23480.0,NAC,NUVEEN CALIFORNIA QUA MUN INC FD,6726.0
67066Y10,12.0,12.0,2009-08-18,,23480.0,NAC,NUVEEN CALIFORNIA QUA MUN INC FD,6726.0
67066Y10,12.058,11.99,2009-08-19,,23480.0,NAC,NUVEEN CALIFORNIA QUA MUN INC FD,6726.0
67066Y10,12.16,12.08,2009-08-20,,23480.0,NAC,NUVEEN CALIFORNIA QUA MUN INC FD,6726.0
67066Y10,12.15,12.13,2009-08-21,,23480.0,NAC,NUVEEN CALIFORNIA QUA MUN INC FD,6726.0
67066Y10,12.1,12.12,2009-08-24,,23480.0,NAC,NUVEEN CALIFORNIA QUA MUN INC FD,6726.0
67066Y10,12.15,12.04,2009-08-25,,23480.0,NAC,NUVEEN CALIFORNIA QUA MUN INC FD,6726.0
67066Y10,12.12,12.16,2009-08-26,,23480.0,NAC,NUVEEN CALIFORNIA QUA MUN INC FD,6726.0
67066Y10,12.11,12.06,2009-08-27,,23480.0,NAC,NUVEEN CALIFORNIA QUA MUN INC FD,6726.0
67066Y10,12.16,12.17,2009-08-28,,23480.0,NAC,NUVEEN CALIFORNIA QUA MUN INC FD,6726.0
67066Y10,12.24,12.15,2009-08-31,,23480.0,NAC,NUVEEN CALIFORNIA QUA MUN INC FD,6726.0
67066Y10,12.42,12.4,2009-09-01,,23480.0,NAC,NUVEEN CALIFORNIA QUA MUN INC FD,6726.0
67066Y10,12.46,12.39,2009-09-02,,23480.0,NAC,NUVEEN CALIFORNIA QUA MUN INC FD,6726.0
67066Y10,12.56,12.55,2009-09-03,,23480.0,NAC,NUVEEN CALIFORNIA QUA MUN INC FD,6726.0
67066Y10,12.54,12.47,2009-09-04,,23480.0,NAC,NUVEEN CALIFORNIA QUA MUN INC FD,6726.0
67066Y10,12.8,12.56,2009-09-08,,23480.0,NAC,NUVEEN CALIFORNIA QUA MUN INC FD,6726.0
67066Y10,12.919,12.9,2009-09-09,,23480.0,NAC,NUVEEN CALIFORNIA QUA MUN INC FD,6726.0
67066Y10,12.94,12.98,2009-09-10,,23480.0,NAC,NUVEEN CALIFORNIA QUA MUN INC FD,6726.0
67066Y10,12.96,12.95,2009-09-11,,23480.0,NAC,NUVEEN CALIFORNIA QUA MUN INC FD,6726.0
67066Y10,12.9501,12.93,2009-09-14,,23480.0,NAC,NUVEEN CALIFORNIA QUA MUN INC FD,6726.0
67066Y10,13.018,12.9,2009-09-15,,23480.0,NAC,NUVEEN CALIFORNIA QUA MUN INC FD,6726.0
67066Y10,13.07,13.0,2009-09-16,,23480.0,NAC,NUVEEN CALIFORNIA QUA MUN INC FD,6726.0
67066Y10,13.05,13.11,2009-09-17,,23480.0,NAC,NUVEEN CALIFORNIA QUA MUN INC FD,6726.0
67066Y10,13.17,13.0,2009-09-18,,23480.0,NAC,NUVEEN CALIFORNIA QUA MUN INC FD,6726.0
67066Y10,13.23,13.21,2009-09-21,,23480.0,NAC,NUVEEN CALIFORNIA QUA MUN INC FD,6726.0
67066Y10,13.15,13.21,2009-09-22,,23480.0,NAC,NUVEEN CALIFORNIA QUA MUN INC FD,6726.0
67066Y10,13.21,13.19,2009-09-23,,23480.0,NAC,NUVEEN CALIFORNIA QUA MUN INC FD,6726.0
67066Y10,13.14,13.28,2009-09-24,,23480.0,NAC,NUVEEN CALIFORNIA QUA MUN INC FD,6726.0
67066Y10,13.15,13.17,2009-09-25,,23480.0,NAC,NUVEEN CALIFORNIA QUA MUN INC FD,6726.0
67066Y10,13.19,13.22,2009-09-28,,23480.0,NAC,NUVEEN CALIFORNIA QUA MUN INC FD,6726.0
67066Y10,13.27,13.27,2009-09-29,,23480.0,NAC,NUVEEN CALIFORNIA QUA MUN INC FD,6726.0
67066Y10,13.29,13.27,2009-09-30,,23480.0,NAC,NUVEEN CALIFORNIA QUA MUN INC FD,6726.0
67066Y10,13.31,13.38,2009-10-01,,23480.0,NAC,NUVEEN CALIFORNIA QUA MUN INC FD,6726.0
67066Y10,13.46,13.31,2009-10-02,,23480.0,NAC,NUVEEN CALIFORNIA QUA MUN INC FD,6726.0
67066Y10,13.48,13.45,2009-10-05,,23480.0,NAC,NUVEEN CALIFORNIA QUA MUN INC FD,6726.0
67066Y10,13.52,13.53,2009-10-06,,23480.0,NAC,NUVEEN CALIFORNIA QUA MUN INC FD,6726.0
67066Y10,13.62,13.57,2009-10-07,,23480.0,NAC,NUVEEN CALIFORNIA QUA MUN INC FD,6726.0
67066Y10,13.64,13.69,2009-10-08,,23480.0,NAC,NUVEEN CALIFORNIA QUA MUN INC FD,6726.0
67066Y10,13.48,13.8,2009-10-09,,23480.0,NAC,NUVEEN CALIFORNIA QUA MUN INC FD,6726.0
67066Y10,12.95,13.55,2009-10-12,,23480.0,NAC,NUVEEN CALIFORNIA QUA MUN INC FD,6726.0
67066Y10,12.89,12.84,2009-10-13,,23480.0,NAC,NUVEEN CALIFORNIA QUA MUN INC FD,6726.0
67066Y10,12.35,12.86,2009-10-14,,23480.0,NAC,NUVEEN CALIFORNIA QUA MUN INC FD,6726.0
67066Y10,12.32,12.18,2009-10-15,,23480.0,NAC,NUVEEN CALIFORNIA QUA MUN INC FD,6726.0
67066Y10,12.4899,12.42,2009-10-16,,23480.0,NAC,NUVEEN CALIFORNIA QUA MUN INC FD,6726.0
67066Y10,12.54,12.36,2009-10-19,,23480.0,NAC,NUVEEN CALIFORNIA QUA MUN INC FD,6726.0
67066Y10,12.78,12.57,2009-10-20,,23480.0,NAC,NUVEEN CALIFORNIA QUA MUN INC FD,6726.0
67066Y10,12.77,12.81,2009-10-21,,23480.0,NAC,NUVEEN CALIFORNIA QUA MUN INC FD,6726.0
67066Y10,12.81,12.78,2009-10-22,,23480.0,NAC,NUVEEN CALIFORNIA QUA MUN INC FD,6726.0
67066Y10,12.83,12.82,2009-10-23,,23480.0,NAC,NUVEEN CALIFORNIA QUA MUN INC FD,6726.0
67066Y10,12.69,12.87,2009-10-26,,23480.0,NAC,NUVEEN CALIFORNIA QUA MUN INC FD,6726.0
67066Y10,12.72,12.73,2009-10-27,,23480.0,NAC,NUVEEN CALIFORNIA QUA MUN INC FD,6726.0
67066Y10,12.64,12.76,2009-10-28,,23480.0,NAC,NUVEEN CALIFORNIA QUA MUN INC FD,6726.0
67066Y10,12.64,12.66,2009-10-29,,23480.0,NAC,NUVEEN CALIFORNIA QUA MUN INC FD,6726.0
67066Y10,12.36,12.67,2009-10-30,,23480.0,NAC,NUVEEN CALIFORNIA QUA MUN INC FD,6726.0
67066Y10,12.34,12.52,2009-11-02,,23480.0,NAC,NUVEEN CALIFORNIA QUA MUN INC FD,6726.0
67066Y10,12.51,12.42,2009-11-03,,23480.0,NAC,NUVEEN CALIFORNIA QUA MUN INC FD,6726.0
67066Y10,12.5999,12.55,2009-11-04,,23480.0,NAC,NUVEEN CALIFORNIA QUA MUN INC FD,6726.0
67066Y10,12.62,12.71,2009-11-05,,23480.0,NAC,NUVEEN CALIFORNIA QUA MUN INC FD,6726.0
67066Y10,12.75,12.64,2009-11-06,,23480.0,NAC,NUVEEN CALIFORNIA QUA MUN INC FD,6726.0
67066Y10,12.82,12.8,2009-11-09,,23480.0,NAC,NUVEEN CALIFORNIA QUA MUN INC FD,6726.0
67066Y10,12.69,12.82,2009-11-10,,23480.0,NAC,NUVEEN CALIFORNIA QUA MUN INC FD,6726.0
67066Y10,12.6,12.7,2009-11-11,,23480.0,NAC,NUVEEN CALIFORNIA QUA MUN INC FD,6726.0
67066Y10,12.44,12.57,2009-11-12,,23480.0,NAC,NUVEEN CALIFORNIA QUA MUN INC FD,6726.0
67066Y10,12.4,12.45,2009-11-13,,23480.0,NAC,NUVEEN CALIFORNIA QUA MUN INC FD,6726.0
67066Y10,12.56,12.41,2009-11-16,,23480.0,NAC,NUVEEN CALIFORNIA QUA MUN INC FD,6726.0
67066Y10,12.45,12.5,2009-11-17,,23480.0,NAC,NUVEEN CALIFORNIA QUA MUN INC FD,6726.0
67066Y10,12.37,12.45,2009-11-18,,23480.0,NAC,NUVEEN CALIFORNIA QUA MUN INC FD,6726.0
67066Y10,12.3,12.34,2009-11-19,,23480.0,NAC,NUVEEN CALIFORNIA QUA MUN INC FD,6726.0
67066Y10,12.18,12.36,2009-11-20,,23480.0,NAC,NUVEEN CALIFORNIA QUA MUN INC FD,6726.0
67066Y10,12.11,12.16,2009-11-23,,23480.0,NAC,NUVEEN CALIFORNIA QUA MUN INC FD,6726.0
67066Y10,12.17,12.15,2009-11-24,,23480.0,NAC,NUVEEN CALIFORNIA QUA MUN INC FD,6726.0
67066Y10,12.22,12.12,2009-11-25,,23480.0,NAC,NUVEEN CALIFORNIA QUA MUN INC FD,6726.0
67066Y10,12.36,12.19,2009-11-27,,23480.0,NAC,NUVEEN CALIFORNIA QUA MUN INC FD,6726.0
67066Y10,12.33,12.25,2009-11-30,,23480.0,NAC,NUVEEN CALIFORNIA QUA MUN INC FD,6726.0
67066Y10,12.41,12.45,2009-12-01,,23480.0,NAC,NUVEEN CALIFORNIA QUA MUN INC FD,6726.0
67066Y10,12.5,12.44,2009-12-02,,23480.0,NAC,NUVEEN CALIFORNIA QUA MUN INC FD,6726.0
67066Y10,12.5,12.58,2009-12-03,,23480.0,NAC,NUVEEN CALIFORNIA QUA MUN INC FD,6726.0
67066Y10,12.518,12.48,2009-12-04,,23480.0,NAC,NUVEEN CALIFORNIA QUA MUN INC FD,6726.0
67066Y10,12.51,12.55,2009-12-07,,23480.0,NAC,NUVEEN CALIFORNIA QUA MUN INC FD,6726.0
67066Y10,12.51,12.57,2009-12-08,,23480.0,NAC,NUVEEN CALIFORNIA QUA MUN INC FD,6726.0
67066Y10,12.4876,12.52,2009-12-09,,23480.0,NAC,NUVEEN CALIFORNIA QUA MUN INC FD,6726.0
67066Y10,12.64,12.48,2009-12-10,,23480.0,NAC,NUVEEN CALIFORNIA QUA MUN INC FD,6726.0
67066Y10,12.58,12.5,2009-12-11,,23480.0,NAC,NUVEEN CALIFORNIA QUA MUN INC FD,6726.0
67066Y10,12.51,12.72,2009-12-14,,23480.0,NAC,NUVEEN CALIFORNIA QUA MUN INC FD,6726.0
67066Y10,12.33,12.45,2009-12-15,,23480.0,NAC,NUVEEN CALIFORNIA QUA MUN INC FD,6726.0
67066Y10,12.4695,12.41,2009-12-16,,23480.0,NAC,NUVEEN CALIFORNIA QUA MUN INC FD,6726.0
67066Y10,12.6,12.655,2009-12-17,,23480.0,NAC,NUVEEN CALIFORNIA QUA MUN INC FD,6726.0
67066Y10,12.48,12.65,2009-12-18,,23480.0,NAC,NUVEEN CALIFORNIA QUA MUN INC FD,6726.0
67066Y10,12.57,12.53,2009-12-21,,23480.0,NAC,NUVEEN CALIFORNIA QUA MUN INC FD,6726.0
67066Y10,12.43,12.57,2009-12-22,,23480.0,NAC,NUVEEN CALIFORNIA QUA MUN INC FD,6726.0
67066Y10,12.4,12.3,2009-12-23,,23480.0,NAC,NUVEEN CALIFORNIA QUA MUN INC FD,6726.0
67066Y10,12.46,12.35,2009-12-24,,23480.0,NAC,NUVEEN CALIFORNIA QUA MUN INC FD,6726.0
67066Y10,12.44,12.41,2009-12-28,,23480.0,NAC,NUVEEN CALIFORNIA QUA MUN INC FD,6726.0
67066Y10,12.38,12.4,2009-12-29,,23480.0,NAC,NUVEEN CALIFORNIA QUA MUN INC FD,6726.0
67066Y10,12.3575,12.43,2009-12-30,,23480.0,NAC,NUVEEN CALIFORNIA QUA MUN INC FD,6726.0
67066Y10,12.4,12.43,2009-12-31,,23480.0,NAC,NUVEEN CALIFORNIA QUA MUN INC FD,6726.0
67066Y10,12.43,12.45,2010-01-04,,23480.0,NAC,NUVEEN CALIFORNIA QUA MUN INC FD,6726.0
67066Y10,12.38,12.33,2010-01-05,,23480.0,NAC,NUVEEN CALIFORNIA QUA MUN INC FD,6726.0
67066Y10,12.42,12.38,2010-01-06,,23480.0,NAC,NUVEEN CALIFORNIA QUA MUN INC FD,6726.0
67066Y10,12.46,12.42,2010-01-07,,23480.0,NAC,NUVEEN CALIFORNIA QUA MUN INC FD,6726.0
67066Y10,12.52,12.51,2010-01-08,,23480.0,NAC,NUVEEN CALIFORNIA QUA MUN INC FD,6726.0
67066Y10,12.55,12.49,2010-01-11,,23480.0,NAC,NUVEEN CALIFORNIA QUA MUN INC FD,6726.0
67066Y10,12.5395,12.5,2010-01-12,,23480.0,NAC,NUVEEN CALIFORNIA QUA MUN INC FD,6726.0
67066Y10,12.4201,12.46,2010-01-13,,23480.0,NAC,NUVEEN CALIFORNIA QUA MUN INC FD,6726.0
67066Y10,12.37,12.43,2010-01-14,,23480.0,NAC,NUVEEN CALIFORNIA QUA MUN INC FD,6726.0
67066Y10,12.36,12.37,2010-01-15,,23480.0,NAC,NUVEEN CALIFORNIA QUA MUN INC FD,6726.0
67066Y10,12.37,12.31,2010-01-19,,23480.0,NAC,NUVEEN CALIFORNIA QUA MUN INC FD,6726.0
67066Y10,12.48,12.5,2010-01-20,,23480.0,NAC,NUVEEN CALIFORNIA QUA MUN INC FD,6726.0
67066Y10,12.49,12.48,2010-01-21,,23480.0,NAC,NUVEEN CALIFORNIA QUA MUN INC FD,6726.0
67066Y10,12.47,12.5,2010-01-22,,23480.0,NAC,NUVEEN CALIFORNIA QUA MUN INC FD,6726.0
67066Y10,12.52,12.47,2010-01-25,,23480.0,NAC,NUVEEN CALIFORNIA QUA MUN INC FD,6726.0
67066Y10,12.5298,12.46,2010-01-26,,23480.0,NAC,NUVEEN CALIFORNIA QUA MUN INC FD,6726.0
67066Y10,12.5795,12.54,2010-01-27,,23480.0,NAC,NUVEEN CALIFORNIA QUA MUN INC FD,6726.0
67066Y10,12.55,12.54,2010-01-28,,23480.0,NAC,NUVEEN CALIFORNIA QUA MUN INC FD,6726.0
67066Y10,12.51,12.58,2010-01-29,,23480.0,NAC,NUVEEN CALIFORNIA QUA MUN INC FD,6726.0
67066Y10,12.54,12.63,2010-02-01,,23480.0,NAC,NUVEEN CALIFORNIA QUA MUN INC FD,6726.0
67066Y10,12.6101,12.63,2010-02-02,,23480.0,NAC,NUVEEN CALIFORNIA QUA MUN INC FD,6726.0
67066Y10,12.622,12.62,2010-02-03,,23480.0,NAC,NUVEEN CALIFORNIA QUA MUN INC FD,6726.0
67066Y10,12.67,12.61,2010-02-04,,23480.0,NAC,NUVEEN CALIFORNIA QUA MUN INC FD,6726.0
67066Y10,12.67,12.62,2010-02-05,,23480.0,NAC,NUVEEN CALIFORNIA QUA MUN INC FD,6726.0
67066Y10,12.6001,12.63,2010-02-08,,23480.0,NAC,NUVEEN CALIFORNIA QUA MUN INC FD,6726.0
67066Y10,12.6399,12.61,2010-02-09,,23480.0,NAC,NUVEEN CALIFORNIA QUA MUN INC FD,6726.0
67066Y10,12.52,12.5,2010-02-10,,23480.0,NAC,NUVEEN CALIFORNIA QUA MUN INC FD,6726.0
67066Y10,12.53,12.51,2010-02-11,,23480.0,NAC,NUVEEN CALIFORNIA QUA MUN INC FD,6726.0
67066Y10,12.5,12.47,2010-02-12,,23480.0,NAC,NUVEEN CALIFORNIA QUA MUN INC FD,6726.0
67066Y10,12.52,12.49,2010-02-16,,23480.0,NAC,NUVEEN CALIFORNIA QUA MUN INC FD,6726.0
67066Y10,12.56,12.48,2010-02-17,,23480.0,NAC,NUVEEN CALIFORNIA QUA MUN INC FD,6726.0
67066Y10,12.53,12.68,2010-02-18,,23480.0,NAC,NUVEEN CALIFORNIA QUA MUN INC FD,6726.0
67066Y10,12.44,12.46,2010-02-19,,23480.0,NAC,NUVEEN CALIFORNIA QUA MUN INC FD,6726.0
67066Y10,12.33,12.39,2010-02-22,,23480.0,NAC,NUVEEN CALIFORNIA QUA MUN INC FD,6726.0
67066Y10,12.41,12.36,2010-02-23,,23480.0,NAC,NUVEEN CALIFORNIA QUA MUN INC FD,6726.0
67066Y10,12.47,12.37,2010-02-24,,23480.0,NAC,NUVEEN CALIFORNIA QUA MUN INC FD,6726.0
67066Y10,12.53,12.5,2010-02-25,,23480.0,NAC,NUVEEN CALIFORNIA QUA MUN INC FD,6726.0
67066Y10,12.6015,12.58,2010-02-26,,23480.0,NAC,NUVEEN CALIFORNIA QUA MUN INC FD,6726.0
67066Y10,12.63,12.65,2010-03-01,,23480.0,NAC,NUVEEN CALIFORNIA QUA MUN INC FD,6726.0
67066Y10,12.71,12.58,2010-03-02,,23480.0,NAC,NUVEEN CALIFORNIA QUA MUN INC FD,6726.0
67066Y10,12.63,12.69,2010-03-03,,23480.0,NAC,NUVEEN CALIFORNIA QUA MUN INC FD,6726.0
67066Y10,12.67,12.58,2010-03-04,,23480.0,NAC,NUVEEN CALIFORNIA QUA MUN INC FD,6726.0
67066Y10,12.73,12.66,2010-03-05,,23480.0,NAC,NUVEEN CALIFORNIA QUA MUN INC FD,6726.0
67066Y10,12.74,12.71,2010-03-08,,23480.0,NAC,NUVEEN CALIFORNIA QUA MUN INC FD,6726.0
67066Y10,12.7,12.72,2010-03-09,,23480.0,NAC,NUVEEN CALIFORNIA QUA MUN INC FD,6726.0
67066Y10,12.89,12.78,2010-03-10,,23480.0,NAC,NUVEEN CALIFORNIA QUA MUN INC FD,6726.0
67066Y10,12.74,12.84,2010-03-11,,23480.0,NAC,NUVEEN CALIFORNIA QUA MUN INC FD,6726.0
67066Y10,12.59,12.72,2010-03-12,,23480.0,NAC,NUVEEN CALIFORNIA QUA MUN INC FD,6726.0
67066Y10,12.57,12.6,2010-03-15,,23480.0,NAC,NUVEEN CALIFORNIA QUA MUN INC FD,6726.0
67066Y10,12.57,12.54,2010-03-16,,23480.0,NAC,NUVEEN CALIFORNIA QUA MUN INC FD,6726.0
67066Y10,12.49,12.54,2010-03-17,,23480.0,NAC,NUVEEN CALIFORNIA QUA MUN INC FD,6726.0
67066Y10,12.51,12.5,2010-03-18,,23480.0,NAC,NUVEEN CALIFORNIA QUA MUN INC FD,6726.0
67066Y10,12.4735,12.45,2010-03-19,,23480.0,NAC,NUVEEN CALIFORNIA QUA MUN INC FD,6726.0
67066Y10,12.49,12.47,2010-03-22,,23480.0,NAC,NUVEEN CALIFORNIA QUA MUN INC FD,6726.0
67066Y10,12.5899,12.55,2010-03-23,,23480.0,NAC,NUVEEN CALIFORNIA QUA MUN INC FD,6726.0
67066Y10,12.66,12.61,2010-03-24,,23480.0,NAC,NUVEEN CALIFORNIA QUA MUN INC FD,6726.0
67066Y10,12.68,12.65,2010-03-25,,23480.0,NAC,NUVEEN CALIFORNIA QUA MUN INC FD,6726.0
67066Y10,12.7,12.6,2010-03-26,,23480.0,NAC,NUVEEN CALIFORNIA QUA MUN INC FD,6726.0
67066Y10,12.75,12.71,2010-03-29,,23480.0,NAC,NUVEEN CALIFORNIA QUA MUN INC FD,6726.0
67066Y10,12.68,12.8,2010-03-30,,23480.0,NAC,NUVEEN CALIFORNIA QUA MUN INC FD,6726.0
67066Y10,12.711,12.64,2010-03-31,,23480.0,NAC,NUVEEN CALIFORNIA QUA MUN INC FD,6726.0
67066Y10,12.69,12.79,2010-04-01,,23480.0,NAC,NUVEEN CALIFORNIA QUA MUN INC FD,6726.0
67066Y10,12.71,12.75,2010-04-05,,23480.0,NAC,NUVEEN CALIFORNIA QUA MUN INC FD,6726.0
67066Y10,12.68,12.77,2010-04-06,,23480.0,NAC,NUVEEN CALIFORNIA QUA MUN INC FD,6726.0
67066Y10,12.64,12.68,2010-04-07,,23480.0,NAC,NUVEEN CALIFORNIA QUA MUN INC FD,6726.0
67066Y10,12.69,12.61,2010-04-08,,23480.0,NAC,NUVEEN CALIFORNIA QUA MUN INC FD,6726.0
67066Y10,12.73,12.7,2010-04-09,,23480.0,NAC,NUVEEN CALIFORNIA QUA MUN INC FD,6726.0
67066Y10,12.827,12.8,2010-04-12,,23480.0,NAC,NUVEEN CALIFORNIA QUA MUN INC FD,6726.0
67066Y10,12.72,12.79,2010-04-13,,23480.0,NAC,NUVEEN CALIFORNIA QUA MUN INC FD,6726.0
67066Y10,12.75,12.78,2010-04-14,,23480.0,NAC,NUVEEN CALIFORNIA QUA MUN INC FD,6726.0
67066Y10,12.67,12.78,2010-04-15,,23480.0,NAC,NUVEEN CALIFORNIA QUA MUN INC FD,6726.0
67066Y10,12.66,12.65,2010-04-16,,23480.0,NAC,NUVEEN CALIFORNIA QUA MUN INC FD,6726.0
67066Y10,12.72,12.67,2010-04-19,,23480.0,NAC,NUVEEN CALIFORNIA QUA MUN INC FD,6726.0
67066Y10,12.79,12.84,2010-04-20,,23480.0,NAC,NUVEEN CALIFORNIA QUA MUN INC FD,6726.0
67066Y10,12.77,12.81,2010-04-21,,23480.0,NAC,NUVEEN CALIFORNIA QUA MUN INC FD,6726.0
67066Y10,12.8,12.79,2010-04-22,,23480.0,NAC,NUVEEN CALIFORNIA QUA MUN INC FD,6726.0
67066Y10,12.8,12.77,2010-04-23,,23480.0,NAC,NUVEEN CALIFORNIA QUA MUN INC FD,6726.0
67066Y10,12.79,12.75,2010-04-26,,23480.0,NAC,NUVEEN CALIFORNIA QUA MUN INC FD,6726.0
67066Y10,12.9,12.81,2010-04-27,,23480.0,NAC,NUVEEN CALIFORNIA QUA MUN INC FD,6726.0
67066Y10,12.952,12.92,2010-04-28,,23480.0,NAC,NUVEEN CALIFORNIA QUA MUN INC FD,6726.0
67066Y10,12.98,12.95,2010-04-29,,23480.0,NAC,NUVEEN CALIFORNIA QUA MUN INC FD,6726.0
67066Y10,13.0,12.95,2010-04-30,,23480.0,NAC,NUVEEN CALIFORNIA QUA MUN INC FD,6726.0
67066Y10,13.07,13.05,2010-05-03,,23480.0,NAC,NUVEEN CALIFORNIA QUA MUN INC FD,6726.0
67066Y10,13.06,13.03,2010-05-04,,23480.0,NAC,NUVEEN CALIFORNIA QUA MUN INC FD,6726.0
67066Y10,13.13,13.06,2010-05-05,,23480.0,NAC,NUVEEN CALIFORNIA QUA MUN INC FD,6726.0
67066Y10,12.95,13.13,2010-05-06,,23480.0,NAC,NUVEEN CALIFORNIA QUA MUN INC FD,6726.0
67066Y10,13.05,13.0,2010-05-07,,23480.0,NAC,NUVEEN CALIFORNIA QUA MUN INC FD,6726.0
67066Y10,13.07,13.26,2010-05-10,,23480.0,NAC,NUVEEN CALIFORNIA QUA MUN INC FD,6726.0
67066Y10,13.08,13.08,2010-05-11,,23480.0,NAC,NUVEEN CALIFORNIA QUA MUN INC FD,6726.0
67066Y10,13.07,13.08,2010-05-12,,23480.0,NAC,NUVEEN CALIFORNIA QUA MUN INC FD,6726.0
67066Y10,13.08,13.03,2010-05-13,,23480.0,NAC,NUVEEN CALIFORNIA QUA MUN INC FD,6726.0
67066Y10,13.01,13.02,2010-05-14,,23480.0,NAC,NUVEEN CALIFORNIA QUA MUN INC FD,6726.0
67066Y10,12.96,12.98,2010-05-17,,23480.0,NAC,NUVEEN CALIFORNIA QUA MUN INC FD,6726.0
67066Y10,12.94,12.9,2010-05-18,,23480.0,NAC,NUVEEN CALIFORNIA QUA MUN INC FD,6726.0
67066Y10,12.91,12.88,2010-05-19,,23480.0,NAC,NUVEEN CALIFORNIA QUA MUN INC FD,6726.0
67066Y10,12.9,12.86,2010-05-20,,23480.0,NAC,NUVEEN CALIFORNIA QUA MUN INC FD,6726.0
67066Y10,12.9,12.9,2010-05-21,,23480.0,NAC,NUVEEN CALIFORNIA QUA MUN INC FD,6726.0
67066Y10,13.04,12.92,2010-05-24,,23480.0,NAC,NUVEEN CALIFORNIA QUA MUN INC FD,6726.0
67066Y10,13.2,13.02,2010-05-25,,23480.0,NAC,NUVEEN CALIFORNIA QUA MUN INC FD,6726.0
67066Y10,13.31,13.21,2010-05-26,,23480.0,NAC,NUVEEN CALIFORNIA QUA MUN INC FD,6726.0
67066Y10,13.38,13.32,2010-05-27,,23480.0,NAC,NUVEEN CALIFORNIA QUA MUN INC FD,6726.0
67066Y10,13.52,13.45,2010-05-28,,23480.0,NAC,NUVEEN CALIFORNIA QUA MUN INC FD,6726.0
67066Y10,13.59,13.56,2010-06-01,,23480.0,NAC,NUVEEN CALIFORNIA QUA MUN INC FD,6726.0
67066Y10,13.5,13.64,2010-06-02,,23480.0,NAC,NUVEEN CALIFORNIA QUA MUN INC FD,6726.0
67066Y10,13.46,13.46,2010-06-03,,23480.0,NAC,NUVEEN CALIFORNIA QUA MUN INC FD,6726.0
67066Y10,13.5,13.46,2010-06-04,,23480.0,NAC,NUVEEN CALIFORNIA QUA MUN INC FD,6726.0
67066Y10,13.61,13.44,2010-06-07,,23480.0,NAC,NUVEEN CALIFORNIA QUA MUN INC FD,6726.0
67066Y10,13.59,13.63,2010-06-08,,23480.0,NAC,NUVEEN CALIFORNIA QUA MUN INC FD,6726.0
67066Y10,13.6699,13.63,2010-06-09,,23480.0,NAC,NUVEEN CALIFORNIA QUA MUN INC FD,6726.0
67066Y10,13.75,13.7,2010-06-10,,23480.0,NAC,NUVEEN CALIFORNIA QUA MUN INC FD,6726.0
67066Y10,13.65,13.65,2010-06-11,,23480.0,NAC,NUVEEN CALIFORNIA QUA MUN INC FD,6726.0
67066Y10,13.68,13.7,2010-06-14,,23480.0,NAC,NUVEEN CALIFORNIA QUA MUN INC FD,6726.0
67066Y10,13.438,13.7,2010-06-15,,23480.0,NAC,NUVEEN CALIFORNIA QUA MUN INC FD,6726.0
67066Y10,13.46,13.44,2010-06-16,,23480.0,NAC,NUVEEN CALIFORNIA QUA MUN INC FD,6726.0
67066Y10,13.48,13.47,2010-06-17,,23480.0,NAC,NUVEEN CALIFORNIA QUA MUN INC FD,6726.0
67066Y10,13.55,13.49,2010-06-18,,23480.0,NAC,NUVEEN CALIFORNIA QUA MUN INC FD,6726.0
67066Y10,13.6099,13.55,2010-06-21,,23480.0,NAC,NUVEEN CALIFORNIA QUA MUN INC FD,6726.0
67066Y10,13.45,13.66,2010-06-22,,23480.0,NAC,NUVEEN CALIFORNIA QUA MUN INC FD,6726.0
67066Y10,13.47,13.39,2010-06-23,,23480.0,NAC,NUVEEN CALIFORNIA QUA MUN INC FD,6726.0
67066Y10,13.41,13.48,2010-06-24,,23480.0,NAC,NUVEEN CALIFORNIA QUA MUN INC FD,6726.0
67066Y10,13.51,13.42,2010-06-25,,23480.0,NAC,NUVEEN CALIFORNIA QUA MUN INC FD,6726.0
67066Y10,13.52,13.55,2010-06-28,,23480.0,NAC,NUVEEN CALIFORNIA QUA MUN INC FD,6726.0
67066Y10,13.53,13.44,2010-06-29,,23480.0,NAC,NUVEEN CALIFORNIA QUA MUN INC FD,6726.0
67066Y10,13.53,13.55,2010-06-30,,23480.0,NAC,NUVEEN CALIFORNIA QUA MUN INC FD,6726.0
67066Y10,13.446,13.5,2010-07-01,,23480.0,NAC,NUVEEN CALIFORNIA QUA MUN INC FD,6726.0
67066Y10,13.56,13.46,2010-07-02,,23480.0,NAC,NUVEEN CALIFORNIA QUA MUN INC FD,6726.0
67066Y10,13.55,13.61,2010-07-06,,23480.0,NAC,NUVEEN CALIFORNIA QUA MUN INC FD,6726.0
67066Y10,13.57,13.55,2010-07-07,,23480.0,NAC,NUVEEN CALIFORNIA QUA MUN INC FD,6726.0
67066Y10,13.62,13.61,2010-07-08,,23480.0,NAC,NUVEEN CALIFORNIA QUA MUN INC FD,6726.0
67066Y10,13.62,13.58,2010-07-09,,23480.0,NAC,NUVEEN CALIFORNIA QUA MUN INC FD,6726.0
67066Y10,13.74,13.64,2010-07-12,,23480.0,NAC,NUVEEN CALIFORNIA QUA MUN INC FD,6726.0
67066Y10,13.63,13.68,2010-07-13,,23480.0,NAC,NUVEEN CALIFORNIA QUA MUN INC FD,6726.0
67066Y10,13.71,13.66,2010-07-14,,23480.0,NAC,NUVEEN CALIFORNIA QUA MUN INC FD,6726.0
67066Y10,13.79,13.71,2010-07-15,,23480.0,NAC,NUVEEN CALIFORNIA QUA MUN INC FD,6726.0
67066Y10,13.84,13.82,2010-07-16,,23480.0,NAC,NUVEEN CALIFORNIA QUA MUN INC FD,6726.0
67066Y10,13.85,13.84,2010-07-19,,23480.0,NAC,NUVEEN CALIFORNIA QUA MUN INC FD,6726.0
67066Y10,13.79,13.91,2010-07-20,,23480.0,NAC,NUVEEN CALIFORNIA QUA MUN INC FD,6726.0
67066Y10,13.94,13.73,2010-07-21,,23480.0,NAC,NUVEEN CALIFORNIA QUA MUN INC FD,6726.0
67066Y10,14.03,14.0,2010-07-22,,23480.0,NAC,NUVEEN CALIFORNIA QUA MUN INC FD,6726.0
67066Y10,14.08,13.97,2010-07-23,,23480.0,NAC,NUVEEN CALIFORNIA QUA MUN INC FD,6726.0
67066Y10,14.09,14.04,2010-07-26,,23480.0,NAC,NUVEEN CALIFORNIA QUA MUN INC FD,6726.0
67066Y10,13.99,14.03,2010-07-27,,23480.0,NAC,NUVEEN CALIFORNIA QUA MUN INC FD,6726.0
67066Y10,13.94,13.98,2010-07-28,,23480.0,NAC,NUVEEN CALIFORNIA QUA MUN INC FD,6726.0
67066Y10,13.85,13.94,2010-07-29,,23480.0,NAC,NUVEEN CALIFORNIA QUA MUN INC FD,6726.0
67066Y10,13.91,13.9,2010-07-30,,23480.0,NAC,NUVEEN CALIFORNIA QUA MUN INC FD,6726.0
67066Y10,14.07,13.95,2010-08-02,,23480.0,NAC,NUVEEN CALIFORNIA QUA MUN INC FD,6726.0
67066Y10,14.14,14.02,2010-08-03,,23480.0,NAC,NUVEEN CALIFORNIA QUA MUN INC FD,6726.0
67066Y10,14.14,14.14,2010-08-04,,23480.0,NAC,NUVEEN CALIFORNIA QUA MUN INC FD,6726.0
67066Y10,14.15,14.14,2010-08-05,,23480.0,NAC,NUVEEN CALIFORNIA QUA MUN INC FD,6726.0
67066Y10,14.05,14.15,2010-08-06,,23480.0,NAC,NUVEEN CALIFORNIA QUA MUN INC FD,6726.0
67066Y10,14.09,14.08,2010-08-09,,23480.0,NAC,NUVEEN CALIFORNIA QUA MUN INC FD,6726.0
67066Y10,14.13,14.09,2010-08-10,,23480.0,NAC,NUVEEN CALIFORNIA QUA MUN INC FD,6726.0
67066Y10,13.95,14.07,2010-08-11,,23480.0,NAC,NUVEEN CALIFORNIA QUA MUN INC FD,6726.0
67066Y10,13.95,13.91,2010-08-12,,23480.0,NAC,NUVEEN CALIFORNIA QUA MUN INC FD,6726.0
67066Y10,14.0099,13.97,2010-08-13,,23480.0,NAC,NUVEEN CALIFORNIA QUA MUN INC FD,6726.0
67066Y10,14.0,14.0,2010-08-16,,23480.0,NAC,NUVEEN CALIFORNIA QUA MUN INC FD,6726.0
67066Y10,14.0499,14.0,2010-08-17,,23480.0,NAC,NUVEEN CALIFORNIA QUA MUN INC FD,6726.0
67066Y10,14.1,14.05,2010-08-18,,23480.0,NAC,NUVEEN CALIFORNIA QUA MUN INC FD,6726.0
67066Y10,14.19,14.05,2010-08-19,,23480.0,NAC,NUVEEN CALIFORNIA QUA MUN INC FD,6726.0
67066Y10,14.134,14.12,2010-08-20,,23480.0,NAC,NUVEEN CALIFORNIA QUA MUN INC FD,6726.0
67066Y10,14.19,14.12,2010-08-23,,23480.0,NAC,NUVEEN CALIFORNIA QUA MUN INC FD,6726.0
67066Y10,14.3,14.17,2010-08-24,,23480.0,NAC,NUVEEN CALIFORNIA QUA MUN INC FD,6726.0
67066Y10,14.36,14.28,2010-08-25,,23480.0,NAC,NUVEEN CALIFORNIA QUA MUN INC FD,6726.0
67066Y10,14.24,14.34,2010-08-26,,23480.0,NAC,NUVEEN CALIFORNIA QUA MUN INC FD,6726.0
67066Y10,14.3,14.3,2010-08-27,,23480.0,NAC,NUVEEN CALIFORNIA QUA MUN INC FD,6726.0
67066Y10,14.34,14.24,2010-08-30,,23480.0,NAC,NUVEEN CALIFORNIA QUA MUN INC FD,6726.0
67066Y10,14.4,14.3,2010-08-31,,23480.0,NAC,NUVEEN CALIFORNIA QUA MUN INC FD,6726.0
67066Y10,14.28,14.46,2010-09-01,,23480.0,NAC,NUVEEN CALIFORNIA QUA MUN INC FD,6726.0
67066Y10,14.33,14.35,2010-09-02,,23480.0,NAC,NUVEEN CALIFORNIA QUA MUN INC FD,6726.0
67066Y10,14.34,14.33,2010-09-03,,23480.0,NAC,NUVEEN CALIFORNIA QUA MUN INC FD,6726.0
67066Y10,14.36,14.37,2010-09-07,,23480.0,NAC,NUVEEN CALIFORNIA QUA MUN INC FD,6726.0
67066Y10,14.35,14.33,2010-09-08,,23480.0,NAC,NUVEEN CALIFORNIA QUA MUN INC FD,6726.0
67066Y10,14.44,14.4,2010-09-09,,23480.0,NAC,NUVEEN CALIFORNIA QUA MUN INC FD,6726.0
67066Y10,14.4,14.37,2010-09-10,,23480.0,NAC,NUVEEN CALIFORNIA QUA MUN INC FD,6726.0
67066Y10,14.32,14.33,2010-09-13,,23480.0,NAC,NUVEEN CALIFORNIA QUA MUN INC FD,6726.0
67066Y10,14.1699,14.28,2010-09-14,,23480.0,NAC,NUVEEN CALIFORNIA QUA MUN INC FD,6726.0
67066Y10,13.83,14.17,2010-09-15,,23480.0,NAC,NUVEEN CALIFORNIA QUA MUN INC FD,6726.0
67066Y10,13.86,13.83,2010-09-16,,23480.0,NAC,NUVEEN CALIFORNIA QUA MUN INC FD,6726.0
67066Y10,13.94,13.84,2010-09-17,,23480.0,NAC,NUVEEN CALIFORNIA QUA MUN INC FD,6726.0
67066Y10,13.99,13.99,2010-09-20,,23480.0,NAC,NUVEEN CALIFORNIA QUA MUN INC FD,6726.0
67066Y10,13.99,14.0,2010-09-21,,23480.0,NAC,NUVEEN CALIFORNIA QUA MUN INC FD,6726.0
67066Y10,14.0799,13.96,2010-09-22,,23480.0,NAC,NUVEEN CALIFORNIA QUA MUN INC FD,6726.0
67066Y10,14.08,14.08,2010-09-23,,23480.0,NAC,NUVEEN CALIFORNIA QUA MUN INC FD,6726.0
67066Y10,14.04,14.07,2010-09-24,,23480.0,NAC,NUVEEN CALIFORNIA QUA MUN INC FD,6726.0
67066Y10,13.96,14.06,2010-09-27,,23480.0,NAC,NUVEEN CALIFORNIA QUA MUN INC FD,6726.0
67066Y10,13.95,13.9,2010-09-28,,23480.0,NAC,NUVEEN CALIFORNIA QUA MUN INC FD,6726.0
67066Y10,13.997,13.93,2010-09-29,,23480.0,NAC,NUVEEN CALIFORNIA QUA MUN INC FD,6726.0
67066Y10,14.05,14.02,2010-09-30,,23480.0,NAC,NUVEEN CALIFORNIA QUA MUN INC FD,6726.0
67066Y10,14.11,14.09,2010-10-01,,23480.0,NAC,NUVEEN CALIFORNIA QUA MUN INC FD,6726.0
67066Y10,14.12,14.13,2010-10-04,,23480.0,NAC,NUVEEN CALIFORNIA QUA MUN INC FD,6726.0
67066Y10,14.03,14.15,2010-10-05,,23480.0,NAC,NUVEEN CALIFORNIA QUA MUN INC FD,6726.0
67066Y10,14.07,14.07,2010-10-06,,23480.0,NAC,NUVEEN CALIFORNIA QUA MUN INC FD,6726.0
67066Y10,14.015,14.03,2010-10-07,,23480.0,NAC,NUVEEN CALIFORNIA QUA MUN INC FD,6726.0
67066Y10,14.0,14.04,2010-10-08,,23480.0,NAC,NUVEEN CALIFORNIA QUA MUN INC FD,6726.0
67066Y10,14.08,14.05,2010-10-11,,23480.0,NAC,NUVEEN CALIFORNIA QUA MUN INC FD,6726.0
67066Y10,14.04,14.0,2010-10-12,,23480.0,NAC,NUVEEN CALIFORNIA QUA MUN INC FD,6726.0
67066Y10,14.01,14.0,2010-10-13,,23480.0,NAC,NUVEEN CALIFORNIA QUA MUN INC FD,6726.0
67066Y10,13.93,14.0,2010-10-14,,23480.0,NAC,NUVEEN CALIFORNIA QUA MUN INC FD,6726.0
67066Y10,13.82,13.94,2010-10-15,,23480.0,NAC,NUVEEN CALIFORNIA QUA MUN INC FD,6726.0
67066Y10,13.88,13.83,2010-10-18,,23480.0,NAC,NUVEEN CALIFORNIA QUA MUN INC FD,6726.0
67066Y10,13.79,13.84,2010-10-19,,23480.0,NAC,NUVEEN CALIFORNIA QUA MUN INC FD,6726.0
67066Y10,13.8,13.85,2010-10-20,,23480.0,NAC,NUVEEN CALIFORNIA QUA MUN INC FD,6726.0
67066Y10,13.75,13.78,2010-10-21,,23480.0,NAC,NUVEEN CALIFORNIA QUA MUN INC FD,6726.0
67066Y10,13.88,13.74,2010-10-22,,23480.0,NAC,NUVEEN CALIFORNIA QUA MUN INC FD,6726.0
67066Y10,13.9,13.99,2010-10-25,,23480.0,NAC,NUVEEN CALIFORNIA QUA MUN INC FD,6726.0
67066Y10,13.9,13.93,2010-10-26,,23480.0,NAC,NUVEEN CALIFORNIA QUA MUN INC FD,6726.0
67066Y10,13.9,13.92,2010-10-27,,23480.0,NAC,NUVEEN CALIFORNIA QUA MUN INC FD,6726.0
67066Y10,13.81,13.95,2010-10-28,,23480.0,NAC,NUVEEN CALIFORNIA QUA MUN INC FD,6726.0
67066Y10,13.82,13.82,2010-10-29,,23480.0,NAC,NUVEEN CALIFORNIA QUA MUN INC FD,6726.0
67066Y10,13.83,13.82,2010-11-01,,23480.0,NAC,NUVEEN CALIFORNIA QUA MUN INC FD,6726.0
67066Y10,13.79,13.84,2010-11-02,,23480.0,NAC,NUVEEN CALIFORNIA QUA MUN INC FD,6726.0
67066Y10,13.75,13.78,2010-11-03,,23480.0,NAC,NUVEEN CALIFORNIA QUA MUN INC FD,6726.0
67066Y10,13.75,13.81,2010-11-04,,23480.0,NAC,NUVEEN CALIFORNIA QUA MUN INC FD,6726.0
67066Y10,13.69,13.78,2010-11-05,,23480.0,NAC,NUVEEN CALIFORNIA QUA MUN INC FD,6726.0
67066Y10,13.55,13.64,2010-11-08,,23480.0,NAC,NUVEEN CALIFORNIA QUA MUN INC FD,6726.0
67066Y10,13.27,13.5,2010-11-09,,23480.0,NAC,NUVEEN CALIFORNIA QUA MUN INC FD,6726.0
67066Y10,12.93,13.19,2010-11-10,,23480.0,NAC,NUVEEN CALIFORNIA QUA MUN INC FD,6726.0
67066Y10,12.86,12.82,2010-11-11,,23480.0,NAC,NUVEEN CALIFORNIA QUA MUN INC FD,6726.0
67066Y10,12.86,12.75,2010-11-12,,23480.0,NAC,NUVEEN CALIFORNIA QUA MUN INC FD,6726.0
67066Y10,12.33,12.86,2010-11-15,,23480.0,NAC,NUVEEN CALIFORNIA QUA MUN INC FD,6726.0
67066Y10,12.4,12.13,2010-11-16,,23480.0,NAC,NUVEEN CALIFORNIA QUA MUN INC FD,6726.0
67066Y10,12.55,12.4,2010-11-17,,23480.0,NAC,NUVEEN CALIFORNIA QUA MUN INC FD,6726.0
67066Y10,12.29,12.48,2010-11-18,,23480.0,NAC,NUVEEN CALIFORNIA QUA MUN INC FD,6726.0
67066Y10,12.55,12.34,2010-11-19,,23480.0,NAC,NUVEEN CALIFORNIA QUA MUN INC FD,6726.0
67066Y10,12.87,12.52,2010-11-22,,23480.0,NAC,NUVEEN CALIFORNIA QUA MUN INC FD,6726.0
67066Y10,12.91,12.96,2010-11-23,,23480.0,NAC,NUVEEN CALIFORNIA QUA MUN INC FD,6726.0
67066Y10,12.86,12.9,2010-11-24,,23480.0,NAC,NUVEEN CALIFORNIA QUA MUN INC FD,6726.0
67066Y10,12.96,12.84,2010-11-26,,23480.0,NAC,NUVEEN CALIFORNIA QUA MUN INC FD,6726.0
67066Y10,12.99,12.86,2010-11-29,,23480.0,NAC,NUVEEN CALIFORNIA QUA MUN INC FD,6726.0
67066Y10,12.99,12.93,2010-11-30,,23480.0,NAC,NUVEEN CALIFORNIA QUA MUN INC FD,6726.0
67066Y10,12.8,13.05,2010-12-01,,23480.0,NAC,NUVEEN CALIFORNIA QUA MUN INC FD,6726.0
67066Y10,12.52,12.75,2010-12-02,,23480.0,NAC,NUVEEN CALIFORNIA QUA MUN INC FD,6726.0
67066Y10,12.51,12.46,2010-12-03,,23480.0,NAC,NUVEEN CALIFORNIA QUA MUN INC FD,6726.0
67066Y10,12.4501,12.5,2010-12-06,,23480.0,NAC,NUVEEN CALIFORNIA QUA MUN INC FD,6726.0
67066Y10,12.24,12.45,2010-12-07,,23480.0,NAC,NUVEEN CALIFORNIA QUA MUN INC FD,6726.0
67066Y10,12.11,12.21,2010-12-08,,23480.0,NAC,NUVEEN CALIFORNIA QUA MUN INC FD,6726.0
67066Y10,12.03,11.92,2010-12-09,,23480.0,NAC,NUVEEN CALIFORNIA QUA MUN INC FD,6726.0
67066Y10,12.0,11.83,2010-12-10,,23480.0,NAC,NUVEEN CALIFORNIA QUA MUN INC FD,6726.0
67066Y10,11.86,11.99,2010-12-13,,23480.0,NAC,NUVEEN CALIFORNIA QUA MUN INC FD,6726.0
67066Y10,11.71,11.82,2010-12-14,,23480.0,NAC,NUVEEN CALIFORNIA QUA MUN INC FD,6726.0
67066Y10,11.75,11.63,2010-12-15,,23480.0,NAC,NUVEEN CALIFORNIA QUA MUN INC FD,6726.0
67066Y10,12.2,11.71,2010-12-16,,23480.0,NAC,NUVEEN CALIFORNIA QUA MUN INC FD,6726.0
67066Y10,12.4095,12.37,2010-12-17,,23480.0,NAC,NUVEEN CALIFORNIA QUA MUN INC FD,6726.0
67066Y10,11.98,12.38,2010-12-20,,23480.0,NAC,NUVEEN CALIFORNIA QUA MUN INC FD,6726.0
67066Y10,11.95,12.0,2010-12-21,,23480.0,NAC,NUVEEN CALIFORNIA QUA MUN INC FD,6726.0
67066Y10,11.95,11.86,2010-12-22,,23480.0,NAC,NUVEEN CALIFORNIA QUA MUN INC FD,6726.0
67066Y10,11.96,11.98,2010-12-23,,23480.0,NAC,NUVEEN CALIFORNIA QUA MUN INC FD,6726.0
67066Y10,11.96,12.05,2010-12-27,,23480.0,NAC,NUVEEN CALIFORNIA QUA MUN INC FD,6726.0
67066Y10,11.88,11.95,2010-12-28,,23480.0,NAC,NUVEEN CALIFORNIA QUA MUN INC FD,6726.0
67066Y10,11.94,11.87,2010-12-29,,23480.0,NAC,NUVEEN CALIFORNIA QUA MUN INC FD,6726.0
67066Y10,12.08,11.99,2010-12-30,,23480.0,NAC,NUVEEN CALIFORNIA QUA MUN INC FD,6726.0
67066Y10,12.31,12.22,2010-12-31,,23480.0,NAC,NUVEEN CALIFORNIA QUA MUN INC FD,6726.0
67066Y10,12.22,12.27,2011-01-03,,23480.0,NAC,NUVEEN CALIFORNIA QUA MUN INC FD,6726.0
67066Y10,12.19,12.23,2011-01-04,,23480.0,NAC,NUVEEN CALIFORNIA QUA MUN INC FD,6726.0
67066Y10,12.13,12.16,2011-01-05,,23480.0,NAC,NUVEEN CALIFORNIA QUA MUN INC FD,6726.0
67066Y10,12.09,12.15,2011-01-06,,23480.0,NAC,NUVEEN CALIFORNIA QUA MUN INC FD,6726.0
67066Y10,12.13,12.15,2011-01-07,,23480.0,NAC,NUVEEN CALIFORNIA QUA MUN INC FD,6726.0
67066Y10,12.14,12.19,2011-01-10,,23480.0,NAC,NUVEEN CALIFORNIA QUA MUN INC FD,6726.0
67066Y10,12.11,12.16,2011-01-11,,23480.0,NAC,NUVEEN CALIFORNIA QUA MUN INC FD,6726.0
67066Y10,11.858,12.06,2011-01-12,,23480.0,NAC,NUVEEN CALIFORNIA QUA MUN INC FD,6726.0
67066Y10,11.75,11.77,2011-01-13,,23480.0,NAC,NUVEEN CALIFORNIA QUA MUN INC FD,6726.0
67066Y10,11.62,11.74,2011-01-14,,23480.0,NAC,NUVEEN CALIFORNIA QUA MUN INC FD,6726.0
67066Y10,11.74,11.65,2011-01-18,,23480.0,NAC,NUVEEN CALIFORNIA QUA MUN INC FD,6726.0
67066Y10,11.5401,11.74,2011-01-19,,23480.0,NAC,NUVEEN CALIFORNIA QUA MUN INC FD,6726.0
67066Y10,11.5999,11.57,2011-01-20,,23480.0,NAC,NUVEEN CALIFORNIA QUA MUN INC FD,6726.0
67066Y10,11.81,11.64,2011-01-21,,23480.0,NAC,NUVEEN CALIFORNIA QUA MUN INC FD,6726.0
67066Y10,11.92,11.75,2011-01-24,,23480.0,NAC,NUVEEN CALIFORNIA QUA MUN INC FD,6726.0
67066Y10,12.0,11.92,2011-01-25,,23480.0,NAC,NUVEEN CALIFORNIA QUA MUN INC FD,6726.0
67066Y10,12.04,11.96,2011-01-26,,23480.0,NAC,NUVEEN CALIFORNIA QUA MUN INC FD,6726.0
67066Y10,11.99,12.0,2011-01-27,,23480.0,NAC,NUVEEN CALIFORNIA QUA MUN INC FD,6726.0
67066Y10,11.94,11.94,2011-01-28,,23480.0,NAC,NUVEEN CALIFORNIA QUA MUN INC FD,6726.0
67066Y10,11.95,11.94,2011-01-31,,23480.0,NAC,NUVEEN CALIFORNIA QUA MUN INC FD,6726.0
67066Y10,12.02,11.99,2011-02-01,,23480.0,NAC,NUVEEN CALIFORNIA QUA MUN INC FD,6726.0
67066Y10,11.98,12.05,2011-02-02,,23480.0,NAC,NUVEEN CALIFORNIA QUA MUN INC FD,6726.0
67066Y10,11.97,11.98,2011-02-03,,23480.0,NAC,NUVEEN CALIFORNIA QUA MUN INC FD,6726.0
67066Y10,11.96,11.95,2011-02-04,,23480.0,NAC,NUVEEN CALIFORNIA QUA MUN INC FD,6726.0
67066Y10,11.93,12.0,2011-02-07,,23480.0,NAC,NUVEEN CALIFORNIA QUA MUN INC FD,6726.0
67066Y10,11.89,11.89,2011-02-08,,23480.0,NAC,NUVEEN CALIFORNIA QUA MUN INC FD,6726.0
67066Y10,11.8999,11.84,2011-02-09,,23480.0,NAC,NUVEEN CALIFORNIA QUA MUN INC FD,6726.0
67066Y10,11.93,11.85,2011-02-10,,23480.0,NAC,NUVEEN CALIFORNIA QUA MUN INC FD,6726.0
67066Y10,11.91,11.89,2011-02-11,,23480.0,NAC,NUVEEN CALIFORNIA QUA MUN INC FD,6726.0
67066Y10,11.81,11.86,2011-02-14,,23480.0,NAC,NUVEEN CALIFORNIA QUA MUN INC FD,6726.0
67066Y10,11.78,11.81,2011-02-15,,23480.0,NAC,NUVEEN CALIFORNIA QUA MUN INC FD,6726.0
67066Y10,11.88,11.82,2011-02-16,,23480.0,NAC,NUVEEN CALIFORNIA QUA MUN INC FD,6726.0
67066Y10,12.08,11.88,2011-02-17,,23480.0,NAC,NUVEEN CALIFORNIA QUA MUN INC FD,6726.0
67066Y10,12.16,12.05,2011-02-18,,23480.0,NAC,NUVEEN CALIFORNIA QUA MUN INC FD,6726.0
67066Y10,12.05,12.13,2011-02-22,,23480.0,NAC,NUVEEN CALIFORNIA QUA MUN INC FD,6726.0
67066Y10,12.18,12.05,2011-02-23,,23480.0,NAC,NUVEEN CALIFORNIA QUA MUN INC FD,6726.0
67066Y10,12.19,12.19,2011-02-24,,23480.0,NAC,NUVEEN CALIFORNIA QUA MUN INC FD,6726.0
67066Y10,12.11,12.19,2011-02-25,,23480.0,NAC,NUVEEN CALIFORNIA QUA MUN INC FD,6726.0
67066Y10,12.2,12.17,2011-02-28,,23480.0,NAC,NUVEEN CALIFORNIA QUA MUN INC FD,6726.0
67066Y10,12.23,12.2,2011-03-01,,23480.0,NAC,NUVEEN CALIFORNIA QUA MUN INC FD,6726.0
67066Y10,12.3,12.28,2011-03-02,,23480.0,NAC,NUVEEN CALIFORNIA QUA MUN INC FD,6726.0
67066Y10,12.33,12.3,2011-03-03,,23480.0,NAC,NUVEEN CALIFORNIA QUA MUN INC FD,6726.0
67066Y10,12.39,12.35,2011-03-04,,23480.0,NAC,NUVEEN CALIFORNIA QUA MUN INC FD,6726.0
67066Y10,12.359,12.4,2011-03-07,,23480.0,NAC,NUVEEN CALIFORNIA QUA MUN INC FD,6726.0
67066Y10,12.37,12.35,2011-03-08,,23480.0,NAC,NUVEEN CALIFORNIA QUA MUN INC FD,6726.0
67066Y10,12.33,12.35,2011-03-09,,23480.0,NAC,NUVEEN CALIFORNIA QUA MUN INC FD,6726.0
67066Y10,12.27,12.33,2011-03-10,,23480.0,NAC,NUVEEN CALIFORNIA QUA MUN INC FD,6726.0
67066Y10,12.26,12.27,2011-03-11,,23480.0,NAC,NUVEEN CALIFORNIA QUA MUN INC FD,6726.0
67066Y10,12.15,12.23,2011-03-14,,23480.0,NAC,NUVEEN CALIFORNIA QUA MUN INC FD,6726.0
67066Y10,12.12,12.18,2011-03-15,,23480.0,NAC,NUVEEN CALIFORNIA QUA MUN INC FD,6726.0
67066Y10,12.1,12.2,2011-03-16,,23480.0,NAC,NUVEEN CALIFORNIA QUA MUN INC FD,6726.0
67066Y10,12.05,12.18,2011-03-17,,23480.0,NAC,NUVEEN CALIFORNIA QUA MUN INC FD,6726.0
67066Y10,12.03,12.15,2011-03-18,,23480.0,NAC,NUVEEN CALIFORNIA QUA MUN INC FD,6726.0
67066Y10,12.08,12.09,2011-03-21,,23480.0,NAC,NUVEEN CALIFORNIA QUA MUN INC FD,6726.0
67066Y10,12.07,12.05,2011-03-22,,23480.0,NAC,NUVEEN CALIFORNIA QUA MUN INC FD,6726.0
67066Y10,12.14,12.1,2011-03-23,,23480.0,NAC,NUVEEN CALIFORNIA QUA MUN INC FD,6726.0
67066Y10,12.16,12.14,2011-03-24,,23480.0,NAC,NUVEEN CALIFORNIA QUA MUN INC FD,6726.0
67066Y10,12.1001,12.14,2011-03-25,,23480.0,NAC,NUVEEN CALIFORNIA QUA MUN INC FD,6726.0
67066Y10,12.07,12.07,2011-03-28,,23480.0,NAC,NUVEEN CALIFORNIA QUA MUN INC FD,6726.0
67066Y10,12.11,12.13,2011-03-29,,23480.0,NAC,NUVEEN CALIFORNIA QUA MUN INC FD,6726.0
67066Y10,12.09,12.09,2011-03-30,,23480.0,NAC,NUVEEN CALIFORNIA QUA MUN INC FD,6726.0
67066Y10,12.06,12.14,2011-03-31,,23480.0,NAC,NUVEEN CALIFORNIA QUA MUN INC FD,6726.0
67066Y10,12.15,12.16,2011-04-01,,23480.0,NAC,NUVEEN CALIFORNIA QUA MUN INC FD,6726.0
67066Y10,12.16,12.2,2011-04-04,,23480.0,NAC,NUVEEN CALIFORNIA QUA MUN INC FD,6726.0
67066Y10,12.09,12.13,2011-04-05,,23480.0,NAC,NUVEEN CALIFORNIA QUA MUN INC FD,6726.0
67066Y10,12.12,12.13,2011-04-06,,23480.0,NAC,NUVEEN CALIFORNIA QUA MUN INC FD,6726.0
67066Y10,12.1202,12.16,2011-04-07,,23480.0,NAC,NUVEEN CALIFORNIA QUA MUN INC FD,6726.0
67066Y10,12.1,12.14,2011-04-08,,23480.0,NAC,NUVEEN CALIFORNIA QUA MUN INC FD,6726.0
67066Y10,12.02,12.07,2011-04-11,,23480.0,NAC,NUVEEN CALIFORNIA QUA MUN INC FD,6726.0
67066Y10,12.01,11.98,2011-04-12,,23480.0,NAC,NUVEEN CALIFORNIA QUA MUN INC FD,6726.0
67066Y10,11.97,11.96,2011-04-13,,23480.0,NAC,NUVEEN CALIFORNIA QUA MUN INC FD,6726.0
67066Y10,11.99,11.99,2011-04-14,,23480.0,NAC,NUVEEN CALIFORNIA QUA MUN INC FD,6726.0
67066Y10,11.99,11.99,2011-04-15,,23480.0,NAC,NUVEEN CALIFORNIA QUA MUN INC FD,6726.0
67066Y10,11.98,11.94,2011-04-18,,23480.0,NAC,NUVEEN CALIFORNIA QUA MUN INC FD,6726.0
67066Y10,12.02,11.97,2011-04-19,,23480.0,NAC,NUVEEN CALIFORNIA QUA MUN INC FD,6726.0
67066Y10,12.0899,12.08,2011-04-20,,23480.0,NAC,NUVEEN CALIFORNIA QUA MUN INC FD,6726.0
67066Y10,12.06,12.05,2011-04-21,,23480.0,NAC,NUVEEN CALIFORNIA QUA MUN INC FD,6726.0
67066Y10,11.98,12.1,2011-04-25,,23480.0,NAC,NUVEEN CALIFORNIA QUA MUN INC FD,6726.0
67066Y10,12.04,12.04,2011-04-26,,23480.0,NAC,NUVEEN CALIFORNIA QUA MUN INC FD,6726.0
67066Y10,12.09,12.04,2011-04-27,,23480.0,NAC,NUVEEN CALIFORNIA QUA MUN INC FD,6726.0
67066Y10,12.11,12.05,2011-04-28,,23480.0,NAC,NUVEEN CALIFORNIA QUA MUN INC FD,6726.0
67066Y10,12.19,12.09,2011-04-29,,23480.0,NAC,NUVEEN CALIFORNIA QUA MUN INC FD,6726.0
67066Y10,12.17,12.23,2011-05-02,,23480.0,NAC,NUVEEN CALIFORNIA QUA MUN INC FD,6726.0
67066Y10,12.2,12.22,2011-05-03,,23480.0,NAC,NUVEEN CALIFORNIA QUA MUN INC FD,6726.0
67066Y10,12.25,12.16,2011-05-04,,23480.0,NAC,NUVEEN CALIFORNIA QUA MUN INC FD,6726.0
67066Y10,12.243,12.28,2011-05-05,,23480.0,NAC,NUVEEN CALIFORNIA QUA MUN INC FD,6726.0
67066Y10,12.31,12.26,2011-05-06,,23480.0,NAC,NUVEEN CALIFORNIA QUA MUN INC FD,6726.0
67066Y10,12.38,12.31,2011-05-09,,23480.0,NAC,NUVEEN CALIFORNIA QUA MUN INC FD,6726.0
67066Y10,12.39,12.41,2011-05-10,,23480.0,NAC,NUVEEN CALIFORNIA QUA MUN INC FD,6726.0
67066Y10,12.26,12.39,2011-05-11,,23480.0,NAC,NUVEEN CALIFORNIA QUA MUN INC FD,6726.0
67066Y10,12.32,12.34,2011-05-12,,23480.0,NAC,NUVEEN CALIFORNIA QUA MUN INC FD,6726.0
67066Y10,12.29,12.31,2011-05-13,,23480.0,NAC,NUVEEN CALIFORNIA QUA MUN INC FD,6726.0
67066Y10,12.33,12.36,2011-05-16,,23480.0,NAC,NUVEEN CALIFORNIA QUA MUN INC FD,6726.0
67066Y10,12.38,12.37,2011-05-17,,23480.0,NAC,NUVEEN CALIFORNIA QUA MUN INC FD,6726.0
67066Y10,12.41,12.35,2011-05-18,,23480.0,NAC,NUVEEN CALIFORNIA QUA MUN INC FD,6726.0
67066Y10,12.42,12.41,2011-05-19,,23480.0,NAC,NUVEEN CALIFORNIA QUA MUN INC FD,6726.0
67066Y10,12.36,12.44,2011-05-20,,23480.0,NAC,NUVEEN CALIFORNIA QUA MUN INC FD,6726.0
67066Y10,12.46,12.36,2011-05-23,,23480.0,NAC,NUVEEN CALIFORNIA QUA MUN INC FD,6726.0
67066Y10,12.4799,12.39,2011-05-24,,23480.0,NAC,NUVEEN CALIFORNIA QUA MUN INC FD,6726.0
67066Y10,12.45,12.49,2011-05-25,,23480.0,NAC,NUVEEN CALIFORNIA QUA MUN INC FD,6726.0
67066Y10,12.66,12.49,2011-05-26,,23480.0,NAC,NUVEEN CALIFORNIA QUA MUN INC FD,6726.0
67066Y10,12.64,12.71,2011-05-27,,23480.0,NAC,NUVEEN CALIFORNIA QUA MUN INC FD,6726.0
67066Y10,12.68,12.62,2011-05-31,,23480.0,NAC,NUVEEN CALIFORNIA QUA MUN INC FD,6726.0
67066Y10,12.69,12.72,2011-06-01,,23480.0,NAC,NUVEEN CALIFORNIA QUA MUN INC FD,6726.0
67066Y10,12.65,12.67,2011-06-02,,23480.0,NAC,NUVEEN CALIFORNIA QUA MUN INC FD,6726.0
67066Y10,12.66,12.65,2011-06-03,,23480.0,NAC,NUVEEN CALIFORNIA QUA MUN INC FD,6726.0
67066Y10,12.65,12.6,2011-06-06,,23480.0,NAC,NUVEEN CALIFORNIA QUA MUN INC FD,6726.0
67066Y10,12.6,12.67,2011-06-07,,23480.0,NAC,NUVEEN CALIFORNIA QUA MUN INC FD,6726.0
67066Y10,12.55,12.63,2011-06-08,,23480.0,NAC,NUVEEN CALIFORNIA QUA MUN INC FD,6726.0
67066Y10,12.6099,12.61,2011-06-09,,23480.0,NAC,NUVEEN CALIFORNIA QUA MUN INC FD,6726.0
67066Y10,12.6099,12.6,2011-06-10,,23480.0,NAC,NUVEEN CALIFORNIA QUA MUN INC FD,6726.0
67066Y10,12.4701,12.49,2011-06-13,,23480.0,NAC,NUVEEN CALIFORNIA QUA MUN INC FD,6726.0
67066Y10,12.54,12.54,2011-06-14,,23480.0,NAC,NUVEEN CALIFORNIA QUA MUN INC FD,6726.0
67066Y10,12.46,12.59,2011-06-15,,23480.0,NAC,NUVEEN CALIFORNIA QUA MUN INC FD,6726.0
67066Y10,12.5299,12.43,2011-06-16,,23480.0,NAC,NUVEEN CALIFORNIA QUA MUN INC FD,6726.0
67066Y10,12.59,12.51,2011-06-17,,23480.0,NAC,NUVEEN CALIFORNIA QUA MUN INC FD,6726.0
67066Y10,12.64,12.63,2011-06-20,,23480.0,NAC,NUVEEN CALIFORNIA QUA MUN INC FD,6726.0
67066Y10,12.64,12.6,2011-06-21,,23480.0,NAC,NUVEEN CALIFORNIA QUA MUN INC FD,6726.0
67066Y10,12.72,12.7,2011-06-22,,23480.0,NAC,NUVEEN CALIFORNIA QUA MUN INC FD,6726.0
67066Y10,12.76,12.72,2011-06-23,,23480.0,NAC,NUVEEN CALIFORNIA QUA MUN INC FD,6726.0
67066Y10,12.77,12.8,2011-06-24,,23480.0,NAC,NUVEEN CALIFORNIA QUA MUN INC FD,6726.0
67066Y10,12.74,12.66,2011-06-27,,23480.0,NAC,NUVEEN CALIFORNIA QUA MUN INC FD,6726.0
67066Y10,12.79,12.77,2011-06-28,,23480.0,NAC,NUVEEN CALIFORNIA QUA MUN INC FD,6726.0
67066Y10,12.68,12.77,2011-06-29,,23480.0,NAC,NUVEEN CALIFORNIA QUA MUN INC FD,6726.0
67066Y10,12.74,12.72,2011-06-30,,23480.0,NAC,NUVEEN CALIFORNIA QUA MUN INC FD,6726.0
67066Y10,12.6699,12.75,2011-07-01,,23480.0,NAC,NUVEEN CALIFORNIA QUA MUN INC FD,6726.0
67066Y10,12.6601,12.67,2011-07-05,,23480.0,NAC,NUVEEN CALIFORNIA QUA MUN INC FD,6726.0
67066Y10,12.75,12.71,2011-07-06,,23480.0,NAC,NUVEEN CALIFORNIA QUA MUN INC FD,6726.0
67066Y10,12.81,12.8,2011-07-07,,23480.0,NAC,NUVEEN CALIFORNIA QUA MUN INC FD,6726.0
67066Y10,12.8774,12.82,2011-07-08,,23480.0,NAC,NUVEEN CALIFORNIA QUA MUN INC FD,6726.0
67066Y10,12.9,12.89,2011-07-11,,23480.0,NAC,NUVEEN CALIFORNIA QUA MUN INC FD,6726.0
67066Y10,12.98,12.95,2011-07-12,,23480.0,NAC,NUVEEN CALIFORNIA QUA MUN INC FD,6726.0
67066Y10,12.86,13.0,2011-07-13,,23480.0,NAC,NUVEEN CALIFORNIA QUA MUN INC FD,6726.0
67066Y10,12.84,12.86,2011-07-14,,23480.0,NAC,NUVEEN CALIFORNIA QUA MUN INC FD,6726.0
67066Y10,12.77,12.84,2011-07-15,,23480.0,NAC,NUVEEN CALIFORNIA QUA MUN INC FD,6726.0
67066Y10,12.69,12.83,2011-07-18,,23480.0,NAC,NUVEEN CALIFORNIA QUA MUN INC FD,6726.0
67066Y10,12.75,12.77,2011-07-19,,23480.0,NAC,NUVEEN CALIFORNIA QUA MUN INC FD,6726.0
67066Y10,12.86,12.72,2011-07-20,,23480.0,NAC,NUVEEN CALIFORNIA QUA MUN INC FD,6726.0
67066Y10,12.89,12.86,2011-07-21,,23480.0,NAC,NUVEEN CALIFORNIA QUA MUN INC FD,6726.0
67066Y10,12.94,12.93,2011-07-22,,23480.0,NAC,NUVEEN CALIFORNIA QUA MUN INC FD,6726.0
67066Y10,12.89,12.92,2011-07-25,,23480.0,NAC,NUVEEN CALIFORNIA QUA MUN INC FD,6726.0
67066Y10,12.91,12.84,2011-07-26,,23480.0,NAC,NUVEEN CALIFORNIA QUA MUN INC FD,6726.0
67066Y10,12.8,12.92,2011-07-27,,23480.0,NAC,NUVEEN CALIFORNIA QUA MUN INC FD,6726.0
67066Y10,12.84,12.79,2011-07-28,,23480.0,NAC,NUVEEN CALIFORNIA QUA MUN INC FD,6726.0
67066Y10,12.74,12.71,2011-07-29,,23480.0,NAC,NUVEEN CALIFORNIA QUA MUN INC FD,6726.0
67066Y10,12.88,12.91,2011-08-01,,23480.0,NAC,NUVEEN CALIFORNIA QUA MUN INC FD,6726.0
67066Y10,12.89,12.94,2011-08-02,,23480.0,NAC,NUVEEN CALIFORNIA QUA MUN INC FD,6726.0
67066Y10,13.06,12.9,2011-08-03,,23480.0,NAC,NUVEEN CALIFORNIA QUA MUN INC FD,6726.0
67066Y10,13.1,13.1,2011-08-04,,23480.0,NAC,NUVEEN CALIFORNIA QUA MUN INC FD,6726.0
67066Y10,13.07,13.03,2011-08-05,,23480.0,NAC,NUVEEN CALIFORNIA QUA MUN INC FD,6726.0
67066Y10,12.6,12.89,2011-08-08,,23480.0,NAC,NUVEEN CALIFORNIA QUA MUN INC FD,6726.0
67066Y10,12.72,12.52,2011-08-09,,23480.0,NAC,NUVEEN CALIFORNIA QUA MUN INC FD,6726.0
67066Y10,13.06,12.53,2011-08-10,,23480.0,NAC,NUVEEN CALIFORNIA QUA MUN INC FD,6726.0
67066Y10,12.92,12.95,2011-08-11,,23480.0,NAC,NUVEEN CALIFORNIA QUA MUN INC FD,6726.0
67066Y10,13.04,13.05,2011-08-12,,23480.0,NAC,NUVEEN CALIFORNIA QUA MUN INC FD,6726.0
67066Y10,13.08,13.02,2011-08-15,,23480.0,NAC,NUVEEN CALIFORNIA QUA MUN INC FD,6726.0
67066Y10,13.14,13.06,2011-08-16,,23480.0,NAC,NUVEEN CALIFORNIA QUA MUN INC FD,6726.0
67066Y10,13.3146,13.25,2011-08-17,,23480.0,NAC,NUVEEN CALIFORNIA QUA MUN INC FD,6726.0
67066Y10,13.3,13.28,2011-08-18,,23480.0,NAC,NUVEEN CALIFORNIA QUA MUN INC FD,6726.0
67066Y10,13.18,13.15,2011-08-19,,23480.0,NAC,NUVEEN CALIFORNIA QUA MUN INC FD,6726.0
67066Y10,13.285,13.24,2011-08-22,,23480.0,NAC,NUVEEN CALIFORNIA QUA MUN INC FD,6726.0
67066Y10,13.33,13.33,2011-08-23,,23480.0,NAC,NUVEEN CALIFORNIA QUA MUN INC FD,6726.0
67066Y10,13.35,13.38,2011-08-24,,23480.0,NAC,NUVEEN CALIFORNIA QUA MUN INC FD,6726.0
67066Y10,13.33,13.35,2011-08-25,,23480.0,NAC,NUVEEN CALIFORNIA QUA MUN INC FD,6726.0
67066Y10,13.4,13.36,2011-08-26,,23480.0,NAC,NUVEEN CALIFORNIA QUA MUN INC FD,6726.0
67066Y10,13.33,13.48,2011-08-29,,23480.0,NAC,NUVEEN CALIFORNIA QUA MUN INC FD,6726.0
67066Y10,13.34,13.38,2011-08-30,,23480.0,NAC,NUVEEN CALIFORNIA QUA MUN INC FD,6726.0
67066Y10,13.41,13.42,2011-08-31,,23480.0,NAC,NUVEEN CALIFORNIA QUA MUN INC FD,6726.0
67066Y10,13.54,13.5,2011-09-01,,23480.0,NAC,NUVEEN CALIFORNIA QUA MUN INC FD,6726.0
67066Y10,13.38,13.54,2011-09-02,,23480.0,NAC,NUVEEN CALIFORNIA QUA MUN INC FD,6726.0
67066Y10,13.38,13.43,2011-09-06,,23480.0,NAC,NUVEEN CALIFORNIA QUA MUN INC FD,6726.0
67066Y10,13.37,13.51,2011-09-07,,23480.0,NAC,NUVEEN CALIFORNIA QUA MUN INC FD,6726.0
67066Y10,13.4,13.43,2011-09-08,,23480.0,NAC,NUVEEN CALIFORNIA QUA MUN INC FD,6726.0
67066Y10,13.42,13.46,2011-09-09,,23480.0,NAC,NUVEEN CALIFORNIA QUA MUN INC FD,6726.0
67066Y10,13.58,13.52,2011-09-12,,23480.0,NAC,NUVEEN CALIFORNIA QUA MUN INC FD,6726.0
67066Y10,13.64,13.59,2011-09-13,,23480.0,NAC,NUVEEN CALIFORNIA QUA MUN INC FD,6726.0
67066Y10,13.72,13.6,2011-09-14,,23480.0,NAC,NUVEEN CALIFORNIA QUA MUN INC FD,6726.0
67066Y10,13.56,13.78,2011-09-15,,23480.0,NAC,NUVEEN CALIFORNIA QUA MUN INC FD,6726.0
67066Y10,13.45,13.59,2011-09-16,,23480.0,NAC,NUVEEN CALIFORNIA QUA MUN INC FD,6726.0
67066Y10,13.4,13.47,2011-09-19,,23480.0,NAC,NUVEEN CALIFORNIA QUA MUN INC FD,6726.0
67066Y10,13.3,13.4,2011-09-20,,23480.0,NAC,NUVEEN CALIFORNIA QUA MUN INC FD,6726.0
67066Y10,13.32,13.32,2011-09-21,,23480.0,NAC,NUVEEN CALIFORNIA QUA MUN INC FD,6726.0
67066Y10,13.36,13.39,2011-09-22,,23480.0,NAC,NUVEEN CALIFORNIA QUA MUN INC FD,6726.0
67066Y10,13.54,13.36,2011-09-23,,23480.0,NAC,NUVEEN CALIFORNIA QUA MUN INC FD,6726.0
67066Y10,13.5,13.54,2011-09-26,,23480.0,NAC,NUVEEN CALIFORNIA QUA MUN INC FD,6726.0
67066Y10,13.42,13.59,2011-09-27,,23480.0,NAC,NUVEEN CALIFORNIA QUA MUN INC FD,6726.0
67066Y10,13.46,13.5,2011-09-28,,23480.0,NAC,NUVEEN CALIFORNIA QUA MUN INC FD,6726.0
67066Y10,13.4675,13.53,2011-09-29,,23480.0,NAC,NUVEEN CALIFORNIA QUA MUN INC FD,6726.0
67066Y10,13.53,13.54,2011-09-30,,23480.0,NAC,NUVEEN CALIFORNIA QUA MUN INC FD,6726.0
67066Y10,13.54,13.62,2011-10-03,,23480.0,NAC,NUVEEN CALIFORNIA QUA MUN INC FD,6726.0
67066Y10,13.29,13.57,2011-10-04,,23480.0,NAC,NUVEEN CALIFORNIA QUA MUN INC FD,6726.0
67066Y10,13.28,13.28,2011-10-05,,23480.0,NAC,NUVEEN CALIFORNIA QUA MUN INC FD,6726.0
67066Y10,13.31,13.28,2011-10-06,,23480.0,NAC,NUVEEN CALIFORNIA QUA MUN INC FD,6726.0
67066Y10,13.32,13.26,2011-10-07,,23480.0,NAC,NUVEEN CALIFORNIA QUA MUN INC FD,6726.0
67066Y10,13.3,13.35,2011-10-10,,23480.0,NAC,NUVEEN CALIFORNIA QUA MUN INC FD,6726.0
67066Y10,13.22,13.28,2011-10-11,,23480.0,NAC,NUVEEN CALIFORNIA QUA MUN INC FD,6726.0
67066Y10,13.2,13.2,2011-10-12,,23480.0,NAC,NUVEEN CALIFORNIA QUA MUN INC FD,6726.0
67066Y10,13.34,13.2,2011-10-13,,23480.0,NAC,NUVEEN CALIFORNIA QUA MUN INC FD,6726.0
67066Y10,13.5,13.42,2011-10-14,,23480.0,NAC,NUVEEN CALIFORNIA QUA MUN INC FD,6726.0
67066Y10,13.5,13.51,2011-10-17,,23480.0,NAC,NUVEEN CALIFORNIA QUA MUN INC FD,6726.0
67066Y10,13.4,13.52,2011-10-18,,23480.0,NAC,NUVEEN CALIFORNIA QUA MUN INC FD,6726.0
67066Y10,13.43,13.44,2011-10-19,,23480.0,NAC,NUVEEN CALIFORNIA QUA MUN INC FD,6726.0
67066Y10,13.48,13.41,2011-10-20,,23480.0,NAC,NUVEEN CALIFORNIA QUA MUN INC FD,6726.0
67066Y10,13.53,13.52,2011-10-21,,23480.0,NAC,NUVEEN CALIFORNIA QUA MUN INC FD,6726.0
67066Y10,13.51,13.54,2011-10-24,,23480.0,NAC,NUVEEN CALIFORNIA QUA MUN INC FD,6726.0
67066Y10,13.49,13.51,2011-10-25,,23480.0,NAC,NUVEEN CALIFORNIA QUA MUN INC FD,6726.0
67066Y10,13.54,13.53,2011-10-26,,23480.0,NAC,NUVEEN CALIFORNIA QUA MUN INC FD,6726.0
67066Y10,13.6,13.63,2011-10-27,,23480.0,NAC,NUVEEN CALIFORNIA QUA MUN INC FD,6726.0
67066Y10,13.66,13.68,2011-10-28,,23480.0,NAC,NUVEEN CALIFORNIA QUA MUN INC FD,6726.0
67066Y10,13.74,13.71,2011-10-31,,23480.0,NAC,NUVEEN CALIFORNIA QUA MUN INC FD,6726.0
67066Y10,13.8,13.72,2011-11-01,,23480.0,NAC,NUVEEN CALIFORNIA QUA MUN INC FD,6726.0
67066Y10,13.9,13.82,2011-11-02,,23480.0,NAC,NUVEEN CALIFORNIA QUA MUN INC FD,6726.0
67066Y10,13.89,13.92,2011-11-03,,23480.0,NAC,NUVEEN CALIFORNIA QUA MUN INC FD,6726.0
67066Y10,13.81,13.89,2011-11-04,,23480.0,NAC,NUVEEN CALIFORNIA QUA MUN INC FD,6726.0
67066Y10,13.97,13.81,2011-11-07,,23480.0,NAC,NUVEEN CALIFORNIA QUA MUN INC FD,6726.0
67066Y10,13.975,13.98,2011-11-08,,23480.0,NAC,NUVEEN CALIFORNIA QUA MUN INC FD,6726.0
67066Y10,13.84,13.95,2011-11-09,,23480.0,NAC,NUVEEN CALIFORNIA QUA MUN INC FD,6726.0
67066Y10,13.8,13.85,2011-11-10,,23480.0,NAC,NUVEEN CALIFORNIA QUA MUN INC FD,6726.0
67066Y10,13.85,13.87,2011-11-11,,23480.0,NAC,NUVEEN CALIFORNIA QUA MUN INC FD,6726.0
67066Y10,13.94,13.94,2011-11-14,,23480.0,NAC,NUVEEN CALIFORNIA QUA MUN INC FD,6726.0
67066Y10,13.98,13.95,2011-11-15,,23480.0,NAC,NUVEEN CALIFORNIA QUA MUN INC FD,6726.0
67066Y10,14.0,13.95,2011-11-16,,23480.0,NAC,NUVEEN CALIFORNIA QUA MUN INC FD,6726.0
67066Y10,13.99,13.99,2011-11-17,,23480.0,NAC,NUVEEN CALIFORNIA QUA MUN INC FD,6726.0
67066Y10,13.99,13.99,2011-11-18,,23480.0,NAC,NUVEEN CALIFORNIA QUA MUN INC FD,6726.0
67066Y10,13.88,13.98,2011-11-21,,23480.0,NAC,NUVEEN CALIFORNIA QUA MUN INC FD,6726.0
67066Y10,13.85,13.93,2011-11-22,,23480.0,NAC,NUVEEN CALIFORNIA QUA MUN INC FD,6726.0
67066Y10,13.82,13.91,2011-11-23,,23480.0,NAC,NUVEEN CALIFORNIA QUA MUN INC FD,6726.0
67066Y10,13.87,13.83,2011-11-25,,23480.0,NAC,NUVEEN CALIFORNIA QUA MUN INC FD,6726.0
67066Y10,13.83,13.95,2011-11-28,,23480.0,NAC,NUVEEN CALIFORNIA QUA MUN INC FD,6726.0
67066Y10,13.83,13.82,2011-11-29,,23480.0,NAC,NUVEEN CALIFORNIA QUA MUN INC FD,6726.0
67066Y10,13.86,13.86,2011-11-30,,23480.0,NAC,NUVEEN CALIFORNIA QUA MUN INC FD,6726.0
67066Y10,13.89,13.91,2011-12-01,,23480.0,NAC,NUVEEN CALIFORNIA QUA MUN INC FD,6726.0
67066Y10,13.82,13.85,2011-12-02,,23480.0,NAC,NUVEEN CALIFORNIA QUA MUN INC FD,6726.0
67066Y10,13.85,13.85,2011-12-05,,23480.0,NAC,NUVEEN CALIFORNIA QUA MUN INC FD,6726.0
67066Y10,13.87,13.83,2011-12-06,,23480.0,NAC,NUVEEN CALIFORNIA QUA MUN INC FD,6726.0
67066Y10,13.95,13.9,2011-12-07,,23480.0,NAC,NUVEEN CALIFORNIA QUA MUN INC FD,6726.0
67066Y10,13.99,13.95,2011-12-08,,23480.0,NAC,NUVEEN CALIFORNIA QUA MUN INC FD,6726.0
67066Y10,13.9,14.04,2011-12-09,,23480.0,NAC,NUVEEN CALIFORNIA QUA MUN INC FD,6726.0
67066Y10,14.06,13.92,2011-12-12,,23480.0,NAC,NUVEEN CALIFORNIA QUA MUN INC FD,6726.0
67066Y10,14.0,13.99,2011-12-13,,23480.0,NAC,NUVEEN CALIFORNIA QUA MUN INC FD,6726.0
67066Y10,14.03,14.05,2011-12-14,,23480.0,NAC,NUVEEN CALIFORNIA QUA MUN INC FD,6726.0
67066Y10,14.05,14.04,2011-12-15,,23480.0,NAC,NUVEEN CALIFORNIA QUA MUN INC FD,6726.0
67066Y10,14.1,14.09,2011-12-16,,23480.0,NAC,NUVEEN CALIFORNIA QUA MUN INC FD,6726.0
67066Y10,14.17,14.15,2011-12-19,,23480.0,NAC,NUVEEN CALIFORNIA QUA MUN INC FD,6726.0
67066Y10,14.09,14.14,2011-12-20,,23480.0,NAC,NUVEEN CALIFORNIA QUA MUN INC FD,6726.0
67066Y10,14.08,14.14,2011-12-21,,23480.0,NAC,NUVEEN CALIFORNIA QUA MUN INC FD,6726.0
67066Y10,14.1,14.15,2011-12-22,,23480.0,NAC,NUVEEN CALIFORNIA QUA MUN INC FD,6726.0
67066Y10,14.07,14.16,2011-12-23,,23480.0,NAC,NUVEEN CALIFORNIA QUA MUN INC FD,6726.0
67066Y10,14.18,14.14,2011-12-27,,23480.0,NAC,NUVEEN CALIFORNIA QUA MUN INC FD,6726.0
67066Y10,14.2,14.2,2011-12-28,,23480.0,NAC,NUVEEN CALIFORNIA QUA MUN INC FD,6726.0
67066Y10,14.25,14.19,2011-12-29,,23480.0,NAC,NUVEEN CALIFORNIA QUA MUN INC FD,6726.0
67066Y10,14.24,14.27,2011-12-30,,23480.0,NAC,NUVEEN CALIFORNIA QUA MUN INC FD,6726.0
67066Y10,14.2,14.17,2012-01-03,,23480.0,NAC,NUVEEN CALIFORNIA QUA MUN INC FD,6726.0
67066Y10,14.2,14.15,2012-01-04,,23480.0,NAC,NUVEEN CALIFORNIA QUA MUN INC FD,6726.0
67066Y10,14.25,14.16,2012-01-05,,23480.0,NAC,NUVEEN CALIFORNIA QUA MUN INC FD,6726.0
67066Y10,14.23,14.26,2012-01-06,,23480.0,NAC,NUVEEN CALIFORNIA QUA MUN INC FD,6726.0
67066Y10,14.35,14.22,2012-01-09,,23480.0,NAC,NUVEEN CALIFORNIA QUA MUN INC FD,6726.0
67066Y10,14.38,14.44,2012-01-10,,23480.0,NAC,NUVEEN CALIFORNIA QUA MUN INC FD,6726.0
67066Y10,14.3,14.32,2012-01-11,,23480.0,NAC,NUVEEN CALIFORNIA QUA MUN INC FD,6726.0
67066Y10,14.33,14.39,2012-01-12,,23480.0,NAC,NUVEEN CALIFORNIA QUA MUN INC FD,6726.0
67066Y10,14.43,14.32,2012-01-13,,23480.0,NAC,NUVEEN CALIFORNIA QUA MUN INC FD,6726.0
67066Y10,14.36,14.42,2012-01-17,,23480.0,NAC,NUVEEN CALIFORNIA QUA MUN INC FD,6726.0
67066Y10,14.49,14.41,2012-01-18,,23480.0,NAC,NUVEEN CALIFORNIA QUA MUN INC FD,6726.0
67066Y10,14.55,14.5,2012-01-19,,23480.0,NAC,NUVEEN CALIFORNIA QUA MUN INC FD,6726.0
67066Y10,14.52,14.51,2012-01-20,,23480.0,NAC,NUVEEN CALIFORNIA QUA MUN INC FD,6726.0
67066Y10,14.59,14.6,2012-01-23,,23480.0,NAC,NUVEEN CALIFORNIA QUA MUN INC FD,6726.0
67066Y10,14.58,14.58,2012-01-24,,23480.0,NAC,NUVEEN CALIFORNIA QUA MUN INC FD,6726.0
67066Y10,14.61,14.64,2012-01-25,,23480.0,NAC,NUVEEN CALIFORNIA QUA MUN INC FD,6726.0
67066Y10,14.66,14.68,2012-01-26,,23480.0,NAC,NUVEEN CALIFORNIA QUA MUN INC FD,6726.0
67066Y10,14.72,14.71,2012-01-27,,23480.0,NAC,NUVEEN CALIFORNIA QUA MUN INC FD,6726.0
67066Y10,14.73,14.79,2012-01-30,,23480.0,NAC,NUVEEN CALIFORNIA QUA MUN INC FD,6726.0
67066Y10,14.71,14.77,2012-01-31,,23480.0,NAC,NUVEEN CALIFORNIA QUA MUN INC FD,6726.0
67066Y10,14.96,14.79,2012-02-01,,23480.0,NAC,NUVEEN CALIFORNIA QUA MUN INC FD,6726.0
67066Y10,15.0,14.96,2012-02-02,,23480.0,NAC,NUVEEN CALIFORNIA QUA MUN INC FD,6726.0
67066Y10,14.91,15.0,2012-02-03,,23480.0,NAC,NUVEEN CALIFORNIA QUA MUN INC FD,6726.0
67066Y10,14.81,14.97,2012-02-06,,23480.0,NAC,NUVEEN CALIFORNIA QUA MUN INC FD,6726.0
67066Y10,14.76,14.77,2012-02-07,,23480.0,NAC,NUVEEN CALIFORNIA QUA MUN INC FD,6726.0
67066Y10,14.93,14.76,2012-02-08,,23480.0,NAC,NUVEEN CALIFORNIA QUA MUN INC FD,6726.0
67066Y10,14.92,14.94,2012-02-09,,23480.0,NAC,NUVEEN CALIFORNIA QUA MUN INC FD,6726.0
67066Y10,14.94,14.99,2012-02-10,,23480.0,NAC,NUVEEN CALIFORNIA QUA MUN INC FD,6726.0
67066Y10,14.88,14.91,2012-02-13,,23480.0,NAC,NUVEEN CALIFORNIA QUA MUN INC FD,6726.0
67066Y10,14.72,14.85,2012-02-14,,23480.0,NAC,NUVEEN CALIFORNIA QUA MUN INC FD,6726.0
67066Y10,14.7,14.73,2012-02-15,,23480.0,NAC,NUVEEN CALIFORNIA QUA MUN INC FD,6726.0
67066Y10,14.58,14.66,2012-02-16,,23480.0,NAC,NUVEEN CALIFORNIA QUA MUN INC FD,6726.0
67066Y10,14.64,14.63,2012-02-17,,23480.0,NAC,NUVEEN CALIFORNIA QUA MUN INC FD,6726.0
67066Y10,14.73,14.67,2012-02-21,,23480.0,NAC,NUVEEN CALIFORNIA QUA MUN INC FD,6726.0
67066Y10,14.76,14.79,2012-02-22,,23480.0,NAC,NUVEEN CALIFORNIA QUA MUN INC FD,6726.0
67066Y10,14.94,14.81,2012-02-23,,23480.0,NAC,NUVEEN CALIFORNIA QUA MUN INC FD,6726.0
67066Y10,14.9,14.9,2012-02-24,,23480.0,NAC,NUVEEN CALIFORNIA QUA MUN INC FD,6726.0
67066Y10,14.96,14.93,2012-02-27,,23480.0,NAC,NUVEEN CALIFORNIA QUA MUN INC FD,6726.0
67066Y10,14.99,15.02,2012-02-28,,23480.0,NAC,NUVEEN CALIFORNIA QUA MUN INC FD,6726.0
67066Y10,15.14,15.03,2012-02-29,,23480.0,NAC,NUVEEN CALIFORNIA QUA MUN INC FD,6726.0
67066Y10,15.11,15.22,2012-03-01,,23480.0,NAC,NUVEEN CALIFORNIA QUA MUN INC FD,6726.0
67066Y10,15.07,15.18,2012-03-02,,23480.0,NAC,NUVEEN CALIFORNIA QUA MUN INC FD,6726.0
67066Y10,15.05,15.12,2012-03-05,,23480.0,NAC,NUVEEN CALIFORNIA QUA MUN INC FD,6726.0
67066Y10,14.9301,15.1,2012-03-06,,23480.0,NAC,NUVEEN CALIFORNIA QUA MUN INC FD,6726.0
67066Y10,15.01,15.03,2012-03-07,,23480.0,NAC,NUVEEN CALIFORNIA QUA MUN INC FD,6726.0
67066Y10,14.97,15.05,2012-03-08,,23480.0,NAC,NUVEEN CALIFORNIA QUA MUN INC FD,6726.0
67066Y10,14.91,14.92,2012-03-09,,23480.0,NAC,NUVEEN CALIFORNIA QUA MUN INC FD,6726.0
67066Y10,14.96,14.98,2012-03-12,,23480.0,NAC,NUVEEN CALIFORNIA QUA MUN INC FD,6726.0
67066Y10,15.0,14.95,2012-03-13,,23480.0,NAC,NUVEEN CALIFORNIA QUA MUN INC FD,6726.0
67066Y10,14.78,14.99,2012-03-14,,23480.0,NAC,NUVEEN CALIFORNIA QUA MUN INC FD,6726.0
67066Y10,14.13,14.85,2012-03-15,,23480.0,NAC,NUVEEN CALIFORNIA QUA MUN INC FD,6726.0
67066Y10,13.79,14.04,2012-03-16,,23480.0,NAC,NUVEEN CALIFORNIA QUA MUN INC FD,6726.0
67066Y10,14.06,13.79,2012-03-19,,23480.0,NAC,NUVEEN CALIFORNIA QUA MUN INC FD,6726.0
67066Y10,14.0572,14.06,2012-03-20,,23480.0,NAC,NUVEEN CALIFORNIA QUA MUN INC FD,6726.0
67066Y10,14.0,14.11,2012-03-21,,23480.0,NAC,NUVEEN CALIFORNIA QUA MUN INC FD,6726.0
67066Y10,14.18,14.05,2012-03-22,,23480.0,NAC,NUVEEN CALIFORNIA QUA MUN INC FD,6726.0
67066Y10,14.1,14.26,2012-03-23,,23480.0,NAC,NUVEEN CALIFORNIA QUA MUN INC FD,6726.0
67066Y10,14.06,14.16,2012-03-26,,23480.0,NAC,NUVEEN CALIFORNIA QUA MUN INC FD,6726.0
67066Y10,14.05,14.06,2012-03-27,,23480.0,NAC,NUVEEN CALIFORNIA QUA MUN INC FD,6726.0
67066Y10,14.29,14.14,2012-03-28,,23480.0,NAC,NUVEEN CALIFORNIA QUA MUN INC FD,6726.0
67066Y10,14.39,14.4,2012-03-29,,23480.0,NAC,NUVEEN CALIFORNIA QUA MUN INC FD,6726.0
67066Y10,14.38,14.43,2012-03-30,,23480.0,NAC,NUVEEN CALIFORNIA QUA MUN INC FD,6726.0
67066Y10,14.38,14.42,2012-04-02,,23480.0,NAC,NUVEEN CALIFORNIA QUA MUN INC FD,6726.0
67066Y10,14.31,14.36,2012-04-03,,23480.0,NAC,NUVEEN CALIFORNIA QUA MUN INC FD,6726.0
67066Y10,14.38,14.38,2012-04-04,,23480.0,NAC,NUVEEN CALIFORNIA QUA MUN INC FD,6726.0
67066Y10,14.46,14.36,2012-04-05,,23480.0,NAC,NUVEEN CALIFORNIA QUA MUN INC FD,6726.0
67066Y10,14.59,14.48,2012-04-09,,23480.0,NAC,NUVEEN CALIFORNIA QUA MUN INC FD,6726.0
67066Y10,14.62,14.56,2012-04-10,,23480.0,NAC,NUVEEN CALIFORNIA QUA MUN INC FD,6726.0
67066Y10,14.58,14.64,2012-04-11,,23480.0,NAC,NUVEEN CALIFORNIA QUA MUN INC FD,6726.0
67066Y10,14.5,14.58,2012-04-12,,23480.0,NAC,NUVEEN CALIFORNIA QUA MUN INC FD,6726.0
67066Y10,14.525,14.57,2012-04-13,,23480.0,NAC,NUVEEN CALIFORNIA QUA MUN INC FD,6726.0
67066Y10,14.48,14.51,2012-04-16,,23480.0,NAC,NUVEEN CALIFORNIA QUA MUN INC FD,6726.0
67066Y10,14.51,14.57,2012-04-17,,23480.0,NAC,NUVEEN CALIFORNIA QUA MUN INC FD,6726.0
67066Y10,14.56,14.53,2012-04-18,,23480.0,NAC,NUVEEN CALIFORNIA QUA MUN INC FD,6726.0
67066Y10,14.64,14.61,2012-04-19,,23480.0,NAC,NUVEEN CALIFORNIA QUA MUN INC FD,6726.0
67066Y10,14.71,14.68,2012-04-20,,23480.0,NAC,NUVEEN CALIFORNIA QUA MUN INC FD,6726.0
67066Y10,14.74,14.75,2012-04-23,,23480.0,NAC,NUVEEN CALIFORNIA QUA MUN INC FD,6726.0
67066Y10,14.78,14.7,2012-04-24,,23480.0,NAC,NUVEEN CALIFORNIA QUA MUN INC FD,6726.0
67066Y10,14.85,14.79,2012-04-25,,23480.0,NAC,NUVEEN CALIFORNIA QUA MUN INC FD,6726.0
67066Y10,14.83,14.89,2012-04-26,,23480.0,NAC,NUVEEN CALIFORNIA QUA MUN INC FD,6726.0
67066Y10,14.81,14.78,2012-04-27,,23480.0,NAC,NUVEEN CALIFORNIA QUA MUN INC FD,6726.0
67066Y10,14.77,14.82,2012-04-30,,23480.0,NAC,NUVEEN CALIFORNIA QUA MUN INC FD,6726.0
67066Y10,14.87,14.86,2012-05-01,,23480.0,NAC,NUVEEN CALIFORNIA QUA MUN INC FD,6726.0
67066Y10,14.88,14.92,2012-05-02,,23480.0,NAC,NUVEEN CALIFORNIA QUA MUN INC FD,6726.0
67066Y10,15.0,14.92,2012-05-03,,23480.0,NAC,NUVEEN CALIFORNIA QUA MUN INC FD,6726.0
67066Y10,15.0,14.98,2012-05-04,,23480.0,NAC,NUVEEN CALIFORNIA QUA MUN INC FD,6726.0
67066Y10,14.89,14.99,2012-05-07,,23480.0,NAC,NUVEEN CALIFORNIA QUA MUN INC FD,6726.0
67066Y10,14.89,14.94,2012-05-08,,23480.0,NAC,NUVEEN CALIFORNIA QUA MUN INC FD,6726.0
67066Y10,14.98,14.94,2012-05-09,,23480.0,NAC,NUVEEN CALIFORNIA QUA MUN INC FD,6726.0
67066Y10,14.98,14.99,2012-05-10,,23480.0,NAC,NUVEEN CALIFORNIA QUA MUN INC FD,6726.0
67066Y10,14.89,14.88,2012-05-11,,23480.0,NAC,NUVEEN CALIFORNIA QUA MUN INC FD,6726.0
67066Y10,14.82,14.93,2012-05-14,,23480.0,NAC,NUVEEN CALIFORNIA QUA MUN INC FD,6726.0
67066Y10,14.93,14.88,2012-05-15,,23480.0,NAC,NUVEEN CALIFORNIA QUA MUN INC FD,6726.0
67066Y10,14.93,14.98,2012-05-16,,23480.0,NAC,NUVEEN CALIFORNIA QUA MUN INC FD,6726.0
67066Y10,14.83,14.99,2012-05-17,,23480.0,NAC,NUVEEN CALIFORNIA QUA MUN INC FD,6726.0
67066Y10,14.9,14.83,2012-05-18,,23480.0,NAC,NUVEEN CALIFORNIA QUA MUN INC FD,6726.0
67066Y10,14.84,14.92,2012-05-21,,23480.0,NAC,NUVEEN CALIFORNIA QUA MUN INC FD,6726.0
67066Y10,14.8,14.79,2012-05-22,,23480.0,NAC,NUVEEN CALIFORNIA QUA MUN INC FD,6726.0
67066Y10,14.84,14.83,2012-05-23,,23480.0,NAC,NUVEEN CALIFORNIA QUA MUN INC FD,6726.0
67066Y10,14.85,14.84,2012-05-24,,23480.0,NAC,NUVEEN CALIFORNIA QUA MUN INC FD,6726.0
67066Y10,14.879,14.89,2012-05-25,,23480.0,NAC,NUVEEN CALIFORNIA QUA MUN INC FD,6726.0
67066Y10,14.88,14.93,2012-05-29,,23480.0,NAC,NUVEEN CALIFORNIA QUA MUN INC FD,6726.0
67066Y10,14.8,14.86,2012-05-30,,23480.0,NAC,NUVEEN CALIFORNIA QUA MUN INC FD,6726.0
67066Y10,14.9,14.8,2012-05-31,,23480.0,NAC,NUVEEN CALIFORNIA QUA MUN INC FD,6726.0
67066Y10,14.89,14.9,2012-06-01,,23480.0,NAC,NUVEEN CALIFORNIA QUA MUN INC FD,6726.0
67066Y10,14.81,14.76,2012-06-04,,23480.0,NAC,NUVEEN CALIFORNIA QUA MUN INC FD,6726.0
67066Y10,14.83,14.82,2012-06-05,,23480.0,NAC,NUVEEN CALIFORNIA QUA MUN INC FD,6726.0
67066Y10,14.82,14.86,2012-06-06,,23480.0,NAC,NUVEEN CALIFORNIA QUA MUN INC FD,6726.0
67066Y10,14.78,14.89,2012-06-07,,23480.0,NAC,NUVEEN CALIFORNIA QUA MUN INC FD,6726.0
67066Y10,14.9,14.87,2012-06-08,,23480.0,NAC,NUVEEN CALIFORNIA QUA MUN INC FD,6726.0
67066Y10,14.9,14.93,2012-06-11,,23480.0,NAC,NUVEEN CALIFORNIA QUA MUN INC FD,6726.0
67066Y10,14.56,14.9,2012-06-12,,23480.0,NAC,NUVEEN CALIFORNIA QUA MUN INC FD,6726.0
67066Y10,14.83,14.71,2012-06-13,,23480.0,NAC,NUVEEN CALIFORNIA QUA MUN INC FD,6726.0
67066Y10,14.78,14.85,2012-06-14,,23480.0,NAC,NUVEEN CALIFORNIA QUA MUN INC FD,6726.0
67066Y10,14.74,14.77,2012-06-15,,23480.0,NAC,NUVEEN CALIFORNIA QUA MUN INC FD,6726.0
67066Y10,14.82,14.74,2012-06-18,,23480.0,NAC,NUVEEN CALIFORNIA QUA MUN INC FD,6726.0
67066Y10,14.82,14.76,2012-06-19,,23480.0,NAC,NUVEEN CALIFORNIA QUA MUN INC FD,6726.0
67066Y10,14.84,14.82,2012-06-20,,23480.0,NAC,NUVEEN CALIFORNIA QUA MUN INC FD,6726.0
67066Y10,14.85,14.89,2012-06-21,,23480.0,NAC,NUVEEN CALIFORNIA QUA MUN INC FD,6726.0
67066Y10,14.94,14.85,2012-06-22,,23480.0,NAC,NUVEEN CALIFORNIA QUA MUN INC FD,6726.0
67066Y10,15.02,14.99,2012-06-25,,23480.0,NAC,NUVEEN CALIFORNIA QUA MUN INC FD,6726.0
67066Y10,15.1,15.05,2012-06-26,,23480.0,NAC,NUVEEN CALIFORNIA QUA MUN INC FD,6726.0
67066Y10,15.11,15.15,2012-06-27,,23480.0,NAC,NUVEEN CALIFORNIA QUA MUN INC FD,6726.0
67066Y10,15.1,15.11,2012-06-28,,23480.0,NAC,NUVEEN CALIFORNIA QUA MUN INC FD,6726.0
67066Y10,15.17,15.16,2012-06-29,,23480.0,NAC,NUVEEN CALIFORNIA QUA MUN INC FD,6726.0
67066Y10,15.32,15.26,2012-07-02,,23480.0,NAC,NUVEEN CALIFORNIA QUA MUN INC FD,6726.0
67066Y10,15.36,15.35,2012-07-03,,23480.0,NAC,NUVEEN CALIFORNIA QUA MUN INC FD,6726.0
67066Y10,15.48,15.41,2012-07-05,,23480.0,NAC,NUVEEN CALIFORNIA QUA MUN INC FD,6726.0
67066Y10,15.5,15.38,2012-07-06,,23480.0,NAC,NUVEEN CALIFORNIA QUA MUN INC FD,6726.0
67066Y10,15.56,15.5,2012-07-09,,23480.0,NAC,NUVEEN CALIFORNIA QUA MUN INC FD,6726.0
67066Y10,15.65,15.63,2012-07-10,,23480.0,NAC,NUVEEN CALIFORNIA QUA MUN INC FD,6726.0
67066Y10,15.52,15.67,2012-07-11,,23480.0,NAC,NUVEEN CALIFORNIA QUA MUN INC FD,6726.0
67066Y10,15.36,15.57,2012-07-12,,23480.0,NAC,NUVEEN CALIFORNIA QUA MUN INC FD,6726.0
67066Y10,15.3201,15.42,2012-07-13,,23480.0,NAC,NUVEEN CALIFORNIA QUA MUN INC FD,6726.0
67066Y10,15.22,15.38,2012-07-16,,23480.0,NAC,NUVEEN CALIFORNIA QUA MUN INC FD,6726.0
67066Y10,15.21,15.25,2012-07-17,,23480.0,NAC,NUVEEN CALIFORNIA QUA MUN INC FD,6726.0
67066Y10,15.31,15.19,2012-07-18,,23480.0,NAC,NUVEEN CALIFORNIA QUA MUN INC FD,6726.0
67066Y10,15.3764,15.26,2012-07-19,,23480.0,NAC,NUVEEN CALIFORNIA QUA MUN INC FD,6726.0
67066Y10,15.36,15.43,2012-07-20,,23480.0,NAC,NUVEEN CALIFORNIA QUA MUN INC FD,6726.0
67066Y10,15.27,15.37,2012-07-23,,23480.0,NAC,NUVEEN CALIFORNIA QUA MUN INC FD,6726.0
67066Y10,15.34,15.3,2012-07-24,,23480.0,NAC,NUVEEN CALIFORNIA QUA MUN INC FD,6726.0
67066Y10,15.42,15.32,2012-07-25,,23480.0,NAC,NUVEEN CALIFORNIA QUA MUN INC FD,6726.0
67066Y10,15.47,15.51,2012-07-26,,23480.0,NAC,NUVEEN CALIFORNIA QUA MUN INC FD,6726.0
67066Y10,15.55,15.52,2012-07-27,,23480.0,NAC,NUVEEN CALIFORNIA QUA MUN INC FD,6726.0
67066Y10,15.43,15.57,2012-07-30,,23480.0,NAC,NUVEEN CALIFORNIA QUA MUN INC FD,6726.0
67066Y10,15.46,15.5,2012-07-31,,23480.0,NAC,NUVEEN CALIFORNIA QUA MUN INC FD,6726.0
67066Y10,15.51,15.53,2012-08-01,,23480.0,NAC,NUVEEN CALIFORNIA QUA MUN INC FD,6726.0
67066Y10,15.49,15.56,2012-08-02,,23480.0,NAC,NUVEEN CALIFORNIA QUA MUN INC FD,6726.0
67066Y10,15.53,15.58,2012-08-03,,23480.0,NAC,NUVEEN CALIFORNIA QUA MUN INC FD,6726.0
67066Y10,15.5301,15.56,2012-08-06,,23480.0,NAC,NUVEEN CALIFORNIA QUA MUN INC FD,6726.0
67066Y10,15.54,15.6,2012-08-07,,23480.0,NAC,NUVEEN CALIFORNIA QUA MUN INC FD,6726.0
67066Y10,15.53,15.6,2012-08-08,,23480.0,NAC,NUVEEN CALIFORNIA QUA MUN INC FD,6726.0
67066Y10,15.45,15.56,2012-08-09,,23480.0,NAC,NUVEEN CALIFORNIA QUA MUN INC FD,6726.0
67066Y10,15.35,15.48,2012-08-10,,23480.0,NAC,NUVEEN CALIFORNIA QUA MUN INC FD,6726.0
67066Y10,15.23,15.32,2012-08-13,,23480.0,NAC,NUVEEN CALIFORNIA QUA MUN INC FD,6726.0
67066Y10,15.28,15.23,2012-08-14,,23480.0,NAC,NUVEEN CALIFORNIA QUA MUN INC FD,6726.0
67066Y10,15.42,15.33,2012-08-15,,23480.0,NAC,NUVEEN CALIFORNIA QUA MUN INC FD,6726.0
67066Y10,15.52,15.43,2012-08-16,,23480.0,NAC,NUVEEN CALIFORNIA QUA MUN INC FD,6726.0
67066Y10,15.46,15.57,2012-08-17,,23480.0,NAC,NUVEEN CALIFORNIA QUA MUN INC FD,6726.0
67066Y10,15.39,15.46,2012-08-20,,23480.0,NAC,NUVEEN CALIFORNIA QUA MUN INC FD,6726.0
67066Y10,15.37,15.47,2012-08-21,,23480.0,NAC,NUVEEN CALIFORNIA QUA MUN INC FD,6726.0
67066Y10,15.26,15.42,2012-08-22,,23480.0,NAC,NUVEEN CALIFORNIA QUA MUN INC FD,6726.0
67066Y10,15.4,15.3,2012-08-23,,23480.0,NAC,NUVEEN CALIFORNIA QUA MUN INC FD,6726.0
67066Y10,15.52,15.4,2012-08-24,,23480.0,NAC,NUVEEN CALIFORNIA QUA MUN INC FD,6726.0
67066Y10,15.35,15.47,2012-08-27,,23480.0,NAC,NUVEEN CALIFORNIA QUA MUN INC FD,6726.0
67066Y10,15.3,15.31,2012-08-28,,23480.0,NAC,NUVEEN CALIFORNIA QUA MUN INC FD,6726.0
67066Y10,15.48,15.39,2012-08-29,,23480.0,NAC,NUVEEN CALIFORNIA QUA MUN INC FD,6726.0
67066Y10,15.38,15.41,2012-08-30,,23480.0,NAC,NUVEEN CALIFORNIA QUA MUN INC FD,6726.0
67066Y10,15.24,15.45,2012-08-31,,23480.0,NAC,NUVEEN CALIFORNIA QUA MUN INC FD,6726.0
67066Y10,15.18,15.23,2012-09-04,,23480.0,NAC,NUVEEN CALIFORNIA QUA MUN INC FD,6726.0
67066Y10,15.21,15.2,2012-09-05,,23480.0,NAC,NUVEEN CALIFORNIA QUA MUN INC FD,6726.0
67066Y10,15.2,15.23,2012-09-06,,23480.0,NAC,NUVEEN CALIFORNIA QUA MUN INC FD,6726.0
67066Y10,15.21,15.16,2012-09-07,,23480.0,NAC,NUVEEN CALIFORNIA QUA MUN INC FD,6726.0
67066Y10,15.28,15.23,2012-09-10,,23480.0,NAC,NUVEEN CALIFORNIA QUA MUN INC FD,6726.0
67066Y10,15.42,15.33,2012-09-11,,23480.0,NAC,NUVEEN CALIFORNIA QUA MUN INC FD,6726.0
67066Y10,15.39,15.39,2012-09-12,,23480.0,NAC,NUVEEN CALIFORNIA QUA MUN INC FD,6726.0
67066Y10,15.44,15.44,2012-09-13,,23480.0,NAC,NUVEEN CALIFORNIA QUA MUN INC FD,6726.0
67066Y10,15.48,15.48,2012-09-14,,23480.0,NAC,NUVEEN CALIFORNIA QUA MUN INC FD,6726.0
67066Y10,15.49,15.53,2012-09-17,,23480.0,NAC,NUVEEN CALIFORNIA QUA MUN INC FD,6726.0
67066Y10,15.53,15.44,2012-09-18,,23480.0,NAC,NUVEEN CALIFORNIA QUA MUN INC FD,6726.0
67066Y10,15.63,15.57,2012-09-19,,23480.0,NAC,NUVEEN CALIFORNIA QUA MUN INC FD,6726.0
67066Y10,15.67,15.7,2012-09-20,,23480.0,NAC,NUVEEN CALIFORNIA QUA MUN INC FD,6726.0
67066Y10,15.745,15.75,2012-09-21,,23480.0,NAC,NUVEEN CALIFORNIA QUA MUN INC FD,6726.0
67066Y10,15.93,15.8,2012-09-24,,23480.0,NAC,NUVEEN CALIFORNIA QUA MUN INC FD,6726.0
67066Y10,16.08,15.97,2012-09-25,,23480.0,NAC,NUVEEN CALIFORNIA QUA MUN INC FD,6726.0
67066Y10,16.27,16.18,2012-09-26,,23480.0,NAC,NUVEEN CALIFORNIA QUA MUN INC FD,6726.0
67066Y10,16.22,16.26,2012-09-27,,23480.0,NAC,NUVEEN CALIFORNIA QUA MUN INC FD,6726.0
67066Y10,16.1,16.25,2012-09-28,,23480.0,NAC,NUVEEN CALIFORNIA QUA MUN INC FD,6726.0
67066Y10,16.07,16.15,2012-10-01,,23480.0,NAC,NUVEEN CALIFORNIA QUA MUN INC FD,6726.0
67066Y10,16.05,16.17,2012-10-02,,23480.0,NAC,NUVEEN CALIFORNIA QUA MUN INC FD,6726.0
67066Y10,16.03,16.08,2012-10-03,,23480.0,NAC,NUVEEN CALIFORNIA QUA MUN INC FD,6726.0
67066Y10,15.91,16.09,2012-10-04,,23480.0,NAC,NUVEEN CALIFORNIA QUA MUN INC FD,6726.0
67066Y10,15.9548,15.93,2012-10-05,,23480.0,NAC,NUVEEN CALIFORNIA QUA MUN INC FD,6726.0
67066Y10,15.86,15.92,2012-10-08,,23480.0,NAC,NUVEEN CALIFORNIA QUA MUN INC FD,6726.0
67066Y10,15.73,15.84,2012-10-09,,23480.0,NAC,NUVEEN CALIFORNIA QUA MUN INC FD,6726.0
67066Y10,15.84,15.77,2012-10-10,,23480.0,NAC,NUVEEN CALIFORNIA QUA MUN INC FD,6726.0
67066Y10,15.86,15.74,2012-10-11,,23480.0,NAC,NUVEEN CALIFORNIA QUA MUN INC FD,6726.0
67066Y10,15.86,15.84,2012-10-12,,23480.0,NAC,NUVEEN CALIFORNIA QUA MUN INC FD,6726.0
67066Y10,15.94,15.86,2012-10-15,,23480.0,NAC,NUVEEN CALIFORNIA QUA MUN INC FD,6726.0
67066Y10,15.81,15.88,2012-10-16,,23480.0,NAC,NUVEEN CALIFORNIA QUA MUN INC FD,6726.0
67066Y10,15.7,15.76,2012-10-17,,23480.0,NAC,NUVEEN CALIFORNIA QUA MUN INC FD,6726.0
67066Y10,15.68,15.85,2012-10-18,,23480.0,NAC,NUVEEN CALIFORNIA QUA MUN INC FD,6726.0
67066Y10,15.65,15.66,2012-10-19,,23480.0,NAC,NUVEEN CALIFORNIA QUA MUN INC FD,6726.0
67066Y10,15.61,15.63,2012-10-22,,23480.0,NAC,NUVEEN CALIFORNIA QUA MUN INC FD,6726.0
67066Y10,15.69,15.7,2012-10-23,,23480.0,NAC,NUVEEN CALIFORNIA QUA MUN INC FD,6726.0
67066Y10,15.8,15.66,2012-10-24,,23480.0,NAC,NUVEEN CALIFORNIA QUA MUN INC FD,6726.0
67066Y10,15.72,15.78,2012-10-25,,23480.0,NAC,NUVEEN CALIFORNIA QUA MUN INC FD,6726.0
67066Y10,15.75,15.7,2012-10-26,,23480.0,NAC,NUVEEN CALIFORNIA QUA MUN INC FD,6726.0
67066Y10,15.8,15.77,2012-10-31,,23487.0,NAC,NUVEEN CALIFORNIA QUA MUN INC FD,6726.0
67066Y10,15.87,15.9,2012-11-01,,23487.0,NAC,NUVEEN CALIFORNIA QUA MUN INC FD,6726.0
67066Y10,15.76,15.94,2012-11-02,,23487.0,NAC,NUVEEN CALIFORNIA QUA MUN INC FD,6726.0
67066Y10,15.68,15.72,2012-11-05,,23487.0,NAC,NUVEEN CALIFORNIA QUA MUN INC FD,6726.0
67066Y10,15.68,15.72,2012-11-06,,23487.0,NAC,NUVEEN CALIFORNIA QUA MUN INC FD,6726.0
67066Y10,15.82,15.71,2012-11-07,,23487.0,NAC,NUVEEN CALIFORNIA QUA MUN INC FD,6726.0
67066Y10,15.9,15.88,2012-11-08,,23487.0,NAC,NUVEEN CALIFORNIA QUA MUN INC FD,6726.0
67066Y10,15.99,15.98,2012-11-09,,23487.0,NAC,NUVEEN CALIFORNIA QUA MUN INC FD,6726.0
67066Y10,16.0,15.95,2012-11-12,,23487.0,NAC,NUVEEN CALIFORNIA QUA MUN INC FD,6726.0
67066Y10,15.95,15.96,2012-11-13,,23487.0,NAC,NUVEEN CALIFORNIA QUA MUN INC FD,6726.0
67066Y10,15.74,15.99,2012-11-14,,23487.0,NAC,NUVEEN CALIFORNIA QUA MUN INC FD,6726.0
67066Y10,15.7,15.74,2012-11-15,,23487.0,NAC,NUVEEN CALIFORNIA QUA MUN INC FD,6726.0
67066Y10,15.79,15.66,2012-11-16,,23487.0,NAC,NUVEEN CALIFORNIA QUA MUN INC FD,6726.0
67066Y10,15.94,15.88,2012-11-19,,23487.0,NAC,NUVEEN CALIFORNIA QUA MUN INC FD,6726.0
67066Y10,15.98,15.99,2012-11-20,,23487.0,NAC,NUVEEN CALIFORNIA QUA MUN INC FD,6726.0
67066Y10,15.96,16.05,2012-11-21,,23487.0,NAC,NUVEEN CALIFORNIA QUA MUN INC FD,6726.0
67066Y10,16.01,16.01,2012-11-23,,23487.0,NAC,NUVEEN CALIFORNIA QUA MUN INC FD,6726.0
67066Y10,15.89,16.01,2012-11-26,,23487.0,NAC,NUVEEN CALIFORNIA QUA MUN INC FD,6726.0
67066Y10,16.08,16.01,2012-11-27,,23487.0,NAC,NUVEEN CALIFORNIA QUA MUN INC FD,6726.0
67066Y10,16.21,16.08,2012-11-28,,23487.0,NAC,NUVEEN CALIFORNIA QUA MUN INC FD,6726.0
67066Y10,16.31,16.2,2012-11-29,,23487.0,NAC,NUVEEN CALIFORNIA QUA MUN INC FD,6726.0
67066Y10,16.35,16.19,2012-11-30,,23487.0,NAC,NUVEEN CALIFORNIA QUA MUN INC FD,6726.0
67066Y10,16.15,16.35,2012-12-03,,23487.0,NAC,NUVEEN CALIFORNIA QUA MUN INC FD,6726.0
67066Y10,16.11,16.07,2012-12-04,,23487.0,NAC,NUVEEN CALIFORNIA QUA MUN INC FD,6726.0
67066Y10,16.09,16.05,2012-12-05,,23487.0,NAC,NUVEEN CALIFORNIA QUA MUN INC FD,6726.0
67066Y10,15.95,16.15,2012-12-06,,23487.0,NAC,NUVEEN CALIFORNIA QUA MUN INC FD,6726.0
67066Y10,15.85,15.96,2012-12-07,,23487.0,NAC,NUVEEN CALIFORNIA QUA MUN INC FD,6726.0
67066Y10,15.75,15.85,2012-12-10,,23487.0,NAC,NUVEEN CALIFORNIA QUA MUN INC FD,6726.0
67066Y10,15.92,15.75,2012-12-11,,23487.0,NAC,NUVEEN CALIFORNIA QUA MUN INC FD,6726.0
67066Y10,15.91,15.94,2012-12-12,,23487.0,NAC,NUVEEN CALIFORNIA QUA MUN INC FD,6726.0
67066Y10,15.93,15.89,2012-12-13,,23487.0,NAC,NUVEEN CALIFORNIA QUA MUN INC FD,6726.0
67066Y10,16.1,15.9,2012-12-14,,23487.0,NAC,NUVEEN CALIFORNIA QUA MUN INC FD,6726.0
67066Y10,15.9,16.07,2012-12-17,,23487.0,NAC,NUVEEN CALIFORNIA QUA MUN INC FD,6726.0
67066Y10,15.85,15.86,2012-12-18,,23487.0,NAC,NUVEEN CALIFORNIA QUA MUN INC FD,6726.0
67066Y10,15.96,15.8,2012-12-19,,23487.0,NAC,NUVEEN CALIFORNIA QUA MUN INC FD,6726.0
67066Y10,16.03,16.01,2012-12-20,,23487.0,NAC,NUVEEN CALIFORNIA QUA MUN INC FD,6726.0
67066Y10,16.08,16.07,2012-12-21,,23487.0,NAC,NUVEEN CALIFORNIA QUA MUN INC FD,6726.0
67066Y10,16.0,15.97,2012-12-24,,23487.0,NAC,NUVEEN CALIFORNIA QUA MUN INC FD,6726.0
67066Y10,15.81,15.92,2012-12-26,,23487.0,NAC,NUVEEN CALIFORNIA QUA MUN INC FD,6726.0
67066Y10,15.97,15.92,2012-12-27,,23487.0,NAC,NUVEEN CALIFORNIA QUA MUN INC FD,6726.0
67066Y10,16.02,15.95,2012-12-28,,23487.0,NAC,NUVEEN CALIFORNIA QUA MUN INC FD,6726.0
67066Y10,16.1,16.01,2012-12-31,,23487.0,NAC,NUVEEN CALIFORNIA QUA MUN INC FD,6726.0
67066Y10,16.32,16.13,2013-01-02,,23487.0,NAC,NUVEEN CALIFORNIA QUA MUN INC FD,6726.0
67066Y10,16.45,16.42,2013-01-03,,23487.0,NAC,NUVEEN CALIFORNIA QUA MUN INC FD,6726.0
67066Y10,16.58,16.4,2013-01-04,,23487.0,NAC,NUVEEN CALIFORNIA QUA MUN INC FD,6726.0
67066Y10,16.39,16.41,2013-01-07,,23487.0,NAC,NUVEEN CALIFORNIA QUA MUN INC FD,6726.0
67066Y10,16.42,16.32,2013-01-08,,23487.0,NAC,NUVEEN CALIFORNIA QUA MUN INC FD,6726.0
67066Y10,16.48,16.42,2013-01-09,,23487.0,NAC,NUVEEN CALIFORNIA QUA MUN INC FD,6726.0
67066Y10,16.48,16.4,2013-01-10,,23487.0,NAC,NUVEEN CALIFORNIA QUA MUN INC FD,6726.0
67066Y10,16.38,16.45,2013-01-11,,23487.0,NAC,NUVEEN CALIFORNIA QUA MUN INC FD,6726.0
67066Y10,16.27,16.37,2013-01-14,,23487.0,NAC,NUVEEN CALIFORNIA QUA MUN INC FD,6726.0
67066Y10,16.19,16.26,2013-01-15,,23487.0,NAC,NUVEEN CALIFORNIA QUA MUN INC FD,6726.0
67066Y10,16.2,16.12,2013-01-16,,23487.0,NAC,NUVEEN CALIFORNIA QUA MUN INC FD,6726.0
67066Y10,16.25,16.31,2013-01-17,,23487.0,NAC,NUVEEN CALIFORNIA QUA MUN INC FD,6726.0
67066Y10,16.22,16.25,2013-01-18,,23487.0,NAC,NUVEEN CALIFORNIA QUA MUN INC FD,6726.0
67066Y10,16.24,16.3,2013-01-22,,23487.0,NAC,NUVEEN CALIFORNIA QUA MUN INC FD,6726.0
67066Y10,16.41,16.24,2013-01-23,,23487.0,NAC,NUVEEN CALIFORNIA QUA MUN INC FD,6726.0
67066Y10,16.37,16.43,2013-01-24,,23487.0,NAC,NUVEEN CALIFORNIA QUA MUN INC FD,6726.0
67066Y10,16.24,16.32,2013-01-25,,23487.0,NAC,NUVEEN CALIFORNIA QUA MUN INC FD,6726.0
67066Y10,16.03,16.33,2013-01-28,,23487.0,NAC,NUVEEN CALIFORNIA QUA MUN INC FD,6726.0
67066Y10,15.9,16.1,2013-01-29,,23487.0,NAC,NUVEEN CALIFORNIA QUA MUN INC FD,6726.0
67066Y10,15.84,15.89,2013-01-30,,23487.0,NAC,NUVEEN CALIFORNIA QUA MUN INC FD,6726.0
67066Y10,15.84,15.83,2013-01-31,,23487.0,NAC,NUVEEN CALIFORNIA QUA MUN INC FD,6726.0
67066Y10,15.93,15.98,2013-02-01,,23487.0,NAC,NUVEEN CALIFORNIA QUA MUN INC FD,6726.0
67066Y10,15.85,16.0,2013-02-04,,23487.0,NAC,NUVEEN CALIFORNIA QUA MUN INC FD,6726.0
67066Y10,15.86,15.82,2013-02-05,,23487.0,NAC,NUVEEN CALIFORNIA QUA MUN INC FD,6726.0
67066Y10,15.93,15.9,2013-02-06,,23487.0,NAC,NUVEEN CALIFORNIA QUA MUN INC FD,6726.0
67066Y10,15.9712,15.95,2013-02-07,,23487.0,NAC,NUVEEN CALIFORNIA QUA MUN INC FD,6726.0
67066Y10,15.97,15.99,2013-02-08,,23487.0,NAC,NUVEEN CALIFORNIA QUA MUN INC FD,6726.0
67066Y10,15.99,16.0,2013-02-11,,23487.0,NAC,NUVEEN CALIFORNIA QUA MUN INC FD,6726.0
67066Y10,16.01,16.0,2013-02-12,,23487.0,NAC,NUVEEN CALIFORNIA QUA MUN INC FD,6726.0
67066Y10,15.93,15.91,2013-02-13,,23487.0,NAC,NUVEEN CALIFORNIA QUA MUN INC FD,6726.0
67066Y10,15.85,15.91,2013-02-14,,23487.0,NAC,NUVEEN CALIFORNIA QUA MUN INC FD,6726.0
67066Y10,15.85,15.91,2013-02-15,,23487.0,NAC,NUVEEN CALIFORNIA QUA MUN INC FD,6726.0
67066Y10,15.81,15.92,2013-02-19,,23487.0,NAC,NUVEEN CALIFORNIA QUA MUN INC FD,6726.0
67066Y10,15.91,15.84,2013-02-20,,23487.0,NAC,NUVEEN CALIFORNIA QUA MUN INC FD,6726.0
67066Y10,15.99,15.86,2013-02-21,,23487.0,NAC,NUVEEN CALIFORNIA QUA MUN INC FD,6726.0
67066Y10,15.98,16.03,2013-02-22,,23487.0,NAC,NUVEEN CALIFORNIA QUA MUN INC FD,6726.0
67066Y10,15.87,15.91,2013-02-25,,23487.0,NAC,NUVEEN CALIFORNIA QUA MUN INC FD,6726.0
67066Y10,15.85,15.88,2013-02-26,,23487.0,NAC,NUVEEN CALIFORNIA QUA MUN INC FD,6726.0
67066Y10,15.82,15.85,2013-02-27,,23487.0,NAC,NUVEEN CALIFORNIA QUA MUN INC FD,6726.0
67066Y10,15.81,15.79,2013-02-28,,23487.0,NAC,NUVEEN CALIFORNIA QUA MUN INC FD,6726.0
67066Y10,15.75,15.81,2013-03-01,,23487.0,NAC,NUVEEN CALIFORNIA QUA MUN INC FD,6726.0
67066Y10,15.81,15.72,2013-03-04,,23487.0,NAC,NUVEEN CALIFORNIA QUA MUN INC FD,6726.0
67066Y10,15.7901,15.8,2013-03-05,,23487.0,NAC,NUVEEN CALIFORNIA QUA MUN INC FD,6726.0
67066Y10,15.74,15.77,2013-03-06,,23487.0,NAC,NUVEEN CALIFORNIA QUA MUN INC FD,6726.0
67066Y10,15.721,15.74,2013-03-07,,23487.0,NAC,NUVEEN CALIFORNIA QUA MUN INC FD,6726.0
67066Y10,15.7676,15.68,2013-03-08,,23487.0,NAC,NUVEEN CALIFORNIA QUA MUN INC FD,6726.0
67066Y10,15.58,15.79,2013-03-11,,23487.0,NAC,NUVEEN CALIFORNIA QUA MUN INC FD,6726.0
67066Y10,15.55,15.56,2013-03-12,,23487.0,NAC,NUVEEN CALIFORNIA QUA MUN INC FD,6726.0
67066Y10,15.08,15.51,2013-03-13,,23487.0,NAC,NUVEEN CALIFORNIA QUA MUN INC FD,6726.0
67066Y10,14.95,15.03,2013-03-14,,23487.0,NAC,NUVEEN CALIFORNIA QUA MUN INC FD,6726.0
67066Y10,14.59,14.7,2013-03-15,,23487.0,NAC,NUVEEN CALIFORNIA QUA MUN INC FD,6726.0
67066Y10,14.97,14.67,2013-03-18,,23487.0,NAC,NUVEEN CALIFORNIA QUA MUN INC FD,6726.0
67066Y10,15.06,14.93,2013-03-19,,23487.0,NAC,NUVEEN CALIFORNIA QUA MUN INC FD,6726.0
67066Y10,15.28,15.02,2013-03-20,,23487.0,NAC,NUVEEN CALIFORNIA QUA MUN INC FD,6726.0
67066Y10,15.15,15.19,2013-03-21,,23487.0,NAC,NUVEEN CALIFORNIA QUA MUN INC FD,6726.0
67066Y10,15.14,15.19,2013-03-22,,23487.0,NAC,NUVEEN CALIFORNIA QUA MUN INC FD,6726.0
67066Y10,15.14,15.14,2013-03-25,,23487.0,NAC,NUVEEN CALIFORNIA QUA MUN INC FD,6726.0
67066Y10,15.05,15.11,2013-03-26,,23487.0,NAC,NUVEEN CALIFORNIA QUA MUN INC FD,6726.0
67066Y10,15.12,15.04,2013-03-27,,23487.0,NAC,NUVEEN CALIFORNIA QUA MUN INC FD,6726.0
67066Y10,15.3,15.18,2013-03-28,,23487.0,NAC,NUVEEN CALIFORNIA QUA MUN INC FD,6726.0
67066Y10,15.226,15.29,2013-04-01,,23487.0,NAC,NUVEEN CALIFORNIA QUA MUN INC FD,6726.0
67066Y10,15.26,15.28,2013-04-02,,23487.0,NAC,NUVEEN CALIFORNIA QUA MUN INC FD,6726.0
67066Y10,15.16,15.22,2013-04-03,,23487.0,NAC,NUVEEN CALIFORNIA QUA MUN INC FD,6726.0
67066Y10,15.04,15.13,2013-04-04,,23487.0,NAC,NUVEEN CALIFORNIA QUA MUN INC FD,6726.0
67066Y10,15.33,15.03,2013-04-05,,23487.0,NAC,NUVEEN CALIFORNIA QUA MUN INC FD,6726.0
67066Y10,15.19,15.33,2013-04-08,,23487.0,NAC,NUVEEN CALIFORNIA QUA MUN INC FD,6726.0
67066Y10,15.29,15.21,2013-04-09,,23487.0,NAC,NUVEEN CALIFORNIA QUA MUN INC FD,6726.0
67066Y10,15.25,15.22,2013-04-10,,23487.0,NAC,NUVEEN CALIFORNIA QUA MUN INC FD,6726.0
67066Y10,15.16,15.18,2013-04-11,,23487.0,NAC,NUVEEN CALIFORNIA QUA MUN INC FD,6726.0
67066Y10,15.19,15.11,2013-04-12,,23487.0,NAC,NUVEEN CALIFORNIA QUA MUN INC FD,6726.0
67066Y10,15.15,15.17,2013-04-15,,23487.0,NAC,NUVEEN CALIFORNIA QUA MUN INC FD,6726.0
67066Y10,15.11,15.1,2013-04-16,,23487.0,NAC,NUVEEN CALIFORNIA QUA MUN INC FD,6726.0
67066Y10,15.1,15.1,2013-04-17,,23487.0,NAC,NUVEEN CALIFORNIA QUA MUN INC FD,6726.0
67066Y10,15.09,15.11,2013-04-18,,23487.0,NAC,NUVEEN CALIFORNIA QUA MUN INC FD,6726.0
67066Y10,15.16,15.05,2013-04-19,,23487.0,NAC,NUVEEN CALIFORNIA QUA MUN INC FD,6726.0
67066Y10,15.25,15.2,2013-04-22,,23487.0,NAC,NUVEEN CALIFORNIA QUA MUN INC FD,6726.0
67066Y10,15.2636,15.29,2013-04-23,,23487.0,NAC,NUVEEN CALIFORNIA QUA MUN INC FD,6726.0
67066Y10,15.27,15.3,2013-04-24,,23487.0,NAC,NUVEEN CALIFORNIA QUA MUN INC FD,6726.0
67066Y10,15.259,15.23,2013-04-25,,23487.0,NAC,NUVEEN CALIFORNIA QUA MUN INC FD,6726.0
67066Y10,15.21,15.19,2013-04-26,,23487.0,NAC,NUVEEN CALIFORNIA QUA MUN INC FD,6726.0
67066Y10,15.25,15.26,2013-04-29,,23487.0,NAC,NUVEEN CALIFORNIA QUA MUN INC FD,6726.0
67066Y10,15.25,15.31,2013-04-30,,23487.0,NAC,NUVEEN CALIFORNIA QUA MUN INC FD,6726.0
67066Y10,15.31,15.33,2013-05-01,,23487.0,NAC,NUVEEN CALIFORNIA QUA MUN INC FD,6726.0
67066Y10,15.4,15.35,2013-05-02,,23487.0,NAC,NUVEEN CALIFORNIA QUA MUN INC FD,6726.0
67066Y10,15.3,15.36,2013-05-03,,23487.0,NAC,NUVEEN CALIFORNIA QUA MUN INC FD,6726.0
67066Y10,15.41,15.31,2013-05-06,,23487.0,NAC,NUVEEN CALIFORNIA QUA MUN INC FD,6726.0
67066Y10,15.47,15.41,2013-05-07,,23487.0,NAC,NUVEEN CALIFORNIA QUA MUN INC FD,6726.0
67066Y10,15.5,15.5,2013-05-08,,23487.0,NAC,NUVEEN CALIFORNIA QUA MUN INC FD,6726.0
67066Y10,15.42,15.44,2013-05-09,,23487.0,NAC,NUVEEN CALIFORNIA QUA MUN INC FD,6726.0
67066Y10,15.37,15.48,2013-05-10,,23487.0,NAC,NUVEEN CALIFORNIA QUA MUN INC FD,6726.0
67066Y10,15.18,15.39,2013-05-13,,23487.0,NAC,NUVEEN CALIFORNIA QUA MUN INC FD,6726.0
67066Y10,15.21,15.16,2013-05-14,,23487.0,NAC,NUVEEN CALIFORNIA QUA MUN INC FD,6726.0
67066Y10,15.16,15.19,2013-05-15,,23487.0,NAC,NUVEEN CALIFORNIA QUA MUN INC FD,6726.0
67066Y10,15.15,15.18,2013-05-16,,23487.0,NAC,NUVEEN CALIFORNIA QUA MUN INC FD,6726.0
67066Y10,15.12,15.15,2013-05-17,,23487.0,NAC,NUVEEN CALIFORNIA QUA MUN INC FD,6726.0
67066Y10,15.13,15.11,2013-05-20,,23487.0,NAC,NUVEEN CALIFORNIA QUA MUN INC FD,6726.0
67066Y10,15.09,15.09,2013-05-21,,23487.0,NAC,NUVEEN CALIFORNIA QUA MUN INC FD,6726.0
67066Y10,15.09,15.06,2013-05-22,,23487.0,NAC,NUVEEN CALIFORNIA QUA MUN INC FD,6726.0
67066Y10,15.07,15.06,2013-05-23,,23487.0,NAC,NUVEEN CALIFORNIA QUA MUN INC FD,6726.0
67066Y10,15.019,14.97,2013-05-24,,23487.0,NAC,NUVEEN CALIFORNIA QUA MUN INC FD,6726.0
67066Y10,14.92,14.97,2013-05-28,,23487.0,NAC,NUVEEN CALIFORNIA QUA MUN INC FD,6726.0
67066Y10,14.71,14.89,2013-05-29,,23487.0,NAC,NUVEEN CALIFORNIA QUA MUN INC FD,6726.0
67066Y10,14.51,14.59,2013-05-30,,23487.0,NAC,NUVEEN CALIFORNIA QUA MUN INC FD,6726.0
67066Y10,14.14,14.43,2013-05-31,,23529.0,NAC,NUVEEN CALIFORNIA QUA MUN INC FD,6726.0
67066Y10,14.04,14.04,2013-06-03,,23529.0,NAC,NUVEEN CALIFORNIA QUA MUN INC FD,6726.0
67066Y10,14.1053,14.0,2013-06-04,,23529.0,NAC,NUVEEN CALIFORNIA QUA MUN INC FD,6726.0
67066Y10,14.35,14.2,2013-06-05,,23529.0,NAC,NUVEEN CALIFORNIA QUA MUN INC FD,6726.0
67066Y10,14.52,14.41,2013-06-06,,23529.0,NAC,NUVEEN CALIFORNIA QUA MUN INC FD,6726.0
67066Y10,14.54,14.53,2013-06-07,,23529.0,NAC,NUVEEN CALIFORNIA QUA MUN INC FD,6726.0
67066Y10,14.338,14.5,2013-06-10,,23529.0,NAC,NUVEEN CALIFORNIA QUA MUN INC FD,6726.0
67066Y10,14.2,14.3,2013-06-11,,23529.0,NAC,NUVEEN CALIFORNIA QUA MUN INC FD,6726.0
67066Y10,13.95,14.06,2013-06-12,,23529.0,NAC,NUVEEN CALIFORNIA QUA MUN INC FD,6726.0
67066Y10,13.83,13.94,2013-06-13,,23529.0,NAC,NUVEEN CALIFORNIA QUA MUN INC FD,6726.0
67066Y10,13.87,13.91,2013-06-14,,23529.0,NAC,NUVEEN CALIFORNIA QUA MUN INC FD,6726.0
67066Y10,14.0,13.93,2013-06-17,,23529.0,NAC,NUVEEN CALIFORNIA QUA MUN INC FD,6726.0
67066Y10,13.76,13.85,2013-06-18,,23529.0,NAC,NUVEEN CALIFORNIA QUA MUN INC FD,6726.0
67066Y10,13.81,13.78,2013-06-19,,23529.0,NAC,NUVEEN CALIFORNIA QUA MUN INC FD,6726.0
67066Y10,13.48,13.71,2013-06-20,,23529.0,NAC,NUVEEN CALIFORNIA QUA MUN INC FD,6726.0
67066Y10,13.32,13.46,2013-06-21,,23529.0,NAC,NUVEEN CALIFORNIA QUA MUN INC FD,6726.0
67066Y10,12.91,13.22,2013-06-24,,23529.0,NAC,NUVEEN CALIFORNIA QUA MUN INC FD,6726.0
67066Y10,12.78,12.95,2013-06-25,,23529.0,NAC,NUVEEN CALIFORNIA QUA MUN INC FD,6726.0
67066Y10,13.3,12.89,2013-06-26,,23529.0,NAC,NUVEEN CALIFORNIA QUA MUN INC FD,6726.0
67066Y10,13.68,13.39,2013-06-27,,23529.0,NAC,NUVEEN CALIFORNIA QUA MUN INC FD,6726.0
67066Y10,13.68,13.66,2013-06-28,,23529.0,NAC,NUVEEN CALIFORNIA QUA MUN INC FD,6726.0
67066Y10,13.68,13.7,2013-07-01,,23529.0,NAC,NUVEEN CALIFORNIA QUA MUN INC FD,6726.0
67066Y10,13.58,13.56,2013-07-02,,23529.0,NAC,NUVEEN CALIFORNIA QUA MUN INC FD,6726.0
67066Y10,13.38,13.53,2013-07-03,,23529.0,NAC,NUVEEN CALIFORNIA QUA MUN INC FD,6726.0
67066Y10,13.16,13.25,2013-07-05,,23529.0,NAC,NUVEEN CALIFORNIA QUA MUN INC FD,6726.0
67066Y10,13.1852,13.11,2013-07-08,,23529.0,NAC,NUVEEN CALIFORNIA QUA MUN INC FD,6726.0
67066Y10,13.06,13.09,2013-07-09,,23529.0,NAC,NUVEEN CALIFORNIA QUA MUN INC FD,6726.0
67066Y10,12.95,13.01,2013-07-10,,23529.0,NAC,NUVEEN CALIFORNIA QUA MUN INC FD,6726.0
67066Y10,13.12,12.93,2013-07-11,,23529.0,NAC,NUVEEN CALIFORNIA QUA MUN INC FD,6726.0
67066Y10,13.06,13.08,2013-07-12,,23529.0,NAC,NUVEEN CALIFORNIA QUA MUN INC FD,6726.0
67066Y10,12.9,13.03,2013-07-15,,23529.0,NAC,NUVEEN CALIFORNIA QUA MUN INC FD,6726.0
67066Y10,12.88,12.95,2013-07-16,,23529.0,NAC,NUVEEN CALIFORNIA QUA MUN INC FD,6726.0
67066Y10,13.0,12.89,2013-07-17,,23529.0,NAC,NUVEEN CALIFORNIA QUA MUN INC FD,6726.0
67066Y10,12.95,12.99,2013-07-18,,23529.0,NAC,NUVEEN CALIFORNIA QUA MUN INC FD,6726.0
67066Y10,12.79,12.9,2013-07-19,,23529.0,NAC,NUVEEN CALIFORNIA QUA MUN INC FD,6726.0
67066Y10,12.48,12.78,2013-07-22,,23529.0,NAC,NUVEEN CALIFORNIA QUA MUN INC FD,6726.0
67066Y10,12.75,12.46,2013-07-23,,23529.0,NAC,NUVEEN CALIFORNIA QUA MUN INC FD,6726.0
67066Y10,12.61,12.75,2013-07-24,,23529.0,NAC,NUVEEN CALIFORNIA QUA MUN INC FD,6726.0
67066Y10,12.51,12.53,2013-07-25,,23529.0,NAC,NUVEEN CALIFORNIA QUA MUN INC FD,6726.0
67066Y10,12.65,12.51,2013-07-26,,23529.0,NAC,NUVEEN CALIFORNIA QUA MUN INC FD,6726.0
67066Y10,12.61,12.59,2013-07-29,,23529.0,NAC,NUVEEN CALIFORNIA QUA MUN INC FD,6726.0
67066Y10,12.56,12.6,2013-07-30,,23529.0,NAC,NUVEEN CALIFORNIA QUA MUN INC FD,6726.0
67066Y10,12.59,12.53,2013-07-31,,23529.0,NAC,NUVEEN CALIFORNIA QUA MUN INC FD,6726.0
67066Y10,12.59,12.66,2013-08-01,,23529.0,NAC,NUVEEN CALIFORNIA QUA MUN INC FD,6726.0
67066Y10,12.61,12.6,2013-08-02,,23529.0,NAC,NUVEEN CALIFORNIA QUA MUN INC FD,6726.0
67066Y10,12.35,12.57,2013-08-05,,23529.0,NAC,NUVEEN CALIFORNIA QUA MUN INC FD,6726.0
67066Y10,12.44,12.31,2013-08-06,,23529.0,NAC,NUVEEN CALIFORNIA QUA MUN INC FD,6726.0
67066Y10,12.41,12.34,2013-08-07,,23529.0,NAC,NUVEEN CALIFORNIA QUA MUN INC FD,6726.0
67066Y10,12.36,12.39,2013-08-08,,23529.0,NAC,NUVEEN CALIFORNIA QUA MUN INC FD,6726.0
67066Y10,12.46,12.3,2013-08-09,,23529.0,NAC,NUVEEN CALIFORNIA QUA MUN INC FD,6726.0
67066Y10,12.5,12.46,2013-08-12,,23529.0,NAC,NUVEEN CALIFORNIA QUA MUN INC FD,6726.0
67066Y10,12.23,12.38,2013-08-13,,23529.0,NAC,NUVEEN CALIFORNIA QUA MUN INC FD,6726.0
67066Y10,12.15,12.17,2013-08-14,,23529.0,NAC,NUVEEN CALIFORNIA QUA MUN INC FD,6726.0
67066Y10,12.08,12.13,2013-08-15,,23529.0,NAC,NUVEEN CALIFORNIA QUA MUN INC FD,6726.0
67066Y10,12.04,12.0,2013-08-16,,23529.0,NAC,NUVEEN CALIFORNIA QUA MUN INC FD,6726.0
67066Y10,12.0099,12.04,2013-08-19,,23529.0,NAC,NUVEEN CALIFORNIA QUA MUN INC FD,6726.0
67066Y10,12.1,11.96,2013-08-20,,23529.0,NAC,NUVEEN CALIFORNIA QUA MUN INC FD,6726.0
67066Y10,12.11,12.03,2013-08-21,,23529.0,NAC,NUVEEN CALIFORNIA QUA MUN INC FD,6726.0
67066Y10,12.42,12.13,2013-08-22,,23529.0,NAC,NUVEEN CALIFORNIA QUA MUN INC FD,6726.0
67066Y10,12.45,12.4,2013-08-23,,23529.0,NAC,NUVEEN CALIFORNIA QUA MUN INC FD,6726.0
67066Y10,12.5,12.51,2013-08-26,,23529.0,NAC,NUVEEN CALIFORNIA QUA MUN INC FD,6726.0
67066Y10,12.45,12.46,2013-08-27,,23529.0,NAC,NUVEEN CALIFORNIA QUA MUN INC FD,6726.0
67066Y10,12.4,12.51,2013-08-28,,23529.0,NAC,NUVEEN CALIFORNIA QUA MUN INC FD,6726.0
67066Y10,12.28,12.33,2013-08-29,,23529.0,NAC,NUVEEN CALIFORNIA QUA MUN INC FD,6726.0
67066Y10,12.28,12.34,2013-08-30,,23529.0,NAC,NUVEEN CALIFORNIA QUA MUN INC FD,6726.0
67066Y10,12.27,12.25,2013-09-03,,23529.0,NAC,NUVEEN CALIFORNIA QUA MUN INC FD,6726.0
67066Y10,12.28,12.28,2013-09-04,,23529.0,NAC,NUVEEN CALIFORNIA QUA MUN INC FD,6726.0
67066Y10,12.36,12.35,2013-09-05,,23529.0,NAC,NUVEEN CALIFORNIA QUA MUN INC FD,6726.0
67066Y10,12.31,12.36,2013-09-06,,23529.0,NAC,NUVEEN CALIFORNIA QUA MUN INC FD,6726.0
67066Y10,12.34,12.39,2013-09-09,,23529.0,NAC,NUVEEN CALIFORNIA QUA MUN INC FD,6726.0
67066Y10,12.354,12.38,2013-09-10,,23529.0,NAC,NUVEEN CALIFORNIA QUA MUN INC FD,6726.0
67066Y10,12.18,12.26,2013-09-11,,23529.0,NAC,NUVEEN CALIFORNIA QUA MUN INC FD,6726.0
67066Y10,12.2,12.24,2013-09-12,,23529.0,NAC,NUVEEN CALIFORNIA QUA MUN INC FD,6726.0
67066Y10,12.23,12.25,2013-09-13,,23529.0,NAC,NUVEEN CALIFORNIA QUA MUN INC FD,6726.0
67066Y10,12.31,12.25,2013-09-16,,23529.0,NAC,NUVEEN CALIFORNIA QUA MUN INC FD,6726.0
67066Y10,12.4625,12.32,2013-09-17,,23529.0,NAC,NUVEEN CALIFORNIA QUA MUN INC FD,6726.0
67066Y10,12.85,12.52,2013-09-18,,23529.0,NAC,NUVEEN CALIFORNIA QUA MUN INC FD,6726.0
67066Y10,12.81,12.8,2013-09-19,,23529.0,NAC,NUVEEN CALIFORNIA QUA MUN INC FD,6726.0
67066Y10,12.81,12.8,2013-09-20,,23529.0,NAC,NUVEEN CALIFORNIA QUA MUN INC FD,6726.0
67066Y10,12.75,12.8,2013-09-23,,23529.0,NAC,NUVEEN CALIFORNIA QUA MUN INC FD,6726.0
67066Y10,12.91,12.81,2013-09-24,,23529.0,NAC,NUVEEN CALIFORNIA QUA MUN INC FD,6726.0
67066Y10,12.98,12.94,2013-09-25,,23529.0,NAC,NUVEEN CALIFORNIA QUA MUN INC FD,6726.0
67066Y10,12.9,12.93,2013-09-26,,23529.0,NAC,NUVEEN CALIFORNIA QUA MUN INC FD,6726.0
67066Y10,12.85,12.93,2013-09-27,,23529.0,NAC,NUVEEN CALIFORNIA QUA MUN INC FD,6726.0
67066Y10,12.784,12.82,2013-09-30,,23529.0,NAC,NUVEEN CALIFORNIA QUA MUN INC FD,6726.0
67066Y10,12.8,12.83,2013-10-01,,23529.0,NAC,NUVEEN CALIFORNIA QUA MUN INC FD,6726.0
67066Y10,12.73,12.78,2013-10-02,,23529.0,NAC,NUVEEN CALIFORNIA QUA MUN INC FD,6726.0
67066Y10,12.6,12.73,2013-10-03,,23529.0,NAC,NUVEEN CALIFORNIA QUA MUN INC FD,6726.0
67066Y10,12.64,12.6,2013-10-04,,23529.0,NAC,NUVEEN CALIFORNIA QUA MUN INC FD,6726.0
67066Y10,12.56,12.62,2013-10-07,,23529.0,NAC,NUVEEN CALIFORNIA QUA MUN INC FD,6726.0
67066Y10,12.56,12.59,2013-10-08,,23529.0,NAC,NUVEEN CALIFORNIA QUA MUN INC FD,6726.0
67066Y10,12.54,12.57,2013-10-09,,23529.0,NAC,NUVEEN CALIFORNIA QUA MUN INC FD,6726.0
67066Y10,12.45,12.46,2013-10-10,,23529.0,NAC,NUVEEN CALIFORNIA QUA MUN INC FD,6726.0
67066Y10,12.38,12.46,2013-10-11,,23529.0,NAC,NUVEEN CALIFORNIA QUA MUN INC FD,6726.0
67066Y10,12.39,12.42,2013-10-14,,23529.0,NAC,NUVEEN CALIFORNIA QUA MUN INC FD,6726.0
67066Y10,12.38,12.35,2013-10-15,,23529.0,NAC,NUVEEN CALIFORNIA QUA MUN INC FD,6726.0
67066Y10,12.49,12.38,2013-10-16,,23529.0,NAC,NUVEEN CALIFORNIA QUA MUN INC FD,6726.0
67066Y10,12.76,12.45,2013-10-17,,23529.0,NAC,NUVEEN CALIFORNIA QUA MUN INC FD,6726.0
67066Y10,12.94,12.81,2013-10-18,,23529.0,NAC,NUVEEN CALIFORNIA QUA MUN INC FD,6726.0
67066Y10,12.96,12.92,2013-10-21,,23529.0,NAC,NUVEEN CALIFORNIA QUA MUN INC FD,6726.0
67066Y10,12.99,13.05,2013-10-22,,23529.0,NAC,NUVEEN CALIFORNIA QUA MUN INC FD,6726.0
67066Y10,13.14,12.98,2013-10-23,,23529.0,NAC,NUVEEN CALIFORNIA QUA MUN INC FD,6726.0
67066Y10,13.18,13.17,2013-10-24,,23529.0,NAC,NUVEEN CALIFORNIA QUA MUN INC FD,6726.0
67066Y10,13.21,13.16,2013-10-25,,23529.0,NAC,NUVEEN CALIFORNIA QUA MUN INC FD,6726.0
67066Y10,13.28,13.19,2013-10-28,,23529.0,NAC,NUVEEN CALIFORNIA QUA MUN INC FD,6726.0
67066Y10,13.25,13.26,2013-10-29,,23529.0,NAC,NUVEEN CALIFORNIA QUA MUN INC FD,6726.0
67066Y10,13.226,13.25,2013-10-30,,23529.0,NAC,NUVEEN CALIFORNIA QUA MUN INC FD,6726.0
67066Y10,13.18,13.21,2013-10-31,,23529.0,NAC,NUVEEN CALIFORNIA QUA MUN INC FD,6726.0
67066Y10,13.09,13.18,2013-11-01,,23529.0,NAC,NUVEEN CALIFORNIA QUA MUN INC FD,6726.0
67066Y10,13.01,13.01,2013-11-04,,23529.0,NAC,NUVEEN CALIFORNIA QUA MUN INC FD,6726.0
67066Y10,13.06,13.0,2013-11-05,,23529.0,NAC,NUVEEN CALIFORNIA QUA MUN INC FD,6726.0
67066Y10,12.99,13.0,2013-11-06,,23529.0,NAC,NUVEEN CALIFORNIA QUA MUN INC FD,6726.0
67066Y10,13.15,12.99,2013-11-07,,23529.0,NAC,NUVEEN CALIFORNIA QUA MUN INC FD,6726.0
67066Y10,12.93,13.02,2013-11-08,,23529.0,NAC,NUVEEN CALIFORNIA QUA MUN INC FD,6726.0
67066Y10,12.83,12.9,2013-11-11,,23529.0,NAC,NUVEEN CALIFORNIA QUA MUN INC FD,6726.0
67066Y10,12.75,12.86,2013-11-12,,23529.0,NAC,NUVEEN CALIFORNIA QUA MUN INC FD,6726.0
67066Y10,12.72,12.63,2013-11-13,,23529.0,NAC,NUVEEN CALIFORNIA QUA MUN INC FD,6726.0
67066Y10,12.64,12.7,2013-11-14,,23529.0,NAC,NUVEEN CALIFORNIA QUA MUN INC FD,6726.0
67066Y10,12.61,12.63,2013-11-15,,23529.0,NAC,NUVEEN CALIFORNIA QUA MUN INC FD,6726.0
67066Y10,12.53,12.55,2013-11-18,,23529.0,NAC,NUVEEN CALIFORNIA QUA MUN INC FD,6726.0
67066Y10,12.54,12.5,2013-11-19,,23529.0,NAC,NUVEEN CALIFORNIA QUA MUN INC FD,6726.0
67066Y10,12.55,12.52,2013-11-20,,23529.0,NAC,NUVEEN CALIFORNIA QUA MUN INC FD,6726.0
67066Y10,12.53,12.57,2013-11-21,,23529.0,NAC,NUVEEN CALIFORNIA QUA MUN INC FD,6726.0
67066Y10,12.55,12.58,2013-11-22,,23529.0,NAC,NUVEEN CALIFORNIA QUA MUN INC FD,6726.0
67066Y10,12.49,12.52,2013-11-25,,23529.0,NAC,NUVEEN CALIFORNIA QUA MUN INC FD,6726.0
67066Y10,12.46,12.48,2013-11-26,,23529.0,NAC,NUVEEN CALIFORNIA QUA MUN INC FD,6726.0
67066Y10,12.475,12.45,2013-11-27,,23529.0,NAC,NUVEEN CALIFORNIA QUA MUN INC FD,6726.0
67066Y10,12.41,12.45,2013-11-29,,23529.0,NAC,NUVEEN CALIFORNIA QUA MUN INC FD,6726.0
67066Y10,12.38,12.43,2013-12-02,,23529.0,NAC,NUVEEN CALIFORNIA QUA MUN INC FD,6726.0
67066Y10,12.39,12.41,2013-12-03,,23529.0,NAC,NUVEEN CALIFORNIA QUA MUN INC FD,6726.0
67066Y10,12.29,12.42,2013-12-04,,23529.0,NAC,NUVEEN CALIFORNIA QUA MUN INC FD,6726.0
67066Y10,12.26,12.23,2013-12-05,,23529.0,NAC,NUVEEN CALIFORNIA QUA MUN INC FD,6726.0
67066Y10,12.3,12.27,2013-12-06,,23529.0,NAC,NUVEEN CALIFORNIA QUA MUN INC FD,6726.0
67066Y10,12.3,12.25,2013-12-09,,23529.0,NAC,NUVEEN CALIFORNIA QUA MUN INC FD,6726.0
67066Y10,12.36,12.25,2013-12-10,,23529.0,NAC,NUVEEN CALIFORNIA QUA MUN INC FD,6726.0
67066Y10,12.3,12.3,2013-12-11,,23529.0,NAC,NUVEEN CALIFORNIA QUA MUN INC FD,6726.0
67066Y10,12.37,12.31,2013-12-12,,23529.0,NAC,NUVEEN CALIFORNIA QUA MUN INC FD,6726.0
67066Y10,12.34,12.28,2013-12-13,,23529.0,NAC,NUVEEN CALIFORNIA QUA MUN INC FD,6726.0
67066Y10,12.34,12.36,2013-12-16,,23529.0,NAC,NUVEEN CALIFORNIA QUA MUN INC FD,6726.0
67066Y10,12.41,12.4,2013-12-17,,23529.0,NAC,NUVEEN CALIFORNIA QUA MUN INC FD,6726.0
67066Y10,12.42,12.41,2013-12-18,,23529.0,NAC,NUVEEN CALIFORNIA QUA MUN INC FD,6726.0
67066Y10,12.6,12.36,2013-12-19,,23529.0,NAC,NUVEEN CALIFORNIA QUA MUN INC FD,6726.0
67066Y10,12.68,12.58,2013-12-20,,23529.0,NAC,NUVEEN CALIFORNIA QUA MUN INC FD,6726.0
67066Y10,12.85,12.74,2013-12-23,,23529.0,NAC,NUVEEN CALIFORNIA QUA MUN INC FD,6726.0
67066Y10,12.84,12.87,2013-12-24,,23529.0,NAC,NUVEEN CALIFORNIA QUA MUN INC FD,6726.0
67066Y10,12.84,12.86,2013-12-26,,23529.0,NAC,NUVEEN CALIFORNIA QUA MUN INC FD,6726.0
67066Y10,12.73,12.84,2013-12-27,,23529.0,NAC,NUVEEN CALIFORNIA QUA MUN INC FD,6726.0
67066Y10,12.74,12.67,2013-12-30,,23529.0,NAC,NUVEEN CALIFORNIA QUA MUN INC FD,6726.0
67066Y10,12.85,12.85,2013-12-31,,23529.0,NAC,NUVEEN CALIFORNIA QUA MUN INC FD,6726.0
67066Y10,12.81,12.86,2014-01-02,,23529.0,NAC,NUVEEN CALIFORNIA QUA MUN INC FD,6726.0
67066Y10,12.83,12.86,2014-01-03,,23529.0,NAC,NUVEEN CALIFORNIA QUA MUN INC FD,6726.0
67066Y10,12.95,12.78,2014-01-06,,23529.0,NAC,NUVEEN CALIFORNIA QUA MUN INC FD,6726.0
67066Y10,12.88,12.96,2014-01-07,,23529.0,NAC,NUVEEN CALIFORNIA QUA MUN INC FD,6726.0
67066Y10,12.96,12.86,2014-01-08,,23529.0,NAC,NUVEEN CALIFORNIA QUA MUN INC FD,6726.0
67066Y10,12.97,13.01,2014-01-09,,23529.0,NAC,NUVEEN CALIFORNIA QUA MUN INC FD,6726.0
67066Y10,13.17,12.96,2014-01-10,,23529.0,NAC,NUVEEN CALIFORNIA QUA MUN INC FD,6726.0
67066Y10,13.11,13.16,2014-01-13,,23529.0,NAC,NUVEEN CALIFORNIA QUA MUN INC FD,6726.0
67066Y10,13.14,13.13,2014-01-14,,23529.0,NAC,NUVEEN CALIFORNIA QUA MUN INC FD,6726.0
67066Y10,13.13,13.15,2014-01-15,,23529.0,NAC,NUVEEN CALIFORNIA QUA MUN INC FD,6726.0
67066Y10,13.185,13.13,2014-01-16,,23529.0,NAC,NUVEEN CALIFORNIA QUA MUN INC FD,6726.0
67066Y10,13.37,13.21,2014-01-17,,23529.0,NAC,NUVEEN CALIFORNIA QUA MUN INC FD,6726.0
67066Y10,13.42,13.35,2014-01-21,,23529.0,NAC,NUVEEN CALIFORNIA QUA MUN INC FD,6726.0
67066Y10,13.43,13.43,2014-01-22,,23529.0,NAC,NUVEEN CALIFORNIA QUA MUN INC FD,6726.0
67066Y10,13.52,13.43,2014-01-23,,23529.0,NAC,NUVEEN CALIFORNIA QUA MUN INC FD,6726.0
67066Y10,13.44,13.55,2014-01-24,,23529.0,NAC,NUVEEN CALIFORNIA QUA MUN INC FD,6726.0
67066Y10,13.31,13.44,2014-01-27,,23529.0,NAC,NUVEEN CALIFORNIA QUA MUN INC FD,6726.0
67066Y10,13.36,13.31,2014-01-28,,23529.0,NAC,NUVEEN CALIFORNIA QUA MUN INC FD,6726.0
67066Y10,13.4,13.43,2014-01-29,,23529.0,NAC,NUVEEN CALIFORNIA QUA MUN INC FD,6726.0
67066Y10,13.55,13.45,2014-01-30,,23529.0,NAC,NUVEEN CALIFORNIA QUA MUN INC FD,6726.0
67066Y10,13.57,13.55,2014-01-31,,23529.0,NAC,NUVEEN CALIFORNIA QUA MUN INC FD,6726.0
67066Y10,13.62,13.6,2014-02-03,,23529.0,NAC,NUVEEN CALIFORNIA QUA MUN INC FD,6726.0
67066Y10,13.57,13.66,2014-02-04,,23529.0,NAC,NUVEEN CALIFORNIA QUA MUN INC FD,6726.0
67066Y10,13.62,13.58,2014-02-05,,23529.0,NAC,NUVEEN CALIFORNIA QUA MUN INC FD,6726.0
67066Y10,13.62,13.64,2014-02-06,,23529.0,NAC,NUVEEN CALIFORNIA QUA MUN INC FD,6726.0
67066Y10,13.66,13.67,2014-02-07,,23529.0,NAC,NUVEEN CALIFORNIA QUA MUN INC FD,6726.0
67066Y10,13.75,13.63,2014-02-10,,23529.0,NAC,NUVEEN CALIFORNIA QUA MUN INC FD,6726.0
67066Y10,13.84,13.78,2014-02-11,,23529.0,NAC,NUVEEN CALIFORNIA QUA MUN INC FD,6726.0
67066Y10,13.63,13.72,2014-02-12,,23529.0,NAC,NUVEEN CALIFORNIA QUA MUN INC FD,6726.0
67066Y10,13.63,13.61,2014-02-13,,23529.0,NAC,NUVEEN CALIFORNIA QUA MUN INC FD,6726.0
67066Y10,13.54,13.63,2014-02-14,,23529.0,NAC,NUVEEN CALIFORNIA QUA MUN INC FD,6726.0
67066Y10,13.47,13.58,2014-02-18,,23529.0,NAC,NUVEEN CALIFORNIA QUA MUN INC FD,6726.0
67066Y10,13.69,13.53,2014-02-19,,23529.0,NAC,NUVEEN CALIFORNIA QUA MUN INC FD,6726.0
67066Y10,13.77,13.74,2014-02-20,,23529.0,NAC,NUVEEN CALIFORNIA QUA MUN INC FD,6726.0
67066Y10,13.83,13.81,2014-02-21,,23529.0,NAC,NUVEEN CALIFORNIA QUA MUN INC FD,6726.0
67066Y10,13.85,13.91,2014-02-24,,23529.0,NAC,NUVEEN CALIFORNIA QUA MUN INC FD,6726.0
67066Y10,13.87,13.89,2014-02-25,,23529.0,NAC,NUVEEN CALIFORNIA QUA MUN INC FD,6726.0
67066Y10,13.94,13.93,2014-02-26,,23529.0,NAC,NUVEEN CALIFORNIA QUA MUN INC FD,6726.0
67066Y10,13.97,13.95,2014-02-27,,23529.0,NAC,NUVEEN CALIFORNIA QUA MUN INC FD,6726.0
67066Y10,14.07,14.0,2014-02-28,,23529.0,NAC,NUVEEN CALIFORNIA QUA MUN INC FD,6726.0
67066Y10,13.91,14.14,2014-03-03,,23529.0,NAC,NUVEEN CALIFORNIA QUA MUN INC FD,6726.0
67066Y10,13.9,13.97,2014-03-04,,23529.0,NAC,NUVEEN CALIFORNIA QUA MUN INC FD,6726.0
67066Y10,13.95,13.96,2014-03-05,,23529.0,NAC,NUVEEN CALIFORNIA QUA MUN INC FD,6726.0
67066Y10,13.845,13.95,2014-03-06,,23529.0,NAC,NUVEEN CALIFORNIA QUA MUN INC FD,6726.0
67066Y10,13.7,13.8,2014-03-07,,23529.0,NAC,NUVEEN CALIFORNIA QUA MUN INC FD,6726.0
67066Y10,13.73,13.67,2014-03-10,,23529.0,NAC,NUVEEN CALIFORNIA QUA MUN INC FD,6726.0
67066Y10,13.75,13.7,2014-03-11,,23529.0,NAC,NUVEEN CALIFORNIA QUA MUN INC FD,6726.0
67066Y10,13.77,13.73,2014-03-12,,23529.0,NAC,NUVEEN CALIFORNIA QUA MUN INC FD,6726.0
67066Y10,13.8,13.76,2014-03-13,,23529.0,NAC,NUVEEN CALIFORNIA QUA MUN INC FD,6726.0
67066Y10,13.77,13.8,2014-03-14,,23529.0,NAC,NUVEEN CALIFORNIA QUA MUN INC FD,6726.0
67066Y10,13.85,13.85,2014-03-17,,23529.0,NAC,NUVEEN CALIFORNIA QUA MUN INC FD,6726.0
67066Y10,13.78,13.86,2014-03-18,,23529.0,NAC,NUVEEN CALIFORNIA QUA MUN INC FD,6726.0
67066Y10,13.72,13.81,2014-03-19,,23529.0,NAC,NUVEEN CALIFORNIA QUA MUN INC FD,6726.0
67066Y10,13.63,13.64,2014-03-20,,23529.0,NAC,NUVEEN CALIFORNIA QUA MUN INC FD,6726.0
67066Y10,13.6447,13.63,2014-03-21,,23529.0,NAC,NUVEEN CALIFORNIA QUA MUN INC FD,6726.0
67066Y10,13.76,13.64,2014-03-24,,23529.0,NAC,NUVEEN CALIFORNIA QUA MUN INC FD,6726.0
67066Y10,13.8199,13.79,2014-03-25,,23529.0,NAC,NUVEEN CALIFORNIA QUA MUN INC FD,6726.0
67066Y10,13.88,13.84,2014-03-26,,23529.0,NAC,NUVEEN CALIFORNIA QUA MUN INC FD,6726.0
67066Y10,13.87,13.83,2014-03-27,,23529.0,NAC,NUVEEN CALIFORNIA QUA MUN INC FD,6726.0
67066Y10,13.9,13.88,2014-03-28,,23529.0,NAC,NUVEEN CALIFORNIA QUA MUN INC FD,6726.0
67066Y10,13.889,13.94,2014-03-31,,23529.0,NAC,NUVEEN CALIFORNIA QUA MUN INC FD,6726.0
67066Y10,13.76,13.95,2014-04-01,,23529.0,NAC,NUVEEN CALIFORNIA QUA MUN INC FD,6726.0
67066Y10,13.74,13.79,2014-04-02,,23529.0,NAC,NUVEEN CALIFORNIA QUA MUN INC FD,6726.0
67066Y10,13.76,13.66,2014-04-03,,23529.0,NAC,NUVEEN CALIFORNIA QUA MUN INC FD,6726.0
67066Y10,13.82,13.76,2014-04-04,,23529.0,NAC,NUVEEN CALIFORNIA QUA MUN INC FD,6726.0
67066Y10,13.81,13.96,2014-04-07,,23529.0,NAC,NUVEEN CALIFORNIA QUA MUN INC FD,6726.0
67066Y10,13.8,13.77,2014-04-08,,23529.0,NAC,NUVEEN CALIFORNIA QUA MUN INC FD,6726.0
67066Y10,13.89,13.82,2014-04-09,,23529.0,NAC,NUVEEN CALIFORNIA QUA MUN INC FD,6726.0
67066Y10,13.9,13.86,2014-04-10,,23529.0,NAC,NUVEEN CALIFORNIA QUA MUN INC FD,6726.0
67066Y10,13.83,13.81,2014-04-11,,23529.0,NAC,NUVEEN CALIFORNIA QUA MUN INC FD,6726.0
67066Y10,13.78,13.82,2014-04-14,,23529.0,NAC,NUVEEN CALIFORNIA QUA MUN INC FD,6726.0
67066Y10,13.8499,13.86,2014-04-15,,23529.0,NAC,NUVEEN CALIFORNIA QUA MUN INC FD,6726.0
67066Y10,13.91,13.9,2014-04-16,,23529.0,NAC,NUVEEN CALIFORNIA QUA MUN INC FD,6726.0
67066Y10,13.8931,13.96,2014-04-17,,23529.0,NAC,NUVEEN CALIFORNIA QUA MUN INC FD,6726.0
67066Y10,13.9697,13.93,2014-04-21,,23529.0,NAC,NUVEEN CALIFORNIA QUA MUN INC FD,6726.0
67066Y10,14.08,14.01,2014-04-22,,23529.0,NAC,NUVEEN CALIFORNIA QUA MUN INC FD,6726.0
67066Y10,14.15,14.12,2014-04-23,,23529.0,NAC,NUVEEN CALIFORNIA QUA MUN INC FD,6726.0
67066Y10,14.13,14.13,2014-04-24,,23529.0,NAC,NUVEEN CALIFORNIA QUA MUN INC FD,6726.0
67066Y10,14.3,14.13,2014-04-25,,23529.0,NAC,NUVEEN CALIFORNIA QUA MUN INC FD,6726.0
67066Y10,14.25,14.37,2014-04-28,,23529.0,NAC,NUVEEN CALIFORNIA QUA MUN INC FD,6726.0
67066Y10,14.22,14.25,2014-04-29,,23529.0,NAC,NUVEEN CALIFORNIA QUA MUN INC FD,6726.0
67066Y10,14.21,14.21,2014-04-30,,23529.0,NAC,NUVEEN CALIFORNIA QUA MUN INC FD,6726.0
67066Y10,14.3,14.27,2014-05-01,,23529.0,NAC,NUVEEN CALIFORNIA QUA MUN INC FD,6726.0
67066Y10,14.21,14.21,2014-05-02,,23529.0,NAC,NUVEEN CALIFORNIA QUA MUN INC FD,6726.0
67066Y10,14.2301,14.18,2014-05-05,,23529.0,NAC,NUVEEN CALIFORNIA QUA MUN INC FD,6726.0
67066Y10,14.21,14.18,2014-05-06,,23529.0,NAC,NUVEEN CALIFORNIA QUA MUN INC FD,6726.0
67066Y10,14.34,14.27,2014-05-07,,23529.0,NAC,NUVEEN CALIFORNIA QUA MUN INC FD,6726.0
67066Y10,14.35,14.32,2014-05-08,,23529.0,NAC,NUVEEN CALIFORNIA QUA MUN INC FD,6726.0
67066Y10,14.33,14.31,2014-05-09,,23529.0,NAC,NUVEEN CALIFORNIA QUA MUN INC FD,6726.0
67066Y10,14.33,14.37,2014-05-12,,23529.0,NAC,NUVEEN CALIFORNIA QUA MUN INC FD,6726.0
67066Y10,14.22,14.22,2014-05-13,,23529.0,NAC,NUVEEN CALIFORNIA QUA MUN INC FD,6726.0
67066Y10,14.22,14.23,2014-05-14,,23529.0,NAC,NUVEEN CALIFORNIA QUA MUN INC FD,6726.0
67066Y10,14.31,14.27,2014-05-15,,23529.0,NAC,NUVEEN CALIFORNIA QUA MUN INC FD,6726.0
67066Y10,14.27,14.32,2014-05-16,,23529.0,NAC,NUVEEN CALIFORNIA QUA MUN INC FD,6726.0
67066Y10,14.26,14.26,2014-05-19,,23529.0,NAC,NUVEEN CALIFORNIA QUA MUN INC FD,6726.0
67066Y10,14.28,14.31,2014-05-20,,23529.0,NAC,NUVEEN CALIFORNIA QUA MUN INC FD,6726.0
67066Y10,14.27,14.27,2014-05-21,,23529.0,NAC,NUVEEN CALIFORNIA QUA MUN INC FD,6726.0
67066Y10,14.27,14.31,2014-05-22,,23529.0,NAC,NUVEEN CALIFORNIA QUA MUN INC FD,6726.0
67066Y10,14.24,14.29,2014-05-23,,23529.0,NAC,NUVEEN CALIFORNIA QUA MUN INC FD,6726.0
67066Y10,14.22,14.23,2014-05-27,,23529.0,NAC,NUVEEN CALIFORNIA QUA MUN INC FD,6726.0
67066Y10,14.32,14.27,2014-05-28,,23529.0,NAC,NUVEEN CALIFORNIA QUA MUN INC FD,6726.0
67066Y10,14.37,14.34,2014-05-29,,23529.0,NAC,NUVEEN CALIFORNIA QUA MUN INC FD,6726.0
67066Y10,14.25,14.33,2014-05-30,,23529.0,NAC,NUVEEN CALIFORNIA QUA MUN INC FD,6726.0
67066Y10,14.26,14.27,2014-06-02,,23529.0,NAC,NUVEEN CALIFORNIA QUA MUN INC FD,6726.0
67066Y10,14.26,14.27,2014-06-03,,23529.0,NAC,NUVEEN CALIFORNIA QUA MUN INC FD,6726.0
67066Y10,14.1,14.13,2014-06-04,,23529.0,NAC,NUVEEN CALIFORNIA QUA MUN INC FD,6726.0
67066Y10,14.09,14.13,2014-06-05,,23529.0,NAC,NUVEEN CALIFORNIA QUA MUN INC FD,6726.0
67066Y10,14.1,14.16,2014-06-06,,23529.0,NAC,NUVEEN CALIFORNIA QUA MUN INC FD,6726.0
67066Y10,14.23,14.08,2014-06-09,,106951.0,NAC,NUVEEN CALIFORNIA QUA MUN INC FD,6726.0
67066Y10,14.22,14.27,2014-06-10,,106951.0,NAC,NUVEEN CALIFORNIA QUA MUN INC FD,6726.0
67066Y10,14.0,14.22,2014-06-11,,106951.0,NAC,NUVEEN CALIFORNIA QUA MUN INC FD,6726.0
67066Y10,14.08,14.0,2014-06-12,,106951.0,NAC,NUVEEN CALIFORNIA QUA MUN INC FD,6726.0
67066Y10,13.95,14.04,2014-06-13,,106951.0,NAC,NUVEEN CALIFORNIA QUA MUN INC FD,6726.0
67066Y10,13.89,13.92,2014-06-16,,106951.0,NAC,NUVEEN CALIFORNIA QUA MUN INC FD,6726.0
67066Y10,13.68,13.85,2014-06-17,,106951.0,NAC,NUVEEN CALIFORNIA QUA MUN INC FD,6726.0
67066Y10,13.66,13.63,2014-06-18,,106951.0,NAC,NUVEEN CALIFORNIA QUA MUN INC FD,6726.0
67066Y10,13.67,13.72,2014-06-19,,106951.0,NAC,NUVEEN CALIFORNIA QUA MUN INC FD,6726.0
67066Y10,13.73,13.63,2014-06-20,,106951.0,NAC,NUVEEN CALIFORNIA QUA MUN INC FD,6726.0
67066Y10,13.9,13.8,2014-06-23,,106951.0,NAC,NUVEEN CALIFORNIA QUA MUN INC FD,6726.0
67066Y10,13.92,13.88,2014-06-24,,106951.0,NAC,NUVEEN CALIFORNIA QUA MUN INC FD,6726.0
67066Y10,13.96,13.97,2014-06-25,,106951.0,NAC,NUVEEN CALIFORNIA QUA MUN INC FD,6726.0
67066Y10,13.96,13.95,2014-06-26,,106951.0,NAC,NUVEEN CALIFORNIA QUA MUN INC FD,6726.0
67066Y10,14.06,13.95,2014-06-27,,106951.0,NAC,NUVEEN CALIFORNIA QUA MUN INC FD,6726.0
67066Y10,13.9699,14.03,2014-06-30,,107384.0,NAC,NUVEEN CALIFORNIA QUA MUN INC FD,6726.0
67066Y10,13.9,13.96,2014-07-01,,107384.0,NAC,NUVEEN CALIFORNIA QUA MUN INC FD,6726.0
67066Y10,13.72,13.85,2014-07-02,,107384.0,NAC,NUVEEN CALIFORNIA QUA MUN INC FD,6726.0
67066Y10,13.7,13.66,2014-07-03,,107384.0,NAC,NUVEEN CALIFORNIA QUA MUN INC FD,6726.0
67066Y10,13.82,13.7,2014-07-07,,107384.0,NAC,NUVEEN CALIFORNIA QUA MUN INC FD,6726.0
67066Y10,13.8,13.85,2014-07-08,,107384.0,NAC,NUVEEN CALIFORNIA QUA MUN INC FD,6726.0
67066Y10,13.79,13.78,2014-07-09,,107384.0,NAC,NUVEEN CALIFORNIA QUA MUN INC FD,6726.0
67066Y10,13.74,13.82,2014-07-10,,107384.0,NAC,NUVEEN CALIFORNIA QUA MUN INC FD,6726.0
67066Y10,13.86,13.78,2014-07-11,,107384.0,NAC,NUVEEN CALIFORNIA QUA MUN INC FD,6726.0
67066Y10,13.93,13.91,2014-07-14,,107384.0,NAC,NUVEEN CALIFORNIA QUA MUN INC FD,6726.0
67066Y10,13.89,13.93,2014-07-15,,107384.0,NAC,NUVEEN CALIFORNIA QUA MUN INC FD,6726.0
67066Y10,13.93,13.9,2014-07-16,,107384.0,NAC,NUVEEN CALIFORNIA QUA MUN INC FD,6726.0
67066Y10,13.95,13.92,2014-07-17,,107384.0,NAC,NUVEEN CALIFORNIA QUA MUN INC FD,6726.0
67066Y10,13.91,13.99,2014-07-18,,107384.0,NAC,NUVEEN CALIFORNIA QUA MUN INC FD,6726.0
67066Y10,13.93,13.89,2014-07-21,,107384.0,NAC,NUVEEN CALIFORNIA QUA MUN INC FD,6726.0
67066Y10,13.98,13.98,2014-07-22,,107384.0,NAC,NUVEEN CALIFORNIA QUA MUN INC FD,6726.0
67066Y10,14.03,13.98,2014-07-23,,107384.0,NAC,NUVEEN CALIFORNIA QUA MUN INC FD,6726.0
67066Y10,13.96,13.98,2014-07-24,,107384.0,NAC,NUVEEN CALIFORNIA QUA MUN INC FD,6726.0
67066Y10,13.97,13.95,2014-07-25,,107384.0,NAC,NUVEEN CALIFORNIA QUA MUN INC FD,6726.0
67066Y10,13.94,13.97,2014-07-28,,107384.0,NAC,NUVEEN CALIFORNIA QUA MUN INC FD,6726.0
67066Y10,13.91,13.95,2014-07-29,,107384.0,NAC,NUVEEN CALIFORNIA QUA MUN INC FD,6726.0
67066Y10,13.82,13.9,2014-07-30,,107384.0,NAC,NUVEEN CALIFORNIA QUA MUN INC FD,6726.0
67066Y10,13.8,13.79,2014-07-31,,107384.0,NAC,NUVEEN CALIFORNIA QUA MUN INC FD,6726.0
67066Y10,13.84,13.85,2014-08-01,,107384.0,NAC,NUVEEN CALIFORNIA QUA MUN INC FD,6726.0
67066Y10,13.8,13.82,2014-08-04,,107384.0,NAC,NUVEEN CALIFORNIA QUA MUN INC FD,6726.0
67066Y10,13.84,13.8,2014-08-05,,107384.0,NAC,NUVEEN CALIFORNIA QUA MUN INC FD,6726.0
67066Y10,13.87,13.85,2014-08-06,,107384.0,NAC,NUVEEN CALIFORNIA QUA MUN INC FD,6726.0
67066Y10,13.95,13.87,2014-08-07,,107384.0,NAC,NUVEEN CALIFORNIA QUA MUN INC FD,6726.0
67066Y10,14.03,13.95,2014-08-08,,107384.0,NAC,NUVEEN CALIFORNIA QUA MUN INC FD,6726.0
67066Y10,14.06,14.03,2014-08-11,,107384.0,NAC,NUVEEN CALIFORNIA QUA MUN INC FD,6726.0
67066Y10,14.09,14.13,2014-08-12,,107384.0,NAC,NUVEEN CALIFORNIA QUA MUN INC FD,6726.0
67066Y10,13.98,14.05,2014-08-13,,107384.0,NAC,NUVEEN CALIFORNIA QUA MUN INC FD,6726.0
67066Y10,13.97,14.04,2014-08-14,,107384.0,NAC,NUVEEN CALIFORNIA QUA MUN INC FD,6726.0
67066Y10,13.96,13.97,2014-08-15,,107384.0,NAC,NUVEEN CALIFORNIA QUA MUN INC FD,6726.0
67066Y10,13.9,13.9,2014-08-18,,107384.0,NAC,NUVEEN CALIFORNIA QUA MUN INC FD,6726.0
67066Y10,14.01,13.91,2014-08-19,,107384.0,NAC,NUVEEN CALIFORNIA QUA MUN INC FD,6726.0
67066Y10,14.06,14.02,2014-08-20,,107384.0,NAC,NUVEEN CALIFORNIA QUA MUN INC FD,6726.0
67066Y10,14.04,14.07,2014-08-21,,107384.0,NAC,NUVEEN CALIFORNIA QUA MUN INC FD,6726.0
67066Y10,14.03,14.08,2014-08-22,,107384.0,NAC,NUVEEN CALIFORNIA QUA MUN INC FD,6726.0
67066Y10,14.03,14.0,2014-08-25,,107384.0,NAC,NUVEEN CALIFORNIA QUA MUN INC FD,6726.0
67066Y10,14.11,14.07,2014-08-26,,107384.0,NAC,NUVEEN CALIFORNIA QUA MUN INC FD,6726.0
67066Y10,14.2,14.15,2014-08-27,,107384.0,NAC,NUVEEN CALIFORNIA QUA MUN INC FD,6726.0
67066Y10,14.26,14.19,2014-08-28,,107384.0,NAC,NUVEEN CALIFORNIA QUA MUN INC FD,6726.0
67066Y10,14.26,14.24,2014-08-29,,107384.0,NAC,NUVEEN CALIFORNIA QUA MUN INC FD,6726.0
67066Y10,14.24,14.25,2014-09-02,,107384.0,NAC,NUVEEN CALIFORNIA QUA MUN INC FD,6726.0
67066Y10,14.33,14.25,2014-09-03,,107384.0,NAC,NUVEEN CALIFORNIA QUA MUN INC FD,6726.0
67066Y10,14.34,14.28,2014-09-04,,107384.0,NAC,NUVEEN CALIFORNIA QUA MUN INC FD,6726.0
67066Y10,14.31,14.35,2014-09-05,,107384.0,NAC,NUVEEN CALIFORNIA QUA MUN INC FD,6726.0
67066Y10,14.31,14.36,2014-09-08,,107384.0,NAC,NUVEEN CALIFORNIA QUA MUN INC FD,6726.0
67066Y10,14.4,14.35,2014-09-09,,107384.0,NAC,NUVEEN CALIFORNIA QUA MUN INC FD,6726.0
67066Y10,14.45,14.37,2014-09-10,,107384.0,NAC,NUVEEN CALIFORNIA QUA MUN INC FD,6726.0
67066Y10,14.34,14.4,2014-09-11,,107384.0,NAC,NUVEEN CALIFORNIA QUA MUN INC FD,6726.0
67066Y10,14.18,14.28,2014-09-12,,107384.0,NAC,NUVEEN CALIFORNIA QUA MUN INC FD,6726.0
67066Y10,14.13,14.21,2014-09-15,,107384.0,NAC,NUVEEN CALIFORNIA QUA MUN INC FD,6726.0
67066Y10,14.02,14.07,2014-09-16,,107384.0,NAC,NUVEEN CALIFORNIA QUA MUN INC FD,6726.0
67066Y10,14.07,14.0,2014-09-17,,107384.0,NAC,NUVEEN CALIFORNIA QUA MUN INC FD,6726.0
67066Y10,14.17,14.05,2014-09-18,,107384.0,NAC,NUVEEN CALIFORNIA QUA MUN INC FD,6726.0
67066Y10,14.13,14.17,2014-09-19,,107384.0,NAC,NUVEEN CALIFORNIA QUA MUN INC FD,6726.0
67066Y10,14.16,14.17,2014-09-22,,107384.0,NAC,NUVEEN CALIFORNIA QUA MUN INC FD,6726.0
67066Y10,14.21,14.09,2014-09-23,,107384.0,NAC,NUVEEN CALIFORNIA QUA MUN INC FD,6726.0
67066Y10,14.24,14.23,2014-09-24,,107384.0,NAC,NUVEEN CALIFORNIA QUA MUN INC FD,6726.0
67066Y10,14.21,14.23,2014-09-25,,107384.0,NAC,NUVEEN CALIFORNIA QUA MUN INC FD,6726.0
67066Y10,14.19,14.17,2014-09-26,,107384.0,NAC,NUVEEN CALIFORNIA QUA MUN INC FD,6726.0
67066Y10,14.21,14.19,2014-09-29,,107384.0,NAC,NUVEEN CALIFORNIA QUA MUN INC FD,6726.0
67066Y10,14.25,14.2,2014-09-30,,107384.0,NAC,NUVEEN CALIFORNIA QUA MUN INC FD,6726.0
67066Y10,14.31,14.33,2014-10-01,,107384.0,NAC,NUVEEN CALIFORNIA QUA MUN INC FD,6726.0
67066Y10,14.34,14.37,2014-10-02,,107384.0,NAC,NUVEEN CALIFORNIA QUA MUN INC FD,6726.0
67066Y10,14.32,14.29,2014-10-03,,107384.0,NAC,NUVEEN CALIFORNIA QUA MUN INC FD,6726.0
67066Y10,14.33,14.35,2014-10-06,,107384.0,NAC,NUVEEN CALIFORNIA QUA MUN INC FD,6726.0
67066Y10,14.42,14.37,2014-10-07,,107384.0,NAC,NUVEEN CALIFORNIA QUA MUN INC FD,6726.0
67066Y10,14.52,14.4,2014-10-08,,107384.0,NAC,NUVEEN CALIFORNIA QUA MUN INC FD,6726.0
67066Y10,14.52,14.53,2014-10-09,,107384.0,NAC,NUVEEN CALIFORNIA QUA MUN INC FD,6726.0
67066Y10,14.39,14.43,2014-10-10,,107384.0,NAC,NUVEEN CALIFORNIA QUA MUN INC FD,6726.0
67066Y10,14.32,14.46,2014-10-13,,107384.0,NAC,NUVEEN CALIFORNIA QUA MUN INC FD,6726.0
67066Y10,14.34,14.33,2014-10-14,,107384.0,NAC,NUVEEN CALIFORNIA QUA MUN INC FD,6726.0
67066Y10,14.49,14.37,2014-10-15,,107384.0,NAC,NUVEEN CALIFORNIA QUA MUN INC FD,6726.0
67066Y10,14.57,14.53,2014-10-16,,107384.0,NAC,NUVEEN CALIFORNIA QUA MUN INC FD,6726.0
67066Y10,14.64,14.52,2014-10-17,,107384.0,NAC,NUVEEN CALIFORNIA QUA MUN INC FD,6726.0
67066Y10,14.6,14.61,2014-10-20,,107384.0,NAC,NUVEEN CALIFORNIA QUA MUN INC FD,6726.0
67066Y10,14.54,14.65,2014-10-21,,107384.0,NAC,NUVEEN CALIFORNIA QUA MUN INC FD,6726.0
67066Y10,14.63,14.59,2014-10-22,,107384.0,NAC,NUVEEN CALIFORNIA QUA MUN INC FD,6726.0
67066Y10,14.66,14.65,2014-10-23,,107384.0,NAC,NUVEEN CALIFORNIA QUA MUN INC FD,6726.0
67066Y10,14.7,14.71,2014-10-24,,107384.0,NAC,NUVEEN CALIFORNIA QUA MUN INC FD,6726.0
67066Y10,14.7,14.73,2014-10-27,,107384.0,NAC,NUVEEN CALIFORNIA QUA MUN INC FD,6726.0
67066Y10,14.73,14.74,2014-10-28,,107384.0,NAC,NUVEEN CALIFORNIA QUA MUN INC FD,6726.0
67066Y10,14.75,14.74,2014-10-29,,107384.0,NAC,NUVEEN CALIFORNIA QUA MUN INC FD,6726.0
67066Y10,14.8,14.79,2014-10-30,,107384.0,NAC,NUVEEN CALIFORNIA QUA MUN INC FD,6726.0
67066Y10,14.83,14.84,2014-10-31,,107384.0,NAC,NUVEEN CALIFORNIA QUA MUN INC FD,6726.0
67066Y10,14.78,14.87,2014-11-03,,107384.0,NAC,NUVEEN CALIFORNIA QUA MUN INC FD,6726.0
67066Y10,14.84,14.84,2014-11-04,,107384.0,NAC,NUVEEN CALIFORNIA QUA MUN INC FD,6726.0
67066Y10,14.87,14.87,2014-11-05,,107384.0,NAC,NUVEEN CALIFORNIA QUA MUN INC FD,6726.0
67066Y10,14.98,14.98,2014-11-06,,107384.0,NAC,NUVEEN CALIFORNIA QUA MUN INC FD,6726.0
67066Y10,14.9,14.94,2014-11-07,,107384.0,NAC,NUVEEN CALIFORNIA QUA MUN INC FD,6726.0
67066Y10,14.83,14.85,2014-11-10,,107384.0,NAC,NUVEEN CALIFORNIA QUA MUN INC FD,6726.0
67066Y10,14.98,14.88,2014-11-11,,107384.0,NAC,NUVEEN CALIFORNIA QUA MUN INC FD,6726.0
67066Y10,14.8,14.9,2014-11-12,,107384.0,NAC,NUVEEN CALIFORNIA QUA MUN INC FD,6726.0
67066Y10,14.73,14.75,2014-11-13,,107384.0,NAC,NUVEEN CALIFORNIA QUA MUN INC FD,6726.0
67066Y10,14.7,14.67,2014-11-14,,107384.0,NAC,NUVEEN CALIFORNIA QUA MUN INC FD,6726.0
67066Y10,14.55,14.71,2014-11-17,,107384.0,NAC,NUVEEN CALIFORNIA QUA MUN INC FD,6726.0
67066Y10,14.56,14.55,2014-11-18,,107384.0,NAC,NUVEEN CALIFORNIA QUA MUN INC FD,6726.0
67066Y10,14.56,14.6,2014-11-19,,107384.0,NAC,NUVEEN CALIFORNIA QUA MUN INC FD,6726.0
67066Y10,14.64,14.57,2014-11-20,,107384.0,NAC,NUVEEN CALIFORNIA QUA MUN INC FD,6726.0
67066Y10,14.65,14.58,2014-11-21,,107384.0,NAC,NUVEEN CALIFORNIA QUA MUN INC FD,6726.0
67066Y10,14.5,14.61,2014-11-24,,107384.0,NAC,NUVEEN CALIFORNIA QUA MUN INC FD,6726.0
67066Y10,14.52,14.45,2014-11-25,,107384.0,NAC,NUVEEN CALIFORNIA QUA MUN INC FD,6726.0
67066Y10,14.6,14.5,2014-11-26,,107384.0,NAC,NUVEEN CALIFORNIA QUA MUN INC FD,6726.0
67066Y10,14.55,14.52,2014-11-28,,107384.0,NAC,NUVEEN CALIFORNIA QUA MUN INC FD,6726.0
67066Y10,14.62,14.66,2014-12-01,,107384.0,NAC,NUVEEN CALIFORNIA QUA MUN INC FD,6726.0
67066Y10,14.83,14.59,2014-12-02,,107384.0,NAC,NUVEEN CALIFORNIA QUA MUN INC FD,6726.0
67066Y10,14.77,14.76,2014-12-03,,107384.0,NAC,NUVEEN CALIFORNIA QUA MUN INC FD,6726.0
67066Y10,14.78,14.77,2014-12-04,,107384.0,NAC,NUVEEN CALIFORNIA QUA MUN INC FD,6726.0
67066Y10,14.82,14.78,2014-12-05,,107384.0,NAC,NUVEEN CALIFORNIA QUA MUN INC FD,6726.0
67066Y10,14.83,14.8,2014-12-08,,107384.0,NAC,NUVEEN CALIFORNIA QUA MUN INC FD,6726.0
67066Y10,14.8268,14.82,2014-12-09,,107384.0,NAC,NUVEEN CALIFORNIA QUA MUN INC FD,6726.0
67066Y10,14.93,14.87,2014-12-10,,107384.0,NAC,NUVEEN CALIFORNIA QUA MUN INC FD,6726.0
67066Y10,14.78,14.93,2014-12-11,,107384.0,NAC,NUVEEN CALIFORNIA QUA MUN INC FD,6726.0
67066Y10,14.66,14.75,2014-12-12,,107384.0,NAC,NUVEEN CALIFORNIA QUA MUN INC FD,6726.0
67066Y10,14.93,14.72,2014-12-15,,107384.0,NAC,NUVEEN CALIFORNIA QUA MUN INC FD,6726.0
67066Y10,14.81,14.83,2014-12-16,,107384.0,NAC,NUVEEN CALIFORNIA QUA MUN INC FD,6726.0
67066Y10,14.95,14.8,2014-12-17,,107384.0,NAC,NUVEEN CALIFORNIA QUA MUN INC FD,6726.0
67066Y10,14.96,14.96,2014-12-18,,107384.0,NAC,NUVEEN CALIFORNIA QUA MUN INC FD,6726.0
67066Y10,14.97,14.95,2014-12-19,,107384.0,NAC,NUVEEN CALIFORNIA QUA MUN INC FD,6726.0
67066Y10,14.95,14.99,2014-12-22,,107384.0,NAC,NUVEEN CALIFORNIA QUA MUN INC FD,6726.0
67066Y10,14.93,15.05,2014-12-23,,107384.0,NAC,NUVEEN CALIFORNIA QUA MUN INC FD,6726.0
67066Y10,14.92,14.97,2014-12-24,,107384.0,NAC,NUVEEN CALIFORNIA QUA MUN INC FD,6726.0
67066Y10,14.99,14.95,2014-12-26,,107384.0,NAC,NUVEEN CALIFORNIA QUA MUN INC FD,6726.0
67066Y10,14.95,14.95,2014-12-29,,107384.0,NAC,NUVEEN CALIFORNIA QUA MUN INC FD,6726.0
67066Y10,14.99,14.93,2014-12-30,,107384.0,NAC,NUVEEN CALIFORNIA QUA MUN INC FD,6726.0
67066Y10,15.05,15.04,2014-12-31,,107384.0,NAC,NUVEEN CALIFORNIA QUA MUN INC FD,6726.0
67066Y10,15.06,14.95,2015-01-02,,107384.0,NAC,NUVEEN CALIFORNIA QUA MUN INC FD,6726.0
67066Y10,15.08,15.03,2015-01-05,,107384.0,NAC,NUVEEN CALIFORNIA QUA MUN INC FD,6726.0
67066Y10,15.12,15.11,2015-01-06,,107384.0,NAC,NUVEEN CALIFORNIA QUA MUN INC FD,6726.0
67066Y10,15.2,15.12,2015-01-07,,107384.0,NAC,NUVEEN CALIFORNIA QUA MUN INC FD,6726.0
67066Y10,15.12,15.15,2015-01-08,,107384.0,NAC,NUVEEN CALIFORNIA QUA MUN INC FD,6726.0
67066Y10,15.1968,15.1,2015-01-09,,107384.0,NAC,NUVEEN CALIFORNIA QUA MUN INC FD,6726.0
67066Y10,15.32,15.16,2015-01-12,,107384.0,NAC,NUVEEN CALIFORNIA QUA MUN INC FD,6726.0
67066Y10,15.34,15.21,2015-01-13,,107384.0,NAC,NUVEEN CALIFORNIA QUA MUN INC FD,6726.0
67066Y10,15.36,15.35,2015-01-14,,107384.0,NAC,NUVEEN CALIFORNIA QUA MUN INC FD,6726.0
67066Y10,15.39,15.43,2015-01-15,,107384.0,NAC,NUVEEN CALIFORNIA QUA MUN INC FD,6726.0
67066Y10,15.47,15.45,2015-01-16,,107384.0,NAC,NUVEEN CALIFORNIA QUA MUN INC FD,6726.0
67066Y10,15.53,15.54,2015-01-20,,107384.0,NAC,NUVEEN CALIFORNIA QUA MUN INC FD,6726.0
67066Y10,15.51,15.59,2015-01-21,,107384.0,NAC,NUVEEN CALIFORNIA QUA MUN INC FD,6726.0
67066Y10,15.55,15.5,2015-01-22,,107384.0,NAC,NUVEEN CALIFORNIA QUA MUN INC FD,6726.0
67066Y10,15.54,15.6,2015-01-23,,107384.0,NAC,NUVEEN CALIFORNIA QUA MUN INC FD,6726.0
67066Y10,15.48,15.52,2015-01-26,,107384.0,NAC,NUVEEN CALIFORNIA QUA MUN INC FD,6726.0
67066Y10,15.56,15.56,2015-01-27,,107384.0,NAC,NUVEEN CALIFORNIA QUA MUN INC FD,6726.0
67066Y10,15.6,15.61,2015-01-28,,107384.0,NAC,NUVEEN CALIFORNIA QUA MUN INC FD,6726.0
67066Y10,15.67,15.65,2015-01-29,,107384.0,NAC,NUVEEN CALIFORNIA QUA MUN INC FD,6726.0
67066Y10,15.73,15.72,2015-01-30,,107384.0,NAC,NUVEEN CALIFORNIA QUA MUN INC FD,6726.0
67066Y10,15.75,15.85,2015-02-02,,107384.0,NAC,NUVEEN CALIFORNIA QUA MUN INC FD,6726.0
67066Y10,15.71,15.79,2015-02-03,,107384.0,NAC,NUVEEN CALIFORNIA QUA MUN INC FD,6726.0
67066Y10,15.65,15.68,2015-02-04,,107384.0,NAC,NUVEEN CALIFORNIA QUA MUN INC FD,6726.0
67066Y10,15.6,15.63,2015-02-05,,107384.0,NAC,NUVEEN CALIFORNIA QUA MUN INC FD,6726.0
67066Y10,15.59,15.59,2015-02-06,,107384.0,NAC,NUVEEN CALIFORNIA QUA MUN INC FD,6726.0
67066Y10,15.63,15.58,2015-02-09,,107384.0,NAC,NUVEEN CALIFORNIA QUA MUN INC FD,6726.0
67066Y10,15.64,15.61,2015-02-10,,107384.0,NAC,NUVEEN CALIFORNIA QUA MUN INC FD,6726.0
67066Y10,15.46,15.57,2015-02-11,,107384.0,NAC,NUVEEN CALIFORNIA QUA MUN INC FD,6726.0
67066Y10,15.27,15.42,2015-02-12,,107384.0,NAC,NUVEEN CALIFORNIA QUA MUN INC FD,6726.0
67066Y10,15.2,15.32,2015-02-13,,107384.0,NAC,NUVEEN CALIFORNIA QUA MUN INC FD,6726.0
67066Y10,14.9,15.08,2015-02-17,,107384.0,NAC,NUVEEN CALIFORNIA QUA MUN INC FD,6726.0
67066Y10,14.97,14.96,2015-02-18,,107384.0,NAC,NUVEEN CALIFORNIA QUA MUN INC FD,6726.0
67066Y10,15.1,14.94,2015-02-19,,107384.0,NAC,NUVEEN CALIFORNIA QUA MUN INC FD,6726.0
67066Y10,15.16,15.12,2015-02-20,,107384.0,NAC,NUVEEN CALIFORNIA QUA MUN INC FD,6726.0
67066Y10,15.18,15.17,2015-02-23,,107384.0,NAC,NUVEEN CALIFORNIA QUA MUN INC FD,6726.0
67066Y10,15.24,15.15,2015-02-24,,107384.0,NAC,NUVEEN CALIFORNIA QUA MUN INC FD,6726.0
67066Y10,15.26,15.26,2015-02-25,,107384.0,NAC,NUVEEN CALIFORNIA QUA MUN INC FD,6726.0
67066Y10,15.12,15.25,2015-02-26,,107384.0,NAC,NUVEEN CALIFORNIA QUA MUN INC FD,6726.0
67066Y10,15.34,15.14,2015-02-27,,107384.0,NAC,NUVEEN CALIFORNIA QUA MUN INC FD,6726.0
67066Y10,15.31,15.37,2015-03-02,,107384.0,NAC,NUVEEN CALIFORNIA QUA MUN INC FD,6726.0
67066Y10,15.45,15.31,2015-03-03,,107384.0,NAC,NUVEEN CALIFORNIA QUA MUN INC FD,6726.0
67066Y10,15.49,15.48,2015-03-04,,107384.0,NAC,NUVEEN CALIFORNIA QUA MUN INC FD,6726.0
67066Y10,15.49,15.49,2015-03-05,,107384.0,NAC,NUVEEN CALIFORNIA QUA MUN INC FD,6726.0
67066Y10,15.11,15.39,2015-03-06,,107384.0,NAC,NUVEEN CALIFORNIA QUA MUN INC FD,6726.0
67066Y10,15.13,15.11,2015-03-09,,107384.0,NAC,NUVEEN CALIFORNIA QUA MUN INC FD,6726.0
67066Y10,15.2,15.18,2015-03-10,,107384.0,NAC,NUVEEN CALIFORNIA QUA MUN INC FD,6726.0
67066Y10,15.16,15.15,2015-03-11,,107384.0,NAC,NUVEEN CALIFORNIA QUA MUN INC FD,6726.0
67066Y10,15.17,15.16,2015-03-12,,107384.0,NAC,NUVEEN CALIFORNIA QUA MUN INC FD,6726.0
67066Y10,15.2,15.19,2015-03-13,,107384.0,NAC,NUVEEN CALIFORNIA QUA MUN INC FD,6726.0
67066Y10,15.07,15.23,2015-03-16,,107384.0,NAC,NUVEEN CALIFORNIA QUA MUN INC FD,6726.0
67066Y10,15.06,15.14,2015-03-17,,107384.0,NAC,NUVEEN CALIFORNIA QUA MUN INC FD,6726.0
67066Y10,15.32,15.13,2015-03-18,,107384.0,NAC,NUVEEN CALIFORNIA QUA MUN INC FD,6726.0
67066Y10,15.2,15.3,2015-03-19,,107384.0,NAC,NUVEEN CALIFORNIA QUA MUN INC FD,6726.0
67066Y10,15.31,15.2,2015-03-20,,107384.0,NAC,NUVEEN CALIFORNIA QUA MUN INC FD,6726.0
67066Y10,15.3,15.33,2015-03-23,,107384.0,NAC,NUVEEN CALIFORNIA QUA MUN INC FD,6726.0
67066Y10,15.27,15.3,2015-03-24,,107384.0,NAC,NUVEEN CALIFORNIA QUA MUN INC FD,6726.0
67066Y10,15.23,15.25,2015-03-25,,107384.0,NAC,NUVEEN CALIFORNIA QUA MUN INC FD,6726.0
67066Y10,15.23,15.21,2015-03-26,,107384.0,NAC,NUVEEN CALIFORNIA QUA MUN INC FD,6726.0
67066Y10,15.29,15.27,2015-03-27,,107384.0,NAC,NUVEEN CALIFORNIA QUA MUN INC FD,6726.0
67066Y10,15.21,15.29,2015-03-30,,107384.0,NAC,NUVEEN CALIFORNIA QUA MUN INC FD,6726.0
67066Y10,15.29,15.2,2015-03-31,,107384.0,NAC,NUVEEN CALIFORNIA QUA MUN INC FD,6726.0
67066Y10,15.28,15.3,2015-04-01,,107384.0,NAC,NUVEEN CALIFORNIA QUA MUN INC FD,6726.0
67066Y10,15.26,15.25,2015-04-02,,107384.0,NAC,NUVEEN CALIFORNIA QUA MUN INC FD,6726.0
67066Y10,15.27,15.3,2015-04-06,,107384.0,NAC,NUVEEN CALIFORNIA QUA MUN INC FD,6726.0
67066Y10,15.3,15.28,2015-04-07,,107384.0,NAC,NUVEEN CALIFORNIA QUA MUN INC FD,6726.0
67066Y10,15.33,15.29,2015-04-08,,107384.0,NAC,NUVEEN CALIFORNIA QUA MUN INC FD,6726.0
67066Y10,15.39,15.29,2015-04-09,,107384.0,NAC,NUVEEN CALIFORNIA QUA MUN INC FD,6726.0
67066Y10,15.4,15.4,2015-04-10,,107384.0,NAC,NUVEEN CALIFORNIA QUA MUN INC FD,6726.0
67066Y10,15.27,15.33,2015-04-13,,107384.0,NAC,NUVEEN CALIFORNIA QUA MUN INC FD,6726.0
67066Y10,15.37,15.3,2015-04-14,,107384.0,NAC,NUVEEN CALIFORNIA QUA MUN INC FD,6726.0
67066Y10,15.3716,15.4,2015-04-15,,107384.0,NAC,NUVEEN CALIFORNIA QUA MUN INC FD,6726.0
67066Y10,15.42,15.35,2015-04-16,,107384.0,NAC,NUVEEN CALIFORNIA QUA MUN INC FD,6726.0
67066Y10,15.41,15.42,2015-04-17,,107384.0,NAC,NUVEEN CALIFORNIA QUA MUN INC FD,6726.0
67066Y10,15.44,15.48,2015-04-20,,107384.0,NAC,NUVEEN CALIFORNIA QUA MUN INC FD,6726.0
67066Y10,15.45,15.47,2015-04-21,,107384.0,NAC,NUVEEN CALIFORNIA QUA MUN INC FD,6726.0
67066Y10,15.47,15.46,2015-04-22,,107384.0,NAC,NUVEEN CALIFORNIA QUA MUN INC FD,6726.0
67066Y10,15.51,15.49,2015-04-23,,107384.0,NAC,NUVEEN CALIFORNIA QUA MUN INC FD,6726.0
67066Y10,15.49,15.48,2015-04-24,,107384.0,NAC,NUVEEN CALIFORNIA QUA MUN INC FD,6726.0
67066Y10,15.51,15.52,2015-04-27,,107384.0,NAC,NUVEEN CALIFORNIA QUA MUN INC FD,6726.0
67066Y10,15.51,15.46,2015-04-28,,107384.0,NAC,NUVEEN CALIFORNIA QUA MUN INC FD,6726.0
67066Y10,15.49,15.5,2015-04-29,,107384.0,NAC,NUVEEN CALIFORNIA QUA MUN INC FD,6726.0
67066Y10,15.43,15.46,2015-04-30,,107384.0,NAC,NUVEEN CALIFORNIA QUA MUN INC FD,6726.0
67066Y10,15.38,15.47,2015-05-01,,107384.0,NAC,NUVEEN CALIFORNIA QUA MUN INC FD,6726.0
67066Y10,15.36,15.42,2015-05-04,,107384.0,NAC,NUVEEN CALIFORNIA QUA MUN INC FD,6726.0
67066Y10,15.38,15.39,2015-05-05,,107384.0,NAC,NUVEEN CALIFORNIA QUA MUN INC FD,6726.0
67066Y10,15.24,15.32,2015-05-06,,107384.0,NAC,NUVEEN CALIFORNIA QUA MUN INC FD,6726.0
67066Y10,15.21,15.25,2015-05-07,,107384.0,NAC,NUVEEN CALIFORNIA QUA MUN INC FD,6726.0
67066Y10,15.27,15.25,2015-05-08,,107384.0,NAC,NUVEEN CALIFORNIA QUA MUN INC FD,6726.0
67066Y10,15.23,15.27,2015-05-11,,107384.0,NAC,NUVEEN CALIFORNIA QUA MUN INC FD,6726.0
67066Y10,15.24,15.17,2015-05-12,,107384.0,NAC,NUVEEN CALIFORNIA QUA MUN INC FD,6726.0
67066Y10,15.16,15.18,2015-05-13,,107384.0,NAC,NUVEEN CALIFORNIA QUA MUN INC FD,6726.0
67066Y10,15.21,15.13,2015-05-14,,107384.0,NAC,NUVEEN CALIFORNIA QUA MUN INC FD,6726.0
67066Y10,15.27,15.19,2015-05-15,,107384.0,NAC,NUVEEN CALIFORNIA QUA MUN INC FD,6726.0
67066Y10,15.19,15.27,2015-05-18,,107384.0,NAC,NUVEEN CALIFORNIA QUA MUN INC FD,6726.0
67066Y10,15.16,15.14,2015-05-19,,107384.0,NAC,NUVEEN CALIFORNIA QUA MUN INC FD,6726.0
67066Y10,15.12,15.15,2015-05-20,,107384.0,NAC,NUVEEN CALIFORNIA QUA MUN INC FD,6726.0
67066Y10,15.14,15.15,2015-05-21,,107384.0,NAC,NUVEEN CALIFORNIA QUA MUN INC FD,6726.0
67066Y10,15.09,15.14,2015-05-22,,107384.0,NAC,NUVEEN CALIFORNIA QUA MUN INC FD,6726.0
67066Y10,15.06,15.06,2015-05-26,,107384.0,NAC,NUVEEN CALIFORNIA QUA MUN INC FD,6726.0
67066Y10,15.1,15.13,2015-05-27,,107384.0,NAC,NUVEEN CALIFORNIA QUA MUN INC FD,6726.0
67066Y10,15.05,15.08,2015-05-28,,107384.0,NAC,NUVEEN CALIFORNIA QUA MUN INC FD,6726.0
67066Y10,15.08,15.04,2015-05-29,,107384.0,NAC,NUVEEN CALIFORNIA QUA MUN INC FD,6726.0
67066Y10,15.19,15.14,2015-06-01,,107384.0,NAC,NUVEEN CALIFORNIA QUA MUN INC FD,6726.0
67066Y10,15.13,15.18,2015-06-02,,107384.0,NAC,NUVEEN CALIFORNIA QUA MUN INC FD,6726.0
67066Y10,15.09,15.1,2015-06-03,,107384.0,NAC,NUVEEN CALIFORNIA QUA MUN INC FD,6726.0
67066Y10,15.07,15.04,2015-06-04,,107384.0,NAC,NUVEEN CALIFORNIA QUA MUN INC FD,6726.0
67066Y10,14.94,15.0,2015-06-05,,107384.0,NAC,NUVEEN CALIFORNIA QUA MUN INC FD,6726.0
67066Y10,14.83,14.96,2015-06-08,,107384.0,NAC,NUVEEN CALIFORNIA QUA MUN INC FD,6726.0
67066Y10,14.48,14.81,2015-06-09,,107384.0,NAC,NUVEEN CALIFORNIA QUA MUN INC FD,6726.0
67066Y10,14.45,14.39,2015-06-10,,107384.0,NAC,NUVEEN CALIFORNIA QUA MUN INC FD,6726.0
67066Y10,14.43,14.45,2015-06-11,,107384.0,NAC,NUVEEN CALIFORNIA QUA MUN INC FD,6726.0
67066Y10,14.44,14.48,2015-06-12,,107384.0,NAC,NUVEEN CALIFORNIA QUA MUN INC FD,6726.0
67066Y10,14.54,14.44,2015-06-15,,107384.0,NAC,NUVEEN CALIFORNIA QUA MUN INC FD,6726.0
67066Y10,14.46,14.49,2015-06-16,,107384.0,NAC,NUVEEN CALIFORNIA QUA MUN INC FD,6726.0
67066Y10,14.51,14.42,2015-06-17,,107384.0,NAC,NUVEEN CALIFORNIA QUA MUN INC FD,6726.0
67066Y10,14.6398,14.49,2015-06-18,,107384.0,NAC,NUVEEN CALIFORNIA QUA MUN INC FD,6726.0
67066Y10,14.68,14.64,2015-06-19,,107384.0,NAC,NUVEEN CALIFORNIA QUA MUN INC FD,6726.0
67066Y10,14.59,14.61,2015-06-22,,107384.0,NAC,NUVEEN CALIFORNIA QUA MUN INC FD,6726.0
67066Y10,14.58,14.57,2015-06-23,,107384.0,NAC,NUVEEN CALIFORNIA QUA MUN INC FD,6726.0
67066Y10,14.49,14.54,2015-06-24,,107384.0,NAC,NUVEEN CALIFORNIA QUA MUN INC FD,6726.0
67066Y10,14.43,14.52,2015-06-25,,107384.0,NAC,NUVEEN CALIFORNIA QUA MUN INC FD,6726.0
67066Y10,14.41,14.41,2015-06-26,,107384.0,NAC,NUVEEN CALIFORNIA QUA MUN INC FD,6726.0
67066Y10,14.18,14.36,2015-06-29,,107384.0,NAC,NUVEEN CALIFORNIA QUA MUN INC FD,6726.0
67066Y10,14.38,14.16,2015-06-30,,107384.0,NAC,NUVEEN CALIFORNIA QUA MUN INC FD,6726.0
67066Y10,14.52,14.42,2015-07-01,,107384.0,NAC,NUVEEN CALIFORNIA QUA MUN INC FD,6726.0
67066Y10,14.44,14.55,2015-07-02,,107384.0,NAC,NUVEEN CALIFORNIA QUA MUN INC FD,6726.0
67066Y10,14.5,14.4,2015-07-06,,107384.0,NAC,NUVEEN CALIFORNIA QUA MUN INC FD,6726.0
67066Y10,14.59,14.53,2015-07-07,,107384.0,NAC,NUVEEN CALIFORNIA QUA MUN INC FD,6726.0
67066Y10,14.6,14.53,2015-07-08,,107384.0,NAC,NUVEEN CALIFORNIA QUA MUN INC FD,6726.0
67066Y10,14.56,14.61,2015-07-09,,107384.0,NAC,NUVEEN CALIFORNIA QUA MUN INC FD,6726.0
67066Y10,14.68,14.54,2015-07-10,,107384.0,NAC,NUVEEN CALIFORNIA QUA MUN INC FD,6726.0
67066Y10,14.49,14.61,2015-07-13,,107384.0,NAC,NUVEEN CALIFORNIA QUA MUN INC FD,6726.0
67066Y10,14.46,14.49,2015-07-14,,107384.0,NAC,NUVEEN CALIFORNIA QUA MUN INC FD,6726.0
67066Y10,14.43,14.44,2015-07-15,,107384.0,NAC,NUVEEN CALIFORNIA QUA MUN INC FD,6726.0
67066Y10,14.4,14.45,2015-07-16,,107384.0,NAC,NUVEEN CALIFORNIA QUA MUN INC FD,6726.0
67066Y10,14.37,14.43,2015-07-17,,107384.0,NAC,NUVEEN CALIFORNIA QUA MUN INC FD,6726.0
67066Y10,14.38,14.34,2015-07-20,,107384.0,NAC,NUVEEN CALIFORNIA QUA MUN INC FD,6726.0
67066Y10,14.37,14.36,2015-07-21,,107384.0,NAC,NUVEEN CALIFORNIA QUA MUN INC FD,6726.0
67066Y10,14.4,14.4,2015-07-22,,107384.0,NAC,NUVEEN CALIFORNIA QUA MUN INC FD,6726.0
67066Y10,14.44,14.36,2015-07-23,,107384.0,NAC,NUVEEN CALIFORNIA QUA MUN INC FD,6726.0
67066Y10,14.4,14.47,2015-07-24,,107384.0,NAC,NUVEEN CALIFORNIA QUA MUN INC FD,6726.0
67066Y10,14.38,14.46,2015-07-27,,107384.0,NAC,NUVEEN CALIFORNIA QUA MUN INC FD,6726.0
67066Y10,14.4,14.37,2015-07-28,,107384.0,NAC,NUVEEN CALIFORNIA QUA MUN INC FD,6726.0
67066Y10,14.43,14.41,2015-07-29,,107384.0,NAC,NUVEEN CALIFORNIA QUA MUN INC FD,6726.0
67066Y10,14.4,14.46,2015-07-30,,107384.0,NAC,NUVEEN CALIFORNIA QUA MUN INC FD,6726.0
67066Y10,14.48,14.41,2015-07-31,,107384.0,NAC,NUVEEN CALIFORNIA QUA MUN INC FD,6726.0
67066Y10,14.49,14.51,2015-08-03,,107384.0,NAC,NUVEEN CALIFORNIA QUA MUN INC FD,6726.0
67066Y10,14.49,14.54,2015-08-04,,107384.0,NAC,NUVEEN CALIFORNIA QUA MUN INC FD,6726.0
67066Y10,14.44,14.54,2015-08-05,,107384.0,NAC,NUVEEN CALIFORNIA QUA MUN INC FD,6726.0
67066Y10,14.46,14.45,2015-08-06,,107384.0,NAC,NUVEEN CALIFORNIA QUA MUN INC FD,6726.0
67066Y10,14.48,14.47,2015-08-07,,107384.0,NAC,NUVEEN CALIFORNIA QUA MUN INC FD,6726.0
67066Y10,14.49,14.48,2015-08-10,,107384.0,NAC,NUVEEN CALIFORNIA QUA MUN INC FD,6726.0
67066Y10,14.59,14.49,2015-08-11,,107384.0,NAC,NUVEEN CALIFORNIA QUA MUN INC FD,6726.0
67066Y10,14.55,14.52,2015-08-12,,107384.0,NAC,NUVEEN CALIFORNIA QUA MUN INC FD,6726.0
67066Y10,14.6,14.54,2015-08-13,,107384.0,NAC,NUVEEN CALIFORNIA QUA MUN INC FD,6726.0
67066Y10,14.52,14.54,2015-08-14,,107384.0,NAC,NUVEEN CALIFORNIA QUA MUN INC FD,6726.0
67066Y10,14.55,14.53,2015-08-17,,107384.0,NAC,NUVEEN CALIFORNIA QUA MUN INC FD,6726.0
67066Y10,14.62,14.58,2015-08-18,,107384.0,NAC,NUVEEN CALIFORNIA QUA MUN INC FD,6726.0
67066Y10,14.57,14.61,2015-08-19,,107384.0,NAC,NUVEEN CALIFORNIA QUA MUN INC FD,6726.0
67066Y10,14.61,14.6,2015-08-20,,107384.0,NAC,NUVEEN CALIFORNIA QUA MUN INC FD,6726.0
67066Y10,14.54,14.62,2015-08-21,,107384.0,NAC,NUVEEN CALIFORNIA QUA MUN INC FD,6726.0
67066Y10,14.5,14.4,2015-08-24,,107384.0,NAC,NUVEEN CALIFORNIA QUA MUN INC FD,6726.0
67066Y10,14.54,14.57,2015-08-25,,107384.0,NAC,NUVEEN CALIFORNIA QUA MUN INC FD,6726.0
67066Y10,14.51,14.54,2015-08-26,,107384.0,NAC,NUVEEN CALIFORNIA QUA MUN INC FD,6726.0
67066Y10,14.5,14.58,2015-08-27,,107384.0,NAC,NUVEEN CALIFORNIA QUA MUN INC FD,6726.0
67066Y10,14.43,14.45,2015-08-28,,107384.0,NAC,NUVEEN CALIFORNIA QUA MUN INC FD,6726.0
67066Y10,14.45,14.49,2015-08-31,,107384.0,NAC,NUVEEN CALIFORNIA QUA MUN INC FD,6726.0
67066Y10,14.56,14.51,2015-09-01,,107384.0,NAC,NUVEEN CALIFORNIA QUA MUN INC FD,6726.0
67066Y10,14.65,14.62,2015-09-02,,107384.0,NAC,NUVEEN CALIFORNIA QUA MUN INC FD,6726.0
67066Y10,14.66,14.66,2015-09-03,,107384.0,NAC,NUVEEN CALIFORNIA QUA MUN INC FD,6726.0
67066Y10,14.81,14.62,2015-09-04,,107384.0,NAC,NUVEEN CALIFORNIA QUA MUN INC FD,6726.0
67066Y10,14.8,14.8,2015-09-08,,107384.0,NAC,NUVEEN CALIFORNIA QUA MUN INC FD,6726.0
67066Y10,14.78,14.8,2015-09-09,,107384.0,NAC,NUVEEN CALIFORNIA QUA MUN INC FD,6726.0
67066Y10,14.79,14.86,2015-09-10,,107384.0,NAC,NUVEEN CALIFORNIA QUA MUN INC FD,6726.0
67066Y10,14.74,14.73,2015-09-11,,107384.0,NAC,NUVEEN CALIFORNIA QUA MUN INC FD,6726.0
67066Y10,14.68,14.74,2015-09-14,,107384.0,NAC,NUVEEN CALIFORNIA QUA MUN INC FD,6726.0
67066Y10,14.62,14.72,2015-09-15,,107384.0,NAC,NUVEEN CALIFORNIA QUA MUN INC FD,6726.0
67066Y10,14.72,14.67,2015-09-16,,107384.0,NAC,NUVEEN CALIFORNIA QUA MUN INC FD,6726.0
67066Y10,14.75,14.71,2015-09-17,,107384.0,NAC,NUVEEN CALIFORNIA QUA MUN INC FD,6726.0
67066Y10,14.92,14.9,2015-09-18,,107384.0,NAC,NUVEEN CALIFORNIA QUA MUN INC FD,6726.0
67066Y10,14.84,14.91,2015-09-21,,107384.0,NAC,NUVEEN CALIFORNIA QUA MUN INC FD,6726.0
67066Y10,14.83,14.81,2015-09-22,,107384.0,NAC,NUVEEN CALIFORNIA QUA MUN INC FD,6726.0
67066Y10,14.89,14.89,2015-09-23,,107384.0,NAC,NUVEEN CALIFORNIA QUA MUN INC FD,6726.0
67066Y10,14.84,14.89,2015-09-24,,107384.0,NAC,NUVEEN CALIFORNIA QUA MUN INC FD,6726.0
67066Y10,14.79,14.84,2015-09-25,,107384.0,NAC,NUVEEN CALIFORNIA QUA MUN INC FD,6726.0
67066Y10,14.85,14.78,2015-09-28,,107384.0,NAC,NUVEEN CALIFORNIA QUA MUN INC FD,6726.0
67066Y10,14.97,14.9,2015-09-29,,107384.0,NAC,NUVEEN CALIFORNIA QUA MUN INC FD,6726.0
67066Y10,14.95,14.92,2015-09-30,,107384.0,NAC,NUVEEN CALIFORNIA QUA MUN INC FD,6726.0
67066Y10,15.03,15.06,2015-10-01,,107384.0,NAC,NUVEEN CALIFORNIA QUA MUN INC FD,6726.0
67066Y10,15.19,15.12,2015-10-02,,107384.0,NAC,NUVEEN CALIFORNIA QUA MUN INC FD,6726.0
67066Y10,15.2,15.17,2015-10-05,,107384.0,NAC,NUVEEN CALIFORNIA QUA MUN INC FD,6726.0
67066Y10,15.17,15.15,2015-10-06,,107384.0,NAC,NUVEEN CALIFORNIA QUA MUN INC FD,6726.0
67066Y10,15.19,15.2,2015-10-07,,107384.0,NAC,NUVEEN CALIFORNIA QUA MUN INC FD,6726.0
67066Y10,15.27,15.19,2015-10-08,,107384.0,NAC,NUVEEN CALIFORNIA QUA MUN INC FD,6726.0
67066Y10,15.22,15.3,2015-10-09,,107384.0,NAC,NUVEEN CALIFORNIA QUA MUN INC FD,6726.0
67066Y10,15.31,15.31,2015-10-12,,107384.0,NAC,NUVEEN CALIFORNIA QUA MUN INC FD,6726.0
67066Y10,15.33,15.3,2015-10-13,,107384.0,NAC,NUVEEN CALIFORNIA QUA MUN INC FD,6726.0
67066Y10,15.26,15.27,2015-10-14,,107384.0,NAC,NUVEEN CALIFORNIA QUA MUN INC FD,6726.0
67066Y10,15.26,15.32,2015-10-15,,107384.0,NAC,NUVEEN CALIFORNIA QUA MUN INC FD,6726.0
67066Y10,15.3,15.34,2015-10-16,,107384.0,NAC,NUVEEN CALIFORNIA QUA MUN INC FD,6726.0
67066Y10,15.35,15.3,2015-10-19,,107384.0,NAC,NUVEEN CALIFORNIA QUA MUN INC FD,6726.0
67066Y10,15.26,15.36,2015-10-20,,107384.0,NAC,NUVEEN CALIFORNIA QUA MUN INC FD,6726.0
67066Y10,15.17,15.29,2015-10-21,,107384.0,NAC,NUVEEN CALIFORNIA QUA MUN INC FD,6726.0
67066Y10,15.23,15.22,2015-10-22,,107384.0,NAC,NUVEEN CALIFORNIA QUA MUN INC FD,6726.0
67066Y10,15.38,15.29,2015-10-23,,107384.0,NAC,NUVEEN CALIFORNIA QUA MUN INC FD,6726.0
67066Y10,15.23,15.34,2015-10-26,,107384.0,NAC,NUVEEN CALIFORNIA QUA MUN INC FD,6726.0
67066Y10,15.15,15.17,2015-10-27,,107384.0,NAC,NUVEEN CALIFORNIA QUA MUN INC FD,6726.0
67066Y10,15.24,15.12,2015-10-28,,107384.0,NAC,NUVEEN CALIFORNIA QUA MUN INC FD,6726.0
67066Y10,15.26,15.25,2015-10-29,,107384.0,NAC,NUVEEN CALIFORNIA QUA MUN INC FD,6726.0
67066Y10,15.28,15.29,2015-10-30,,107384.0,NAC,NUVEEN CALIFORNIA QUA MUN INC FD,6726.0
67066Y10,15.42,15.31,2015-11-02,,107384.0,NAC,NUVEEN CALIFORNIA QUA MUN INC FD,6726.0
67066Y10,15.41,15.44,2015-11-03,,107384.0,NAC,NUVEEN CALIFORNIA QUA MUN INC FD,6726.0
67066Y10,15.43,15.43,2015-11-04,,107384.0,NAC,NUVEEN CALIFORNIA QUA MUN INC FD,6726.0
67066Y10,15.27,15.38,2015-11-05,,107384.0,NAC,NUVEEN CALIFORNIA QUA MUN INC FD,6726.0
67066Y10,15.02,15.22,2015-11-06,,107384.0,NAC,NUVEEN CALIFORNIA QUA MUN INC FD,6726.0
67066Y10,14.88,14.95,2015-11-09,,107384.0,NAC,NUVEEN CALIFORNIA QUA MUN INC FD,6726.0
67066Y10,14.92,14.82,2015-11-10,,107384.0,NAC,NUVEEN CALIFORNIA QUA MUN INC FD,6726.0
67066Y10,15.03,15.02,2015-11-11,,107384.0,NAC,NUVEEN CALIFORNIA QUA MUN INC FD,6726.0
67066Y10,15.02,14.97,2015-11-12,,107384.0,NAC,NUVEEN CALIFORNIA QUA MUN INC FD,6726.0
67066Y10,14.99,15.03,2015-11-13,,107384.0,NAC,NUVEEN CALIFORNIA QUA MUN INC FD,6726.0
67066Y10,15.04,15.04,2015-11-16,,107384.0,NAC,NUVEEN CALIFORNIA QUA MUN INC FD,6726.0
67066Y10,15.0,14.99,2015-11-17,,107384.0,NAC,NUVEEN CALIFORNIA QUA MUN INC FD,6726.0
67066Y10,14.97,14.96,2015-11-18,,107384.0,NAC,NUVEEN CALIFORNIA QUA MUN INC FD,6726.0
67066Y10,15.03,14.98,2015-11-19,,107384.0,NAC,NUVEEN CALIFORNIA QUA MUN INC FD,6726.0
67066Y10,15.04,15.03,2015-11-20,,107384.0,NAC,NUVEEN CALIFORNIA QUA MUN INC FD,6726.0
67066Y10,15.04,15.07,2015-11-23,,107384.0,NAC,NUVEEN CALIFORNIA QUA MUN INC FD,6726.0
67066Y10,15.03,15.03,2015-11-24,,107384.0,NAC,NUVEEN CALIFORNIA QUA MUN INC FD,6726.0
67066Y10,15.04,15.08,2015-11-25,,107384.0,NAC,NUVEEN CALIFORNIA QUA MUN INC FD,6726.0
67066Y10,15.04,15.02,2015-11-27,,107384.0,NAC,NUVEEN CALIFORNIA QUA MUN INC FD,6726.0
67066Y10,14.98,15.03,2015-11-30,,107384.0,NAC,NUVEEN CALIFORNIA QUA MUN INC FD,6726.0
67066Y10,15.03,15.08,2015-12-01,,107384.0,NAC,NUVEEN CALIFORNIA QUA MUN INC FD,6726.0
67066Y10,14.95,15.06,2015-12-02,,107384.0,NAC,NUVEEN CALIFORNIA QUA MUN INC FD,6726.0
67066Y10,14.82,14.93,2015-12-03,,107384.0,NAC,NUVEEN CALIFORNIA QUA MUN INC FD,6726.0
67066Y10,14.98,14.82,2015-12-04,,107384.0,NAC,NUVEEN CALIFORNIA QUA MUN INC FD,6726.0
67066Y10,14.98,14.89,2015-12-07,,107384.0,NAC,NUVEEN CALIFORNIA QUA MUN INC FD,6726.0
67066Y10,15.01,14.83,2015-12-08,,107384.0,NAC,NUVEEN CALIFORNIA QUA MUN INC FD,6726.0
67066Y10,14.94,14.92,2015-12-09,,107384.0,NAC,NUVEEN CALIFORNIA QUA MUN INC FD,6726.0
67066Y10,14.94,14.92,2015-12-10,,107384.0,NAC,NUVEEN CALIFORNIA QUA MUN INC FD,6726.0
67066Y10,14.93,14.94,2015-12-11,,107384.0,NAC,NUVEEN CALIFORNIA QUA MUN INC FD,6726.0
67066Y10,14.86,14.96,2015-12-14,,107384.0,NAC,NUVEEN CALIFORNIA QUA MUN INC FD,6726.0
67066Y10,14.88,14.81,2015-12-15,,107384.0,NAC,NUVEEN CALIFORNIA QUA MUN INC FD,6726.0
67066Y10,15.03,14.92,2015-12-16,,107384.0,NAC,NUVEEN CALIFORNIA QUA MUN INC FD,6726.0
67066Y10,15.13,14.98,2015-12-17,,107384.0,NAC,NUVEEN CALIFORNIA QUA MUN INC FD,6726.0
67066Y10,15.22,15.14,2015-12-18,,107384.0,NAC,NUVEEN CALIFORNIA QUA MUN INC FD,6726.0
67066Y10,15.24,15.28,2015-12-21,,107384.0,NAC,NUVEEN CALIFORNIA QUA MUN INC FD,6726.0
67066Y10,15.2016,15.24,2015-12-22,,107384.0,NAC,NUVEEN CALIFORNIA QUA MUN INC FD,6726.0
67066Y10,15.26,15.24,2015-12-23,,107384.0,NAC,NUVEEN CALIFORNIA QUA MUN INC FD,6726.0
67066Y10,15.18,15.22,2015-12-24,,107384.0,NAC,NUVEEN CALIFORNIA QUA MUN INC FD,6726.0
67066Y10,15.19,15.21,2015-12-28,,107384.0,NAC,NUVEEN CALIFORNIA QUA MUN INC FD,6726.0
67066Y10,15.24,15.2,2015-12-29,,107384.0,NAC,NUVEEN CALIFORNIA QUA MUN INC FD,6726.0
67066Y10,15.36,15.25,2015-12-30,,107384.0,NAC,NUVEEN CALIFORNIA QUA MUN INC FD,6726.0
67066Y10,15.48,15.4,2015-12-31,,107384.0,NAC,NUVEEN CALIFORNIA QUA MUN INC FD,6726.0
67066Y10,15.46,15.43,2016-01-04,,107384.0,NAC,NUVEEN CALIFORNIA QUA MUN INC FD,6726.0
67066Y10,15.55,15.48,2016-01-05,,107384.0,NAC,NUVEEN CALIFORNIA QUA MUN INC FD,6726.0
67066Y10,15.59,15.59,2016-01-06,,107384.0,NAC,NUVEEN CALIFORNIA QUA MUN INC FD,6726.0
67066Y10,15.58,15.53,2016-01-07,,107384.0,NAC,NUVEEN CALIFORNIA QUA MUN INC FD,6726.0
67066Y10,15.65,15.56,2016-01-08,,107384.0,NAC,NUVEEN CALIFORNIA QUA MUN INC FD,6726.0
67066Y10,15.63,15.65,2016-01-11,,107384.0,NAC,NUVEEN CALIFORNIA QUA MUN INC FD,6726.0
67066Y10,15.54,15.65,2016-01-12,,107384.0,NAC,NUVEEN CALIFORNIA QUA MUN INC FD,6726.0
67066Y10,15.39,15.53,2016-01-13,,107384.0,NAC,NUVEEN CALIFORNIA QUA MUN INC FD,6726.0
67066Y10,15.52,15.45,2016-01-14,,107384.0,NAC,NUVEEN CALIFORNIA QUA MUN INC FD,6726.0
67066Y10,15.6,15.55,2016-01-15,,107384.0,NAC,NUVEEN CALIFORNIA QUA MUN INC FD,6726.0
67066Y10,15.49,15.68,2016-01-19,,107384.0,NAC,NUVEEN CALIFORNIA QUA MUN INC FD,6726.0
67066Y10,15.4,15.54,2016-01-20,,107384.0,NAC,NUVEEN CALIFORNIA QUA MUN INC FD,6726.0
67066Y10,15.44,15.44,2016-01-21,,107384.0,NAC,NUVEEN CALIFORNIA QUA MUN INC FD,6726.0
67066Y10,15.55,15.54,2016-01-22,,107384.0,NAC,NUVEEN CALIFORNIA QUA MUN INC FD,6726.0
67066Y10,15.59,15.61,2016-01-25,,107384.0,NAC,NUVEEN CALIFORNIA QUA MUN INC FD,6726.0
67066Y10,15.64,15.66,2016-01-26,,107384.0,NAC,NUVEEN CALIFORNIA QUA MUN INC FD,6726.0
67066Y10,15.57,15.64,2016-01-27,,107384.0,NAC,NUVEEN CALIFORNIA QUA MUN INC FD,6726.0
67066Y10,15.71,15.64,2016-01-28,,107384.0,NAC,NUVEEN CALIFORNIA QUA MUN INC FD,6726.0
67066Y10,15.8,15.76,2016-01-29,,107384.0,NAC,NUVEEN CALIFORNIA QUA MUN INC FD,6726.0
67066Y10,15.77,15.73,2016-02-01,,107384.0,NAC,NUVEEN CALIFORNIA QUA MUN INC FD,6726.0
67066Y10,15.84,15.78,2016-02-02,,107384.0,NAC,NUVEEN CALIFORNIA QUA MUN INC FD,6726.0
67066Y10,15.87,15.85,2016-02-03,,107384.0,NAC,NUVEEN CALIFORNIA QUA MUN INC FD,6726.0
67066Y10,15.91,15.89,2016-02-04,,107384.0,NAC,NUVEEN CALIFORNIA QUA MUN INC FD,6726.0
67066Y10,15.99,15.96,2016-02-05,,107384.0,NAC,NUVEEN CALIFORNIA QUA MUN INC FD,6726.0
67066Y10,16.0,15.99,2016-02-08,,107384.0,NAC,NUVEEN CALIFORNIA QUA MUN INC FD,6726.0
67066Y10,16.01,16.04,2016-02-09,,107384.0,NAC,NUVEEN CALIFORNIA QUA MUN INC FD,6726.0
67066Y10,16.0,15.98,2016-02-10,,107384.0,NAC,NUVEEN CALIFORNIA QUA MUN INC FD,6726.0
67066Y10,15.97,15.99,2016-02-11,,107384.0,NAC,NUVEEN CALIFORNIA QUA MUN INC FD,6726.0
67066Y10,15.88,15.97,2016-02-12,,107384.0,NAC,NUVEEN CALIFORNIA QUA MUN INC FD,6726.0
67066Y10,15.73,15.87,2016-02-16,,107384.0,NAC,NUVEEN CALIFORNIA QUA MUN INC FD,6726.0
67066Y10,15.69,15.79,2016-02-17,,107384.0,NAC,NUVEEN CALIFORNIA QUA MUN INC FD,6726.0
67066Y10,15.7,15.65,2016-02-18,,107384.0,NAC,NUVEEN CALIFORNIA QUA MUN INC FD,6726.0
67066Y10,15.79,15.75,2016-02-19,,107384.0,NAC,NUVEEN CALIFORNIA QUA MUN INC FD,6726.0
67066Y10,15.84,15.85,2016-02-22,,107384.0,NAC,NUVEEN CALIFORNIA QUA MUN INC FD,6726.0
67066Y10,15.95,15.84,2016-02-23,,107384.0,NAC,NUVEEN CALIFORNIA QUA MUN INC FD,6726.0
67066Y10,15.99,15.97,2016-02-24,,107384.0,NAC,NUVEEN CALIFORNIA QUA MUN INC FD,6726.0
67066Y10,15.9,15.99,2016-02-25,,107384.0,NAC,NUVEEN CALIFORNIA QUA MUN INC FD,6726.0
67066Y10,15.71,15.83,2016-02-26,,107384.0,NAC,NUVEEN CALIFORNIA QUA MUN INC FD,6726.0
67066Y10,15.84,15.76,2016-02-29,,107384.0,NAC,NUVEEN CALIFORNIA QUA MUN INC FD,6726.0
67066Y10,16.0,15.93,2016-03-01,,107384.0,NAC,NUVEEN CALIFORNIA QUA MUN INC FD,6726.0
67066Y10,15.78,16.0,2016-03-02,,107384.0,NAC,NUVEEN CALIFORNIA QUA MUN INC FD,6726.0
67066Y10,15.8,15.85,2016-03-03,,107384.0,NAC,NUVEEN CALIFORNIA QUA MUN INC FD,6726.0
67066Y10,15.77,15.77,2016-03-04,,107384.0,NAC,NUVEEN CALIFORNIA QUA MUN INC FD,6726.0
67066Y10,15.82,15.82,2016-03-07,,107384.0,NAC,NUVEEN CALIFORNIA QUA MUN INC FD,6726.0
67066Y10,15.82,15.88,2016-03-08,,107384.0,NAC,NUVEEN CALIFORNIA QUA MUN INC FD,6726.0
67066Y10,15.91,15.82,2016-03-09,,107384.0,NAC,NUVEEN CALIFORNIA QUA MUN INC FD,6726.0
67066Y10,15.95,15.95,2016-03-10,,107384.0,NAC,NUVEEN CALIFORNIA QUA MUN INC FD,6726.0
67066Y10,15.85,15.87,2016-03-11,,107384.0,NAC,NUVEEN CALIFORNIA QUA MUN INC FD,6726.0
67066Y10,15.96,15.8,2016-03-14,,107384.0,NAC,NUVEEN CALIFORNIA QUA MUN INC FD,6726.0
67066Y10,15.85,15.9,2016-03-15,,107384.0,NAC,NUVEEN CALIFORNIA QUA MUN INC FD,6726.0
67066Y10,15.96,15.87,2016-03-16,,107384.0,NAC,NUVEEN CALIFORNIA QUA MUN INC FD,6726.0
67066Y10,15.94,15.91,2016-03-17,,107384.0,NAC,NUVEEN CALIFORNIA QUA MUN INC FD,6726.0
67066Y10,15.9,15.89,2016-03-18,,107384.0,NAC,NUVEEN CALIFORNIA QUA MUN INC FD,6726.0
67066Y10,15.9101,15.92,2016-03-21,,107384.0,NAC,NUVEEN CALIFORNIA QUA MUN INC FD,6726.0
67066Y10,16.02,15.94,2016-03-22,,107384.0,NAC,NUVEEN CALIFORNIA QUA MUN INC FD,6726.0
67066Y10,16.02,16.0,2016-03-23,,107384.0,NAC,NUVEEN CALIFORNIA QUA MUN INC FD,6726.0
67066Y10,15.99,15.96,2016-03-24,,107384.0,NAC,NUVEEN CALIFORNIA QUA MUN INC FD,6726.0
67066Y10,16.05,16.0,2016-03-28,,107384.0,NAC,NUVEEN CALIFORNIA QUA MUN INC FD,6726.0
67066Y10,16.09,16.05,2016-03-29,,107384.0,NAC,NUVEEN CALIFORNIA QUA MUN INC FD,6726.0
67066Y10,16.08,16.1,2016-03-30,,107384.0,NAC,NUVEEN CALIFORNIA QUA MUN INC FD,6726.0
67066Y10,16.1,16.05,2016-03-31,,107384.0,NAC,NUVEEN CALIFORNIA QUA MUN INC FD,6726.0
67066Y10,16.24,16.1,2016-04-01,,107384.0,NAC,NUVEEN CALIFORNIA QUA MUN INC FD,6726.0
67066Y10,16.29,16.26,2016-04-04,,107384.0,NAC,NUVEEN CALIFORNIA QUA MUN INC FD,6726.0
67066Y10,16.32,16.31,2016-04-05,,107384.0,NAC,NUVEEN CALIFORNIA QUA MUN INC FD,6726.0
67066Y10,16.24,16.32,2016-04-06,,107384.0,NAC,NUVEEN CALIFORNIA QUA MUN INC FD,6726.0
67066Y10,16.21,16.24,2016-04-07,,107384.0,NAC,NUVEEN CALIFORNIA QUA MUN INC FD,6726.0
67066Y10,16.13,16.32,2016-04-08,,107384.0,NAC,NUVEEN CALIFORNIA QUA MUN INC FD,6726.0
67066Y10,16.2,16.24,2016-04-11,,107384.0,NAC,NUVEEN CALIFORNIA QUA MUN INC FD,6726.0
67066Y10,16.25,16.25,2016-04-12,,107384.0,NAC,NUVEEN CALIFORNIA QUA MUN INC FD,6726.0
67066Y10,16.15,16.17,2016-04-13,,107384.0,NAC,NUVEEN CALIFORNIA QUA MUN INC FD,6726.0
67066Y10,16.02,16.1,2016-04-14,,107384.0,NAC,NUVEEN CALIFORNIA QUA MUN INC FD,6726.0
67066Y10,16.1,16.1,2016-04-15,,107384.0,NAC,NUVEEN CALIFORNIA QUA MUN INC FD,6726.0
67066Y10,16.18,16.2,2016-04-18,,107384.0,NAC,NUVEEN CALIFORNIA QUA MUN INC FD,6726.0
67066Y10,16.04,16.2,2016-04-19,,107384.0,NAC,NUVEEN CALIFORNIA QUA MUN INC FD,6726.0
67066Y10,16.08,16.12,2016-04-20,,107384.0,NAC,NUVEEN CALIFORNIA QUA MUN INC FD,6726.0
67066Y10,16.08,16.12,2016-04-21,,107384.0,NAC,NUVEEN CALIFORNIA QUA MUN INC FD,6726.0
67066Y10,16.14,16.11,2016-04-22,,107384.0,NAC,NUVEEN CALIFORNIA QUA MUN INC FD,6726.0
67066Y10,16.07,16.12,2016-04-25,,107384.0,NAC,NUVEEN CALIFORNIA QUA MUN INC FD,6726.0
67066Y10,16.05,16.12,2016-04-26,,107384.0,NAC,NUVEEN CALIFORNIA QUA MUN INC FD,6726.0
67066Y10,16.16,16.13,2016-04-27,,107384.0,NAC,NUVEEN CALIFORNIA QUA MUN INC FD,6726.0
67066Y10,16.13,16.17,2016-04-28,,107384.0,NAC,NUVEEN CALIFORNIA QUA MUN INC FD,6726.0
67066Y10,16.18,16.18,2016-04-29,,107384.0,NAC,NUVEEN CALIFORNIA QUA MUN INC FD,6726.0
67066Y10,16.27,16.26,2016-05-02,,107384.0,NAC,NUVEEN CALIFORNIA QUA MUN INC FD,6726.0
67066Y10,16.38,16.36,2016-05-03,,107384.0,NAC,NUVEEN CALIFORNIA QUA MUN INC FD,6726.0
67066Y10,16.28,16.4,2016-05-04,,107384.0,NAC,NUVEEN CALIFORNIA QUA MUN INC FD,6726.0
67066Y10,16.27,16.37,2016-05-05,,107384.0,NAC,NUVEEN CALIFORNIA QUA MUN INC FD,6726.0
67066Y10,16.35,16.36,2016-05-06,,107384.0,NAC,NUVEEN CALIFORNIA QUA MUN INC FD,6726.0
67066Y10,16.58,16.39,2016-05-09,,107384.0,NAC,NUVEEN CALIFORNIA QUA MUN INC FD,6726.0
67066Y10,16.51,16.52,2016-05-10,,107384.0,NAC,NUVEEN CALIFORNIA QUA MUN INC FD,6726.0
67066Y10,16.55,16.51,2016-05-11,,107384.0,NAC,NUVEEN CALIFORNIA QUA MUN INC FD,6726.0
67066Y10,16.45,16.47,2016-05-12,,107384.0,NAC,NUVEEN CALIFORNIA QUA MUN INC FD,6726.0
67066Y10,16.43,16.53,2016-05-13,,107384.0,NAC,NUVEEN CALIFORNIA QUA MUN INC FD,6726.0
67066Y10,16.38,16.47,2016-05-16,,107384.0,NAC,NUVEEN CALIFORNIA QUA MUN INC FD,6726.0
67066Y10,16.4,16.52,2016-05-17,,107384.0,NAC,NUVEEN CALIFORNIA QUA MUN INC FD,6726.0
67066Y10,16.28,16.35,2016-05-18,,107384.0,NAC,NUVEEN CALIFORNIA QUA MUN INC FD,6726.0
67066Y10,15.94,16.2,2016-05-19,,107384.0,NAC,NUVEEN CALIFORNIA QUA MUN INC FD,6726.0
67066Y10,16.04,15.95,2016-05-20,,107384.0,NAC,NUVEEN CALIFORNIA QUA MUN INC FD,6726.0
67066Y10,16.2,16.08,2016-05-23,,107384.0,NAC,NUVEEN CALIFORNIA QUA MUN INC FD,6726.0
67066Y10,16.17,16.3,2016-05-24,,107384.0,NAC,NUVEEN CALIFORNIA QUA MUN INC FD,6726.0
67066Y10,16.25,16.25,2016-05-25,,107384.0,NAC,NUVEEN CALIFORNIA QUA MUN INC FD,6726.0
67066Y10,16.28,16.25,2016-05-26,,107384.0,NAC,NUVEEN CALIFORNIA QUA MUN INC FD,6726.0
67066Y10,16.26,16.34,2016-05-27,,107384.0,NAC,NUVEEN CALIFORNIA QUA MUN INC FD,6726.0
67066Y10,16.14,16.16,2016-05-31,,107384.0,NAC,NUVEEN CALIFORNIA QUA MUN INC FD,6726.0
67066Y10,16.37,16.16,2016-06-01,,107384.0,NAC,NUVEEN CALIFORNIA QUA MUN INC FD,6726.0
67066Y10,16.4,16.44,2016-06-02,,107384.0,NAC,NUVEEN CALIFORNIA QUA MUN INC FD,6726.0
67066Y10,16.32,16.44,2016-06-03,,107384.0,NAC,NUVEEN CALIFORNIA QUA MUN INC FD,6726.0
67066Y10,16.37,16.35,2016-06-06,,107384.0,NAC,NUVEEN CALIFORNIA QUA MUN INC FD,6726.0
67066Y10,16.45,16.48,2016-06-07,,107384.0,NAC,NUVEEN CALIFORNIA QUA MUN INC FD,6726.0
67066Y10,16.56,16.53,2016-06-08,,107384.0,NAC,NUVEEN CALIFORNIA QUA MUN INC FD,6726.0
67066Y10,16.49,16.58,2016-06-09,,107384.0,NAC,NUVEEN CALIFORNIA QUA MUN INC FD,6726.0
67066Y10,16.46,16.53,2016-06-10,,107384.0,NAC,NUVEEN CALIFORNIA QUA MUN INC FD,6726.0
67066Y10,16.4,16.39,2016-06-13,,107384.0,NAC,NUVEEN CALIFORNIA QUA MUN INC FD,6726.0
67066Y10,16.54,16.47,2016-06-14,,107384.0,NAC,NUVEEN CALIFORNIA QUA MUN INC FD,6726.0
67066Y10,16.78,16.61,2016-06-15,,107384.0,NAC,NUVEEN CALIFORNIA QUA MUN INC FD,6726.0
67066Y10,16.71,16.79,2016-06-16,,107384.0,NAC,NUVEEN CALIFORNIA QUA MUN INC FD,6726.0
67066Y10,16.75,16.78,2016-06-17,,107384.0,NAC,NUVEEN CALIFORNIA QUA MUN INC FD,6726.0
67066Y10,16.7,16.77,2016-06-20,,107384.0,NAC,NUVEEN CALIFORNIA QUA MUN INC FD,6726.0
67066Y10,16.73,16.69,2016-06-21,,107384.0,NAC,NUVEEN CALIFORNIA QUA MUN INC FD,6726.0
67066Y10,16.73,16.74,2016-06-22,,107384.0,NAC,NUVEEN CALIFORNIA QUA MUN INC FD,6726.0
67066Y10,16.7,16.69,2016-06-23,,107384.0,NAC,NUVEEN CALIFORNIA QUA MUN INC FD,6726.0
67066Y10,16.8,16.67,2016-06-24,,107384.0,NAC,NUVEEN CALIFORNIA QUA MUN INC FD,6726.0
67066Y10,16.89,16.86,2016-06-27,,107384.0,NAC,NUVEEN CALIFORNIA QUA MUN INC FD,6726.0
67066Y10,16.92,16.9,2016-06-28,,107384.0,NAC,NUVEEN CALIFORNIA QUA MUN INC FD,6726.0
67066Y10,16.95,16.96,2016-06-29,,107384.0,NAC,NUVEEN CALIFORNIA QUA MUN INC FD,6726.0
67066Y10,16.95,16.99,2016-06-30,,107384.0,NAC,NUVEEN CALIFORNIA QUA MUN INC FD,6726.0
67066Y10,17.02,17.04,2016-07-01,,107384.0,NAC,NUVEEN CALIFORNIA QUA MUN INC FD,6726.0
67066Y10,17.11,17.09,2016-07-05,,107384.0,NAC,NUVEEN CALIFORNIA QUA MUN INC FD,6726.0
67066Y10,17.12,17.16,2016-07-06,,107384.0,NAC,NUVEEN CALIFORNIA QUA MUN INC FD,6726.0
67066Y10,17.11,17.15,2016-07-07,,107384.0,NAC,NUVEEN CALIFORNIA QUA MUN INC FD,6726.0
67066Y10,17.18,17.17,2016-07-08,,107384.0,NAC,NUVEEN CALIFORNIA QUA MUN INC FD,6726.0
67066Y10,17.06,17.2,2016-07-11,,107384.0,NAC,NUVEEN CALIFORNIA QUA MUN INC FD,6726.0
67066Y10,16.95,17.07,2016-07-12,,107384.0,NAC,NUVEEN CALIFORNIA QUA MUN INC FD,6726.0
67066Y10,16.65,16.91,2016-07-13,,107384.0,NAC,NUVEEN CALIFORNIA QUA MUN INC FD,6726.0
67066Y10,16.36,16.79,2016-07-14,,107384.0,NAC,NUVEEN CALIFORNIA QUA MUN INC FD,6726.0
67066Y10,16.46,16.39,2016-07-15,,107384.0,NAC,NUVEEN CALIFORNIA QUA MUN INC FD,6726.0
67066Y10,16.59,16.55,2016-07-18,,107384.0,NAC,NUVEEN CALIFORNIA QUA MUN INC FD,6726.0
67066Y10,16.74,16.67,2016-07-19,,107384.0,NAC,NUVEEN CALIFORNIA QUA MUN INC FD,6726.0
67066Y10,16.79,16.77,2016-07-20,,107384.0,NAC,NUVEEN CALIFORNIA QUA MUN INC FD,6726.0
67066Y10,16.84,16.82,2016-07-21,,107384.0,NAC,NUVEEN CALIFORNIA QUA MUN INC FD,6726.0
67066Y10,16.87,16.81,2016-07-22,,107384.0,NAC,NUVEEN CALIFORNIA QUA MUN INC FD,6726.0
67066Y10,16.83,16.89,2016-07-25,,107384.0,NAC,NUVEEN CALIFORNIA QUA MUN INC FD,6726.0
67066Y10,16.85,16.86,2016-07-26,,107384.0,NAC,NUVEEN CALIFORNIA QUA MUN INC FD,6726.0
67066Y10,16.89,16.88,2016-07-27,,107384.0,NAC,NUVEEN CALIFORNIA QUA MUN INC FD,6726.0
67066Y10,16.87,16.94,2016-07-28,,107384.0,NAC,NUVEEN CALIFORNIA QUA MUN INC FD,6726.0
67066Y10,16.9,16.9,2016-07-29,,107384.0,NAC,NUVEEN CALIFORNIA QUA MUN INC FD,6726.0
67066Y10,16.9,16.9,2016-08-01,,107384.0,NAC,NUVEEN CALIFORNIA QUA MUN INC FD,6726.0
67066Y10,16.91,16.88,2016-08-02,,107384.0,NAC,NUVEEN CALIFORNIA QUA MUN INC FD,6726.0
67066Y10,16.91,16.89,2016-08-03,,107384.0,NAC,NUVEEN CALIFORNIA QUA MUN INC FD,6726.0
67066Y10,16.93,16.94,2016-08-04,,107384.0,NAC,NUVEEN CALIFORNIA QUA MUN INC FD,6726.0
67066Y10,16.89,16.9,2016-08-05,,107384.0,NAC,NUVEEN CALIFORNIA QUA MUN INC FD,6726.0
67066Y10,16.91,16.91,2016-08-08,,107384.0,NAC,NUVEEN CALIFORNIA QUA MUN INC FD,6726.0
67066Y10,16.89,16.91,2016-08-09,,107384.0,NAC,NUVEEN CALIFORNIA QUA MUN INC FD,6726.0
67066Y10,16.85,16.91,2016-08-10,,107384.0,NAC,NUVEEN CALIFORNIA QUA MUN INC FD,6726.0
67066Y10,16.89,16.83,2016-08-11,,107384.0,NAC,NUVEEN CALIFORNIA QUA MUN INC FD,6726.0
67066Y10,16.92,16.89,2016-08-12,,107384.0,NAC,NUVEEN CALIFORNIA QUA MUN INC FD,6726.0
67066Y10,16.81,16.92,2016-08-15,,107384.0,NAC,NUVEEN CALIFORNIA QUA MUN INC FD,6726.0
67066Y10,16.71,16.86,2016-08-16,,107384.0,NAC,NUVEEN CALIFORNIA QUA MUN INC FD,6726.0
67066Y10,16.73,16.76,2016-08-17,,107384.0,NAC,NUVEEN CALIFORNIA QUA MUN INC FD,6726.0
67066Y10,16.8,16.79,2016-08-18,,107384.0,NAC,NUVEEN CALIFORNIA QUA MUN INC FD,6726.0
67066Y10,16.73,16.76,2016-08-19,,107384.0,NAC,NUVEEN CALIFORNIA QUA MUN INC FD,6726.0
67066Y10,16.78,16.8,2016-08-22,,107384.0,NAC,NUVEEN CALIFORNIA QUA MUN INC FD,6726.0
67066Y10,16.75,16.8,2016-08-23,,107384.0,NAC,NUVEEN CALIFORNIA QUA MUN INC FD,6726.0
67066Y10,16.69,16.72,2016-08-24,,107384.0,NAC,NUVEEN CALIFORNIA QUA MUN INC FD,6726.0
67066Y10,16.68,16.63,2016-08-25,,107384.0,NAC,NUVEEN CALIFORNIA QUA MUN INC FD,6726.0
67066Y10,16.56,16.67,2016-08-26,,107384.0,NAC,NUVEEN CALIFORNIA QUA MUN INC FD,6726.0
67066Y10,16.6,16.58,2016-08-29,,107384.0,NAC,NUVEEN CALIFORNIA QUA MUN INC FD,6726.0
67066Y10,16.71,16.66,2016-08-30,,107384.0,NAC,NUVEEN CALIFORNIA QUA MUN INC FD,6726.0
67066Y10,16.72,16.73,2016-08-31,,107384.0,NAC,NUVEEN CALIFORNIA QUA MUN INC FD,6726.0
67066Y10,16.79,16.79,2016-09-01,,107384.0,NAC,NUVEEN CALIFORNIA QUA MUN INC FD,6726.0
67066Y10,16.78,16.83,2016-09-02,,107384.0,NAC,NUVEEN CALIFORNIA QUA MUN INC FD,6726.0
67066Y10,16.9,16.82,2016-09-06,,107384.0,NAC,NUVEEN CALIFORNIA QUA MUN INC FD,6726.0
67066Y10,16.81,16.9,2016-09-07,,107384.0,NAC,NUVEEN CALIFORNIA QUA MUN INC FD,6726.0
67066Y10,16.9,16.85,2016-09-08,,107384.0,NAC,NUVEEN CALIFORNIA QUA MUN INC FD,6726.0
67066Y10,16.72,16.83,2016-09-09,,107384.0,NAC,NUVEEN CALIFORNIA QUA MUN INC FD,6726.0
67066Y10,16.54,16.72,2016-09-12,,107384.0,NAC,NUVEEN CALIFORNIA QUA MUN INC FD,6726.0
67066Y10,16.41,16.51,2016-09-13,,107384.0,NAC,NUVEEN CALIFORNIA QUA MUN INC FD,6726.0
67066Y10,16.37,16.47,2016-09-14,,107384.0,NAC,NUVEEN CALIFORNIA QUA MUN INC FD,6726.0
67066Y10,16.37,16.33,2016-09-15,,107384.0,NAC,NUVEEN CALIFORNIA QUA MUN INC FD,6726.0
67066Y10,16.25,16.43,2016-09-16,,107384.0,NAC,NUVEEN CALIFORNIA QUA MUN INC FD,6726.0
67066Y10,16.31,16.3,2016-09-19,,107384.0,NAC,NUVEEN CALIFORNIA QUA MUN INC FD,6726.0
67066Y10,16.26,16.35,2016-09-20,,107384.0,NAC,NUVEEN CALIFORNIA QUA MUN INC FD,6726.0
67066Y10,16.37,16.35,2016-09-21,,107384.0,NAC,NUVEEN CALIFORNIA QUA MUN INC FD,6726.0
67066Y10,16.53,16.43,2016-09-22,,107384.0,NAC,NUVEEN CALIFORNIA QUA MUN INC FD,6726.0
67066Y10,16.48,16.55,2016-09-23,,107384.0,NAC,NUVEEN CALIFORNIA QUA MUN INC FD,6726.0
67066Y10,16.6,16.54,2016-09-26,,107384.0,NAC,NUVEEN CALIFORNIA QUA MUN INC FD,6726.0
67066Y10,16.54,16.6,2016-09-27,,107384.0,NAC,NUVEEN CALIFORNIA QUA MUN INC FD,6726.0
67066Y10,16.48,16.53,2016-09-28,,107384.0,NAC,NUVEEN CALIFORNIA QUA MUN INC FD,6726.0
67066Y10,16.35,16.43,2016-09-29,,107384.0,NAC,NUVEEN CALIFORNIA QUA MUN INC FD,6726.0
67066Y10,16.43,16.35,2016-09-30,,107384.0,NAC,NUVEEN CALIFORNIA QUA MUN INC FD,6726.0
67066Y10,16.41,16.36,2016-10-03,,107384.0,NAC,NUVEEN CALIFORNIA QUA MUN INC FD,6726.0
67066Y10,16.28,16.45,2016-10-04,,107384.0,NAC,NUVEEN CALIFORNIA QUA MUN INC FD,6726.0
67066Y10,16.15,16.29,2016-10-05,,107384.0,NAC,NUVEEN CALIFORNIA QUA MUN INC FD,6726.0
67066Y10,16.08,16.1,2016-10-06,,107384.0,NAC,NUVEEN CALIFORNIA QUA MUN INC FD,6726.0
67066Y10,16.13,16.2,2016-10-07,,107384.0,NAC,NUVEEN CALIFORNIA QUA MUN INC FD,6726.0
67066Y10,16.1,16.13,2016-10-10,,107384.0,NAC,NUVEEN CALIFORNIA QUA MUN INC FD,6726.0
67066Y10,16.01,16.08,2016-10-11,,107384.0,NAC,NUVEEN CALIFORNIA QUA MUN INC FD,6726.0
67066Y10,15.61,15.96,2016-10-12,,107384.0,NAC,NUVEEN CALIFORNIA QUA MUN INC FD,6726.0
67066Y10,15.35,15.61,2016-10-13,,107384.0,NAC,NUVEEN CALIFORNIA QUA MUN INC FD,6726.0
67066Y10,15.14,15.37,2016-10-14,,107384.0,NAC,NUVEEN CALIFORNIA QUA MUN INC FD,6726.0
67066Y10,15.13,15.19,2016-10-17,,107384.0,NAC,NUVEEN CALIFORNIA QUA MUN INC FD,6726.0
67066Y10,15.35,15.2,2016-10-18,,107384.0,NAC,NUVEEN CALIFORNIA QUA MUN INC FD,6726.0
67066Y10,15.46,15.4,2016-10-19,,107384.0,NAC,NUVEEN CALIFORNIA QUA MUN INC FD,6726.0
67066Y10,15.53,15.55,2016-10-20,,107384.0,NAC,NUVEEN CALIFORNIA QUA MUN INC FD,6726.0
67066Y10,15.48,15.58,2016-10-21,,107384.0,NAC,NUVEEN CALIFORNIA QUA MUN INC FD,6726.0
67066Y10,15.53,15.54,2016-10-24,,107384.0,NAC,NUVEEN CALIFORNIA QUA MUN INC FD,6726.0
67066Y10,15.54,15.53,2016-10-25,,107384.0,NAC,NUVEEN CALIFORNIA QUA MUN INC FD,6726.0
67066Y10,15.41,15.53,2016-10-26,,107384.0,NAC,NUVEEN CALIFORNIA QUA MUN INC FD,6726.0
67066Y10,15.17,15.36,2016-10-27,,107384.0,NAC,NUVEEN CALIFORNIA QUA MUN INC FD,6726.0
67066Y10,15.03,15.2,2016-10-28,,107384.0,NAC,NUVEEN CALIFORNIA QUA MUN INC FD,6726.0
67066Y10,14.99,15.09,2016-10-31,,107384.0,NAC,NUVEEN CALIFORNIA QUA MUN INC FD,6726.0
67066Y10,15.01,14.98,2016-11-01,,107384.0,NAC,NUVEEN CALIFORNIA QUA MUN INC FD,6726.0
67066Y10,15.04,15.05,2016-11-02,,107384.0,NAC,NUVEEN CALIFORNIA QUA MUN INC FD,6726.0
67066Y10,14.96,14.96,2016-11-03,,107384.0,NAC,NUVEEN CALIFORNIA QUA MUN INC FD,6726.0
67066Y10,14.99,15.01,2016-11-04,,107384.0,NAC,NUVEEN CALIFORNIA QUA MUN INC FD,6726.0
67066Y10,15.06,15.01,2016-11-07,,107384.0,NAC,NUVEEN CALIFORNIA QUA MUN INC FD,6726.0
67066Y10,15.04,15.07,2016-11-08,,107384.0,NAC,NUVEEN CALIFORNIA QUA MUN INC FD,6726.0
67066Y10,14.79,14.9,2016-11-09,,107384.0,NAC,NUVEEN CALIFORNIA QUA MUN INC FD,6726.0
67066Y10,14.31,14.76,2016-11-10,,107384.0,NAC,NUVEEN CALIFORNIA QUA MUN INC FD,6726.0
67066Y10,14.22,14.25,2016-11-11,,107384.0,NAC,NUVEEN CALIFORNIA QUA MUN INC FD,6726.0
67066Y10,13.88,14.11,2016-11-14,,107384.0,NAC,NUVEEN CALIFORNIA QUA MUN INC FD,6726.0
67066Y10,14.05,13.9,2016-11-15,,107384.0,NAC,NUVEEN CALIFORNIA QUA MUN INC FD,6726.0
67066Y10,14.12,14.12,2016-11-16,,107384.0,NAC,NUVEEN CALIFORNIA QUA MUN INC FD,6726.0
67066Y10,14.02,14.02,2016-11-17,,107384.0,NAC,NUVEEN CALIFORNIA QUA MUN INC FD,6726.0
67066Y10,13.97,14.0,2016-11-18,,107384.0,NAC,NUVEEN CALIFORNIA QUA MUN INC FD,6726.0
67066Y10,14.02,14.0,2016-11-21,,107384.0,NAC,NUVEEN CALIFORNIA QUA MUN INC FD,6726.0
67066Y10,14.02,14.07,2016-11-22,,107384.0,NAC,NUVEEN CALIFORNIA QUA MUN INC FD,6726.0
67066Y10,14.0,13.95,2016-11-23,,107384.0,NAC,NUVEEN CALIFORNIA QUA MUN INC FD,6726.0
67066Y10,13.87,13.84,2016-11-25,,107384.0,NAC,NUVEEN CALIFORNIA QUA MUN INC FD,6726.0
67066Y10,13.94,13.89,2016-11-28,,107384.0,NAC,NUVEEN CALIFORNIA QUA MUN INC FD,6726.0
67066Y10,13.9,14.01,2016-11-29,,107384.0,NAC,NUVEEN CALIFORNIA QUA MUN INC FD,6726.0
67066Y10,13.98,13.81,2016-11-30,,145105.0,NAC,NUVEEN CALIFORNIA QUA MUN INC FD,6726.0
67066Y10,13.87,13.9,2016-12-01,,145105.0,NAC,NUVEEN CALIFORNIA QUA MUN INC FD,6726.0
67066Y10,13.98,13.92,2016-12-02,,145105.0,NAC,NUVEEN CALIFORNIA QUA MUN INC FD,6726.0
67066Y10,13.89,13.98,2016-12-05,,145105.0,NAC,NUVEEN CALIFORNIA QUA MUN INC FD,6726.0
67066Y10,13.95,13.89,2016-12-06,,145105.0,NAC,NUVEEN CALIFORNIA QUA MUN INC FD,6726.0
67066Y10,14.07,13.95,2016-12-07,,145105.0,NAC,NUVEEN CALIFORNIA QUA MUN INC FD,6726.0
67066Y10,14.05,14.06,2016-12-08,,145105.0,NAC,NUVEEN CALIFORNIA QUA MUN INC FD,6726.0
67066Y10,14.0,14.09,2016-12-09,,145105.0,NAC,NUVEEN CALIFORNIA QUA MUN INC FD,6726.0
67066Y10,13.9,13.92,2016-12-12,,145105.0,NAC,NUVEEN CALIFORNIA QUA MUN INC FD,6726.0
67066Y10,14.03,13.91,2016-12-13,,145105.0,NAC,NUVEEN CALIFORNIA QUA MUN INC FD,6726.0
67066Y10,14.04,14.03,2016-12-14,,145105.0,NAC,NUVEEN CALIFORNIA QUA MUN INC FD,6726.0
67066Y10,13.99,14.01,2016-12-15,,145105.0,NAC,NUVEEN CALIFORNIA QUA MUN INC FD,6726.0
67066Y10,14.01,13.99,2016-12-16,,145105.0,NAC,NUVEEN CALIFORNIA QUA MUN INC FD,6726.0
67066Y10,14.07,14.02,2016-12-19,,145105.0,NAC,NUVEEN CALIFORNIA QUA MUN INC FD,6726.0
67066Y10,14.06,14.02,2016-12-20,,145105.0,NAC,NUVEEN CALIFORNIA QUA MUN INC FD,6726.0
67066Y10,14.07,14.06,2016-12-21,,145105.0,NAC,NUVEEN CALIFORNIA QUA MUN INC FD,6726.0
67066Y10,14.13,14.07,2016-12-22,,145105.0,NAC,NUVEEN CALIFORNIA QUA MUN INC FD,6726.0
67066Y10,14.09,14.14,2016-12-23,,145105.0,NAC,NUVEEN CALIFORNIA QUA MUN INC FD,6726.0
67066Y10,14.12,14.0,2016-12-27,,145105.0,NAC,NUVEEN CALIFORNIA QUA MUN INC FD,6726.0
67066Y10,14.09,14.12,2016-12-28,,145105.0,NAC,NUVEEN CALIFORNIA QUA MUN INC FD,6726.0
67066Y10,14.12,14.12,2016-12-29,,145105.0,NAC,NUVEEN CALIFORNIA QUA MUN INC FD,6726.0
67066Y10,14.14,14.14,2016-12-30,,145105.0,NAC,NUVEEN CALIFORNIA QUA MUN INC FD,6726.0
67066Y10,14.17,14.16,2017-01-03,,145105.0,NAC,NUVEEN CALIFORNIA QUA MUN INC FD,6726.0
67066Y10,14.3,14.22,2017-01-04,,145105.0,NAC,NUVEEN CALIFORNIA QUA MUN INC FD,6726.0
67066Y10,14.42,14.35,2017-01-05,,145105.0,NAC,NUVEEN CALIFORNIA QUA MUN INC FD,6726.0
67066Y10,14.32,14.39,2017-01-06,,145105.0,NAC,NUVEEN CALIFORNIA QUA MUN INC FD,6726.0
67066Y10,14.37,14.35,2017-01-09,,145105.0,NAC,NUVEEN CALIFORNIA QUA MUN INC FD,6726.0
67066Y10,14.52,14.37,2017-01-10,,145105.0,NAC,NUVEEN CALIFORNIA QUA MUN INC FD,6726.0
67066Y10,14.38,14.46,2017-01-11,,145105.0,NAC,NUVEEN CALIFORNIA QUA MUN INC FD,6726.0
67066Y10,14.48,14.4,2017-01-12,,145105.0,NAC,NUVEEN CALIFORNIA QUA MUN INC FD,6726.0
67066Y10,14.52,14.46,2017-01-13,,145105.0,NAC,NUVEEN CALIFORNIA QUA MUN INC FD,6726.0
67066Y10,14.49,14.57,2017-01-17,,145105.0,NAC,NUVEEN CALIFORNIA QUA MUN INC FD,6726.0
67066Y10,14.47,14.48,2017-01-18,,145105.0,NAC,NUVEEN CALIFORNIA QUA MUN INC FD,6726.0
67066Y10,14.41,14.45,2017-01-19,,145105.0,NAC,NUVEEN CALIFORNIA QUA MUN INC FD,6726.0
67066Y10,14.41,14.4,2017-01-20,,145105.0,NAC,NUVEEN CALIFORNIA QUA MUN INC FD,6726.0
67066Y10,14.44,14.42,2017-01-23,,145105.0,NAC,NUVEEN CALIFORNIA QUA MUN INC FD,6726.0
67066Y10,14.43,14.44,2017-01-24,,145105.0,NAC,NUVEEN CALIFORNIA QUA MUN INC FD,6726.0
67066Y10,14.45,14.41,2017-01-25,,145105.0,NAC,NUVEEN CALIFORNIA QUA MUN INC FD,6726.0
67066Y10,14.42,14.42,2017-01-26,,145105.0,NAC,NUVEEN CALIFORNIA QUA MUN INC FD,6726.0
67066Y10,14.5,14.41,2017-01-27,,145105.0,NAC,NUVEEN CALIFORNIA QUA MUN INC FD,6726.0
67066Y10,14.52,14.53,2017-01-30,,145105.0,NAC,NUVEEN CALIFORNIA QUA MUN INC FD,6726.0
67066Y10,14.59,14.56,2017-01-31,,145105.0,NAC,NUVEEN CALIFORNIA QUA MUN INC FD,6726.0
67066Y10,14.56,14.57,2017-02-01,,145105.0,NAC,NUVEEN CALIFORNIA QUA MUN INC FD,6726.0
67066Y10,14.47,14.57,2017-02-02,,145105.0,NAC,NUVEEN CALIFORNIA QUA MUN INC FD,6726.0
67066Y10,14.55,14.5,2017-02-03,,145105.0,NAC,NUVEEN CALIFORNIA QUA MUN INC FD,6726.0
67066Y10,14.65,14.6,2017-02-06,,145105.0,NAC,NUVEEN CALIFORNIA QUA MUN INC FD,6726.0
67066Y10,14.63,14.65,2017-02-07,,145105.0,NAC,NUVEEN CALIFORNIA QUA MUN INC FD,6726.0
67066Y10,14.7,14.65,2017-02-08,,145105.0,NAC,NUVEEN CALIFORNIA QUA MUN INC FD,6726.0
67066Y10,14.64,14.72,2017-02-09,,145105.0,NAC,NUVEEN CALIFORNIA QUA MUN INC FD,6726.0
67066Y10,14.56,14.6,2017-02-10,,145105.0,NAC,NUVEEN CALIFORNIA QUA MUN INC FD,6726.0
67066Y10,14.5,14.52,2017-02-13,,145105.0,NAC,NUVEEN CALIFORNIA QUA MUN INC FD,6726.0
67066Y10,14.37,14.54,2017-02-14,,145105.0,NAC,NUVEEN CALIFORNIA QUA MUN INC FD,6726.0
67066Y10,14.18,14.35,2017-02-15,,145105.0,NAC,NUVEEN CALIFORNIA QUA MUN INC FD,6726.0
67066Y10,14.45,14.28,2017-02-16,,145105.0,NAC,NUVEEN CALIFORNIA QUA MUN INC FD,6726.0
67066Y10,14.42,14.45,2017-02-17,,145105.0,NAC,NUVEEN CALIFORNIA QUA MUN INC FD,6726.0
67066Y10,14.43,14.44,2017-02-21,,145105.0,NAC,NUVEEN CALIFORNIA QUA MUN INC FD,6726.0
67066Y10,14.41,14.42,2017-02-22,,145105.0,NAC,NUVEEN CALIFORNIA QUA MUN INC FD,6726.0
67066Y10,14.44,14.41,2017-02-23,,145105.0,NAC,NUVEEN CALIFORNIA QUA MUN INC FD,6726.0
67066Y10,14.47,14.49,2017-02-24,,145105.0,NAC,NUVEEN CALIFORNIA QUA MUN INC FD,6726.0
67066Y10,14.45,14.44,2017-02-27,,145105.0,NAC,NUVEEN CALIFORNIA QUA MUN INC FD,6726.0
67066Y10,14.55,14.46,2017-02-28,,145105.0,NAC,NUVEEN CALIFORNIA QUA MUN INC FD,6726.0
67066Y10,14.51,14.5,2017-03-01,,145105.0,NAC,NUVEEN CALIFORNIA QUA MUN INC FD,6726.0
67066Y10,14.45,14.51,2017-03-02,,145105.0,NAC,NUVEEN CALIFORNIA QUA MUN INC FD,6726.0
67066Y10,14.44,14.48,2017-03-03,,145105.0,NAC,NUVEEN CALIFORNIA QUA MUN INC FD,6726.0
67066Y10,14.31,14.44,2017-03-06,,145105.0,NAC,NUVEEN CALIFORNIA QUA MUN INC FD,6726.0
67066Y10,14.28,14.33,2017-03-07,,145105.0,NAC,NUVEEN CALIFORNIA QUA MUN INC FD,6726.0
67066Y10,14.21,14.23,2017-03-08,,145105.0,NAC,NUVEEN CALIFORNIA QUA MUN INC FD,6726.0
67066Y10,14.08,14.2,2017-03-09,,145105.0,NAC,NUVEEN CALIFORNIA QUA MUN INC FD,6726.0
67066Y10,14.02,14.11,2017-03-10,,145105.0,NAC,NUVEEN CALIFORNIA QUA MUN INC FD,6726.0
67066Y10,14.01,13.97,2017-03-13,,145105.0,NAC,NUVEEN CALIFORNIA QUA MUN INC FD,6726.0
67066Y10,14.01,13.96,2017-03-14,,145105.0,NAC,NUVEEN CALIFORNIA QUA MUN INC FD,6726.0
67066Y10,14.11,14.0,2017-03-15,,145105.0,NAC,NUVEEN CALIFORNIA QUA MUN INC FD,6726.0
67066Y10,14.02,14.14,2017-03-16,,145105.0,NAC,NUVEEN CALIFORNIA QUA MUN INC FD,6726.0
67066Y10,14.1,14.04,2017-03-17,,145105.0,NAC,NUVEEN CALIFORNIA QUA MUN INC FD,6726.0
67066Y10,14.16,14.1,2017-03-20,,145105.0,NAC,NUVEEN CALIFORNIA QUA MUN INC FD,6726.0
67066Y10,14.21,14.16,2017-03-21,,145105.0,NAC,NUVEEN CALIFORNIA QUA MUN INC FD,6726.0
67066Y10,14.27,14.22,2017-03-22,,145105.0,NAC,NUVEEN CALIFORNIA QUA MUN INC FD,6726.0
67066Y10,14.28,14.28,2017-03-23,,145105.0,NAC,NUVEEN CALIFORNIA QUA MUN INC FD,6726.0
67066Y10,14.28,14.25,2017-03-24,,145105.0,NAC,NUVEEN CALIFORNIA QUA MUN INC FD,6726.0
67066Y10,14.34,14.31,2017-03-27,,145105.0,NAC,NUVEEN CALIFORNIA QUA MUN INC FD,6726.0
67066Y10,14.37,14.34,2017-03-28,,145105.0,NAC,NUVEEN CALIFORNIA QUA MUN INC FD,6726.0
67066Y10,14.41,14.4,2017-03-29,,145105.0,NAC,NUVEEN CALIFORNIA QUA MUN INC FD,6726.0
67066Y10,14.35,14.37,2017-03-30,,145105.0,NAC,NUVEEN CALIFORNIA QUA MUN INC FD,6726.0
67066Y10,14.41,14.35,2017-03-31,,145105.0,NAC,NUVEEN CALIFORNIA QUA MUN INC FD,6726.0
67066Y10,14.43,14.44,2017-04-03,,145105.0,NAC,NUVEEN CALIFORNIA QUA MUN INC FD,6726.0
67066Y10,14.39,14.46,2017-04-04,,145105.0,NAC,NUVEEN CALIFORNIA QUA MUN INC FD,6726.0
67066Y10,14.37,14.38,2017-04-05,,145105.0,NAC,NUVEEN CALIFORNIA QUA MUN INC FD,6726.0
67066Y10,14.44,14.38,2017-04-06,,145105.0,NAC,NUVEEN CALIFORNIA QUA MUN INC FD,6726.0
67066Y10,14.5,14.45,2017-04-07,,145105.0,NAC,NUVEEN CALIFORNIA QUA MUN INC FD,6726.0
67066Y10,14.55,14.5,2017-04-10,,145105.0,NAC,NUVEEN CALIFORNIA QUA MUN INC FD,6726.0
67066Y10,14.55,14.49,2017-04-11,,145105.0,NAC,NUVEEN CALIFORNIA QUA MUN INC FD,6726.0
67066Y10,14.59,14.55,2017-04-12,,145105.0,NAC,NUVEEN CALIFORNIA QUA MUN INC FD,6726.0
67066Y10,14.63,14.62,2017-04-13,,145105.0,NAC,NUVEEN CALIFORNIA QUA MUN INC FD,6726.0
67066Y10,14.66,14.69,2017-04-17,,145105.0,NAC,NUVEEN CALIFORNIA QUA MUN INC FD,6726.0
67066Y10,14.66,14.67,2017-04-18,,145105.0,NAC,NUVEEN CALIFORNIA QUA MUN INC FD,6726.0
67066Y10,14.66,14.67,2017-04-19,,145105.0,NAC,NUVEEN CALIFORNIA QUA MUN INC FD,6726.0
67066Y10,14.66,14.68,2017-04-20,,145105.0,NAC,NUVEEN CALIFORNIA QUA MUN INC FD,6726.0
67066Y10,14.67,14.67,2017-04-21,,145105.0,NAC,NUVEEN CALIFORNIA QUA MUN INC FD,6726.0
67066Y10,14.66,14.67,2017-04-24,,145105.0,NAC,NUVEEN CALIFORNIA QUA MUN INC FD,6726.0
67066Y10,14.58,14.63,2017-04-25,,145105.0,NAC,NUVEEN CALIFORNIA QUA MUN INC FD,6726.0
67066Y10,14.6,14.58,2017-04-26,,145105.0,NAC,NUVEEN CALIFORNIA QUA MUN INC FD,6726.0
67066Y10,14.66,14.59,2017-04-27,,145105.0,NAC,NUVEEN CALIFORNIA QUA MUN INC FD,6726.0
67066Y10,14.69,14.68,2017-04-28,,145105.0,NAC,NUVEEN CALIFORNIA QUA MUN INC FD,6726.0
67066Y10,14.71,14.71,2017-05-01,,145105.0,NAC,NUVEEN CALIFORNIA QUA MUN INC FD,6726.0
67066Y10,14.69,14.69,2017-05-02,,145105.0,NAC,NUVEEN CALIFORNIA QUA MUN INC FD,6726.0
67066Y10,14.705,14.69,2017-05-03,,145105.0,NAC,NUVEEN CALIFORNIA QUA MUN INC FD,6726.0
67066Y10,14.67,14.7,2017-05-04,,145105.0,NAC,NUVEEN CALIFORNIA QUA MUN INC FD,6726.0
67066Y10,14.66,14.72,2017-05-05,,145105.0,NAC,NUVEEN CALIFORNIA QUA MUN INC FD,6726.0
67066Y10,14.66,14.66,2017-05-08,,145105.0,NAC,NUVEEN CALIFORNIA QUA MUN INC FD,6726.0
67066Y10,14.63,14.61,2017-05-09,,145105.0,NAC,NUVEEN CALIFORNIA QUA MUN INC FD,6726.0
67066Y10,14.6,14.65,2017-05-10,,145105.0,NAC,NUVEEN CALIFORNIA QUA MUN INC FD,6726.0
67066Y10,14.57,14.51,2017-05-11,,145105.0,NAC,NUVEEN CALIFORNIA QUA MUN INC FD,6726.0
67066Y10,14.67,14.63,2017-05-12,,145105.0,NAC,NUVEEN CALIFORNIA QUA MUN INC FD,6726.0
67066Y10,14.67,14.68,2017-05-15,,145105.0,NAC,NUVEEN CALIFORNIA QUA MUN INC FD,6726.0
67066Y10,14.69,14.67,2017-05-16,,145105.0,NAC,NUVEEN CALIFORNIA QUA MUN INC FD,6726.0
67066Y10,14.74,14.7,2017-05-17,,145105.0,NAC,NUVEEN CALIFORNIA QUA MUN INC FD,6726.0
67066Y10,14.69,14.74,2017-05-18,,145105.0,NAC,NUVEEN CALIFORNIA QUA MUN INC FD,6726.0
67066Y10,14.7,14.7,2017-05-19,,145105.0,NAC,NUVEEN CALIFORNIA QUA MUN INC FD,6726.0
67066Y10,14.7,14.73,2017-05-22,,145105.0,NAC,NUVEEN CALIFORNIA QUA MUN INC FD,6726.0
67066Y10,14.78,14.74,2017-05-23,,145105.0,NAC,NUVEEN CALIFORNIA QUA MUN INC FD,6726.0
67066Y10,14.82,14.79,2017-05-24,,145105.0,NAC,NUVEEN CALIFORNIA QUA MUN INC FD,6726.0
67066Y10,14.72,14.82,2017-05-25,,145105.0,NAC,NUVEEN CALIFORNIA QUA MUN INC FD,6726.0
67066Y10,14.71,14.72,2017-05-26,,145105.0,NAC,NUVEEN CALIFORNIA QUA MUN INC FD,6726.0
67066Y10,14.8,14.74,2017-05-30,,145105.0,NAC,NUVEEN CALIFORNIA QUA MUN INC FD,6726.0
67066Y10,14.87,14.79,2017-05-31,,145105.0,NAC,NUVEEN CALIFORNIA QUA MUN INC FD,6726.0
67066Y10,14.94,14.89,2017-06-01,,145105.0,NAC,NUVEEN CALIFORNIA QUA MUN INC FD,6726.0
67066Y10,14.9,14.95,2017-06-02,,145105.0,NAC,NUVEEN CALIFORNIA QUA MUN INC FD,6726.0
67066Y10,14.92,14.9,2017-06-05,,145105.0,NAC,NUVEEN CALIFORNIA QUA MUN INC FD,6726.0
67066Y10,14.96,14.94,2017-06-06,,145105.0,NAC,NUVEEN CALIFORNIA QUA MUN INC FD,6726.0
67066Y10,15.0,14.97,2017-06-07,,145105.0,NAC,NUVEEN CALIFORNIA QUA MUN INC FD,6726.0
67066Y10,15.05,15.0,2017-06-08,,145105.0,NAC,NUVEEN CALIFORNIA QUA MUN INC FD,6726.0
67066Y10,15.06,15.05,2017-06-09,,145105.0,NAC,NUVEEN CALIFORNIA QUA MUN INC FD,6726.0
67066Y10,15.04,15.04,2017-06-12,,145105.0,NAC,NUVEEN CALIFORNIA QUA MUN INC FD,6726.0
67066Y10,15.01,14.99,2017-06-13,,145105.0,NAC,NUVEEN CALIFORNIA QUA MUN INC FD,6726.0
67066Y10,14.97,15.02,2017-06-14,,145105.0,NAC,NUVEEN CALIFORNIA QUA MUN INC FD,6726.0
67066Y10,15.04,14.94,2017-06-15,,145105.0,NAC,NUVEEN CALIFORNIA QUA MUN INC FD,6726.0
67066Y10,15.01,15.0,2017-06-16,,145105.0,NAC,NUVEEN CALIFORNIA QUA MUN INC FD,6726.0
67066Y10,15.08,15.01,2017-06-19,,145105.0,NAC,NUVEEN CALIFORNIA QUA MUN INC FD,6726.0
67066Y10,15.1,15.08,2017-06-20,,145105.0,NAC,NUVEEN CALIFORNIA QUA MUN INC FD,6726.0
67066Y10,15.13,15.06,2017-06-21,,145105.0,NAC,NUVEEN CALIFORNIA QUA MUN INC FD,6726.0
67066Y10,15.11,15.1,2017-06-22,,145105.0,NAC,NUVEEN CALIFORNIA QUA MUN INC FD,6726.0
67066Y10,15.15,15.11,2017-06-23,,145105.0,NAC,NUVEEN CALIFORNIA QUA MUN INC FD,6726.0
67066Y10,15.17,15.2,2017-06-26,,145105.0,NAC,NUVEEN CALIFORNIA QUA MUN INC FD,6726.0
67066Y10,15.23,15.15,2017-06-27,,145105.0,NAC,NUVEEN CALIFORNIA QUA MUN INC FD,6726.0
67066Y10,15.29,15.21,2017-06-28,,145105.0,NAC,NUVEEN CALIFORNIA QUA MUN INC FD,6726.0
67066Y10,15.11,15.18,2017-06-29,,145105.0,NAC,NUVEEN CALIFORNIA QUA MUN INC FD,6726.0
67066Y10,15.04,15.11,2017-06-30,,145105.0,NAC,NUVEEN CALIFORNIA QUA MUN INC FD,6726.0
67066Y10,15.12,15.04,2017-07-03,,145105.0,NAC,NUVEEN CALIFORNIA QUA MUN INC FD,6726.0
67066Y10,15.2,15.13,2017-07-05,,145105.0,NAC,NUVEEN CALIFORNIA QUA MUN INC FD,6726.0
67066Y10,15.16,15.14,2017-07-06,,145105.0,NAC,NUVEEN CALIFORNIA QUA MUN INC FD,6726.0
67066Y10,15.17,15.11,2017-07-07,,145105.0,NAC,NUVEEN CALIFORNIA QUA MUN INC FD,6726.0
67066Y10,15.23,15.17,2017-07-10,,145105.0,NAC,NUVEEN CALIFORNIA QUA MUN INC FD,6726.0
67066Y10,15.29,15.22,2017-07-11,,145105.0,NAC,NUVEEN CALIFORNIA QUA MUN INC FD,6726.0
67066Y10,15.18,15.24,2017-07-12,,145105.0,NAC,NUVEEN CALIFORNIA QUA MUN INC FD,6726.0
67066Y10,15.23,15.18,2017-07-13,,145105.0,NAC,NUVEEN CALIFORNIA QUA MUN INC FD,6726.0
67066Y10,15.38,15.28,2017-07-14,,145105.0,NAC,NUVEEN CALIFORNIA QUA MUN INC FD,6726.0
67066Y10,15.25,15.35,2017-07-17,,145105.0,NAC,NUVEEN CALIFORNIA QUA MUN INC FD,6726.0
67066Y10,15.28,15.26,2017-07-18,,145105.0,NAC,NUVEEN CALIFORNIA QUA MUN INC FD,6726.0
67066Y10,15.37,15.32,2017-07-19,,145105.0,NAC,NUVEEN CALIFORNIA QUA MUN INC FD,6726.0
67066Y10,15.28,15.37,2017-07-20,,145105.0,NAC,NUVEEN CALIFORNIA QUA MUN INC FD,6726.0
67066Y10,15.25,15.28,2017-07-21,,145105.0,NAC,NUVEEN CALIFORNIA QUA MUN INC FD,6726.0
67066Y10,15.2,15.23,2017-07-24,,145105.0,NAC,NUVEEN CALIFORNIA QUA MUN INC FD,6726.0
67066Y10,15.17,15.19,2017-07-25,,145105.0,NAC,NUVEEN CALIFORNIA QUA MUN INC FD,6726.0
67066Y10,15.23,15.15,2017-07-26,,145105.0,NAC,NUVEEN CALIFORNIA QUA MUN INC FD,6726.0
67066Y10,15.17,15.22,2017-07-27,,145105.0,NAC,NUVEEN CALIFORNIA QUA MUN INC FD,6726.0
67066Y10,15.23,15.2,2017-07-28,,145105.0,NAC,NUVEEN CALIFORNIA QUA MUN INC FD,6726.0
67066Y10,15.41,15.25,2017-07-31,,145105.0,NAC,NUVEEN CALIFORNIA QUA MUN INC FD,6726.0
67066Y10,15.47,15.44,2017-08-01,,145105.0,NAC,NUVEEN CALIFORNIA QUA MUN INC FD,6726.0
67066Y10,15.53,15.51,2017-08-02,,145105.0,NAC,NUVEEN CALIFORNIA QUA MUN INC FD,6726.0
67066Y10,15.56,15.54,2017-08-03,,145105.0,NAC,NUVEEN CALIFORNIA QUA MUN INC FD,6726.0
67066Y10,15.41,15.53,2017-08-04,,145105.0,NAC,NUVEEN CALIFORNIA QUA MUN INC FD,6726.0
67066Y10,15.4,15.45,2017-08-07,,145105.0,NAC,NUVEEN CALIFORNIA QUA MUN INC FD,6726.0
67066Y10,15.42,15.39,2017-08-08,,145105.0,NAC,NUVEEN CALIFORNIA QUA MUN INC FD,6726.0
67066Y10,15.4,15.42,2017-08-09,,145105.0,NAC,NUVEEN CALIFORNIA QUA MUN INC FD,6726.0
67066Y10,15.26,15.39,2017-08-10,,145105.0,NAC,NUVEEN CALIFORNIA QUA MUN INC FD,6726.0
67066Y10,15.2,15.08,2017-08-11,,145105.0,NAC,NUVEEN CALIFORNIA QUA MUN INC FD,6726.0
67066Y10,15.2,15.22,2017-08-14,,145105.0,NAC,NUVEEN CALIFORNIA QUA MUN INC FD,6726.0
67066Y10,15.15,15.2,2017-08-15,,145105.0,NAC,NUVEEN CALIFORNIA QUA MUN INC FD,6726.0
67066Y10,15.17,15.14,2017-08-16,,145105.0,NAC,NUVEEN CALIFORNIA QUA MUN INC FD,6726.0
67066Y10,15.15,15.2,2017-08-17,,145105.0,NAC,NUVEEN CALIFORNIA QUA MUN INC FD,6726.0
67066Y10,15.19,15.19,2017-08-18,,145105.0,NAC,NUVEEN CALIFORNIA QUA MUN INC FD,6726.0
67066Y10,15.19,15.19,2017-08-21,,145105.0,NAC,NUVEEN CALIFORNIA QUA MUN INC FD,6726.0
67066Y10,15.21,15.18,2017-08-22,,145105.0,NAC,NUVEEN CALIFORNIA QUA MUN INC FD,6726.0
67066Y10,15.23,15.22,2017-08-23,,145105.0,NAC,NUVEEN CALIFORNIA QUA MUN INC FD,6726.0
67066Y10,15.23,15.23,2017-08-24,,145105.0,NAC,NUVEEN CALIFORNIA QUA MUN INC FD,6726.0
67066Y10,15.16,15.21,2017-08-25,,145105.0,NAC,NUVEEN CALIFORNIA QUA MUN INC FD,6726.0
67066Y10,15.19,15.17,2017-08-28,,145105.0,NAC,NUVEEN CALIFORNIA QUA MUN INC FD,6726.0
67066Y10,15.33,15.21,2017-08-29,,145105.0,NAC,NUVEEN CALIFORNIA QUA MUN INC FD,6726.0
67066Y10,15.29,15.33,2017-08-30,,145105.0,NAC,NUVEEN CALIFORNIA QUA MUN INC FD,6726.0
67066Y10,15.34,15.34,2017-08-31,,145105.0,NAC,NUVEEN CALIFORNIA QUA MUN INC FD,6726.0
67066Y10,15.33,15.36,2017-09-01,,145105.0,NAC,NUVEEN CALIFORNIA QUA MUN INC FD,6726.0
67066Y10,15.2,15.3,2017-09-05,,145105.0,NAC,NUVEEN CALIFORNIA QUA MUN INC FD,6726.0
67066Y10,15.23,15.25,2017-09-06,,145105.0,NAC,NUVEEN CALIFORNIA QUA MUN INC FD,6726.0
67066Y10,15.3,15.25,2017-09-07,,145105.0,NAC,NUVEEN CALIFORNIA QUA MUN INC FD,6726.0
67066Y10,15.36,15.3,2017-09-08,,145105.0,NAC,NUVEEN CALIFORNIA QUA MUN INC FD,6726.0
67066Y10,15.29,15.35,2017-09-11,,145105.0,NAC,NUVEEN CALIFORNIA QUA MUN INC FD,6726.0
67066Y10,15.38,15.34,2017-09-12,,145105.0,NAC,NUVEEN CALIFORNIA QUA MUN INC FD,6726.0
67066Y10,15.4,15.37,2017-09-13,,145105.0,NAC,NUVEEN CALIFORNIA QUA MUN INC FD,6726.0
67066Y10,15.25,15.34,2017-09-14,,145105.0,NAC,NUVEEN CALIFORNIA QUA MUN INC FD,6726.0
67066Y10,15.33,15.29,2017-09-15,,145105.0,NAC,NUVEEN CALIFORNIA QUA MUN INC FD,6726.0
67066Y10,15.26,15.33,2017-09-18,,145105.0,NAC,NUVEEN CALIFORNIA QUA MUN INC FD,6726.0
67066Y10,15.15,15.29,2017-09-19,,145105.0,NAC,NUVEEN CALIFORNIA QUA MUN INC FD,6726.0
67066Y10,15.15,15.18,2017-09-20,,145105.0,NAC,NUVEEN CALIFORNIA QUA MUN INC FD,6726.0
67066Y10,15.11,15.15,2017-09-21,,145105.0,NAC,NUVEEN CALIFORNIA QUA MUN INC FD,6726.0
67066Y10,15.14,15.13,2017-09-22,,145105.0,NAC,NUVEEN CALIFORNIA QUA MUN INC FD,6726.0
67066Y10,15.12,15.15,2017-09-25,,145105.0,NAC,NUVEEN CALIFORNIA QUA MUN INC FD,6726.0
67066Y10,15.1,15.12,2017-09-26,,145105.0,NAC,NUVEEN CALIFORNIA QUA MUN INC FD,6726.0
67066Y10,15.0,15.06,2017-09-27,,145105.0,NAC,NUVEEN CALIFORNIA QUA MUN INC FD,6726.0
67066Y10,14.95,14.96,2017-09-28,,145105.0,NAC,NUVEEN CALIFORNIA QUA MUN INC FD,6726.0
67066Y10,14.92,15.0,2017-09-29,,145105.0,NAC,NUVEEN CALIFORNIA QUA MUN INC FD,6726.0
67066Y10,14.88,14.92,2017-10-02,,145105.0,NAC,NUVEEN CALIFORNIA QUA MUN INC FD,6726.0
67066Y10,14.91,14.87,2017-10-03,,145105.0,NAC,NUVEEN CALIFORNIA QUA MUN INC FD,6726.0
67066Y10,14.95,14.87,2017-10-04,,145105.0,NAC,NUVEEN CALIFORNIA QUA MUN INC FD,6726.0
67066Y10,14.91,14.91,2017-10-05,,145105.0,NAC,NUVEEN CALIFORNIA QUA MUN INC FD,6726.0
67066Y10,14.82,14.83,2017-10-06,,145105.0,NAC,NUVEEN CALIFORNIA QUA MUN INC FD,6726.0
67066Y10,14.86,14.82,2017-10-09,,145105.0,NAC,NUVEEN CALIFORNIA QUA MUN INC FD,6726.0
67066Y10,14.89,14.86,2017-10-10,,145105.0,NAC,NUVEEN CALIFORNIA QUA MUN INC FD,6726.0
67066Y10,14.93,14.9,2017-10-11,,145105.0,NAC,NUVEEN CALIFORNIA QUA MUN INC FD,6726.0
67066Y10,14.94,14.89,2017-10-12,,145105.0,NAC,NUVEEN CALIFORNIA QUA MUN INC FD,6726.0
67066Y10,14.88,14.94,2017-10-13,,145105.0,NAC,NUVEEN CALIFORNIA QUA MUN INC FD,6726.0
67066Y10,14.85,14.88,2017-10-16,,145105.0,NAC,NUVEEN CALIFORNIA QUA MUN INC FD,6726.0
67066Y10,14.9,14.83,2017-10-17,,145105.0,NAC,NUVEEN CALIFORNIA QUA MUN INC FD,6726.0
67066Y10,14.88,14.87,2017-10-18,,145105.0,NAC,NUVEEN CALIFORNIA QUA MUN INC FD,6726.0
67066Y10,14.9,14.87,2017-10-19,,145105.0,NAC,NUVEEN CALIFORNIA QUA MUN INC FD,6726.0
67066Y10,14.81,14.87,2017-10-20,,145105.0,NAC,NUVEEN CALIFORNIA QUA MUN INC FD,6726.0
67066Y10,14.85,14.85,2017-10-23,,145105.0,NAC,NUVEEN CALIFORNIA QUA MUN INC FD,6726.0
67066Y10,14.94,14.84,2017-10-24,,145105.0,NAC,NUVEEN CALIFORNIA QUA MUN INC FD,6726.0
67066Y10,14.77,14.87,2017-10-25,,145105.0,NAC,NUVEEN CALIFORNIA QUA MUN INC FD,6726.0
67066Y10,14.66,14.77,2017-10-26,,145105.0,NAC,NUVEEN CALIFORNIA QUA MUN INC FD,6726.0
67066Y10,14.58,14.65,2017-10-27,,145105.0,NAC,NUVEEN CALIFORNIA QUA MUN INC FD,6726.0
67066Y10,14.52,14.6,2017-10-30,,145105.0,NAC,NUVEEN CALIFORNIA QUA MUN INC FD,6726.0
67066Y10,14.52,14.53,2017-10-31,,145105.0,NAC,NUVEEN CALIFORNIA QUA MUN INC FD,6726.0
67066Y10,14.48,14.55,2017-11-01,,145105.0,NAC,NUVEEN CALIFORNIA QUA MUN INC FD,6726.0
67066Y10,14.5608,14.52,2017-11-02,,145105.0,NAC,NUVEEN CALIFORNIA QUA MUN INC FD,6726.0
67066Y10,14.53,14.57,2017-11-03,,145105.0,NAC,NUVEEN CALIFORNIA QUA MUN INC FD,6726.0
67066Y10,14.55,14.52,2017-11-06,,145105.0,NAC,NUVEEN CALIFORNIA QUA MUN INC FD,6726.0
67066Y10,14.64,14.55,2017-11-07,,145105.0,NAC,NUVEEN CALIFORNIA QUA MUN INC FD,6726.0
67066Y10,14.73,14.67,2017-11-08,,145105.0,NAC,NUVEEN CALIFORNIA QUA MUN INC FD,6726.0
67066Y10,14.67,14.7,2017-11-09,,145105.0,NAC,NUVEEN CALIFORNIA QUA MUN INC FD,6726.0
67066Y10,14.63,14.67,2017-11-10,,145105.0,NAC,NUVEEN CALIFORNIA QUA MUN INC FD,6726.0
67066Y10,14.75,14.66,2017-11-13,,145105.0,NAC,NUVEEN CALIFORNIA QUA MUN INC FD,6726.0
67066Y10,14.71,14.7,2017-11-14,,145105.0,NAC,NUVEEN CALIFORNIA QUA MUN INC FD,6726.0
67066Y10,14.73,14.7,2017-11-15,,145105.0,NAC,NUVEEN CALIFORNIA QUA MUN INC FD,6726.0
67066Y10,14.69,14.67,2017-11-16,,145105.0,NAC,NUVEEN CALIFORNIA QUA MUN INC FD,6726.0
67066Y10,14.73,14.74,2017-11-17,,145105.0,NAC,NUVEEN CALIFORNIA QUA MUN INC FD,6726.0
67066Y10,14.66,14.72,2017-11-20,,145105.0,NAC,NUVEEN CALIFORNIA QUA MUN INC FD,6726.0
67066Y10,14.55,14.65,2017-11-21,,145105.0,NAC,NUVEEN CALIFORNIA QUA MUN INC FD,6726.0
67066Y10,14.47,14.53,2017-11-22,,145105.0,NAC,NUVEEN CALIFORNIA QUA MUN INC FD,6726.0
67066Y10,14.4,14.5,2017-11-24,,145105.0,NAC,NUVEEN CALIFORNIA QUA MUN INC FD,6726.0
67066Y10,14.43,14.42,2017-11-27,,145105.0,NAC,NUVEEN CALIFORNIA QUA MUN INC FD,6726.0
67066Y10,14.39,14.47,2017-11-28,,145105.0,NAC,NUVEEN CALIFORNIA QUA MUN INC FD,6726.0
67066Y10,14.46,14.37,2017-11-29,,145105.0,NAC,NUVEEN CALIFORNIA QUA MUN INC FD,6726.0
67066Y10,14.46,14.44,2017-11-30,,145105.0,NAC,NUVEEN CALIFORNIA QUA MUN INC FD,6726.0
67066Y10,14.47,14.49,2017-12-01,,145105.0,NAC,NUVEEN CALIFORNIA QUA MUN INC FD,6726.0
67066Y10,14.46,14.4,2017-12-04,,145105.0,NAC,NUVEEN CALIFORNIA QUA MUN INC FD,6726.0
67066Y10,14.51,14.43,2017-12-05,,145105.0,NAC,NUVEEN CALIFORNIA QUA MUN INC FD,6726.0
67066Y10,14.6,14.54,2017-12-06,,145105.0,NAC,NUVEEN CALIFORNIA QUA MUN INC FD,6726.0
67066Y10,14.65,14.61,2017-12-07,,145105.0,NAC,NUVEEN CALIFORNIA QUA MUN INC FD,6726.0
67066Y10,14.63,14.65,2017-12-08,,145105.0,NAC,NUVEEN CALIFORNIA QUA MUN INC FD,6726.0
67066Y10,14.6,14.63,2017-12-11,,145105.0,NAC,NUVEEN CALIFORNIA QUA MUN INC FD,6726.0
67066Y10,14.52,14.58,2017-12-12,,145105.0,NAC,NUVEEN CALIFORNIA QUA MUN INC FD,6726.0
67066Y10,14.58,14.52,2017-12-13,,145105.0,NAC,NUVEEN CALIFORNIA QUA MUN INC FD,6726.0
67066Y10,14.48,14.53,2017-12-14,,145105.0,NAC,NUVEEN CALIFORNIA QUA MUN INC FD,6726.0
67066Y10,14.43,14.5,2017-12-15,,145105.0,NAC,NUVEEN CALIFORNIA QUA MUN INC FD,6726.0
67066Y10,14.36,14.4,2017-12-18,,145105.0,NAC,NUVEEN CALIFORNIA QUA MUN INC FD,6726.0
67066Y10,14.29,14.34,2017-12-19,,145105.0,NAC,NUVEEN CALIFORNIA QUA MUN INC FD,6726.0
67066Y10,14.24,14.25,2017-12-20,,145105.0,NAC,NUVEEN CALIFORNIA QUA MUN INC FD,6726.0
67066Y10,14.24,14.24,2017-12-21,,145105.0,NAC,NUVEEN CALIFORNIA QUA MUN INC FD,6726.0
67066Y10,14.23,14.25,2017-12-22,,145105.0,NAC,NUVEEN CALIFORNIA QUA MUN INC FD,6726.0
67066Y10,14.24,14.24,2017-12-26,,145105.0,NAC,NUVEEN CALIFORNIA QUA MUN INC FD,6726.0
67066Y10,14.33,14.26,2017-12-27,,145105.0,NAC,NUVEEN CALIFORNIA QUA MUN INC FD,6726.0
67066Y10,14.36,14.33,2017-12-28,,145105.0,NAC,NUVEEN CALIFORNIA QUA MUN INC FD,6726.0
67066Y10,14.31,14.36,2017-12-29,,145105.0,NAC,NUVEEN CALIFORNIA QUA MUN INC FD,6726.0
67066Y10,14.35,14.3,2018-01-02,,145105.0,NAC,NUVEEN CALIFORNIA QUA MUN INC FD,6726.0
67066Y10,14.41,14.38,2018-01-03,,145105.0,NAC,NUVEEN CALIFORNIA QUA MUN INC FD,6726.0
67066Y10,14.36,14.39,2018-01-04,,145105.0,NAC,NUVEEN CALIFORNIA QUA MUN INC FD,6726.0
67066Y10,14.38,14.4,2018-01-05,,145105.0,NAC,NUVEEN CALIFORNIA QUA MUN INC FD,6726.0
67066Y10,14.35,14.38,2018-01-08,,145105.0,NAC,NUVEEN CALIFORNIA QUA MUN INC FD,6726.0
67066Y10,14.36,14.39,2018-01-09,,145105.0,NAC,NUVEEN CALIFORNIA QUA MUN INC FD,6726.0
67066Y10,14.32,14.35,2018-01-10,,145105.0,NAC,NUVEEN CALIFORNIA QUA MUN INC FD,6726.0
67066Y10,14.24,14.28,2018-01-11,,145105.0,NAC,NUVEEN CALIFORNIA QUA MUN INC FD,6726.0
67066Y10,14.19,14.25,2018-01-12,,145105.0,NAC,NUVEEN CALIFORNIA QUA MUN INC FD,6726.0
67066Y10,14.15,14.21,2018-01-16,,145105.0,NAC,NUVEEN CALIFORNIA QUA MUN INC FD,6726.0
67066Y10,14.19,14.15,2018-01-17,,145105.0,NAC,NUVEEN CALIFORNIA QUA MUN INC FD,6726.0
67066Y10,14.17,14.14,2018-01-18,,145105.0,NAC,NUVEEN CALIFORNIA QUA MUN INC FD,6726.0
67066Y10,14.13,14.17,2018-01-19,,145105.0,NAC,NUVEEN CALIFORNIA QUA MUN INC FD,6726.0
67066Y10,14.15,14.16,2018-01-22,,145105.0,NAC,NUVEEN CALIFORNIA QUA MUN INC FD,6726.0
67066Y10,14.15,14.15,2018-01-23,,145105.0,NAC,NUVEEN CALIFORNIA QUA MUN INC FD,6726.0
67066Y10,14.12,14.15,2018-01-24,,145105.0,NAC,NUVEEN CALIFORNIA QUA MUN INC FD,6726.0
67066Y10,14.09,14.12,2018-01-25,,145105.0,NAC,NUVEEN CALIFORNIA QUA MUN INC FD,6726.0
67066Y10,13.98,14.06,2018-01-26,,145105.0,NAC,NUVEEN CALIFORNIA QUA MUN INC FD,6726.0
67066Y10,13.77,13.93,2018-01-29,,145105.0,NAC,NUVEEN CALIFORNIA QUA MUN INC FD,6726.0
67066Y10,13.68,13.75,2018-01-30,,145105.0,NAC,NUVEEN CALIFORNIA QUA MUN INC FD,6726.0
67066Y10,13.73,13.7,2018-01-31,,145105.0,NAC,NUVEEN CALIFORNIA QUA MUN INC FD,6726.0
67066Y10,13.69,13.74,2018-02-01,,145105.0,NAC,NUVEEN CALIFORNIA QUA MUN INC FD,6726.0
67066Y10,13.63,13.64,2018-02-02,,145105.0,NAC,NUVEEN CALIFORNIA QUA MUN INC FD,6726.0
67066Y10,13.33,13.63,2018-02-05,,145105.0,NAC,NUVEEN CALIFORNIA QUA MUN INC FD,6726.0
67066Y10,13.47,13.26,2018-02-06,,145105.0,NAC,NUVEEN CALIFORNIA QUA MUN INC FD,6726.0
67066Y10,13.62,13.46,2018-02-07,,145105.0,NAC,NUVEEN CALIFORNIA QUA MUN INC FD,6726.0
67066Y10,13.53,13.59,2018-02-08,,145105.0,NAC,NUVEEN CALIFORNIA QUA MUN INC FD,6726.0
67066Y10,13.57,13.54,2018-02-09,,145105.0,NAC,NUVEEN CALIFORNIA QUA MUN INC FD,6726.0
67066Y10,13.57,13.56,2018-02-12,,145105.0,NAC,NUVEEN CALIFORNIA QUA MUN INC FD,6726.0
67066Y10,13.61,13.56,2018-02-13,,145105.0,NAC,NUVEEN CALIFORNIA QUA MUN INC FD,6726.0
67066Y10,13.54,13.53,2018-02-14,,145105.0,NAC,NUVEEN CALIFORNIA QUA MUN INC FD,6726.0
67066Y10,13.48,13.51,2018-02-15,,145105.0,NAC,NUVEEN CALIFORNIA QUA MUN INC FD,6726.0
67066Y10,13.47,13.48,2018-02-16,,145105.0,NAC,NUVEEN CALIFORNIA QUA MUN INC FD,6726.0
67066Y10,13.46,13.39,2018-02-20,,145105.0,NAC,NUVEEN CALIFORNIA QUA MUN INC FD,6726.0
67066Y10,13.42,13.46,2018-02-21,,145105.0,NAC,NUVEEN CALIFORNIA QUA MUN INC FD,6726.0
67066Y10,13.42,13.42,2018-02-22,,145105.0,NAC,NUVEEN CALIFORNIA QUA MUN INC FD,6726.0
67066Y10,13.42,13.4,2018-02-23,,145105.0,NAC,NUVEEN CALIFORNIA QUA MUN INC FD,6726.0
67066Y10,13.53,13.45,2018-02-26,,145105.0,NAC,NUVEEN CALIFORNIA QUA MUN INC FD,6726.0
67066Y10,13.51,13.54,2018-02-27,,145105.0,NAC,NUVEEN CALIFORNIA QUA MUN INC FD,6726.0
67066Y10,13.49,13.5,2018-02-28,,145105.0,NAC,NUVEEN CALIFORNIA QUA MUN INC FD,6726.0
67066Y10,13.45,13.51,2018-03-01,,145105.0,NAC,NUVEEN CALIFORNIA QUA MUN INC FD,6726.0
67066Y10,13.5,13.42,2018-03-02,,145105.0,NAC,NUVEEN CALIFORNIA QUA MUN INC FD,6726.0
67066Y10,13.54,13.49,2018-03-05,,145105.0,NAC,NUVEEN CALIFORNIA QUA MUN INC FD,6726.0
67066Y10,13.59,13.55,2018-03-06,,145105.0,NAC,NUVEEN CALIFORNIA QUA MUN INC FD,6726.0
67066Y10,13.61,13.54,2018-03-07,,145105.0,NAC,NUVEEN CALIFORNIA QUA MUN INC FD,6726.0
67066Y10,13.55,13.6,2018-03-08,,145105.0,NAC,NUVEEN CALIFORNIA QUA MUN INC FD,6726.0
67066Y10,13.5,13.52,2018-03-09,,145105.0,NAC,NUVEEN CALIFORNIA QUA MUN INC FD,6726.0
67066Y10,13.68,13.5,2018-03-12,,145105.0,NAC,NUVEEN CALIFORNIA QUA MUN INC FD,6726.0
67066Y10,13.66,13.66,2018-03-13,,145105.0,NAC,NUVEEN CALIFORNIA QUA MUN INC FD,6726.0
67066Y10,13.65,13.6,2018-03-14,,145105.0,NAC,NUVEEN CALIFORNIA QUA MUN INC FD,6726.0
67066Y10,13.47,13.61,2018-03-15,,145105.0,NAC,NUVEEN CALIFORNIA QUA MUN INC FD,6726.0
67066Y10,13.54,13.41,2018-03-16,,145105.0,NAC,NUVEEN CALIFORNIA QUA MUN INC FD,6726.0
67066Y10,13.48,13.5,2018-03-19,,145105.0,NAC,NUVEEN CALIFORNIA QUA MUN INC FD,6726.0
67066Y10,13.39,13.42,2018-03-20,,145105.0,NAC,NUVEEN CALIFORNIA QUA MUN INC FD,6726.0
67066Y10,13.36,13.34,2018-03-21,,145105.0,NAC,NUVEEN CALIFORNIA QUA MUN INC FD,6726.0
67066Y10,13.38,13.37,2018-03-22,,145105.0,NAC,NUVEEN CALIFORNIA QUA MUN INC FD,6726.0
67066Y10,13.33,13.33,2018-03-23,,145105.0,NAC,NUVEEN CALIFORNIA QUA MUN INC FD,6726.0
67066Y10,13.36,13.34,2018-03-26,,145105.0,NAC,NUVEEN CALIFORNIA QUA MUN INC FD,6726.0
67066Y10,13.33,13.35,2018-03-27,,145105.0,NAC,NUVEEN CALIFORNIA QUA MUN INC FD,6726.0
67066Y10,13.4,13.36,2018-03-28,,145105.0,NAC,NUVEEN CALIFORNIA QUA MUN INC FD,6726.0
67066Y10,13.39,13.39,2018-03-29,,145105.0,NAC,NUVEEN CALIFORNIA QUA MUN INC FD,6726.0
67066Y10,13.45,13.39,2018-04-02,,145105.0,NAC,NUVEEN CALIFORNIA QUA MUN INC FD,6726.0
67066Y10,13.45,13.45,2018-04-03,,145105.0,NAC,NUVEEN CALIFORNIA QUA MUN INC FD,6726.0
67066Y10,13.47,13.45,2018-04-04,,145105.0,NAC,NUVEEN CALIFORNIA QUA MUN INC FD,6726.0
67066Y10,13.46,13.45,2018-04-05,,145105.0,NAC,NUVEEN CALIFORNIA QUA MUN INC FD,6726.0
67066Y10,13.48,13.47,2018-04-06,,145105.0,NAC,NUVEEN CALIFORNIA QUA MUN INC FD,6726.0
67066Y10,13.52,13.46,2018-04-09,,145105.0,NAC,NUVEEN CALIFORNIA QUA MUN INC FD,6726.0
67066Y10,13.49,13.53,2018-04-10,,145105.0,NAC,NUVEEN CALIFORNIA QUA MUN INC FD,6726.0
67066Y10,13.52,13.51,2018-04-11,,145105.0,NAC,NUVEEN CALIFORNIA QUA MUN INC FD,6726.0
67066Y10,13.44,13.46,2018-04-12,,145105.0,NAC,NUVEEN CALIFORNIA QUA MUN INC FD,6726.0
67066Y10,13.39,13.45,2018-04-13,,145105.0,NAC,NUVEEN CALIFORNIA QUA MUN INC FD,6726.0
67066Y10,13.37,13.36,2018-04-16,,145105.0,NAC,NUVEEN CALIFORNIA QUA MUN INC FD,6726.0
67066Y10,13.4,13.39,2018-04-17,,145105.0,NAC,NUVEEN CALIFORNIA QUA MUN INC FD,6726.0
67066Y10,13.41,13.38,2018-04-18,,145105.0,NAC,NUVEEN CALIFORNIA QUA MUN INC FD,6726.0
67066Y10,13.35,13.36,2018-04-19,,145105.0,NAC,NUVEEN CALIFORNIA QUA MUN INC FD,6726.0
67066Y10,13.33,13.33,2018-04-20,,145105.0,NAC,NUVEEN CALIFORNIA QUA MUN INC FD,6726.0
67066Y10,13.28,13.29,2018-04-23,,145105.0,NAC,NUVEEN CALIFORNIA QUA MUN INC FD,6726.0
67066Y10,13.24,13.3,2018-04-24,,145105.0,NAC,NUVEEN CALIFORNIA QUA MUN INC FD,6726.0
67066Y10,13.21,13.23,2018-04-25,,145105.0,NAC,NUVEEN CALIFORNIA QUA MUN INC FD,6726.0
67066Y10,13.22,13.22,2018-04-26,,145105.0,NAC,NUVEEN CALIFORNIA QUA MUN INC FD,6726.0
67066Y10,13.27,13.22,2018-04-27,,145105.0,NAC,NUVEEN CALIFORNIA QUA MUN INC FD,6726.0
67066Y10,13.31,13.27,2018-04-30,,145105.0,NAC,NUVEEN CALIFORNIA QUA MUN INC FD,6726.0
67066Y10,13.29,13.31,2018-05-01,,145105.0,NAC,NUVEEN CALIFORNIA QUA MUN INC FD,6726.0
67066Y10,13.3,13.3,2018-05-02,,145105.0,NAC,NUVEEN CALIFORNIA QUA MUN INC FD,6726.0
67066Y10,13.35,13.31,2018-05-03,,145105.0,NAC,NUVEEN CALIFORNIA QUA MUN INC FD,6726.0
67066Y10,13.36,13.39,2018-05-04,,145105.0,NAC,NUVEEN CALIFORNIA QUA MUN INC FD,6726.0
67066Y10,13.36,13.35,2018-05-07,,145105.0,NAC,NUVEEN CALIFORNIA QUA MUN INC FD,6726.0
67066Y10,13.4,13.31,2018-05-08,,145105.0,NAC,NUVEEN CALIFORNIA QUA MUN INC FD,6726.0
67066Y10,13.36,13.34,2018-05-09,,145105.0,NAC,NUVEEN CALIFORNIA QUA MUN INC FD,6726.0
67066Y10,13.38,13.37,2018-05-10,,145105.0,NAC,NUVEEN CALIFORNIA QUA MUN INC FD,6726.0
67066Y10,13.43,13.39,2018-05-11,,145105.0,NAC,NUVEEN CALIFORNIA QUA MUN INC FD,6726.0
67066Y10,13.3,13.38,2018-05-14,,145105.0,NAC,NUVEEN CALIFORNIA QUA MUN INC FD,6726.0
67066Y10,13.27,13.29,2018-05-15,,145105.0,NAC,NUVEEN CALIFORNIA QUA MUN INC FD,6726.0
67066Y10,13.25,13.27,2018-05-16,,145105.0,NAC,NUVEEN CALIFORNIA QUA MUN INC FD,6726.0
67066Y10,13.27,13.25,2018-05-17,,145105.0,NAC,NUVEEN CALIFORNIA QUA MUN INC FD,6726.0
67066Y10,13.29,13.26,2018-05-18,,145105.0,NAC,NUVEEN CALIFORNIA QUA MUN INC FD,6726.0
67066Y10,13.25,13.27,2018-05-21,,145105.0,NAC,NUVEEN CALIFORNIA QUA MUN INC FD,6726.0
67066Y10,13.26,13.27,2018-05-22,,145105.0,NAC,NUVEEN CALIFORNIA QUA MUN INC FD,6726.0
67066Y10,13.28,13.29,2018-05-23,,145105.0,NAC,NUVEEN CALIFORNIA QUA MUN INC FD,6726.0
67066Y10,13.32,13.31,2018-05-24,,145105.0,NAC,NUVEEN CALIFORNIA QUA MUN INC FD,6726.0
67066Y10,13.36,13.32,2018-05-25,,145105.0,NAC,NUVEEN CALIFORNIA QUA MUN INC FD,6726.0
67066Y10,13.47,13.4,2018-05-29,,145105.0,NAC,NUVEEN CALIFORNIA QUA MUN INC FD,6726.0
67066Y10,13.46,13.43,2018-05-30,,145105.0,NAC,NUVEEN CALIFORNIA QUA MUN INC FD,6726.0
67066Y10,13.5,13.43,2018-05-31,,145105.0,NAC,NUVEEN CALIFORNIA QUA MUN INC FD,6726.0
67066Y10,13.47,13.44,2018-06-01,,145105.0,NAC,NUVEEN CALIFORNIA QUA MUN INC FD,6726.0
67066Y10,13.37,13.47,2018-06-04,,145105.0,NAC,NUVEEN CALIFORNIA QUA MUN INC FD,6726.0
67066Y10,13.44,13.37,2018-06-05,,145105.0,NAC,NUVEEN CALIFORNIA QUA MUN INC FD,6726.0
67066Y10,13.43,13.42,2018-06-06,,145105.0,NAC,NUVEEN CALIFORNIA QUA MUN INC FD,6726.0
67066Y10,13.39,13.41,2018-06-07,,145105.0,NAC,NUVEEN CALIFORNIA QUA MUN INC FD,6726.0
67066Y10,13.35,13.38,2018-06-08,,145105.0,NAC,NUVEEN CALIFORNIA QUA MUN INC FD,6726.0
67066Y10,13.41,13.39,2018-06-11,,145105.0,NAC,NUVEEN CALIFORNIA QUA MUN INC FD,6726.0
67066Y10,13.38,13.4,2018-06-12,,145105.0,NAC,NUVEEN CALIFORNIA QUA MUN INC FD,6726.0
67066Y10,13.315,13.38,2018-06-13,,145105.0,NAC,NUVEEN CALIFORNIA QUA MUN INC FD,6726.0
67066Y10,13.31,13.29,2018-06-14,,145105.0,NAC,NUVEEN CALIFORNIA QUA MUN INC FD,6726.0
67066Y10,13.37,13.32,2018-06-15,,145105.0,NAC,NUVEEN CALIFORNIA QUA MUN INC FD,6726.0
67066Y10,13.3,13.38,2018-06-18,,145105.0,NAC,NUVEEN CALIFORNIA QUA MUN INC FD,6726.0
67066Y10,13.34,13.34,2018-06-19,,145105.0,NAC,NUVEEN CALIFORNIA QUA MUN INC FD,6726.0
67066Y10,13.35,13.33,2018-06-20,,145105.0,NAC,NUVEEN CALIFORNIA QUA MUN INC FD,6726.0
67066Y10,13.31,13.34,2018-06-21,,145105.0,NAC,NUVEEN CALIFORNIA QUA MUN INC FD,6726.0
67066Y10,13.35,13.31,2018-06-22,,145105.0,NAC,NUVEEN CALIFORNIA QUA MUN INC FD,6726.0
67066Y10,13.36,13.39,2018-06-25,,145105.0,NAC,NUVEEN CALIFORNIA QUA MUN INC FD,6726.0
67066Y10,13.31,13.33,2018-06-26,,145105.0,NAC,NUVEEN CALIFORNIA QUA MUN INC FD,6726.0
67066Y10,13.31,13.32,2018-06-27,,145105.0,NAC,NUVEEN CALIFORNIA QUA MUN INC FD,6726.0
67066Y10,13.31,13.32,2018-06-28,,145105.0,NAC,NUVEEN CALIFORNIA QUA MUN INC FD,6726.0
67066Y10,13.36,13.34,2018-06-29,,145105.0,NAC,NUVEEN CALIFORNIA QUA MUN INC FD,6726.0
67066Y10,13.44,13.4,2018-07-02,,145105.0,NAC,NUVEEN CALIFORNIA QUA MUN INC FD,6726.0
67066Y10,13.42,13.46,2018-07-03,,145105.0,NAC,NUVEEN CALIFORNIA QUA MUN INC FD,6726.0
67066Y10,13.41,13.42,2018-07-05,,145105.0,NAC,NUVEEN CALIFORNIA QUA MUN INC FD,6726.0
67066Y10,13.39,13.4,2018-07-06,,145105.0,NAC,NUVEEN CALIFORNIA QUA MUN INC FD,6726.0
67066Y10,13.4,13.4,2018-07-09,,145105.0,NAC,NUVEEN CALIFORNIA QUA MUN INC FD,6726.0
67066Y10,13.43,13.44,2018-07-10,,145105.0,NAC,NUVEEN CALIFORNIA QUA MUN INC FD,6726.0
67066Y10,13.44,13.42,2018-07-11,,145105.0,NAC,NUVEEN CALIFORNIA QUA MUN INC FD,6726.0
67066Y10,13.4,13.4,2018-07-12,,145105.0,NAC,NUVEEN CALIFORNIA QUA MUN INC FD,6726.0
67066Y10,13.37,13.37,2018-07-13,,145105.0,NAC,NUVEEN CALIFORNIA QUA MUN INC FD,6726.0
67066Y10,13.44,13.35,2018-07-16,,145105.0,NAC,NUVEEN CALIFORNIA QUA MUN INC FD,6726.0
67066Y10,13.41,13.44,2018-07-17,,145105.0,NAC,NUVEEN CALIFORNIA QUA MUN INC FD,6726.0
67066Y10,13.42,13.44,2018-07-18,,145105.0,NAC,NUVEEN CALIFORNIA QUA MUN INC FD,6726.0
67066Y10,13.37,13.42,2018-07-19,,145105.0,NAC,NUVEEN CALIFORNIA QUA MUN INC FD,6726.0
67066Y10,13.4,13.37,2018-07-20,,145105.0,NAC,NUVEEN CALIFORNIA QUA MUN INC FD,6726.0
67066Y10,13.41,13.38,2018-07-23,,145105.0,NAC,NUVEEN CALIFORNIA QUA MUN INC FD,6726.0
67066Y10,13.3873,13.41,2018-07-24,,145105.0,NAC,NUVEEN CALIFORNIA QUA MUN INC FD,6726.0
67066Y10,13.35,13.37,2018-07-25,,145105.0,NAC,NUVEEN CALIFORNIA QUA MUN INC FD,6726.0
67066Y10,13.34,13.35,2018-07-26,,145105.0,NAC,NUVEEN CALIFORNIA QUA MUN INC FD,6726.0
67066Y10,13.34,13.35,2018-07-27,,145105.0,NAC,NUVEEN CALIFORNIA QUA MUN INC FD,6726.0
67066Y10,13.35,13.34,2018-07-30,,145105.0,NAC,NUVEEN CALIFORNIA QUA MUN INC FD,6726.0
67066Y10,13.32,13.35,2018-07-31,,145105.0,NAC,NUVEEN CALIFORNIA QUA MUN INC FD,6726.0
67066Y10,13.3,13.32,2018-08-01,,145105.0,NAC,NUVEEN CALIFORNIA QUA MUN INC FD,6726.0
67066Y10,13.32,13.31,2018-08-02,,145105.0,NAC,NUVEEN CALIFORNIA QUA MUN INC FD,6726.0
67066Y10,13.33,13.34,2018-08-03,,145105.0,NAC,NUVEEN CALIFORNIA QUA MUN INC FD,6726.0
67066Y10,13.36,13.33,2018-08-06,,145105.0,NAC,NUVEEN CALIFORNIA QUA MUN INC FD,6726.0
67066Y10,13.36,13.35,2018-08-07,,145105.0,NAC,NUVEEN CALIFORNIA QUA MUN INC FD,6726.0
67066Y10,13.37,13.34,2018-08-08,,145105.0,NAC,NUVEEN CALIFORNIA QUA MUN INC FD,6726.0
67066Y10,13.37,13.38,2018-08-09,,145105.0,NAC,NUVEEN CALIFORNIA QUA MUN INC FD,6726.0
67066Y10,13.41,13.39,2018-08-10,,145105.0,NAC,NUVEEN CALIFORNIA QUA MUN INC FD,6726.0
67066Y10,13.44,13.41,2018-08-13,,145105.0,NAC,NUVEEN CALIFORNIA QUA MUN INC FD,6726.0
67066Y10,13.43,13.41,2018-08-14,,145105.0,NAC,NUVEEN CALIFORNIA QUA MUN INC FD,6726.0
67066Y10,13.45,13.41,2018-08-15,,145105.0,NAC,NUVEEN CALIFORNIA QUA MUN INC FD,6726.0
67066Y10,13.44,13.42,2018-08-16,,145105.0,NAC,NUVEEN CALIFORNIA QUA MUN INC FD,6726.0
67066Y10,13.49,13.43,2018-08-17,,145105.0,NAC,NUVEEN CALIFORNIA QUA MUN INC FD,6726.0
67066Y10,13.47,13.49,2018-08-20,,145105.0,NAC,NUVEEN CALIFORNIA QUA MUN INC FD,6726.0
67066Y10,13.43,13.44,2018-08-21,,145105.0,NAC,NUVEEN CALIFORNIA QUA MUN INC FD,6726.0
67066Y10,13.46,13.44,2018-08-22,,145105.0,NAC,NUVEEN CALIFORNIA QUA MUN INC FD,6726.0
67066Y10,13.44,13.47,2018-08-23,,145105.0,NAC,NUVEEN CALIFORNIA QUA MUN INC FD,6726.0
67066Y10,13.43,13.46,2018-08-24,,145105.0,NAC,NUVEEN CALIFORNIA QUA MUN INC FD,6726.0
67066Y10,13.41,13.42,2018-08-27,,145105.0,NAC,NUVEEN CALIFORNIA QUA MUN INC FD,6726.0
67066Y10,13.41,13.48,2018-08-28,,145105.0,NAC,NUVEEN CALIFORNIA QUA MUN INC FD,6726.0
67066Y10,13.4,13.41,2018-08-29,,145105.0,NAC,NUVEEN CALIFORNIA QUA MUN INC FD,6726.0
67066Y10,13.45,13.4,2018-08-30,,145105.0,NAC,NUVEEN CALIFORNIA QUA MUN INC FD,6726.0
67066Y10,13.5,13.47,2018-08-31,,145105.0,NAC,NUVEEN CALIFORNIA QUA MUN INC FD,6726.0
67066Y10,13.48,13.51,2018-09-04,,145105.0,NAC,NUVEEN CALIFORNIA QUA MUN INC FD,6726.0
67066Y10,13.52,13.48,2018-09-05,,145105.0,NAC,NUVEEN CALIFORNIA QUA MUN INC FD,6726.0
67066Y10,13.52,13.53,2018-09-06,,145105.0,NAC,NUVEEN CALIFORNIA QUA MUN INC FD,6726.0
67066Y10,13.49,13.48,2018-09-07,,145105.0,NAC,NUVEEN CALIFORNIA QUA MUN INC FD,6726.0
67066Y10,13.45,13.47,2018-09-10,,145105.0,NAC,NUVEEN CALIFORNIA QUA MUN INC FD,6726.0
67066Y10,13.47,13.46,2018-09-11,,145105.0,NAC,NUVEEN CALIFORNIA QUA MUN INC FD,6726.0
67066Y10,13.48,13.47,2018-09-12,,145105.0,NAC,NUVEEN CALIFORNIA QUA MUN INC FD,6726.0
67066Y10,13.43,13.45,2018-09-13,,145105.0,NAC,NUVEEN CALIFORNIA QUA MUN INC FD,6726.0
67066Y10,13.38,13.39,2018-09-14,,145105.0,NAC,NUVEEN CALIFORNIA QUA MUN INC FD,6726.0
67066Y10,13.35,13.37,2018-09-17,,145105.0,NAC,NUVEEN CALIFORNIA QUA MUN INC FD,6726.0
67066Y10,13.29,13.32,2018-09-18,,145105.0,NAC,NUVEEN CALIFORNIA QUA MUN INC FD,6726.0
67066Y10,13.18,13.31,2018-09-19,,145105.0,NAC,NUVEEN CALIFORNIA QUA MUN INC FD,6726.0
67066Y10,13.06,13.18,2018-09-20,,145105.0,NAC,NUVEEN CALIFORNIA QUA MUN INC FD,6726.0
67066Y10,13.02,13.07,2018-09-21,,145105.0,NAC,NUVEEN CALIFORNIA QUA MUN INC FD,6726.0
67066Y10,12.91,12.9,2018-09-24,,145105.0,NAC,NUVEEN CALIFORNIA QUA MUN INC FD,6726.0
67066Y10,12.84,12.88,2018-09-25,,145105.0,NAC,NUVEEN CALIFORNIA QUA MUN INC FD,6726.0
67066Y10,12.9,12.85,2018-09-26,,145105.0,NAC,NUVEEN CALIFORNIA QUA MUN INC FD,6726.0
67066Y10,12.89,12.92,2018-09-27,,145105.0,NAC,NUVEEN CALIFORNIA QUA MUN INC FD,6726.0
67066Y10,12.94,12.9,2018-09-28,,145105.0,NAC,NUVEEN CALIFORNIA QUA MUN INC FD,6726.0
67066Y10,12.9,12.94,2018-10-01,,145105.0,NAC,NUVEEN CALIFORNIA QUA MUN INC FD,6726.0
67066Y10,12.81,12.89,2018-10-02,,145105.0,NAC,NUVEEN CALIFORNIA QUA MUN INC FD,6726.0
67066Y10,12.73,12.8,2018-10-03,,145105.0,NAC,NUVEEN CALIFORNIA QUA MUN INC FD,6726.0
67066Y10,12.52,12.65,2018-10-04,,145105.0,NAC,NUVEEN CALIFORNIA QUA MUN INC FD,6726.0
67066Y10,12.5,12.49,2018-10-05,,145105.0,NAC,NUVEEN CALIFORNIA QUA MUN INC FD,6726.0
67066Y10,12.46,12.52,2018-10-08,,145105.0,NAC,NUVEEN CALIFORNIA QUA MUN INC FD,6726.0
67066Y10,12.5,12.51,2018-10-09,,145105.0,NAC,NUVEEN CALIFORNIA QUA MUN INC FD,6726.0
67066Y10,12.56,12.49,2018-10-10,,145105.0,NAC,NUVEEN CALIFORNIA QUA MUN INC FD,6726.0
67066Y10,12.54,12.51,2018-10-11,,145105.0,NAC,NUVEEN CALIFORNIA QUA MUN INC FD,6726.0
67066Y10,12.49,12.49,2018-10-12,,145105.0,NAC,NUVEEN CALIFORNIA QUA MUN INC FD,6726.0
67066Y10,12.41,12.47,2018-10-15,,145105.0,NAC,NUVEEN CALIFORNIA QUA MUN INC FD,6726.0
67066Y10,12.41,12.41,2018-10-16,,145105.0,NAC,NUVEEN CALIFORNIA QUA MUN INC FD,6726.0
67066Y10,12.43,12.42,2018-10-17,,145105.0,NAC,NUVEEN CALIFORNIA QUA MUN INC FD,6726.0
67066Y10,12.4,12.4,2018-10-18,,145105.0,NAC,NUVEEN CALIFORNIA QUA MUN INC FD,6726.0
67066Y10,12.44,12.41,2018-10-19,,145105.0,NAC,NUVEEN CALIFORNIA QUA MUN INC FD,6726.0
67066Y10,12.38,12.41,2018-10-22,,145105.0,NAC,NUVEEN CALIFORNIA QUA MUN INC FD,6726.0
67066Y10,12.46,12.4,2018-10-23,,145105.0,NAC,NUVEEN CALIFORNIA QUA MUN INC FD,6726.0
67066Y10,12.47,12.48,2018-10-24,,145105.0,NAC,NUVEEN CALIFORNIA QUA MUN INC FD,6726.0
67066Y10,12.47,12.49,2018-10-25,,145105.0,NAC,NUVEEN CALIFORNIA QUA MUN INC FD,6726.0
67066Y10,12.46,12.45,2018-10-26,,145105.0,NAC,NUVEEN CALIFORNIA QUA MUN INC FD,6726.0
67066Y10,12.37,12.46,2018-10-29,,145105.0,NAC,NUVEEN CALIFORNIA QUA MUN INC FD,6726.0
67066Y10,12.36,12.37,2018-10-30,,145105.0,NAC,NUVEEN CALIFORNIA QUA MUN INC FD,6726.0
67066Y10,12.35,12.34,2018-10-31,,145105.0,NAC,NUVEEN CALIFORNIA QUA MUN INC FD,6726.0
67066Y10,12.35,12.35,2018-11-01,,145105.0,NAC,NUVEEN CALIFORNIA QUA MUN INC FD,6726.0
67066Y10,12.32,12.35,2018-11-02,,145105.0,NAC,NUVEEN CALIFORNIA QUA MUN INC FD,6726.0
67066Y10,12.42,12.35,2018-11-05,,145105.0,NAC,NUVEEN CALIFORNIA QUA MUN INC FD,6726.0
67066Y10,12.42,12.41,2018-11-06,,145105.0,NAC,NUVEEN CALIFORNIA QUA MUN INC FD,6726.0
67066Y10,12.49,12.44,2018-11-07,,145105.0,NAC,NUVEEN CALIFORNIA QUA MUN INC FD,6726.0
67066Y10,12.53,12.49,2018-11-08,,145105.0,NAC,NUVEEN CALIFORNIA QUA MUN INC FD,6726.0
67066Y10,12.55,12.52,2018-11-09,,145105.0,NAC,NUVEEN CALIFORNIA QUA MUN INC FD,6726.0
67066Y10,12.61,12.58,2018-11-12,,145105.0,NAC,NUVEEN CALIFORNIA QUA MUN INC FD,6726.0
67066Y10,12.69,12.64,2018-11-13,,145105.0,NAC,NUVEEN CALIFORNIA QUA MUN INC FD,6726.0
67066Y10,12.63,12.61,2018-11-14,,145105.0,NAC,NUVEEN CALIFORNIA QUA MUN INC FD,6726.0
67066Y10,12.65,12.67,2018-11-15,,145105.0,NAC,NUVEEN CALIFORNIA QUA MUN INC FD,6726.0
67066Y10,12.61,12.56,2018-11-16,,145105.0,NAC,NUVEEN CALIFORNIA QUA MUN INC FD,6726.0
67066Y10,12.45,12.58,2018-11-19,,145105.0,NAC,NUVEEN CALIFORNIA QUA MUN INC FD,6726.0
67066Y10,12.4,12.43,2018-11-20,,145105.0,NAC,NUVEEN CALIFORNIA QUA MUN INC FD,6726.0
67066Y10,12.44,12.41,2018-11-21,,145105.0,NAC,NUVEEN CALIFORNIA QUA MUN INC FD,6726.0
67066Y10,12.47,12.45,2018-11-23,,145105.0,NAC,NUVEEN CALIFORNIA QUA MUN INC FD,6726.0
67066Y10,12.41,12.43,2018-11-26,,145105.0,NAC,NUVEEN CALIFORNIA QUA MUN INC FD,6726.0
67066Y10,12.5,12.4,2018-11-27,,145105.0,NAC,NUVEEN CALIFORNIA QUA MUN INC FD,6726.0
67066Y10,12.55,12.46,2018-11-28,,145105.0,NAC,NUVEEN CALIFORNIA QUA MUN INC FD,6726.0
67066Y10,12.56,12.56,2018-11-29,,145105.0,NAC,NUVEEN CALIFORNIA QUA MUN INC FD,6726.0
67066Y10,12.63,12.54,2018-11-30,,145105.0,NAC,NUVEEN CALIFORNIA QUA MUN INC FD,6726.0
67066Y10,12.65,12.65,2018-12-03,,145105.0,NAC,NUVEEN CALIFORNIA QUA MUN INC FD,6726.0
67066Y10,12.73,12.67,2018-12-04,,145105.0,NAC,NUVEEN CALIFORNIA QUA MUN INC FD,6726.0
67066Y10,12.71,12.7,2018-12-06,,145105.0,NAC,NUVEEN CALIFORNIA QUA MUN INC FD,6726.0
67066Y10,12.76,12.7,2018-12-07,,145105.0,NAC,NUVEEN CALIFORNIA QUA MUN INC FD,6726.0
67066Y10,12.83,12.78,2018-12-10,,145105.0,NAC,NUVEEN CALIFORNIA QUA MUN INC FD,6726.0
67066Y10,12.78,12.83,2018-12-11,,145105.0,NAC,NUVEEN CALIFORNIA QUA MUN INC FD,6726.0
67066Y10,12.82,12.79,2018-12-12,,145105.0,NAC,NUVEEN CALIFORNIA QUA MUN INC FD,6726.0
67066Y10,12.74,12.68,2018-12-13,,145105.0,NAC,NUVEEN CALIFORNIA QUA MUN INC FD,6726.0
67066Y10,12.63,12.75,2018-12-14,,145105.0,NAC,NUVEEN CALIFORNIA QUA MUN INC FD,6726.0
67066Y10,12.52,12.6,2018-12-17,,145105.0,NAC,NUVEEN CALIFORNIA QUA MUN INC FD,6726.0
67066Y10,12.47,12.53,2018-12-18,,145105.0,NAC,NUVEEN CALIFORNIA QUA MUN INC FD,6726.0
67066Y10,12.54,12.47,2018-12-19,,145105.0,NAC,NUVEEN CALIFORNIA QUA MUN INC FD,6726.0
67066Y10,12.47,12.55,2018-12-20,,145105.0,NAC,NUVEEN CALIFORNIA QUA MUN INC FD,6726.0
67066Y10,12.44,12.41,2018-12-21,,145105.0,NAC,NUVEEN CALIFORNIA QUA MUN INC FD,6726.0
67066Y10,12.43,12.4,2018-12-24,,145105.0,NAC,NUVEEN CALIFORNIA QUA MUN INC FD,6726.0
67066Y10,12.39,12.41,2018-12-26,,145105.0,NAC,NUVEEN CALIFORNIA QUA MUN INC FD,6726.0
67066Y10,12.45,12.37,2018-12-27,,145105.0,NAC,NUVEEN CALIFORNIA QUA MUN INC FD,6726.0
67066Y10,12.53,12.49,2018-12-28,,145105.0,NAC,NUVEEN CALIFORNIA QUA MUN INC FD,6726.0
67066Y10,12.75,12.55,2018-12-31,,145105.0,NAC,NUVEEN CALIFORNIA QUA MUN INC FD,6726.0
67066Y10,12.95,12.76,2019-01-02,,145105.0,NAC,NUVEEN CALIFORNIA QUA MUN INC FD,6726.0
67066Y10,12.99,12.87,2019-01-03,,145105.0,NAC,NUVEEN CALIFORNIA QUA MUN INC FD,6726.0
67066Y10,12.85,12.99,2019-01-04,,145105.0,NAC,NUVEEN CALIFORNIA QUA MUN INC FD,6726.0
67066Y10,12.97,12.9,2019-01-07,,145105.0,NAC,NUVEEN CALIFORNIA QUA MUN INC FD,6726.0
67066Y10,12.99,12.99,2019-01-08,,145105.0,NAC,NUVEEN CALIFORNIA QUA MUN INC FD,6726.0
67066Y10,12.9,12.99,2019-01-09,,145105.0,NAC,NUVEEN CALIFORNIA QUA MUN INC FD,6726.0
67066Y10,12.99,12.93,2019-01-10,,145105.0,NAC,NUVEEN CALIFORNIA QUA MUN INC FD,6726.0
67066Y10,13.01,13.04,2019-01-11,,145105.0,NAC,NUVEEN CALIFORNIA QUA MUN INC FD,6726.0
67066Y10,12.94,12.93,2019-01-14,,145105.0,NAC,NUVEEN CALIFORNIA QUA MUN INC FD,6726.0
67066Y10,12.92,12.92,2019-01-15,,145105.0,NAC,NUVEEN CALIFORNIA QUA MUN INC FD,6726.0
67066Y10,12.93,12.9,2019-01-16,,145105.0,NAC,NUVEEN CALIFORNIA QUA MUN INC FD,6726.0
67066Y10,12.93,12.95,2019-01-17,,145105.0,NAC,NUVEEN CALIFORNIA QUA MUN INC FD,6726.0
67066Y10,12.95,12.95,2019-01-18,,145105.0,NAC,NUVEEN CALIFORNIA QUA MUN INC FD,6726.0
67066Y10,13.04,12.95,2019-01-22,,145105.0,NAC,NUVEEN CALIFORNIA QUA MUN INC FD,6726.0
67066Y10,13.06,13.04,2019-01-23,,145105.0,NAC,NUVEEN CALIFORNIA QUA MUN INC FD,6726.0
67066Y10,13.18,13.07,2019-01-24,,145105.0,NAC,NUVEEN CALIFORNIA QUA MUN INC FD,6726.0
67066Y10,13.16,13.17,2019-01-25,,145105.0,NAC,NUVEEN CALIFORNIA QUA MUN INC FD,6726.0
67066Y10,13.28,13.14,2019-01-28,,145105.0,NAC,NUVEEN CALIFORNIA QUA MUN INC FD,6726.0
67066Y10,13.25,13.22,2019-01-29,,145105.0,NAC,NUVEEN CALIFORNIA QUA MUN INC FD,6726.0
67066Y10,13.25,13.25,2019-01-30,,145105.0,NAC,NUVEEN CALIFORNIA QUA MUN INC FD,6726.0
67066Y10,13.29,13.25,2019-01-31,,145105.0,NAC,NUVEEN CALIFORNIA QUA MUN INC FD,6726.0
67066Y10,13.36,13.34,2019-02-01,,145105.0,NAC,NUVEEN CALIFORNIA QUA MUN INC FD,6726.0
67066Y10,13.3,13.35,2019-02-04,,145105.0,NAC,NUVEEN CALIFORNIA QUA MUN INC FD,6726.0
67066Y10,13.35,13.3,2019-02-05,,145105.0,NAC,NUVEEN CALIFORNIA QUA MUN INC FD,6726.0
67066Y10,13.32,13.31,2019-02-06,,145105.0,NAC,NUVEEN CALIFORNIA QUA MUN INC FD,6726.0
67066Y10,13.36,13.35,2019-02-07,,145105.0,NAC,NUVEEN CALIFORNIA QUA MUN INC FD,6726.0
67066Y10,13.44,13.33,2019-02-08,,145105.0,NAC,NUVEEN CALIFORNIA QUA MUN INC FD,6726.0
67066Y10,13.42,13.44,2019-02-11,,145105.0,NAC,NUVEEN CALIFORNIA QUA MUN INC FD,6726.0
67066Y10,13.44,13.41,2019-02-12,,145105.0,NAC,NUVEEN CALIFORNIA QUA MUN INC FD,6726.0
67066Y10,13.45,13.44,2019-02-13,,145105.0,NAC,NUVEEN CALIFORNIA QUA MUN INC FD,6726.0
67066Y10,13.4,13.37,2019-02-14,,145105.0,NAC,NUVEEN CALIFORNIA QUA MUN INC FD,6726.0
67066Y10,13.39,13.38,2019-02-15,,145105.0,NAC,NUVEEN CALIFORNIA QUA MUN INC FD,6726.0
67066Y10,13.35,13.39,2019-02-19,,145105.0,NAC,NUVEEN CALIFORNIA QUA MUN INC FD,6726.0
67066Y10,13.35,13.35,2019-02-20,,145105.0,NAC,NUVEEN CALIFORNIA QUA MUN INC FD,6726.0
67066Y10,13.3,13.34,2019-02-21,,145105.0,NAC,NUVEEN CALIFORNIA QUA MUN INC FD,6726.0
67066Y10,13.25,13.31,2019-02-22,,145105.0,NAC,NUVEEN CALIFORNIA QUA MUN INC FD,6726.0
67066Y10,13.29,13.25,2019-02-25,,145105.0,NAC,NUVEEN CALIFORNIA QUA MUN INC FD,6726.0
67066Y10,13.3,13.29,2019-02-26,,145105.0,NAC,NUVEEN CALIFORNIA QUA MUN INC FD,6726.0
67066Y10,13.3,13.29,2019-02-27,,145105.0,NAC,NUVEEN CALIFORNIA QUA MUN INC FD,6726.0
67066Y10,13.3,13.3,2019-02-28,,145105.0,NAC,NUVEEN CALIFORNIA QUA MUN INC FD,6726.0
67066Y10,13.34,13.32,2019-03-01,,145105.0,NAC,NUVEEN CALIFORNIA QUA MUN INC FD,6726.0
67066Y10,13.43,13.38,2019-03-04,,145105.0,NAC,NUVEEN CALIFORNIA QUA MUN INC FD,6726.0
67066Y10,13.48,13.39,2019-03-05,,145105.0,NAC,NUVEEN CALIFORNIA QUA MUN INC FD,6726.0
67066Y10,13.45,13.45,2019-03-06,,145105.0,NAC,NUVEEN CALIFORNIA QUA MUN INC FD,6726.0
67066Y10,13.46,13.45,2019-03-07,,145105.0,NAC,NUVEEN CALIFORNIA QUA MUN INC FD,6726.0
67066Y10,13.43,13.43,2019-03-08,,145105.0,NAC,NUVEEN CALIFORNIA QUA MUN INC FD,6726.0
67066Y10,13.43,13.47,2019-03-11,,145105.0,NAC,NUVEEN CALIFORNIA QUA MUN INC FD,6726.0
67066Y10,13.45,13.47,2019-03-12,,145105.0,NAC,NUVEEN CALIFORNIA QUA MUN INC FD,6726.0
67066Y10,13.5,13.48,2019-03-13,,145105.0,NAC,NUVEEN CALIFORNIA QUA MUN INC FD,6726.0
67066Y10,13.45,13.43,2019-03-14,,145105.0,NAC,NUVEEN CALIFORNIA QUA MUN INC FD,6726.0
67066Y10,13.39,13.44,2019-03-15,,145105.0,NAC,NUVEEN CALIFORNIA QUA MUN INC FD,6726.0
67066Y10,13.46,13.45,2019-03-18,,145105.0,NAC,NUVEEN CALIFORNIA QUA MUN INC FD,6726.0
67066Y10,13.455,13.46,2019-03-19,,145105.0,NAC,NUVEEN CALIFORNIA QUA MUN INC FD,6726.0
67066Y10,13.5,13.48,2019-03-20,,145105.0,NAC,NUVEEN CALIFORNIA QUA MUN INC FD,6726.0
67066Y10,13.63,13.51,2019-03-21,,145105.0,NAC,NUVEEN CALIFORNIA QUA MUN INC FD,6726.0
67066Y10,13.64,13.65,2019-03-22,,145105.0,NAC,NUVEEN CALIFORNIA QUA MUN INC FD,6726.0
67066Y10,13.72,13.69,2019-03-25,,145105.0,NAC,NUVEEN CALIFORNIA QUA MUN INC FD,6726.0
67066Y10,13.72,13.75,2019-03-26,,145105.0,NAC,NUVEEN CALIFORNIA QUA MUN INC FD,6726.0
67066Y10,13.86,13.7,2019-03-27,,145105.0,NAC,NUVEEN CALIFORNIA QUA MUN INC FD,6726.0
67066Y10,13.81,13.83,2019-03-28,,145105.0,NAC,NUVEEN CALIFORNIA QUA MUN INC FD,6726.0
67066Y10,13.78,13.79,2019-03-29,,145105.0,NAC,NUVEEN CALIFORNIA QUA MUN INC FD,6726.0
67066Y10,13.82,13.79,2019-04-01,,145105.0,NAC,NUVEEN CALIFORNIA QUA MUN INC FD,6726.0
67066Y10,13.88,13.88,2019-04-02,,145105.0,NAC,NUVEEN CALIFORNIA QUA MUN INC FD,6726.0
67066Y10,13.83,13.88,2019-04-03,,145105.0,NAC,NUVEEN CALIFORNIA QUA MUN INC FD,6726.0
67066Y10,13.82,13.85,2019-04-04,,145105.0,NAC,NUVEEN CALIFORNIA QUA MUN INC FD,6726.0
67066Y10,13.83,13.85,2019-04-05,,145105.0,NAC,NUVEEN CALIFORNIA QUA MUN INC FD,6726.0
67066Y10,13.84,13.85,2019-04-08,,145105.0,NAC,NUVEEN CALIFORNIA QUA MUN INC FD,6726.0
67066Y10,13.85,13.84,2019-04-09,,145105.0,NAC,NUVEEN CALIFORNIA QUA MUN INC FD,6726.0
67066Y10,13.87,13.85,2019-04-10,,145105.0,NAC,NUVEEN CALIFORNIA QUA MUN INC FD,6726.0
67066Y10,13.87,13.88,2019-04-11,,145105.0,NAC,NUVEEN CALIFORNIA QUA MUN INC FD,6726.0
67066Y10,13.82,13.78,2019-04-12,,145105.0,NAC,NUVEEN CALIFORNIA QUA MUN INC FD,6726.0
67066Y10,13.76,13.83,2019-04-15,,145105.0,NAC,NUVEEN CALIFORNIA QUA MUN INC FD,6726.0
67066Y10,13.71,13.76,2019-04-16,,145105.0,NAC,NUVEEN CALIFORNIA QUA MUN INC FD,6726.0
67066Y10,13.62,13.72,2019-04-17,,145105.0,NAC,NUVEEN CALIFORNIA QUA MUN INC FD,6726.0
67066Y10,13.54,13.65,2019-04-18,,145105.0,NAC,NUVEEN CALIFORNIA QUA MUN INC FD,6726.0
67066Y10,13.6,13.56,2019-04-22,,145105.0,NAC,NUVEEN CALIFORNIA QUA MUN INC FD,6726.0
67066Y10,13.63,13.61,2019-04-23,,145105.0,NAC,NUVEEN CALIFORNIA QUA MUN INC FD,6726.0
67066Y10,13.66,13.63,2019-04-24,,145105.0,NAC,NUVEEN CALIFORNIA QUA MUN INC FD,6726.0
67066Y10,13.71,13.67,2019-04-25,,145105.0,NAC,NUVEEN CALIFORNIA QUA MUN INC FD,6726.0
67066Y10,13.75,13.73,2019-04-26,,145105.0,NAC,NUVEEN CALIFORNIA QUA MUN INC FD,6726.0
67066Y10,13.79,13.77,2019-04-29,,145105.0,NAC,NUVEEN CALIFORNIA QUA MUN INC FD,6726.0
67066Y10,13.81,13.8,2019-04-30,,145105.0,NAC,NUVEEN CALIFORNIA QUA MUN INC FD,6726.0
67066Y10,13.9,13.84,2019-05-01,,145105.0,NAC,NUVEEN CALIFORNIA QUA MUN INC FD,6726.0
67066Y10,13.9,13.9,2019-05-02,,145105.0,NAC,NUVEEN CALIFORNIA QUA MUN INC FD,6726.0
67066Y10,14.0,13.92,2019-05-03,,145105.0,NAC,NUVEEN CALIFORNIA QUA MUN INC FD,6726.0
67066Y10,14.03,14.0,2019-05-06,,145105.0,NAC,NUVEEN CALIFORNIA QUA MUN INC FD,6726.0
67066Y10,14.08,14.04,2019-05-07,,145105.0,NAC,NUVEEN CALIFORNIA QUA MUN INC FD,6726.0
67066Y10,14.11,14.08,2019-05-08,,145105.0,NAC,NUVEEN CALIFORNIA QUA MUN INC FD,6726.0
67066Y10,14.21,14.17,2019-05-09,,145105.0,NAC,NUVEEN CALIFORNIA QUA MUN INC FD,6726.0
67066Y10,14.06,14.21,2019-05-10,,145105.0,NAC,NUVEEN CALIFORNIA QUA MUN INC FD,6726.0
67066Y10,14.08,14.05,2019-05-13,,145105.0,NAC,NUVEEN CALIFORNIA QUA MUN INC FD,6726.0
67066Y10,14.06,14.05,2019-05-14,,145105.0,NAC,NUVEEN CALIFORNIA QUA MUN INC FD,6726.0
67066Y10,14.09,14.04,2019-05-15,,145105.0,NAC,NUVEEN CALIFORNIA QUA MUN INC FD,6726.0
67066Y10,14.06,14.14,2019-05-16,,145105.0,NAC,NUVEEN CALIFORNIA QUA MUN INC FD,6726.0
67066Y10,14.14,14.08,2019-05-17,,145105.0,NAC,NUVEEN CALIFORNIA QUA MUN INC FD,6726.0
67066Y10,14.12,14.14,2019-05-20,,145105.0,NAC,NUVEEN CALIFORNIA QUA MUN INC FD,6726.0
67066Y10,14.09,14.09,2019-05-21,,145105.0,NAC,NUVEEN CALIFORNIA QUA MUN INC FD,6726.0
67066Y10,14.12,14.12,2019-05-22,,145105.0,NAC,NUVEEN CALIFORNIA QUA MUN INC FD,6726.0
67066Y10,14.1,14.13,2019-05-23,,145105.0,NAC,NUVEEN CALIFORNIA QUA MUN INC FD,6726.0
67066Y10,14.13,14.14,2019-05-24,,145105.0,NAC,NUVEEN CALIFORNIA QUA MUN INC FD,6726.0
67066Y10,14.18,14.15,2019-05-28,,145105.0,NAC,NUVEEN CALIFORNIA QUA MUN INC FD,6726.0
67066Y10,14.19,14.17,2019-05-29,,145105.0,NAC,NUVEEN CALIFORNIA QUA MUN INC FD,6726.0
67066Y10,14.24,14.19,2019-05-30,,145105.0,NAC,NUVEEN CALIFORNIA QUA MUN INC FD,6726.0
67066Y10,14.24,14.25,2019-05-31,,145105.0,NAC,NUVEEN CALIFORNIA QUA MUN INC FD,6726.0
67066Y10,14.35,14.28,2019-06-03,,145105.0,NAC,NUVEEN CALIFORNIA QUA MUN INC FD,6726.0
67066Y10,14.28,14.34,2019-06-04,,145105.0,NAC,NUVEEN CALIFORNIA QUA MUN INC FD,6726.0
67066Y10,14.26,14.26,2019-06-05,,145105.0,NAC,NUVEEN CALIFORNIA QUA MUN INC FD,6726.0
67066Y10,14.31,14.26,2019-06-06,,145105.0,NAC,NUVEEN CALIFORNIA QUA MUN INC FD,6726.0
67066Y10,14.33,14.3,2019-06-07,,145105.0,NAC,NUVEEN CALIFORNIA QUA MUN INC FD,6726.0
67066Y10,14.33,14.33,2019-06-10,,145105.0,NAC,NUVEEN CALIFORNIA QUA MUN INC FD,6726.0
67066Y10,14.36,14.36,2019-06-11,,145105.0,NAC,NUVEEN CALIFORNIA QUA MUN INC FD,6726.0
67066Y10,14.35,14.39,2019-06-12,,145105.0,NAC,NUVEEN CALIFORNIA QUA MUN INC FD,6726.0
67066Y10,14.25,14.32,2019-06-13,,145105.0,NAC,NUVEEN CALIFORNIA QUA MUN INC FD,6726.0
67066Y10,14.26,14.29,2019-06-14,,145105.0,NAC,NUVEEN CALIFORNIA QUA MUN INC FD,6726.0
67066Y10,14.28,14.27,2019-06-17,,145105.0,NAC,NUVEEN CALIFORNIA QUA MUN INC FD,6726.0
67066Y10,14.3,14.31,2019-06-18,,145105.0,NAC,NUVEEN CALIFORNIA QUA MUN INC FD,6726.0
67066Y10,14.3,14.29,2019-06-19,,145105.0,NAC,NUVEEN CALIFORNIA QUA MUN INC FD,6726.0
67066Y10,14.36,14.32,2019-06-20,,145105.0,NAC,NUVEEN CALIFORNIA QUA MUN INC FD,6726.0
67066Y10,14.37,14.38,2019-06-21,,145105.0,NAC,NUVEEN CALIFORNIA QUA MUN INC FD,6726.0
67066Y10,14.4,14.4,2019-06-24,,145105.0,NAC,NUVEEN CALIFORNIA QUA MUN INC FD,6726.0
67066Y10,14.41,14.4,2019-06-25,,145105.0,NAC,NUVEEN CALIFORNIA QUA MUN INC FD,6726.0
67066Y10,14.45,14.41,2019-06-26,,145105.0,NAC,NUVEEN CALIFORNIA QUA MUN INC FD,6726.0
67066Y10,14.47,14.47,2019-06-27,,145105.0,NAC,NUVEEN CALIFORNIA QUA MUN INC FD,6726.0
67066Y10,14.48,14.47,2019-06-28,,145105.0,NAC,NUVEEN CALIFORNIA QUA MUN INC FD,6726.0
67066Y10,14.49,14.48,2019-07-01,,145105.0,NAC,NUVEEN CALIFORNIA QUA MUN INC FD,6726.0
67066Y10,14.52,14.5,2019-07-02,,145105.0,NAC,NUVEEN CALIFORNIA QUA MUN INC FD,6726.0
67066Y10,14.56,14.55,2019-07-03,,145105.0,NAC,NUVEEN CALIFORNIA QUA MUN INC FD,6726.0
67066Y10,14.51,14.55,2019-07-05,,145105.0,NAC,NUVEEN CALIFORNIA QUA MUN INC FD,6726.0
67066Y10,14.57,14.54,2019-07-08,,145105.0,NAC,NUVEEN CALIFORNIA QUA MUN INC FD,6726.0
67066Y10,14.6,14.57,2019-07-09,,145105.0,NAC,NUVEEN CALIFORNIA QUA MUN INC FD,6726.0
67066Y10,14.62,14.6,2019-07-10,,145105.0,NAC,NUVEEN CALIFORNIA QUA MUN INC FD,6726.0
67066Y10,14.62,14.62,2019-07-11,,145105.0,NAC,NUVEEN CALIFORNIA QUA MUN INC FD,6726.0
67066Y10,14.59,14.57,2019-07-12,,145105.0,NAC,NUVEEN CALIFORNIA QUA MUN INC FD,6726.0
67066Y10,14.59,14.56,2019-07-15,,145105.0,NAC,NUVEEN CALIFORNIA QUA MUN INC FD,6726.0
67066Y10,14.59,14.55,2019-07-16,,145105.0,NAC,NUVEEN CALIFORNIA QUA MUN INC FD,6726.0
67066Y10,14.62,14.6,2019-07-17,,145105.0,NAC,NUVEEN CALIFORNIA QUA MUN INC FD,6726.0
67066Y10,14.7,14.61,2019-07-18,,145105.0,NAC,NUVEEN CALIFORNIA QUA MUN INC FD,6726.0
67066Y10,14.7199,14.7,2019-07-19,,145105.0,NAC,NUVEEN CALIFORNIA QUA MUN INC FD,6726.0
67066Y10,14.78,14.74,2019-07-22,,145105.0,NAC,NUVEEN CALIFORNIA QUA MUN INC FD,6726.0
67066Y10,14.79,14.79,2019-07-23,,145105.0,NAC,NUVEEN CALIFORNIA QUA MUN INC FD,6726.0
67066Y10,14.85,14.82,2019-07-24,,145105.0,NAC,NUVEEN CALIFORNIA QUA MUN INC FD,6726.0
67066Y10,14.77,14.87,2019-07-25,,145105.0,NAC,NUVEEN CALIFORNIA QUA MUN INC FD,6726.0
67066Y10,14.82,14.81,2019-07-26,,145105.0,NAC,NUVEEN CALIFORNIA QUA MUN INC FD,6726.0
67066Y10,14.89,14.84,2019-07-29,,145105.0,NAC,NUVEEN CALIFORNIA QUA MUN INC FD,6726.0
67066Y10,14.86,14.91,2019-07-30,,145105.0,NAC,NUVEEN CALIFORNIA QUA MUN INC FD,6726.0
67066Y10,14.84,14.88,2019-07-31,,145105.0,NAC,NUVEEN CALIFORNIA QUA MUN INC FD,6726.0
67066Y10,14.9,14.92,2019-08-01,,145105.0,NAC,NUVEEN CALIFORNIA QUA MUN INC FD,6726.0
67066Y10,14.92,14.87,2019-08-02,,145105.0,NAC,NUVEEN CALIFORNIA QUA MUN INC FD,6726.0
67066Y10,14.97,14.96,2019-08-05,,145105.0,NAC,NUVEEN CALIFORNIA QUA MUN INC FD,6726.0
67066Y10,14.97,14.98,2019-08-06,,145105.0,NAC,NUVEEN CALIFORNIA QUA MUN INC FD,6726.0
67066Y10,15.03,15.0,2019-08-07,,145105.0,NAC,NUVEEN CALIFORNIA QUA MUN INC FD,6726.0
67066Y10,15.1,15.04,2019-08-08,,145105.0,NAC,NUVEEN CALIFORNIA QUA MUN INC FD,6726.0
67066Y10,15.09,15.12,2019-08-09,,145105.0,NAC,NUVEEN CALIFORNIA QUA MUN INC FD,6726.0
67066Y10,15.05,15.1,2019-08-12,,145105.0,NAC,NUVEEN CALIFORNIA QUA MUN INC FD,6726.0
67066Y10,15.08,15.1,2019-08-13,,145105.0,NAC,NUVEEN CALIFORNIA QUA MUN INC FD,6726.0
67066Y10,15.06,15.03,2019-08-14,,145105.0,NAC,NUVEEN CALIFORNIA QUA MUN INC FD,6726.0
67066Y10,15.08,15.07,2019-08-15,,145105.0,NAC,NUVEEN CALIFORNIA QUA MUN INC FD,6726.0
67066Y10,15.09,15.12,2019-08-16,,145105.0,NAC,NUVEEN CALIFORNIA QUA MUN INC FD,6726.0
67066Y10,15.1,15.06,2019-08-19,,145105.0,NAC,NUVEEN CALIFORNIA QUA MUN INC FD,6726.0
67066Y10,15.16,15.11,2019-08-20,,145105.0,NAC,NUVEEN CALIFORNIA QUA MUN INC FD,6726.0
67066Y10,15.2,15.17,2019-08-21,,145105.0,NAC,NUVEEN CALIFORNIA QUA MUN INC FD,6726.0
67066Y10,15.21,15.2,2019-08-22,,145105.0,NAC,NUVEEN CALIFORNIA QUA MUN INC FD,6726.0
67066Y10,15.23,15.2,2019-08-23,,145105.0,NAC,NUVEEN CALIFORNIA QUA MUN INC FD,6726.0
67066Y10,15.24,15.2,2019-08-26,,145105.0,NAC,NUVEEN CALIFORNIA QUA MUN INC FD,6726.0
67066Y10,15.26,15.27,2019-08-27,,145105.0,NAC,NUVEEN CALIFORNIA QUA MUN INC FD,6726.0
67066Y10,15.28,15.28,2019-08-28,,145105.0,NAC,NUVEEN CALIFORNIA QUA MUN INC FD,6726.0
67066Y10,15.31,15.31,2019-08-29,,145105.0,NAC,NUVEEN CALIFORNIA QUA MUN INC FD,6726.0
67066Y10,15.4,15.33,2019-08-30,,145105.0,NAC,NUVEEN CALIFORNIA QUA MUN INC FD,6726.0
67066Y10,15.49,15.45,2019-09-03,,145105.0,NAC,NUVEEN CALIFORNIA QUA MUN INC FD,6726.0
67066Y10,15.41,15.4,2019-09-04,,145105.0,NAC,NUVEEN CALIFORNIA QUA MUN INC FD,6726.0
67066Y10,15.26,15.38,2019-09-05,,145105.0,NAC,NUVEEN CALIFORNIA QUA MUN INC FD,6726.0
67066Y10,15.25,15.25,2019-09-06,,145105.0,NAC,NUVEEN CALIFORNIA QUA MUN INC FD,6726.0
67066Y10,15.15,15.22,2019-09-09,,145105.0,NAC,NUVEEN CALIFORNIA QUA MUN INC FD,6726.0
67066Y10,14.92,15.16,2019-09-10,,145105.0,NAC,NUVEEN CALIFORNIA QUA MUN INC FD,6726.0
67066Y10,14.78,14.9,2019-09-11,,145105.0,NAC,NUVEEN CALIFORNIA QUA MUN INC FD,6726.0
67066Y10,14.61,14.71,2019-09-12,,145105.0,NAC,NUVEEN CALIFORNIA QUA MUN INC FD,6726.0
67066Y10,14.25,14.53,2019-09-13,,145105.0,NAC,NUVEEN CALIFORNIA QUA MUN INC FD,6726.0
67066Y10,14.36,14.3,2019-09-16,,145105.0,NAC,NUVEEN CALIFORNIA QUA MUN INC FD,6726.0
67066Y10,14.44,14.37,2019-09-17,,145105.0,NAC,NUVEEN CALIFORNIA QUA MUN INC FD,6726.0
67066Y10,14.57,14.47,2019-09-18,,145105.0,NAC,NUVEEN CALIFORNIA QUA MUN INC FD,6726.0
67066Y10,14.65,14.67,2019-09-19,,145105.0,NAC,NUVEEN CALIFORNIA QUA MUN INC FD,6726.0
67066Y10,14.68,14.69,2019-09-20,,145105.0,NAC,NUVEEN CALIFORNIA QUA MUN INC FD,6726.0
67066Y10,14.7,14.7,2019-09-23,,145105.0,NAC,NUVEEN CALIFORNIA QUA MUN INC FD,6726.0
67066Y10,14.69,14.72,2019-09-24,,145105.0,NAC,NUVEEN CALIFORNIA QUA MUN INC FD,6726.0
67066Y10,14.72,14.68,2019-09-25,,145105.0,NAC,NUVEEN CALIFORNIA QUA MUN INC FD,6726.0
67066Y10,14.85,14.76,2019-09-26,,145105.0,NAC,NUVEEN CALIFORNIA QUA MUN INC FD,6726.0
67066Y10,14.89,14.9,2019-09-27,,145105.0,NAC,NUVEEN CALIFORNIA QUA MUN INC FD,6726.0
67066Y10,14.99,14.91,2019-09-30,,145105.0,NAC,NUVEEN CALIFORNIA QUA MUN INC FD,6726.0
67066Y10,14.94,14.97,2019-10-01,,145105.0,NAC,NUVEEN CALIFORNIA QUA MUN INC FD,6726.0
67066Y10,14.98,14.99,2019-10-02,,145105.0,NAC,NUVEEN CALIFORNIA QUA MUN INC FD,6726.0
67066Y10,15.05,15.01,2019-10-03,,145105.0,NAC,NUVEEN CALIFORNIA QUA MUN INC FD,6726.0
67066Y10,15.02,15.08,2019-10-04,,145105.0,NAC,NUVEEN CALIFORNIA QUA MUN INC FD,6726.0
67066Y10,15.03,15.02,2019-10-07,,145105.0,NAC,NUVEEN CALIFORNIA QUA MUN INC FD,6726.0
67066Y10,15.06,15.04,2019-10-08,,145105.0,NAC,NUVEEN CALIFORNIA QUA MUN INC FD,6726.0
67066Y10,15.07,15.05,2019-10-09,,145105.0,NAC,NUVEEN CALIFORNIA QUA MUN INC FD,6726.0
67066Y10,15.02,15.08,2019-10-10,,145105.0,NAC,NUVEEN CALIFORNIA QUA MUN INC FD,6726.0
67066Y10,14.9,14.91,2019-10-11,,145105.0,NAC,NUVEEN CALIFORNIA QUA MUN INC FD,6726.0
67066Y10,14.9,14.9,2019-10-14,,145105.0,NAC,NUVEEN CALIFORNIA QUA MUN INC FD,6726.0
67066Y10,14.86,14.92,2019-10-15,,145105.0,NAC,NUVEEN CALIFORNIA QUA MUN INC FD,6726.0
67066Y10,14.93,14.89,2019-10-16,,145105.0,NAC,NUVEEN CALIFORNIA QUA MUN INC FD,6726.0
67066Y10,14.93,14.94,2019-10-17,,145105.0,NAC,NUVEEN CALIFORNIA QUA MUN INC FD,6726.0
67066Y10,14.92,14.93,2019-10-18,,145105.0,NAC,NUVEEN CALIFORNIA QUA MUN INC FD,6726.0
67066Y10,14.79,14.87,2019-10-21,,145105.0,NAC,NUVEEN CALIFORNIA QUA MUN INC FD,6726.0
67066Y10,14.8,14.8,2019-10-22,,145105.0,NAC,NUVEEN CALIFORNIA QUA MUN INC FD,6726.0
67066Y10,14.81,14.82,2019-10-23,,145105.0,NAC,NUVEEN CALIFORNIA QUA MUN INC FD,6726.0
67066Y10,14.76,14.83,2019-10-24,,145105.0,NAC,NUVEEN CALIFORNIA QUA MUN INC FD,6726.0
67066Y10,14.66,14.73,2019-10-25,,145105.0,NAC,NUVEEN CALIFORNIA QUA MUN INC FD,6726.0
67066Y10,14.59,14.65,2019-10-28,,145105.0,NAC,NUVEEN CALIFORNIA QUA MUN INC FD,6726.0
67066Y10,14.63,14.63,2019-10-29,,145105.0,NAC,NUVEEN CALIFORNIA QUA MUN INC FD,6726.0
67066Y10,14.78,14.66,2019-10-30,,145105.0,NAC,NUVEEN CALIFORNIA QUA MUN INC FD,6726.0
67066Y10,14.85,14.85,2019-10-31,,144735.0,NAC,NUVEEN CALIFORNIA QUA MUN INC FD,6726.0
67066Y10,14.78,14.93,2019-11-01,,144735.0,NAC,NUVEEN CALIFORNIA QUA MUN INC FD,6726.0
67066Y10,14.81,14.76,2019-11-04,,144735.0,NAC,NUVEEN CALIFORNIA QUA MUN INC FD,6726.0
67066Y10,14.76,14.76,2019-11-05,,144735.0,NAC,NUVEEN CALIFORNIA QUA MUN INC FD,6726.0
67066Y10,14.75,14.73,2019-11-06,,144735.0,NAC,NUVEEN CALIFORNIA QUA MUN INC FD,6726.0
67066Y10,14.7,14.74,2019-11-07,,144735.0,NAC,NUVEEN CALIFORNIA QUA MUN INC FD,6726.0
67066Y10,14.71,14.63,2019-11-08,,144735.0,NAC,NUVEEN CALIFORNIA QUA MUN INC FD,6726.0
67066Y10,14.61,14.66,2019-11-11,,144735.0,NAC,NUVEEN CALIFORNIA QUA MUN INC FD,6726.0
67066Y10,14.61,14.64,2019-11-12,,144735.0,NAC,NUVEEN CALIFORNIA QUA MUN INC FD,6726.0
67066Y10,14.67,14.64,2019-11-13,,144735.0,NAC,NUVEEN CALIFORNIA QUA MUN INC FD,6726.0
67066Y10,14.65,14.62,2019-11-14,,144735.0,NAC,NUVEEN CALIFORNIA QUA MUN INC FD,6726.0
67066Y10,14.76,14.65,2019-11-15,,144735.0,NAC,NUVEEN CALIFORNIA QUA MUN INC FD,6726.0
67066Y10,14.75,14.74,2019-11-18,,144735.0,NAC,NUVEEN CALIFORNIA QUA MUN INC FD,6726.0
67066Y10,14.79,14.76,2019-11-19,,144735.0,NAC,NUVEEN CALIFORNIA QUA MUN INC FD,6726.0
67066Y10,14.83,14.8,2019-11-20,,144735.0,NAC,NUVEEN CALIFORNIA QUA MUN INC FD,6726.0
67066Y10,14.83,14.88,2019-11-21,,144735.0,NAC,NUVEEN CALIFORNIA QUA MUN INC FD,6726.0
67066Y10,14.88,14.83,2019-11-22,,144735.0,NAC,NUVEEN CALIFORNIA QUA MUN INC FD,6726.0
67066Y10,14.93,14.86,2019-11-25,,144735.0,NAC,NUVEEN CALIFORNIA QUA MUN INC FD,6726.0
67066Y10,14.88,14.86,2019-11-26,,144735.0,NAC,NUVEEN CALIFORNIA QUA MUN INC FD,6726.0
67066Y10,14.97,14.93,2019-11-27,,144735.0,NAC,NUVEEN CALIFORNIA QUA MUN INC FD,6726.0
67066Y10,14.92,14.97,2019-11-29,,144735.0,NAC,NUVEEN CALIFORNIA QUA MUN INC FD,6726.0
67066Y10,14.97,14.89,2019-12-02,,144735.0,NAC,NUVEEN CALIFORNIA QUA MUN INC FD,6726.0
67066Y10,14.92,14.96,2019-12-03,,144735.0,NAC,NUVEEN CALIFORNIA QUA MUN INC FD,6726.0
67066Y10,14.9,14.9,2019-12-04,,144735.0,NAC,NUVEEN CALIFORNIA QUA MUN INC FD,6726.0
67066Y10,14.96,14.86,2019-12-05,,144735.0,NAC,NUVEEN CALIFORNIA QUA MUN INC FD,6726.0
67066Y10,14.95,14.95,2019-12-06,,144735.0,NAC,NUVEEN CALIFORNIA QUA MUN INC FD,6726.0
67066Y10,14.95,14.95,2019-12-09,,144735.0,NAC,NUVEEN CALIFORNIA QUA MUN INC FD,6726.0
67066Y10,14.96,14.94,2019-12-10,,144735.0,NAC,NUVEEN CALIFORNIA QUA MUN INC FD,6726.0
67066Y10,15.0,14.93,2019-12-11,,144735.0,NAC,NUVEEN CALIFORNIA QUA MUN INC FD,6726.0
67066Y10,14.85,14.92,2019-12-12,,144735.0,NAC,NUVEEN CALIFORNIA QUA MUN INC FD,6726.0
67066Y10,14.9,14.89,2019-12-13,,144735.0,NAC,NUVEEN CALIFORNIA QUA MUN INC FD,6726.0
67066Y10,14.86,14.92,2019-12-16,,144735.0,NAC,NUVEEN CALIFORNIA QUA MUN INC FD,6726.0
67066Y10,14.86,14.89,2019-12-17,,144735.0,NAC,NUVEEN CALIFORNIA QUA MUN INC FD,6726.0
67066Y10,14.84,14.83,2019-12-18,,144735.0,NAC,NUVEEN CALIFORNIA QUA MUN INC FD,6726.0
67066Y10,14.88,14.9,2019-12-19,,144735.0,NAC,NUVEEN CALIFORNIA QUA MUN INC FD,6726.0
67066Y10,14.87,14.91,2019-12-20,,144735.0,NAC,NUVEEN CALIFORNIA QUA MUN INC FD,6726.0
67066Y10,14.92,14.89,2019-12-23,,144735.0,NAC,NUVEEN CALIFORNIA QUA MUN INC FD,6726.0
67066Y10,14.89,14.92,2019-12-24,,144735.0,NAC,NUVEEN CALIFORNIA QUA MUN INC FD,6726.0
67066Y10,14.88,14.9,2019-12-26,,144735.0,NAC,NUVEEN CALIFORNIA QUA MUN INC FD,6726.0
67066Y10,14.88,14.88,2019-12-27,,144735.0,NAC,NUVEEN CALIFORNIA QUA MUN INC FD,6726.0
67066Y10,14.87,14.89,2019-12-30,,144735.0,NAC,NUVEEN CALIFORNIA QUA MUN INC FD,6726.0
67066Y10,14.89,14.91,2019-12-31,,144735.0,NAC,NUVEEN CALIFORNIA QUA MUN INC FD,6726.0
67066Y10,14.93,14.9,2020-01-02,,144735.0,NAC,NUVEEN CALIFORNIA QUA MUN INC FD,6726.0
67066Y10,14.99,14.93,2020-01-03,,144735.0,NAC,NUVEEN CALIFORNIA QUA MUN INC FD,6726.0
67066Y10,14.99,15.0,2020-01-06,,144735.0,NAC,NUVEEN CALIFORNIA QUA MUN INC FD,6726.0
67066Y10,15.0,15.03,2020-01-07,,144735.0,NAC,NUVEEN CALIFORNIA QUA MUN INC FD,6726.0
67066Y10,15.02,15.01,2020-01-08,,144735.0,NAC,NUVEEN CALIFORNIA QUA MUN INC FD,6726.0
67066Y10,15.0,15.0,2020-01-09,,144735.0,NAC,NUVEEN CALIFORNIA QUA MUN INC FD,6726.0
67066Y10,15.03,15.02,2020-01-10,,144735.0,NAC,NUVEEN CALIFORNIA QUA MUN INC FD,6726.0
67066Y10,15.08,15.05,2020-01-13,,144735.0,NAC,NUVEEN CALIFORNIA QUA MUN INC FD,6726.0
67066Y10,15.04,15.02,2020-01-14,,144735.0,NAC,NUVEEN CALIFORNIA QUA MUN INC FD,6726.0
67066Y10,15.08,15.05,2020-01-15,,144735.0,NAC,NUVEEN CALIFORNIA QUA MUN INC FD,6726.0
67066Y10,15.05,15.04,2020-01-16,,144735.0,NAC,NUVEEN CALIFORNIA QUA MUN INC FD,6726.0
67066Y10,15.03,15.03,2020-01-17,,144735.0,NAC,NUVEEN CALIFORNIA QUA MUN INC FD,6726.0
67066Y10,15.09,15.07,2020-01-21,,144735.0,NAC,NUVEEN CALIFORNIA QUA MUN INC FD,6726.0
67066Y10,15.15,15.1,2020-01-22,,144735.0,NAC,NUVEEN CALIFORNIA QUA MUN INC FD,6726.0
67066Y10,15.15,15.15,2020-01-23,,144735.0,NAC,NUVEEN CALIFORNIA QUA MUN INC FD,6726.0
67066Y10,15.18,15.2,2020-01-24,,144735.0,NAC,NUVEEN CALIFORNIA QUA MUN INC FD,6726.0
67066Y10,15.14,15.2,2020-01-27,,144735.0,NAC,NUVEEN CALIFORNIA QUA MUN INC FD,6726.0
67066Y10,15.12,15.17,2020-01-28,,144735.0,NAC,NUVEEN CALIFORNIA QUA MUN INC FD,6726.0
67066Y10,15.2,15.17,2020-01-29,,144735.0,NAC,NUVEEN CALIFORNIA QUA MUN INC FD,6726.0
67066Y10,15.31,15.25,2020-01-30,,144735.0,NAC,NUVEEN CALIFORNIA QUA MUN INC FD,6726.0
67066Y10,15.33,15.33,2020-01-31,,144735.0,NAC,NUVEEN CALIFORNIA QUA MUN INC FD,6726.0
67066Y10,15.26,15.33,2020-02-03,,144735.0,NAC,NUVEEN CALIFORNIA QUA MUN INC FD,6726.0
67066Y10,15.28,15.25,2020-02-04,,144735.0,NAC,NUVEEN CALIFORNIA QUA MUN INC FD,6726.0
67066Y10,15.38,15.27,2020-02-05,,144735.0,NAC,NUVEEN CALIFORNIA QUA MUN INC FD,6726.0
67066Y10,15.42,15.38,2020-02-06,,144735.0,NAC,NUVEEN CALIFORNIA QUA MUN INC FD,6726.0
67066Y10,15.46,15.43,2020-02-07,,144735.0,NAC,NUVEEN CALIFORNIA QUA MUN INC FD,6726.0
67066Y10,15.5,15.43,2020-02-10,,144735.0,NAC,NUVEEN CALIFORNIA QUA MUN INC FD,6726.0
67066Y10,15.5,15.51,2020-02-11,,144735.0,NAC,NUVEEN CALIFORNIA QUA MUN INC FD,6726.0
67066Y10,15.51,15.5,2020-02-12,,144735.0,NAC,NUVEEN CALIFORNIA QUA MUN INC FD,6726.0
67066Y10,15.41,15.44,2020-02-13,,144735.0,NAC,NUVEEN CALIFORNIA QUA MUN INC FD,6726.0
67066Y10,15.34,15.42,2020-02-14,,144735.0,NAC,NUVEEN CALIFORNIA QUA MUN INC FD,6726.0
67066Y10,15.37,15.35,2020-02-18,,144735.0,NAC,NUVEEN CALIFORNIA QUA MUN INC FD,6726.0
67066Y10,15.52,15.37,2020-02-19,,144735.0,NAC,NUVEEN CALIFORNIA QUA MUN INC FD,6726.0
67066Y10,15.53,15.53,2020-02-20,,144735.0,NAC,NUVEEN CALIFORNIA QUA MUN INC FD,6726.0
67066Y10,15.59,15.54,2020-02-21,,144735.0,NAC,NUVEEN CALIFORNIA QUA MUN INC FD,6726.0
67066Y10,15.58,15.61,2020-02-24,,144735.0,NAC,NUVEEN CALIFORNIA QUA MUN INC FD,6726.0
67066Y10,15.46,15.58,2020-02-25,,144735.0,NAC,NUVEEN CALIFORNIA QUA MUN INC FD,6726.0
67066Y10,15.39,15.35,2020-02-26,,144735.0,NAC,NUVEEN CALIFORNIA QUA MUN INC FD,6726.0
67066Y10,15.2,15.35,2020-02-27,,144735.0,NAC,NUVEEN CALIFORNIA QUA MUN INC FD,6726.0
67066Y10,15.09,15.07,2020-02-28,,144735.0,NAC,NUVEEN CALIFORNIA QUA MUN INC FD,6726.0
67066Y10,15.18,14.95,2020-03-02,,144735.0,NAC,NUVEEN CALIFORNIA QUA MUN INC FD,6726.0
67066Y10,15.37,15.2,2020-03-03,,144735.0,NAC,NUVEEN CALIFORNIA QUA MUN INC FD,6726.0
67066Y10,15.42,15.37,2020-03-04,,144735.0,NAC,NUVEEN CALIFORNIA QUA MUN INC FD,6726.0
67066Y10,15.41,15.4,2020-03-05,,144735.0,NAC,NUVEEN CALIFORNIA QUA MUN INC FD,6726.0
67066Y10,15.34,15.39,2020-03-06,,144735.0,NAC,NUVEEN CALIFORNIA QUA MUN INC FD,6726.0
67066Y10,15.16,15.29,2020-03-09,,144735.0,NAC,NUVEEN CALIFORNIA QUA MUN INC FD,6726.0
67066Y10,15.13,15.15,2020-03-10,,144735.0,NAC,NUVEEN CALIFORNIA QUA MUN INC FD,6726.0
67066Y10,14.72,15.12,2020-03-11,,144735.0,NAC,NUVEEN CALIFORNIA QUA MUN INC FD,6726.0
67066Y10,13.39,13.69,2020-03-12,,144735.0,NAC,NUVEEN CALIFORNIA QUA MUN INC FD,6726.0
67066Y10,13.65,13.73,2020-03-13,,144735.0,NAC,NUVEEN CALIFORNIA QUA MUN INC FD,6726.0
67066Y10,13.31,13.25,2020-03-16,,144735.0,NAC,NUVEEN CALIFORNIA QUA MUN INC FD,6726.0
67066Y10,13.28,13.29,2020-03-17,,144735.0,NAC,NUVEEN CALIFORNIA QUA MUN INC FD,6726.0
67066Y10,11.07,13.0,2020-03-18,,144735.0,NAC,NUVEEN CALIFORNIA QUA MUN INC FD,6726.0
67066Y10,12.02,11.15,2020-03-19,,144735.0,NAC,NUVEEN CALIFORNIA QUA MUN INC FD,6726.0
67066Y10,12.42,12.0,2020-03-20,,144735.0,NAC,NUVEEN CALIFORNIA QUA MUN INC FD,6726.0
67066Y10,11.79,12.42,2020-03-23,,144735.0,NAC,NUVEEN CALIFORNIA QUA MUN INC FD,6726.0
67066Y10,12.51,12.02,2020-03-24,,144735.0,NAC,NUVEEN CALIFORNIA QUA MUN INC FD,6726.0
67066Y10,12.78,12.38,2020-03-25,,144735.0,NAC,NUVEEN CALIFORNIA QUA MUN INC FD,6726.0
67066Y10,13.62,12.94,2020-03-26,,144735.0,NAC,NUVEEN CALIFORNIA QUA MUN INC FD,6726.0
67066Y10,13.38,13.47,2020-03-27,,144735.0,NAC,NUVEEN CALIFORNIA QUA MUN INC FD,6726.0
67066Y10,13.75,13.38,2020-03-30,,144735.0,NAC,NUVEEN CALIFORNIA QUA MUN INC FD,6726.0
67066Y10,13.69,13.56,2020-03-31,,144735.0,NAC,NUVEEN CALIFORNIA QUA MUN INC FD,6726.0
67066Y10,13.44,13.63,2020-04-01,,144735.0,NAC,NUVEEN CALIFORNIA QUA MUN INC FD,6726.0
67066Y10,13.25,13.32,2020-04-02,,144735.0,NAC,NUVEEN CALIFORNIA QUA MUN INC FD,6726.0
67066Y10,13.03,13.18,2020-04-03,,144735.0,NAC,NUVEEN CALIFORNIA QUA MUN INC FD,6726.0
67066Y10,13.23,13.16,2020-04-06,,144735.0,NAC,NUVEEN CALIFORNIA QUA MUN INC FD,6726.0
67066Y10,13.33,13.34,2020-04-07,,144735.0,NAC,NUVEEN CALIFORNIA QUA MUN INC FD,6726.0
67066Y10,13.57,13.34,2020-04-08,,144735.0,NAC,NUVEEN CALIFORNIA QUA MUN INC FD,6726.0
67066Y10,14.11,13.7,2020-04-09,,144735.0,NAC,NUVEEN CALIFORNIA QUA MUN INC FD,6726.0
67066Y10,13.88,14.03,2020-04-13,,144735.0,NAC,NUVEEN CALIFORNIA QUA MUN INC FD,6726.0
67066Y10,13.95,13.97,2020-04-14,,144735.0,NAC,NUVEEN CALIFORNIA QUA MUN INC FD,6726.0
67066Y10,14.06,13.9,2020-04-15,,144735.0,NAC,NUVEEN CALIFORNIA QUA MUN INC FD,6726.0
67066Y10,13.93,14.0,2020-04-16,,144735.0,NAC,NUVEEN CALIFORNIA QUA MUN INC FD,6726.0
67066Y10,14.04,14.08,2020-04-17,,144735.0,NAC,NUVEEN CALIFORNIA QUA MUN INC FD,6726.0
67066Y10,14.0,13.9,2020-04-20,,144735.0,NAC,NUVEEN CALIFORNIA QUA MUN INC FD,6726.0
67066Y10,14.01,13.95,2020-04-21,,144735.0,NAC,NUVEEN CALIFORNIA QUA MUN INC FD,6726.0
67066Y10,13.91,14.07,2020-04-22,,144735.0,NAC,NUVEEN CALIFORNIA QUA MUN INC FD,6726.0
67066Y10,13.73,13.86,2020-04-23,,144735.0,NAC,NUVEEN CALIFORNIA QUA MUN INC FD,6726.0
67066Y10,13.51,13.72,2020-04-24,,144735.0,NAC,NUVEEN CALIFORNIA QUA MUN INC FD,6726.0
67066Y10,13.16,13.44,2020-04-27,,144735.0,NAC,NUVEEN CALIFORNIA QUA MUN INC FD,6726.0
67066Y10,13.28,13.25,2020-04-28,,144735.0,NAC,NUVEEN CALIFORNIA QUA MUN INC FD,6726.0
67066Y10,13.45,13.33,2020-04-29,,144735.0,NAC,NUVEEN CALIFORNIA QUA MUN INC FD,6726.0
67066Y10,13.44,13.42,2020-04-30,,144735.0,NAC,NUVEEN CALIFORNIA QUA MUN INC FD,6726.0
67066Y10,13.52,13.45,2020-05-01,,144735.0,NAC,NUVEEN CALIFORNIA QUA MUN INC FD,6726.0
67066Y10,13.59,13.56,2020-05-04,,144735.0,NAC,NUVEEN CALIFORNIA QUA MUN INC FD,6726.0
67066Y10,13.77,13.67,2020-05-05,,144735.0,NAC,NUVEEN CALIFORNIA QUA MUN INC FD,6726.0
67066Y10,13.73,13.7,2020-05-06,,144735.0,NAC,NUVEEN CALIFORNIA QUA MUN INC FD,6726.0
67066Y10,13.88,13.75,2020-05-07,,144735.0,NAC,NUVEEN CALIFORNIA QUA MUN INC FD,6726.0
67066Y10,13.86,13.84,2020-05-08,,144735.0,NAC,NUVEEN CALIFORNIA QUA MUN INC FD,6726.0
67066Y10,13.88,13.85,2020-05-11,,144735.0,NAC,NUVEEN CALIFORNIA QUA MUN INC FD,6726.0
67066Y10,13.84,13.89,2020-05-12,,144735.0,NAC,NUVEEN CALIFORNIA QUA MUN INC FD,6726.0
67066Y10,13.84,13.84,2020-05-13,,144735.0,NAC,NUVEEN CALIFORNIA QUA MUN INC FD,6726.0
67066Y10,13.61,13.64,2020-05-14,,144735.0,NAC,NUVEEN CALIFORNIA QUA MUN INC FD,6726.0
67066Y10,13.6,13.69,2020-05-15,,144735.0,NAC,NUVEEN CALIFORNIA QUA MUN INC FD,6726.0
67066Y10,13.55,13.64,2020-05-18,,144735.0,NAC,NUVEEN CALIFORNIA QUA MUN INC FD,6726.0
67066Y10,13.6,13.51,2020-05-19,,144735.0,NAC,NUVEEN CALIFORNIA QUA MUN INC FD,6726.0
67066Y10,13.7,13.65,2020-05-20,,144735.0,NAC,NUVEEN CALIFORNIA QUA MUN INC FD,6726.0
67066Y10,13.75,13.68,2020-05-21,,144735.0,NAC,NUVEEN CALIFORNIA QUA MUN INC FD,6726.0
67066Y10,13.92,13.75,2020-05-22,,144735.0,NAC,NUVEEN CALIFORNIA QUA MUN INC FD,6726.0
67066Y10,13.92,13.94,2020-05-26,,144735.0,NAC,NUVEEN CALIFORNIA QUA MUN INC FD,6726.0
67066Y10,14.07,13.93,2020-05-27,,144735.0,NAC,NUVEEN CALIFORNIA QUA MUN INC FD,6726.0
67066Y10,14.1,14.1,2020-05-28,,144735.0,NAC,NUVEEN CALIFORNIA QUA MUN INC FD,6726.0
67066Y10,14.33,14.16,2020-05-29,,144735.0,NAC,NUVEEN CALIFORNIA QUA MUN INC FD,6726.0
67066Y10,14.23,14.42,2020-06-01,,144735.0,NAC,NUVEEN CALIFORNIA QUA MUN INC FD,6726.0
67066Y10,14.35,14.33,2020-06-02,,144735.0,NAC,NUVEEN CALIFORNIA QUA MUN INC FD,6726.0
67066Y10,14.28,14.35,2020-06-03,,144735.0,NAC,NUVEEN CALIFORNIA QUA MUN INC FD,6726.0
67066Y10,14.27,14.25,2020-06-04,,144735.0,NAC,NUVEEN CALIFORNIA QUA MUN INC FD,6726.0
67066Y10,14.3,14.26,2020-06-05,,144735.0,NAC,NUVEEN CALIFORNIA QUA MUN INC FD,6726.0
67066Y10,14.39,14.35,2020-06-08,,144735.0,NAC,NUVEEN CALIFORNIA QUA MUN INC FD,6726.0
67066Y10,14.38,14.3,2020-06-09,,144735.0,NAC,NUVEEN CALIFORNIA QUA MUN INC FD,6726.0
67066Y10,14.32,14.33,2020-06-10,,144735.0,NAC,NUVEEN CALIFORNIA QUA MUN INC FD,6726.0
67066Y10,14.32,14.25,2020-06-11,,144735.0,NAC,NUVEEN CALIFORNIA QUA MUN INC FD,6726.0
67066Y10,14.35,14.27,2020-06-12,,144735.0,NAC,NUVEEN CALIFORNIA QUA MUN INC FD,6726.0
67066Y10,14.38,14.34,2020-06-15,,144735.0,NAC,NUVEEN CALIFORNIA QUA MUN INC FD,6726.0
67066Y10,14.35,14.38,2020-06-16,,144735.0,NAC,NUVEEN CALIFORNIA QUA MUN INC FD,6726.0
67066Y10,14.32,14.35,2020-06-17,,144735.0,NAC,NUVEEN CALIFORNIA QUA MUN INC FD,6726.0
67066Y10,14.24,14.25,2020-06-18,,144735.0,NAC,NUVEEN CALIFORNIA QUA MUN INC FD,6726.0
67066Y10,14.24,14.25,2020-06-19,,144735.0,NAC,NUVEEN CALIFORNIA QUA MUN INC FD,6726.0
67066Y10,14.28,14.23,2020-06-22,,144735.0,NAC,NUVEEN CALIFORNIA QUA MUN INC FD,6726.0
67066Y10,14.33,14.26,2020-06-23,,144735.0,NAC,NUVEEN CALIFORNIA QUA MUN INC FD,6726.0
67066Y10,14.4,14.33,2020-06-24,,144735.0,NAC,NUVEEN CALIFORNIA QUA MUN INC FD,6726.0
67066Y10,14.38,14.35,2020-06-25,,144735.0,NAC,NUVEEN CALIFORNIA QUA MUN INC FD,6726.0
67066Y10,14.3,14.32,2020-06-26,,144735.0,NAC,NUVEEN CALIFORNIA QUA MUN INC FD,6726.0
67066Y10,14.3,14.35,2020-06-29,,144735.0,NAC,NUVEEN CALIFORNIA QUA MUN INC FD,6726.0
67066Y10,14.27,14.35,2020-06-30,,144735.0,NAC,NUVEEN CALIFORNIA QUA MUN INC FD,6726.0
67066Y10,14.24,14.37,2020-07-01,,144735.0,NAC,NUVEEN CALIFORNIA QUA MUN INC FD,6726.0
67066Y10,14.22,14.27,2020-07-02,,144735.0,NAC,NUVEEN CALIFORNIA QUA MUN INC FD,6726.0
67066Y10,14.24,14.23,2020-07-06,,144735.0,NAC,NUVEEN CALIFORNIA QUA MUN INC FD,6726.0
67066Y10,14.27,14.24,2020-07-07,,144735.0,NAC,NUVEEN CALIFORNIA QUA MUN INC FD,6726.0
67066Y10,14.4,14.3,2020-07-08,,144735.0,NAC,NUVEEN CALIFORNIA QUA MUN INC FD,6726.0
67066Y10,14.4,14.42,2020-07-09,,144735.0,NAC,NUVEEN CALIFORNIA QUA MUN INC FD,6726.0
67066Y10,14.58,14.43,2020-07-10,,144735.0,NAC,NUVEEN CALIFORNIA QUA MUN INC FD,6726.0
67066Y10,14.59,14.62,2020-07-13,,144735.0,NAC,NUVEEN CALIFORNIA QUA MUN INC FD,6726.0
67066Y10,14.51,14.47,2020-07-14,,144735.0,NAC,NUVEEN CALIFORNIA QUA MUN INC FD,6726.0
67066Y10,14.54,14.5,2020-07-15,,144735.0,NAC,NUVEEN CALIFORNIA QUA MUN INC FD,6726.0
67066Y10,14.55,14.51,2020-07-16,,144735.0,NAC,NUVEEN CALIFORNIA QUA MUN INC FD,6726.0
67066Y10,14.6,14.55,2020-07-17,,144735.0,NAC,NUVEEN CALIFORNIA QUA MUN INC FD,6726.0
67066Y10,14.62,14.6,2020-07-20,,144735.0,NAC,NUVEEN CALIFORNIA QUA MUN INC FD,6726.0
67066Y10,14.65,14.6,2020-07-21,,144735.0,NAC,NUVEEN CALIFORNIA QUA MUN INC FD,6726.0
67066Y10,14.65,14.61,2020-07-22,,144735.0,NAC,NUVEEN CALIFORNIA QUA MUN INC FD,6726.0
67066Y10,14.66,14.67,2020-07-23,,144735.0,NAC,NUVEEN CALIFORNIA QUA MUN INC FD,6726.0
67066Y10,14.72,14.7,2020-07-24,,144735.0,NAC,NUVEEN CALIFORNIA QUA MUN INC FD,6726.0
67066Y10,14.72,14.75,2020-07-27,,144735.0,NAC,NUVEEN CALIFORNIA QUA MUN INC FD,6726.0
67066Y10,14.7,14.74,2020-07-28,,144735.0,NAC,NUVEEN CALIFORNIA QUA MUN INC FD,6726.0
67066Y10,14.71,14.7,2020-07-29,,144735.0,NAC,NUVEEN CALIFORNIA QUA MUN INC FD,6726.0
67066Y10,14.76,14.74,2020-07-30,,144735.0,NAC,NUVEEN CALIFORNIA QUA MUN INC FD,6726.0
67066Y10,14.8,14.76,2020-07-31,,144735.0,NAC,NUVEEN CALIFORNIA QUA MUN INC FD,6726.0
67066Y10,14.86,14.87,2020-08-03,,144735.0,NAC,NUVEEN CALIFORNIA QUA MUN INC FD,6726.0
67066Y10,14.9,14.87,2020-08-04,,144735.0,NAC,NUVEEN CALIFORNIA QUA MUN INC FD,6726.0
67066Y10,14.91,14.96,2020-08-05,,144735.0,NAC,NUVEEN CALIFORNIA QUA MUN INC FD,6726.0
67066Y10,15.02,14.95,2020-08-06,,144735.0,NAC,NUVEEN CALIFORNIA QUA MUN INC FD,6726.0
67066Y10,15.01,15.0,2020-08-07,,144735.0,NAC,NUVEEN CALIFORNIA QUA MUN INC FD,6726.0
67066Y10,15.14,15.09,2020-08-10,,144735.0,NAC,NUVEEN CALIFORNIA QUA MUN INC FD,6726.0
67066Y10,15.19,15.19,2020-08-11,,144735.0,NAC,NUVEEN CALIFORNIA QUA MUN INC FD,6726.0
67066Y10,15.12,15.12,2020-08-12,,144735.0,NAC,NUVEEN CALIFORNIA QUA MUN INC FD,6726.0
67066Y10,15.03,15.11,2020-08-13,,144735.0,NAC,NUVEEN CALIFORNIA QUA MUN INC FD,6726.0
67066Y10,14.91,15.02,2020-08-14,,144735.0,NAC,NUVEEN CALIFORNIA QUA MUN INC FD,6726.0
67066Y10,14.8,14.81,2020-08-17,,144735.0,NAC,NUVEEN CALIFORNIA QUA MUN INC FD,6726.0
67066Y10,14.84,14.75,2020-08-18,,144735.0,NAC,NUVEEN CALIFORNIA QUA MUN INC FD,6726.0
67066Y10,14.79,14.82,2020-08-19,,144735.0,NAC,NUVEEN CALIFORNIA QUA MUN INC FD,6726.0
67066Y10,14.75,14.78,2020-08-20,,144735.0,NAC,NUVEEN CALIFORNIA QUA MUN INC FD,6726.0
67066Y10,14.76,14.76,2020-08-21,,144735.0,NAC,NUVEEN CALIFORNIA QUA MUN INC FD,6726.0
67066Y10,14.73,14.81,2020-08-24,,144735.0,NAC,NUVEEN CALIFORNIA QUA MUN INC FD,6726.0
67066Y10,14.625,14.7,2020-08-25,,144735.0,NAC,NUVEEN CALIFORNIA QUA MUN INC FD,6726.0
67066Y10,14.57,14.66,2020-08-26,,144735.0,NAC,NUVEEN CALIFORNIA QUA MUN INC FD,6726.0
67066Y10,14.49,14.58,2020-08-27,,144735.0,NAC,NUVEEN CALIFORNIA QUA MUN INC FD,6726.0
67066Y10,14.61,14.55,2020-08-28,,144735.0,NAC,NUVEEN CALIFORNIA QUA MUN INC FD,6726.0
67066Y10,14.64,14.68,2020-08-31,,144735.0,NAC,NUVEEN CALIFORNIA QUA MUN INC FD,6726.0
67066Y10,14.75,14.72,2020-09-01,,144735.0,NAC,NUVEEN CALIFORNIA QUA MUN INC FD,6726.0
67066Y10,14.78,14.83,2020-09-02,,144735.0,NAC,NUVEEN CALIFORNIA QUA MUN INC FD,6726.0
67066Y10,14.69,14.78,2020-09-03,,144735.0,NAC,NUVEEN CALIFORNIA QUA MUN INC FD,6726.0
67066Y10,14.5,14.66,2020-09-04,,144735.0,NAC,NUVEEN CALIFORNIA QUA MUN INC FD,6726.0
67066Y10,14.47,14.56,2020-09-08,,144735.0,NAC,NUVEEN CALIFORNIA QUA MUN INC FD,6726.0
67066Y10,14.63,14.53,2020-09-09,,144735.0,NAC,NUVEEN CALIFORNIA QUA MUN INC FD,6726.0
67066Y10,14.67,14.72,2020-09-10,,144735.0,NAC,NUVEEN CALIFORNIA QUA MUN INC FD,6726.0
67066Y10,14.72,14.73,2020-09-11,,144735.0,NAC,NUVEEN CALIFORNIA QUA MUN INC FD,6726.0
67066Y10,14.57,14.73,2020-09-14,,144735.0,NAC,NUVEEN CALIFORNIA QUA MUN INC FD,6726.0
67066Y10,14.6,14.6,2020-09-15,,144735.0,NAC,NUVEEN CALIFORNIA QUA MUN INC FD,6726.0
67066Y10,14.65,14.61,2020-09-16,,144735.0,NAC,NUVEEN CALIFORNIA QUA MUN INC FD,6726.0
67066Y10,14.67,14.55,2020-09-17,,144735.0,NAC,NUVEEN CALIFORNIA QUA MUN INC FD,6726.0
67066Y10,14.64,14.61,2020-09-18,,144735.0,NAC,NUVEEN CALIFORNIA QUA MUN INC FD,6726.0
67066Y10,14.63,14.63,2020-09-21,,144735.0,NAC,NUVEEN CALIFORNIA QUA MUN INC FD,6726.0
67066Y10,14.6,14.6,2020-09-22,,144735.0,NAC,NUVEEN CALIFORNIA QUA MUN INC FD,6726.0
67066Y10,14.59,14.59,2020-09-23,,144735.0,NAC,NUVEEN CALIFORNIA QUA MUN INC FD,6726.0
67066Y10,14.58,14.58,2020-09-24,,144735.0,NAC,NUVEEN CALIFORNIA QUA MUN INC FD,6726.0
67066Y10,14.51,14.53,2020-09-25,,144735.0,NAC,NUVEEN CALIFORNIA QUA MUN INC FD,6726.0
67066Y10,14.51,14.51,2020-09-28,,144735.0,NAC,NUVEEN CALIFORNIA QUA MUN INC FD,6726.0
67066Y10,14.54,14.51,2020-09-29,,144735.0,NAC,NUVEEN CALIFORNIA QUA MUN INC FD,6726.0
67066Y10,14.56,14.54,2020-09-30,,144735.0,NAC,NUVEEN CALIFORNIA QUA MUN INC FD,6726.0
67066Y10,14.56,14.6,2020-10-01,,144735.0,NAC,NUVEEN CALIFORNIA QUA MUN INC FD,6726.0
67066Y10,14.56,14.55,2020-10-02,,144735.0,NAC,NUVEEN CALIFORNIA QUA MUN INC FD,6726.0
67066Y10,14.58,14.56,2020-10-05,,144735.0,NAC,NUVEEN CALIFORNIA QUA MUN INC FD,6726.0
67066Y10,14.58,14.58,2020-10-06,,144735.0,NAC,NUVEEN CALIFORNIA QUA MUN INC FD,6726.0
67066Y10,14.59,14.6,2020-10-07,,144735.0,NAC,NUVEEN CALIFORNIA QUA MUN INC FD,6726.0
67066Y10,14.65,14.65,2020-10-08,,144735.0,NAC,NUVEEN CALIFORNIA QUA MUN INC FD,6726.0
67066Y10,14.7,14.65,2020-10-09,,144735.0,NAC,NUVEEN CALIFORNIA QUA MUN INC FD,6726.0
67066Y10,14.69,14.7,2020-10-12,,144735.0,NAC,NUVEEN CALIFORNIA QUA MUN INC FD,6726.0
67066Y10,14.73,14.66,2020-10-13,,144735.0,NAC,NUVEEN CALIFORNIA QUA MUN INC FD,6726.0
67066Y10,14.69,14.72,2020-10-14,,144735.0,NAC,NUVEEN CALIFORNIA QUA MUN INC FD,6726.0
67066Y10,14.67,14.66,2020-10-15,,144735.0,NAC,NUVEEN CALIFORNIA QUA MUN INC FD,6726.0
67066Y10,14.67,14.62,2020-10-16,,144735.0,NAC,NUVEEN CALIFORNIA QUA MUN INC FD,6726.0
67066Y10,14.66,14.67,2020-10-19,,144735.0,NAC,NUVEEN CALIFORNIA QUA MUN INC FD,6726.0
67066Y10,14.62,14.65,2020-10-20,,144735.0,NAC,NUVEEN CALIFORNIA QUA MUN INC FD,6726.0
67066Y10,14.53,14.62,2020-10-21,,144735.0,NAC,NUVEEN CALIFORNIA QUA MUN INC FD,6726.0
67066Y10,14.54,14.54,2020-10-22,,144735.0,NAC,NUVEEN CALIFORNIA QUA MUN INC FD,6726.0
67066Y10,14.49,14.57,2020-10-23,,144735.0,NAC,NUVEEN CALIFORNIA QUA MUN INC FD,6726.0
67066Y10,14.57,14.51,2020-10-26,,144735.0,NAC,NUVEEN CALIFORNIA QUA MUN INC FD,6726.0
67066Y10,14.58,14.57,2020-10-27,,144735.0,NAC,NUVEEN CALIFORNIA QUA MUN INC FD,6726.0
67066Y10,14.62,14.57,2020-10-28,,144735.0,NAC,NUVEEN CALIFORNIA QUA MUN INC FD,6726.0
67066Y10,14.57,14.62,2020-10-29,,144735.0,NAC,NUVEEN CALIFORNIA QUA MUN INC FD,6726.0
67066Y10,14.58,14.61,2020-10-30,,144735.0,NAC,NUVEEN CALIFORNIA QUA MUN INC FD,6726.0
67066Y10,14.63,14.67,2020-11-02,,144735.0,NAC,NUVEEN CALIFORNIA QUA MUN INC FD,6726.0
67066Y10,14.6,14.59,2020-11-03,,144735.0,NAC,NUVEEN CALIFORNIA QUA MUN INC FD,6726.0
67066Y10,14.65,14.65,2020-11-04,,144735.0,NAC,NUVEEN CALIFORNIA QUA MUN INC FD,6726.0
67066Y10,14.72,14.68,2020-11-05,,144735.0,NAC,NUVEEN CALIFORNIA QUA MUN INC FD,6726.0
67066Y10,14.75,14.76,2020-11-06,,144735.0,NAC,NUVEEN CALIFORNIA QUA MUN INC FD,6726.0
67066Y10,14.83,14.81,2020-11-09,,144735.0,NAC,NUVEEN CALIFORNIA QUA MUN INC FD,6726.0
67066Y10,14.81,14.76,2020-11-10,,144735.0,NAC,NUVEEN CALIFORNIA QUA MUN INC FD,6726.0
67066Y10,14.88,14.82,2020-11-11,,144735.0,NAC,NUVEEN CALIFORNIA QUA MUN INC FD,6726.0
67066Y10,14.79,14.86,2020-11-12,,144735.0,NAC,NUVEEN CALIFORNIA QUA MUN INC FD,6726.0
67066Y10,14.75,14.75,2020-11-13,,144735.0,NAC,NUVEEN CALIFORNIA QUA MUN INC FD,6726.0
67066Y10,14.74,14.75,2020-11-16,,144735.0,NAC,NUVEEN CALIFORNIA QUA MUN INC FD,6726.0
67066Y10,14.79,14.79,2020-11-17,,144735.0,NAC,NUVEEN CALIFORNIA QUA MUN INC FD,6726.0
67066Y10,14.8,14.79,2020-11-18,,144735.0,NAC,NUVEEN CALIFORNIA QUA MUN INC FD,6726.0
67066Y10,14.83,14.8,2020-11-19,,144735.0,NAC,NUVEEN CALIFORNIA QUA MUN INC FD,6726.0
67066Y10,14.85,14.85,2020-11-20,,144735.0,NAC,NUVEEN CALIFORNIA QUA MUN INC FD,6726.0
67066Y10,14.88,14.84,2020-11-23,,144735.0,NAC,NUVEEN CALIFORNIA QUA MUN INC FD,6726.0
67066Y10,14.95,14.88,2020-11-24,,144735.0,NAC,NUVEEN CALIFORNIA QUA MUN INC FD,6726.0
67066Y10,14.96,14.94,2020-11-25,,144735.0,NAC,NUVEEN CALIFORNIA QUA MUN INC FD,6726.0
67066Y10,14.99,15.0,2020-11-27,,144735.0,NAC,NUVEEN CALIFORNIA QUA MUN INC FD,6726.0
67066Y10,15.02,15.05,2020-11-30,,144735.0,NAC,NUVEEN CALIFORNIA QUA MUN INC FD,6726.0
67066Y10,14.93,15.05,2020-12-01,,144735.0,NAC,NUVEEN CALIFORNIA QUA MUN INC FD,6726.0
67066Y10,14.97,14.88,2020-12-02,,144735.0,NAC,NUVEEN CALIFORNIA QUA MUN INC FD,6726.0
67066Y10,15.02,15.02,2020-12-03,,144735.0,NAC,NUVEEN CALIFORNIA QUA MUN INC FD,6726.0
67066Y10,15.05,15.03,2020-12-04,,144735.0,NAC,NUVEEN CALIFORNIA QUA MUN INC FD,6726.0
67066Y10,15.09,15.07,2020-12-07,,144735.0,NAC,NUVEEN CALIFORNIA QUA MUN INC FD,6726.0
67066Y10,15.1,15.12,2020-12-08,,144735.0,NAC,NUVEEN CALIFORNIA QUA MUN INC FD,6726.0
67066Y10,15.17,15.16,2020-12-09,,144735.0,NAC,NUVEEN CALIFORNIA QUA MUN INC FD,6726.0
67066Y10,15.19,15.2,2020-12-10,,144735.0,NAC,NUVEEN CALIFORNIA QUA MUN INC FD,6726.0
67066Y10,15.13,15.19,2020-12-11,,144735.0,NAC,NUVEEN CALIFORNIA QUA MUN INC FD,6726.0
67066Y10,14.99,15.09,2020-12-14,,144735.0,NAC,NUVEEN CALIFORNIA QUA MUN INC FD,6726.0
67066Y10,15.04,15.0,2020-12-15,,144735.0,NAC,NUVEEN CALIFORNIA QUA MUN INC FD,6726.0
67066Y10,15.02,15.04,2020-12-16,,144735.0,NAC,NUVEEN CALIFORNIA QUA MUN INC FD,6726.0
67066Y10,14.98,14.99,2020-12-17,,144735.0,NAC,NUVEEN CALIFORNIA QUA MUN INC FD,6726.0
67066Y10,15.02,15.0,2020-12-18,,144735.0,NAC,NUVEEN CALIFORNIA QUA MUN INC FD,6726.0
67066Y10,15.02,15.02,2020-12-21,,144735.0,NAC,NUVEEN CALIFORNIA QUA MUN INC FD,6726.0
67066Y10,15.1,15.01,2020-12-22,,144735.0,NAC,NUVEEN CALIFORNIA QUA MUN INC FD,6726.0
67066Y10,15.02,15.07,2020-12-23,,144735.0,NAC,NUVEEN CALIFORNIA QUA MUN INC FD,6726.0
67066Y10,15.06,15.03,2020-12-24,,144735.0,NAC,NUVEEN CALIFORNIA QUA MUN INC FD,6726.0
67066Y10,15.14,15.19,2020-12-28,,144735.0,NAC,NUVEEN CALIFORNIA QUA MUN INC FD,6726.0
67066Y10,15.15,15.13,2020-12-29,,144735.0,NAC,NUVEEN CALIFORNIA QUA MUN INC FD,6726.0
67066Y10,15.12,15.15,2020-12-30,,144735.0,NAC,NUVEEN CALIFORNIA QUA MUN INC FD,6726.0
67066Y10,15.16,15.15,2020-12-31,,144735.0,NAC,NUVEEN CALIFORNIA QUA MUN INC FD,6726.0
67066Y10,15.17,15.2,2021-01-04,,144735.0,NAC,NUVEEN CALIFORNIA QUA MUN INC FD,6726.0
67066Y10,15.14,15.17,2021-01-05,,144735.0,NAC,NUVEEN CALIFORNIA QUA MUN INC FD,6726.0
67066Y10,14.98,15.16,2021-01-06,,144735.0,NAC,NUVEEN CALIFORNIA QUA MUN INC FD,6726.0
67066Y10,14.87,15.01,2021-01-07,,144735.0,NAC,NUVEEN CALIFORNIA QUA MUN INC FD,6726.0
67066Y10,14.87,14.9,2021-01-08,,144735.0,NAC,NUVEEN CALIFORNIA QUA MUN INC FD,6726.0
67066Y10,14.87,14.95,2021-01-11,,144735.0,NAC,NUVEEN CALIFORNIA QUA MUN INC FD,6726.0
67066Y10,14.83,14.83,2021-01-12,,144735.0,NAC,NUVEEN CALIFORNIA QUA MUN INC FD,6726.0
67066Y10,14.85,14.83,2021-01-13,,144735.0,NAC,NUVEEN CALIFORNIA QUA MUN INC FD,6726.0
67066Y10,14.76,14.76,2021-01-14,,144735.0,NAC,NUVEEN CALIFORNIA QUA MUN INC FD,6726.0
67066Y10,14.77,14.78,2021-01-15,,144735.0,NAC,NUVEEN CALIFORNIA QUA MUN INC FD,6726.0
67066Y10,14.8,14.79,2021-01-19,,144735.0,NAC,NUVEEN CALIFORNIA QUA MUN INC FD,6726.0
67066Y10,14.83,14.81,2021-01-20,,144735.0,NAC,NUVEEN CALIFORNIA QUA MUN INC FD,6726.0
67066Y10,14.91,14.83,2021-01-21,,144735.0,NAC,NUVEEN CALIFORNIA QUA MUN INC FD,6726.0
67066Y10,14.88,14.89,2021-01-22,,144735.0,NAC,NUVEEN CALIFORNIA QUA MUN INC FD,6726.0
67066Y10,14.94,14.9,2021-01-25,,144735.0,NAC,NUVEEN CALIFORNIA QUA MUN INC FD,6726.0
67066Y10,14.95,14.94,2021-01-26,,144735.0,NAC,NUVEEN CALIFORNIA QUA MUN INC FD,6726.0
67066Y10,14.98,15.0,2021-01-27,,144735.0,NAC,NUVEEN CALIFORNIA QUA MUN INC FD,6726.0
67066Y10,15.07,14.97,2021-01-28,,144735.0,NAC,NUVEEN CALIFORNIA QUA MUN INC FD,6726.0
67066Y10,15.04,15.07,2021-01-29,,144735.0,NAC,NUVEEN CALIFORNIA QUA MUN INC FD,6726.0
67066Y10,15.1,15.11,2021-02-01,,144735.0,NAC,NUVEEN CALIFORNIA QUA MUN INC FD,6726.0
67066Y10,15.18,15.1,2021-02-02,,144735.0,NAC,NUVEEN CALIFORNIA QUA MUN INC FD,6726.0
67066Y10,15.2,15.23,2021-02-03,,144735.0,NAC,NUVEEN CALIFORNIA QUA MUN INC FD,6726.0
67066Y10,15.18,15.16,2021-02-04,,144735.0,NAC,NUVEEN CALIFORNIA QUA MUN INC FD,6726.0
67066Y10,15.15,15.2,2021-02-05,,144735.0,NAC,NUVEEN CALIFORNIA QUA MUN INC FD,6726.0
67066Y10,15.18,15.18,2021-02-08,,144735.0,NAC,NUVEEN CALIFORNIA QUA MUN INC FD,6726.0
67066Y10,15.24,15.24,2021-02-09,,144735.0,NAC,NUVEEN CALIFORNIA QUA MUN INC FD,6726.0
67066Y10,15.3,15.25,2021-02-10,,144735.0,NAC,NUVEEN CALIFORNIA QUA MUN INC FD,6726.0
67066Y10,15.28,15.28,2021-02-11,,144735.0,NAC,NUVEEN CALIFORNIA QUA MUN INC FD,6726.0
67066Y10,15.21,15.25,2021-02-12,,144735.0,NAC,NUVEEN CALIFORNIA QUA MUN INC FD,6726.0
67066Y10,15.17,15.12,2021-02-16,,144735.0,NAC,NUVEEN CALIFORNIA QUA MUN INC FD,6726.0
67066Y10,15.06,15.17,2021-02-17,,144735.0,NAC,NUVEEN CALIFORNIA QUA MUN INC FD,6726.0
67066Y10,14.95,15.06,2021-02-18,,144735.0,NAC,NUVEEN CALIFORNIA QUA MUN INC FD,6726.0
67066Y10,14.89,14.97,2021-02-19,,144735.0,NAC,NUVEEN CALIFORNIA QUA MUN INC FD,6726.0
67066Y10,14.68,14.93,2021-02-22,,144735.0,NAC,NUVEEN CALIFORNIA QUA MUN INC FD,6726.0
67066Y10,14.52,14.62,2021-02-23,,144735.0,NAC,NUVEEN CALIFORNIA QUA MUN INC FD,6726.0
67066Y10,14.59,14.5,2021-02-24,,144735.0,NAC,NUVEEN CALIFORNIA QUA MUN INC FD,6726.0
67066Y10,14.44,14.52,2021-02-25,,144735.0,NAC,NUVEEN CALIFORNIA QUA MUN INC FD,6726.0
67066Y10,14.57,14.53,2021-02-26,,144735.0,NAC,NUVEEN CALIFORNIA QUA MUN INC FD,6726.0
67066Y10,14.62,14.6,2021-03-01,,144735.0,NAC,NUVEEN CALIFORNIA QUA MUN INC FD,6726.0
67066Y10,14.74,14.62,2021-03-02,,144735.0,NAC,NUVEEN CALIFORNIA QUA MUN INC FD,6726.0
67066Y10,14.74,14.68,2021-03-03,,144735.0,NAC,NUVEEN CALIFORNIA QUA MUN INC FD,6726.0
67066Y10,14.69,14.74,2021-03-04,,144735.0,NAC,NUVEEN CALIFORNIA QUA MUN INC FD,6726.0
67066Y10,14.69,14.72,2021-03-05,,144735.0,NAC,NUVEEN CALIFORNIA QUA MUN INC FD,6726.0
67066Y10,14.68,14.68,2021-03-08,,144735.0,NAC,NUVEEN CALIFORNIA QUA MUN INC FD,6726.0
67066Y10,14.72,14.7,2021-03-09,,144735.0,NAC,NUVEEN CALIFORNIA QUA MUN INC FD,6726.0
67066Y10,14.82,14.73,2021-03-10,,144735.0,NAC,NUVEEN CALIFORNIA QUA MUN INC FD,6726.0
67066Y10,14.83,14.81,2021-03-11,,144735.0,NAC,NUVEEN CALIFORNIA QUA MUN INC FD,6726.0
67066Y10,14.79,14.77,2021-03-12,,144735.0,NAC,NUVEEN CALIFORNIA QUA MUN INC FD,6726.0
67066Y10,14.79,14.79,2021-03-15,,144735.0,NAC,NUVEEN CALIFORNIA QUA MUN INC FD,6726.0
67066Y10,14.72,14.75,2021-03-16,,144735.0,NAC,NUVEEN CALIFORNIA QUA MUN INC FD,6726.0
67066Y10,14.79,14.73,2021-03-17,,144735.0,NAC,NUVEEN CALIFORNIA QUA MUN INC FD,6726.0
67066Y10,14.75,14.72,2021-03-18,,144735.0,NAC,NUVEEN CALIFORNIA QUA MUN INC FD,6726.0
67066Y10,14.74,14.78,2021-03-19,,144735.0,NAC,NUVEEN CALIFORNIA QUA MUN INC FD,6726.0
67066Y10,14.62,14.84,2021-03-22,,144735.0,NAC,NUVEEN CALIFORNIA QUA MUN INC FD,6726.0
67066Y10,14.66,14.65,2021-03-23,,144735.0,NAC,NUVEEN CALIFORNIA QUA MUN INC FD,6726.0
67066Y10,14.72,14.7,2021-03-24,,144735.0,NAC,NUVEEN CALIFORNIA QUA MUN INC FD,6726.0
67066Y10,14.78,14.73,2021-03-25,,144735.0,NAC,NUVEEN CALIFORNIA QUA MUN INC FD,6726.0
67066Y10,14.75,14.79,2021-03-26,,144735.0,NAC,NUVEEN CALIFORNIA QUA MUN INC FD,6726.0
67066Y10,14.77,14.72,2021-03-29,,144735.0,NAC,NUVEEN CALIFORNIA QUA MUN INC FD,6726.0
67066Y10,14.82,14.82,2021-03-30,,144735.0,NAC,NUVEEN CALIFORNIA QUA MUN INC FD,6726.0
67066Y10,14.86,14.82,2021-03-31,,144735.0,NAC,NUVEEN CALIFORNIA QUA MUN INC FD,6726.0
67066Y10,14.94,14.92,2021-04-01,,144735.0,NAC,NUVEEN CALIFORNIA QUA MUN INC FD,6726.0
67066Y10,15.06,14.93,2021-04-05,,144735.0,NAC,NUVEEN CALIFORNIA QUA MUN INC FD,6726.0
67066Y10,15.08,15.1,2021-04-06,,144735.0,NAC,NUVEEN CALIFORNIA QUA MUN INC FD,6726.0
67066Y10,15.07,15.06,2021-04-07,,144735.0,NAC,NUVEEN CALIFORNIA QUA MUN INC FD,6726.0
67066Y10,15.07,15.07,2021-04-08,,144735.0,NAC,NUVEEN CALIFORNIA QUA MUN INC FD,6726.0
67066Y10,15.07,15.05,2021-04-09,,144735.0,NAC,NUVEEN CALIFORNIA QUA MUN INC FD,6726.0
67066Y10,15.12,15.13,2021-04-12,,144735.0,NAC,NUVEEN CALIFORNIA QUA MUN INC FD,6726.0
67066Y10,15.14,15.13,2021-04-13,,144735.0,NAC,NUVEEN CALIFORNIA QUA MUN INC FD,6726.0
67066Y10,15.12,15.12,2021-04-14,,144735.0,NAC,NUVEEN CALIFORNIA QUA MUN INC FD,6726.0
67066Y10,15.1,15.12,2021-04-15,,144735.0,NAC,NUVEEN CALIFORNIA QUA MUN INC FD,6726.0
67066Y10,15.13,15.15,2021-04-16,,144735.0,NAC,NUVEEN CALIFORNIA QUA MUN INC FD,6726.0
67066Y10,15.0995,15.13,2021-04-19,,144735.0,NAC,NUVEEN CALIFORNIA QUA MUN INC FD,6726.0
67066Y10,15.04,15.08,2021-04-20,,144735.0,NAC,NUVEEN CALIFORNIA QUA MUN INC FD,6726.0
67066Y10,15.07,15.05,2021-04-21,,144735.0,NAC,NUVEEN CALIFORNIA QUA MUN INC FD,6726.0
67066Y10,15.1,15.06,2021-04-22,,144735.0,NAC,NUVEEN CALIFORNIA QUA MUN INC FD,6726.0
67066Y10,15.13,15.08,2021-04-23,,144735.0,NAC,NUVEEN CALIFORNIA QUA MUN INC FD,6726.0
67066Y10,15.18,15.2,2021-04-26,,144735.0,NAC,NUVEEN CALIFORNIA QUA MUN INC FD,6726.0
67066Y10,15.1,15.2,2021-04-27,,144735.0,NAC,NUVEEN CALIFORNIA QUA MUN INC FD,6726.0
67066Y10,15.17,15.13,2021-04-28,,144735.0,NAC,NUVEEN CALIFORNIA QUA MUN INC FD,6726.0
67066Y10,15.17,15.16,2021-04-29,,144735.0,NAC,NUVEEN CALIFORNIA QUA MUN INC FD,6726.0
67066Y10,15.2,15.22,2021-04-30,,144735.0,NAC,NUVEEN CALIFORNIA QUA MUN INC FD,6726.0
67066Y10,15.19,15.28,2021-05-03,,144735.0,NAC,NUVEEN CALIFORNIA QUA MUN INC FD,6726.0
67066Y10,15.33,15.19,2021-05-04,,144735.0,NAC,NUVEEN CALIFORNIA QUA MUN INC FD,6726.0
67066Y10,15.37,15.33,2021-05-05,,144735.0,NAC,NUVEEN CALIFORNIA QUA MUN INC FD,6726.0
67066Y10,15.33,15.35,2021-05-06,,144735.0,NAC,NUVEEN CALIFORNIA QUA MUN INC FD,6726.0
67066Y10,15.33,15.35,2021-05-07,,144735.0,NAC,NUVEEN CALIFORNIA QUA MUN INC FD,6726.0
67066Y10,15.35,15.35,2021-05-10,,144735.0,NAC,NUVEEN CALIFORNIA QUA MUN INC FD,6726.0
67066Y10,15.34,15.35,2021-05-11,,144735.0,NAC,NUVEEN CALIFORNIA QUA MUN INC FD,6726.0
67066Y10,15.24,15.35,2021-05-12,,144735.0,NAC,NUVEEN CALIFORNIA QUA MUN INC FD,6726.0
67066Y10,15.32,15.2,2021-05-13,,144735.0,NAC,NUVEEN CALIFORNIA QUA MUN INC FD,6726.0
67066Y10,15.26,15.25,2021-05-14,,144735.0,NAC,NUVEEN CALIFORNIA QUA MUN INC FD,6726.0
67066Y10,15.21,15.31,2021-05-17,,144735.0,NAC,NUVEEN CALIFORNIA QUA MUN INC FD,6726.0
67066Y10,15.16,15.17,2021-05-18,,144735.0,NAC,NUVEEN CALIFORNIA QUA MUN INC FD,6726.0
67066Y10,15.21,15.17,2021-05-19,,144735.0,NAC,NUVEEN CALIFORNIA QUA MUN INC FD,6726.0
67066Y10,15.32,15.21,2021-05-20,,144735.0,NAC,NUVEEN CALIFORNIA QUA MUN INC FD,6726.0
67066Y10,15.32,15.28,2021-05-21,,144735.0,NAC,NUVEEN CALIFORNIA QUA MUN INC FD,6726.0
67066Y10,15.36,15.35,2021-05-24,,144735.0,NAC,NUVEEN CALIFORNIA QUA MUN INC FD,6726.0
67066Y10,15.45,15.43,2021-05-25,,144735.0,NAC,NUVEEN CALIFORNIA QUA MUN INC FD,6726.0
67066Y10,15.47,15.41,2021-05-26,,144735.0,NAC,NUVEEN CALIFORNIA QUA MUN INC FD,6726.0
67066Y10,15.48,15.48,2021-05-27,,144735.0,NAC,NUVEEN CALIFORNIA QUA MUN INC FD,6726.0
67066Y10,15.6,15.48,2021-05-28,,144735.0,NAC,NUVEEN CALIFORNIA QUA MUN INC FD,6726.0
67066Y10,15.69,15.7,2021-06-01,,144735.0,NAC,NUVEEN CALIFORNIA QUA MUN INC FD,6726.0
67066Y10,15.65,15.73,2021-06-02,,144735.0,NAC,NUVEEN CALIFORNIA QUA MUN INC FD,6726.0
67066Y10,15.62,15.57,2021-06-03,,144735.0,NAC,NUVEEN CALIFORNIA QUA MUN INC FD,6726.0
67066Y10,15.67,15.62,2021-06-04,,144735.0,NAC,NUVEEN CALIFORNIA QUA MUN INC FD,6726.0
67066Y10,15.69,15.64,2021-06-07,,144735.0,NAC,NUVEEN CALIFORNIA QUA MUN INC FD,6726.0
67066Y10,15.77,15.75,2021-06-08,,144735.0,NAC,NUVEEN CALIFORNIA QUA MUN INC FD,6726.0
67066Y10,15.73,15.77,2021-06-09,,144735.0,NAC,NUVEEN CALIFORNIA QUA MUN INC FD,6726.0
67066Y10,15.67,15.77,2021-06-10,,144735.0,NAC,NUVEEN CALIFORNIA QUA MUN INC FD,6726.0
67066Y10,15.69,15.72,2021-06-11,,144735.0,NAC,NUVEEN CALIFORNIA QUA MUN INC FD,6726.0
67066Y10,15.47,15.5,2021-06-14,,144735.0,NAC,NUVEEN CALIFORNIA QUA MUN INC FD,6726.0
67066Y10,15.65,15.64,2021-06-15,,144735.0,NAC,NUVEEN CALIFORNIA QUA MUN INC FD,6726.0
67066Y10,15.51,15.64,2021-06-16,,144735.0,NAC,NUVEEN CALIFORNIA QUA MUN INC FD,6726.0
67066Y10,15.46,15.52,2021-06-17,,144735.0,NAC,NUVEEN CALIFORNIA QUA MUN INC FD,6726.0
67066Y10,15.57,15.49,2021-06-18,,144735.0,NAC,NUVEEN CALIFORNIA QUA MUN INC FD,6726.0
67066Y10,15.72,15.6,2021-06-21,,144735.0,NAC,NUVEEN CALIFORNIA QUA MUN INC FD,6726.0
67066Y10,15.73,15.78,2021-06-22,,144735.0,NAC,NUVEEN CALIFORNIA QUA MUN INC FD,6726.0
67066Y10,15.68,15.72,2021-06-23,,144735.0,NAC,NUVEEN CALIFORNIA QUA MUN INC FD,6726.0
67066Y10,15.71,15.76,2021-06-24,,144735.0,NAC,NUVEEN CALIFORNIA QUA MUN INC FD,6726.0
67066Y10,15.7,15.71,2021-06-25,,144735.0,NAC,NUVEEN CALIFORNIA QUA MUN INC FD,6726.0
67066Y10,15.66,15.68,2021-06-28,,144735.0,NAC,NUVEEN CALIFORNIA QUA MUN INC FD,6726.0
67066Y10,15.81,15.67,2021-06-29,,144735.0,NAC,NUVEEN CALIFORNIA QUA MUN INC FD,6726.0
67066Y10,15.85,15.8,2021-06-30,,144735.0,NAC,NUVEEN CALIFORNIA QUA MUN INC FD,6726.0
67066Y10,15.85,15.9,2021-07-01,,144735.0,NAC,NUVEEN CALIFORNIA QUA MUN INC FD,6726.0
67066Y10,15.82,15.85,2021-07-02,,144735.0,NAC,NUVEEN CALIFORNIA QUA MUN INC FD,6726.0
67066Y10,15.89,15.82,2021-07-06,,144735.0,NAC,NUVEEN CALIFORNIA QUA MUN INC FD,6726.0
67066Y10,15.9,15.94,2021-07-07,,144735.0,NAC,NUVEEN CALIFORNIA QUA MUN INC FD,6726.0
67066Y10,15.89,15.9,2021-07-08,,144735.0,NAC,NUVEEN CALIFORNIA QUA MUN INC FD,6726.0
67066Y10,15.89,15.89,2021-07-09,,144735.0,NAC,NUVEEN CALIFORNIA QUA MUN INC FD,6726.0
67066Y10,16.0,15.91,2021-07-12,,144735.0,NAC,NUVEEN CALIFORNIA QUA MUN INC FD,6726.0
67066Y10,16.04,16.04,2021-07-13,,144735.0,NAC,NUVEEN CALIFORNIA QUA MUN INC FD,6726.0
67066Y10,16.05,16.07,2021-07-14,,144735.0,NAC,NUVEEN CALIFORNIA QUA MUN INC FD,6726.0
67066Y10,15.96,15.95,2021-07-15,,144735.0,NAC,NUVEEN CALIFORNIA QUA MUN INC FD,6726.0
67066Y10,15.98,15.96,2021-07-16,,144735.0,NAC,NUVEEN CALIFORNIA QUA MUN INC FD,6726.0
67066Y10,16.0,16.05,2021-07-19,,144735.0,NAC,NUVEEN CALIFORNIA QUA MUN INC FD,6726.0
67066Y10,15.9,15.9,2021-07-20,,144735.0,NAC,NUVEEN CALIFORNIA QUA MUN INC FD,6726.0
67066Y10,15.83,15.92,2021-07-21,,144735.0,NAC,NUVEEN CALIFORNIA QUA MUN INC FD,6726.0
67066Y10,15.62,15.87,2021-07-22,,144735.0,NAC,NUVEEN CALIFORNIA QUA MUN INC FD,6726.0
67066Y10,15.61,15.57,2021-07-23,,144735.0,NAC,NUVEEN CALIFORNIA QUA MUN INC FD,6726.0
67066Y10,15.72,15.59,2021-07-26,,144735.0,NAC,NUVEEN CALIFORNIA QUA MUN INC FD,6726.0
67066Y10,15.82,15.72,2021-07-27,,144735.0,NAC,NUVEEN CALIFORNIA QUA MUN INC FD,6726.0
67066Y10,15.93,15.88,2021-07-28,,144735.0,NAC,NUVEEN CALIFORNIA QUA MUN INC FD,6726.0
67066Y10,16.06,15.97,2021-07-29,,144735.0,NAC,NUVEEN CALIFORNIA QUA MUN INC FD,6726.0
67066Y10,15.98,15.99,2021-07-30,,144735.0,NAC,NUVEEN CALIFORNIA QUA MUN INC FD,6726.0
67066Y10,16.07,16.06,2021-08-02,,144735.0,NAC,NUVEEN CALIFORNIA QUA MUN INC FD,6726.0
67066Y10,16.09,16.09,2021-08-03,,144735.0,NAC,NUVEEN CALIFORNIA QUA MUN INC FD,6726.0
67066Y10,16.09,16.06,2021-08-04,,144735.0,NAC,NUVEEN CALIFORNIA QUA MUN INC FD,6726.0
67066Y10,16.07,16.12,2021-08-05,,144735.0,NAC,NUVEEN CALIFORNIA QUA MUN INC FD,6726.0
67066Y10,16.06,16.11,2021-08-06,,144735.0,NAC,NUVEEN CALIFORNIA QUA MUN INC FD,6726.0
67066Y10,16.08,16.2,2021-08-09,,144735.0,NAC,NUVEEN CALIFORNIA QUA MUN INC FD,6726.0
67066Y10,16.11,16.11,2021-08-10,,144735.0,NAC,NUVEEN CALIFORNIA QUA MUN INC FD,6726.0
67066Y10,16.13,16.16,2021-08-11,,144735.0,NAC,NUVEEN CALIFORNIA QUA MUN INC FD,6726.0
67066Y10,15.8,16.11,2021-08-12,,144735.0,NAC,NUVEEN CALIFORNIA QUA MUN INC FD,6726.0
67066Y10,15.82,15.94,2021-08-13,,144735.0,NAC,NUVEEN CALIFORNIA QUA MUN INC FD,6726.0
67066Y10,15.81,15.82,2021-08-16,,144735.0,NAC,NUVEEN CALIFORNIA QUA MUN INC FD,6726.0
67066Y10,15.9,15.82,2021-08-17,,144735.0,NAC,NUVEEN CALIFORNIA QUA MUN INC FD,6726.0
67066Y10,15.91,15.98,2021-08-18,,144735.0,NAC,NUVEEN CALIFORNIA QUA MUN INC FD,6726.0
67066Y10,15.99,15.9,2021-08-19,,144735.0,NAC,NUVEEN CALIFORNIA QUA MUN INC FD,6726.0
67066Y10,16.1,16.07,2021-08-20,,144735.0,NAC,NUVEEN CALIFORNIA QUA MUN INC FD,6726.0
67066Y10,16.06,16.1,2021-08-23,,144735.0,NAC,NUVEEN CALIFORNIA QUA MUN INC FD,6726.0
67066Y10,15.98,16.05,2021-08-24,,144735.0,NAC,NUVEEN CALIFORNIA QUA MUN INC FD,6726.0
67066Y10,15.81,15.98,2021-08-25,,144735.0,NAC,NUVEEN CALIFORNIA QUA MUN INC FD,6726.0
67066Y10,15.86,15.9,2021-08-26,,144735.0,NAC,NUVEEN CALIFORNIA QUA MUN INC FD,6726.0
67066Y10,15.9,15.86,2021-08-27,,144735.0,NAC,NUVEEN CALIFORNIA QUA MUN INC FD,6726.0
67066Y10,15.94,15.9,2021-08-30,,144735.0,NAC,NUVEEN CALIFORNIA QUA MUN INC FD,6726.0
67066Y10,16.0,15.94,2021-08-31,,144735.0,NAC,NUVEEN CALIFORNIA QUA MUN INC FD,6726.0
67066Y10,15.93,16.0,2021-09-01,,144735.0,NAC,NUVEEN CALIFORNIA QUA MUN INC FD,6726.0
67066Y10,16.04,15.93,2021-09-02,,144735.0,NAC,NUVEEN CALIFORNIA QUA MUN INC FD,6726.0
67066Y10,15.9,16.04,2021-09-03,,144735.0,NAC,NUVEEN CALIFORNIA QUA MUN INC FD,6726.0
67066Y10,15.83,15.88,2021-09-07,,144735.0,NAC,NUVEEN CALIFORNIA QUA MUN INC FD,6726.0
67066Y10,15.98,15.88,2021-09-08,,144735.0,NAC,NUVEEN CALIFORNIA QUA MUN INC FD,6726.0
67066Y10,16.03,16.07,2021-09-09,,144735.0,NAC,NUVEEN CALIFORNIA QUA MUN INC FD,6726.0
67066Y10,15.99,16.06,2021-09-10,,144735.0,NAC,NUVEEN CALIFORNIA QUA MUN INC FD,6726.0
67066Y10,16.07,16.08,2021-09-13,,144735.0,NAC,NUVEEN CALIFORNIA QUA MUN INC FD,6726.0
67066Y10,16.08,16.07,2021-09-14,,144735.0,NAC,NUVEEN CALIFORNIA QUA MUN INC FD,6726.0
67066Y10,15.8,16.14,2021-09-15,,144735.0,NAC,NUVEEN CALIFORNIA QUA MUN INC FD,6726.0
67066Y10,15.83,15.83,2021-09-16,,144735.0,NAC,NUVEEN CALIFORNIA QUA MUN INC FD,6726.0
67066Y10,15.8,15.84,2021-09-17,,144735.0,NAC,NUVEEN CALIFORNIA QUA MUN INC FD,6726.0
67066Y10,15.81,15.81,2021-09-20,,144735.0,NAC,NUVEEN CALIFORNIA QUA MUN INC FD,6726.0
67066Y10,15.86,15.84,2021-09-21,,144735.0,NAC,NUVEEN CALIFORNIA QUA MUN INC FD,6726.0
67066Y10,15.91,15.95,2021-09-22,,144735.0,NAC,NUVEEN CALIFORNIA QUA MUN INC FD,6726.0
67066Y10,15.86,15.9,2021-09-23,,144735.0,NAC,NUVEEN CALIFORNIA QUA MUN INC FD,6726.0
67066Y10,15.86,15.86,2021-09-24,,144735.0,NAC,NUVEEN CALIFORNIA QUA MUN INC FD,6726.0
67066Y10,15.78,15.81,2021-09-27,,144735.0,NAC,NUVEEN CALIFORNIA QUA MUN INC FD,6726.0
67066Y10,15.55,15.74,2021-09-28,,144735.0,NAC,NUVEEN CALIFORNIA QUA MUN INC FD,6726.0
67066Y10,15.62,15.64,2021-09-29,,144735.0,NAC,NUVEEN CALIFORNIA QUA MUN INC FD,6726.0
67066Y10,15.69,15.73,2021-09-30,,144735.0,NAC,NUVEEN CALIFORNIA QUA MUN INC FD,6726.0
67066Y10,15.63,15.78,2021-10-01,,144735.0,NAC,NUVEEN CALIFORNIA QUA MUN INC FD,6726.0
67066Y10,15.55,15.61,2021-10-04,,144735.0,NAC,NUVEEN CALIFORNIA QUA MUN INC FD,6726.0
67066Y10,15.61,15.55,2021-10-05,,144735.0,NAC,NUVEEN CALIFORNIA QUA MUN INC FD,6726.0
67066Y10,15.51,15.64,2021-10-06,,144735.0,NAC,NUVEEN CALIFORNIA QUA MUN INC FD,6726.0
67066Y10,15.43,15.51,2021-10-07,,144735.0,NAC,NUVEEN CALIFORNIA QUA MUN INC FD,6726.0
67066Y10,15.46,15.43,2021-10-08,,144735.0,NAC,NUVEEN CALIFORNIA QUA MUN INC FD,6726.0
67066Y10,15.46,15.48,2021-10-11,,144735.0,NAC,NUVEEN CALIFORNIA QUA MUN INC FD,6726.0
67066Y10,15.47,15.48,2021-10-12,,144735.0,NAC,NUVEEN CALIFORNIA QUA MUN INC FD,6726.0
67066Y10,15.55,15.48,2021-10-13,,144735.0,NAC,NUVEEN CALIFORNIA QUA MUN INC FD,6726.0
67066Y10,15.47,15.54,2021-10-14,,144735.0,NAC,NUVEEN CALIFORNIA QUA MUN INC FD,6726.0
67066Y10,15.44,15.46,2021-10-15,,144735.0,NAC,NUVEEN CALIFORNIA QUA MUN INC FD,6726.0
67066Y10,15.3,15.47,2021-10-18,,144735.0,NAC,NUVEEN CALIFORNIA QUA MUN INC FD,6726.0
67066Y10,15.2,15.3,2021-10-19,,144735.0,NAC,NUVEEN CALIFORNIA QUA MUN INC FD,6726.0
67066Y10,15.14,15.21,2021-10-20,,144735.0,NAC,NUVEEN CALIFORNIA QUA MUN INC FD,6726.0
67066Y10,15.1,15.14,2021-10-21,,144735.0,NAC,NUVEEN CALIFORNIA QUA MUN INC FD,6726.0
67066Y10,15.07,15.1,2021-10-22,,144735.0,NAC,NUVEEN CALIFORNIA QUA MUN INC FD,6726.0
67066Y10,15.11,15.06,2021-10-25,,144735.0,NAC,NUVEEN CALIFORNIA QUA MUN INC FD,6726.0
67066Y10,15.1,15.16,2021-10-26,,144735.0,NAC,NUVEEN CALIFORNIA QUA MUN INC FD,6726.0
67066Y10,15.13,15.15,2021-10-27,,144735.0,NAC,NUVEEN CALIFORNIA QUA MUN INC FD,6726.0
67066Y10,15.27,15.17,2021-10-28,,144735.0,NAC,NUVEEN CALIFORNIA QUA MUN INC FD,6726.0
67066Y10,15.34,15.26,2021-10-29,,144735.0,NAC,NUVEEN CALIFORNIA QUA MUN INC FD,6726.0
67066Y10,15.3,15.33,2021-11-01,,144735.0,NAC,NUVEEN CALIFORNIA QUA MUN INC FD,6726.0
67066Y10,15.52,15.35,2021-11-02,,144735.0,NAC,NUVEEN CALIFORNIA QUA MUN INC FD,6726.0
67066Y10,15.54,15.49,2021-11-03,,144735.0,NAC,NUVEEN CALIFORNIA QUA MUN INC FD,6726.0
67066Y10,15.57,15.55,2021-11-04,,144735.0,NAC,NUVEEN CALIFORNIA QUA MUN INC FD,6726.0
67066Y10,15.7,15.6,2021-11-05,,144735.0,NAC,NUVEEN CALIFORNIA QUA MUN INC FD,6726.0
67066Y10,15.74,15.67,2021-11-08,,144735.0,NAC,NUVEEN CALIFORNIA QUA MUN INC FD,6726.0
67066Y10,15.78,15.75,2021-11-09,,144735.0,NAC,NUVEEN CALIFORNIA QUA MUN INC FD,6726.0
67066Y10,15.62,15.78,2021-11-10,,144735.0,NAC,NUVEEN CALIFORNIA QUA MUN INC FD,6726.0
67066Y10,15.66,15.62,2021-11-11,,144735.0,NAC,NUVEEN CALIFORNIA QUA MUN INC FD,6726.0
67066Y10,15.75,15.66,2021-11-12,,144735.0,NAC,NUVEEN CALIFORNIA QUA MUN INC FD,6726.0
67066Y10,15.71,15.74,2021-11-15,,144735.0,NAC,NUVEEN CALIFORNIA QUA MUN INC FD,6726.0
67066Y10,15.71,15.71,2021-11-16,,144735.0,NAC,NUVEEN CALIFORNIA QUA MUN INC FD,6726.0
67066Y10,15.74,15.74,2021-11-17,,144735.0,NAC,NUVEEN CALIFORNIA QUA MUN INC FD,6726.0
67066Y10,15.65,15.74,2021-11-18,,144735.0,NAC,NUVEEN CALIFORNIA QUA MUN INC FD,6726.0
67066Y10,15.46,15.61,2021-11-19,,144735.0,NAC,NUVEEN CALIFORNIA QUA MUN INC FD,6726.0
67066Y10,15.3,15.37,2021-11-22,,144735.0,NAC,NUVEEN CALIFORNIA QUA MUN INC FD,6726.0
67066Y10,15.28,15.32,2021-11-23,,144735.0,NAC,NUVEEN CALIFORNIA QUA MUN INC FD,6726.0
67066Y10,15.24,15.23,2021-11-24,,144735.0,NAC,NUVEEN CALIFORNIA QUA MUN INC FD,6726.0
67066Y10,15.21,15.24,2021-11-26,,144735.0,NAC,NUVEEN CALIFORNIA QUA MUN INC FD,6726.0
67066Y10,15.35,15.23,2021-11-29,,144735.0,NAC,NUVEEN CALIFORNIA QUA MUN INC FD,6726.0
67066Y10,15.44,15.35,2021-11-30,,144735.0,NAC,NUVEEN CALIFORNIA QUA MUN INC FD,6726.0
67066Y10,15.57,15.65,2021-12-01,,144735.0,NAC,NUVEEN CALIFORNIA QUA MUN INC FD,6726.0
67066Y10,15.49,15.51,2021-12-02,,144735.0,NAC,NUVEEN CALIFORNIA QUA MUN INC FD,6726.0
67066Y10,15.44,15.44,2021-12-03,,144735.0,NAC,NUVEEN CALIFORNIA QUA MUN INC FD,6726.0
67066Y10,15.28,15.4,2021-12-06,,144735.0,NAC,NUVEEN CALIFORNIA QUA MUN INC FD,6726.0
67066Y10,15.32,15.3,2021-12-07,,144735.0,NAC,NUVEEN CALIFORNIA QUA MUN INC FD,6726.0
67066Y10,15.37,15.4,2021-12-08,,144735.0,NAC,NUVEEN CALIFORNIA QUA MUN INC FD,6726.0
67066Y10,15.39,15.36,2021-12-09,,144735.0,NAC,NUVEEN CALIFORNIA QUA MUN INC FD,6726.0
67066Y10,15.42,15.41,2021-12-10,,144735.0,NAC,NUVEEN CALIFORNIA QUA MUN INC FD,6726.0
67066Y10,15.47,15.47,2021-12-13,,144735.0,NAC,NUVEEN CALIFORNIA QUA MUN INC FD,6726.0
67066Y10,15.3846,15.34,2021-12-14,,144735.0,NAC,NUVEEN CALIFORNIA QUA MUN INC FD,6726.0
67066Y10,15.48,15.45,2021-12-15,,144735.0,NAC,NUVEEN CALIFORNIA QUA MUN INC FD,6726.0
67066Y10,15.33,15.44,2021-12-16,,144735.0,NAC,NUVEEN CALIFORNIA QUA MUN INC FD,6726.0
67066Y10,15.37,15.41,2021-12-17,,144735.0,NAC,NUVEEN CALIFORNIA QUA MUN INC FD,6726.0
67066Y10,15.3,15.31,2021-12-20,,144735.0,NAC,NUVEEN CALIFORNIA QUA MUN INC FD,6726.0
67066Y10,15.15,15.23,2021-12-21,,144735.0,NAC,NUVEEN CALIFORNIA QUA MUN INC FD,6726.0
67066Y10,15.31,15.2,2021-12-22,,144735.0,NAC,NUVEEN CALIFORNIA QUA MUN INC FD,6726.0
67066Y10,15.43,15.31,2021-12-23,,144735.0,NAC,NUVEEN CALIFORNIA QUA MUN INC FD,6726.0
67066Y10,15.41,15.51,2021-12-27,,144735.0,NAC,NUVEEN CALIFORNIA QUA MUN INC FD,6726.0
67066Y10,15.54,15.52,2021-12-28,,144735.0,NAC,NUVEEN CALIFORNIA QUA MUN INC FD,6726.0
67066Y10,15.59,15.54,2021-12-29,,144735.0,NAC,NUVEEN CALIFORNIA QUA MUN INC FD,6726.0
67066Y10,15.58,15.62,2021-12-30,,144735.0,NAC,NUVEEN CALIFORNIA QUA MUN INC FD,6726.0
67066Y10,15.64,15.67,2021-12-31,,144735.0,NAC,NUVEEN CALIFORNIA QUA MUN INC FD,6726.0
67066Y10,15.61,15.65,2022-01-03,,144735.0,NAC,NUVEEN CALIFORNIA QUA MUN INC FD,6726.0
67066Y10,15.47,15.59,2022-01-04,,144735.0,NAC,NUVEEN CALIFORNIA QUA MUN INC FD,6726.0
67066Y10,15.24,15.53,2022-01-05,,144735.0,NAC,NUVEEN CALIFORNIA QUA MUN INC FD,6726.0
67066Y10,15.11,15.24,2022-01-06,,144735.0,NAC,NUVEEN CALIFORNIA QUA MUN INC FD,6726.0
67066Y10,15.11,15.13,2022-01-07,,144735.0,NAC,NUVEEN CALIFORNIA QUA MUN INC FD,6726.0
67066Y10,15.04,15.07,2022-01-10,,144735.0,NAC,NUVEEN CALIFORNIA QUA MUN INC FD,6726.0
67066Y10,15.03,15.0,2022-01-11,,144735.0,NAC,NUVEEN CALIFORNIA QUA MUN INC FD,6726.0
67066Y10,14.99,15.05,2022-01-12,,144735.0,NAC,NUVEEN CALIFORNIA QUA MUN INC FD,6726.0
67066Y10,14.9,14.94,2022-01-13,,144735.0,NAC,NUVEEN CALIFORNIA QUA MUN INC FD,6726.0
67066Y10,14.82,14.88,2022-01-14,,144735.0,NAC,NUVEEN CALIFORNIA QUA MUN INC FD,6726.0
67066Y10,14.61,14.81,2022-01-18,,144735.0,NAC,NUVEEN CALIFORNIA QUA MUN INC FD,6726.0
67066Y10,14.44,14.64,2022-01-19,,144735.0,NAC,NUVEEN CALIFORNIA QUA MUN INC FD,6726.0
67066Y10,14.4,14.48,2022-01-20,,144735.0,NAC,NUVEEN CALIFORNIA QUA MUN INC FD,6726.0
67066Y10,14.63,14.45,2022-01-21,,144735.0,NAC,NUVEEN CALIFORNIA QUA MUN INC FD,6726.0
67066Y10,14.61,14.5,2022-01-24,,144735.0,NAC,NUVEEN CALIFORNIA QUA MUN INC FD,6726.0
67066Y10,14.73,14.53,2022-01-25,,144735.0,NAC,NUVEEN CALIFORNIA QUA MUN INC FD,6726.0
67066Y10,14.86,14.77,2022-01-26,,144735.0,NAC,NUVEEN CALIFORNIA QUA MUN INC FD,6726.0
67066Y10,14.99,14.89,2022-01-27,,144735.0,NAC,NUVEEN CALIFORNIA QUA MUN INC FD,6726.0
67066Y10,14.94,14.99,2022-01-28,,144735.0,NAC,NUVEEN CALIFORNIA QUA MUN INC FD,6726.0
67066Y10,14.92,14.92,2022-01-31,,144735.0,NAC,NUVEEN CALIFORNIA QUA MUN INC FD,6726.0
67066Y10,14.9,14.99,2022-02-01,,144735.0,NAC,NUVEEN CALIFORNIA QUA MUN INC FD,6726.0
67066Y10,14.68,14.91,2022-02-02,,144735.0,NAC,NUVEEN CALIFORNIA QUA MUN INC FD,6726.0
67066Y10,14.5,14.64,2022-02-03,,144735.0,NAC,NUVEEN CALIFORNIA QUA MUN INC FD,6726.0
67066Y10,14.17,14.48,2022-02-04,,144735.0,NAC,NUVEEN CALIFORNIA QUA MUN INC FD,6726.0
67066Y10,14.18,14.2,2022-02-07,,144735.0,NAC,NUVEEN CALIFORNIA QUA MUN INC FD,6726.0
67066Y10,14.02,14.15,2022-02-08,,144735.0,NAC,NUVEEN CALIFORNIA QUA MUN INC FD,6726.0
67066Y10,14.04,14.04,2022-02-09,,144735.0,NAC,NUVEEN CALIFORNIA QUA MUN INC FD,6726.0
67066Y10,13.89,13.98,2022-02-10,,144735.0,NAC,NUVEEN CALIFORNIA QUA MUN INC FD,6726.0
67066Y10,13.73,13.92,2022-02-11,,144735.0,NAC,NUVEEN CALIFORNIA QUA MUN INC FD,6726.0
67066Y10,13.65,13.68,2022-02-14,,144735.0,NAC,NUVEEN CALIFORNIA QUA MUN INC FD,6726.0
67066Y10,13.62,13.53,2022-02-15,,144735.0,NAC,NUVEEN CALIFORNIA QUA MUN INC FD,6726.0
67066Y10,13.7,13.62,2022-02-16,,144735.0,NAC,NUVEEN CALIFORNIA QUA MUN INC FD,6726.0
67066Y10,13.87,13.71,2022-02-17,,144735.0,NAC,NUVEEN CALIFORNIA QUA MUN INC FD,6726.0
67066Y10,13.86,13.87,2022-02-18,,144735.0,NAC,NUVEEN CALIFORNIA QUA MUN INC FD,6726.0
67066Y10,13.62,13.75,2022-02-22,,144735.0,NAC,NUVEEN CALIFORNIA QUA MUN INC FD,6726.0
67066Y10,13.62,13.61,2022-02-23,,144735.0,NAC,NUVEEN CALIFORNIA QUA MUN INC FD,6726.0
67066Y10,13.65,13.57,2022-02-24,,144735.0,NAC,NUVEEN CALIFORNIA QUA MUN INC FD,6726.0
67066Y10,13.61,13.64,2022-02-25,,144735.0,NAC,NUVEEN CALIFORNIA QUA MUN INC FD,6726.0
67066Y10,13.71,13.58,2022-02-28,,144735.0,NAC,NUVEEN CALIFORNIA QUA MUN INC FD,6726.0
67066Y10,13.86,13.73,2022-03-01,,144735.0,NAC,NUVEEN CALIFORNIA QUA MUN INC FD,6726.0
67066Y10,13.81,13.76,2022-03-02,,144735.0,NAC,NUVEEN CALIFORNIA QUA MUN INC FD,6726.0
67066Y10,13.87,13.81,2022-03-03,,144735.0,NAC,NUVEEN CALIFORNIA QUA MUN INC FD,6726.0
67066Y10,13.8,13.84,2022-03-04,,144735.0,NAC,NUVEEN CALIFORNIA QUA MUN INC FD,6726.0
67066Y10,13.65,13.73,2022-03-07,,144735.0,NAC,NUVEEN CALIFORNIA QUA MUN INC FD,6726.0
67066Y10,13.54,13.73,2022-03-08,,144735.0,NAC,NUVEEN CALIFORNIA QUA MUN INC FD,6726.0
67066Y10,13.51,13.56,2022-03-09,,144735.0,NAC,NUVEEN CALIFORNIA QUA MUN INC FD,6726.0
67066Y10,13.38,13.5,2022-03-10,,144735.0,NAC,NUVEEN CALIFORNIA QUA MUN INC FD,6726.0
67066Y10,13.29,13.35,2022-03-11,,144735.0,NAC,NUVEEN CALIFORNIA QUA MUN INC FD,6726.0
67066Y10,13.09,13.24,2022-03-14,,144735.0,NAC,NUVEEN CALIFORNIA QUA MUN INC FD,6726.0
67066Y10,13.035,13.14,2022-03-15,,144735.0,NAC,NUVEEN CALIFORNIA QUA MUN INC FD,6726.0
67066Y10,13.14,13.04,2022-03-16,,144735.0,NAC,NUVEEN CALIFORNIA QUA MUN INC FD,6726.0
67066Y10,13.2,13.14,2022-03-17,,144735.0,NAC,NUVEEN CALIFORNIA QUA MUN INC FD,6726.0
67066Y10,13.22,13.18,2022-03-18,,144735.0,NAC,NUVEEN CALIFORNIA QUA MUN INC FD,6726.0
67066Y10,13.09,13.13,2022-03-21,,144735.0,NAC,NUVEEN CALIFORNIA QUA MUN INC FD,6726.0
67066Y10,13.05,13.01,2022-03-22,,144735.0,NAC,NUVEEN CALIFORNIA QUA MUN INC FD,6726.0
67066Y10,13.04,13.04,2022-03-23,,144735.0,NAC,NUVEEN CALIFORNIA QUA MUN INC FD,6726.0
67066Y10,12.99,13.05,2022-03-24,,144735.0,NAC,NUVEEN CALIFORNIA QUA MUN INC FD,6726.0
67066Y10,12.93,13.01,2022-03-25,,144735.0,NAC,NUVEEN CALIFORNIA QUA MUN INC FD,6726.0
67066Y10,12.78,12.99,2022-03-28,,144735.0,NAC,NUVEEN CALIFORNIA QUA MUN INC FD,6726.0
67066Y10,12.92,12.79,2022-03-29,,144735.0,NAC,NUVEEN CALIFORNIA QUA MUN INC FD,6726.0
67066Y10,13.09,12.92,2022-03-30,,144735.0,NAC,NUVEEN CALIFORNIA QUA MUN INC FD,6726.0
67066Y10,13.12,13.17,2022-03-31,,144735.0,NAC,NUVEEN CALIFORNIA QUA MUN INC FD,6726.0
67066Y10,13.13,13.17,2022-04-01,,144735.0,NAC,NUVEEN CALIFORNIA QUA MUN INC FD,6726.0
67066Y10,13.01,13.08,2022-04-04,,144735.0,NAC,NUVEEN CALIFORNIA QUA MUN INC FD,6726.0
67066Y10,12.9,13.05,2022-04-05,,144735.0,NAC,NUVEEN CALIFORNIA QUA MUN INC FD,6726.0
67066Y10,12.8,12.89,2022-04-06,,144735.0,NAC,NUVEEN CALIFORNIA QUA MUN INC FD,6726.0
67066Y10,12.7,12.75,2022-04-07,,144735.0,NAC,NUVEEN CALIFORNIA QUA MUN INC FD,6726.0
67066Y10,12.64,12.68,2022-04-08,,144735.0,NAC,NUVEEN CALIFORNIA QUA MUN INC FD,6726.0
67066Y10,12.53,12.6,2022-04-11,,144735.0,NAC,NUVEEN CALIFORNIA QUA MUN INC FD,6726.0
67066Y10,12.58,12.58,2022-04-12,,144735.0,NAC,NUVEEN CALIFORNIA QUA MUN INC FD,6726.0
67066Y10,12.52,12.52,2022-04-13,,144735.0,NAC,NUVEEN CALIFORNIA QUA MUN INC FD,6726.0
67066Y10,12.48,12.5,2022-04-14,,144735.0,NAC,NUVEEN CALIFORNIA QUA MUN INC FD,6726.0
67066Y10,12.35,12.41,2022-04-18,,144735.0,NAC,NUVEEN CALIFORNIA QUA MUN INC FD,6726.0
67066Y10,12.18,12.3,2022-04-19,,144735.0,NAC,NUVEEN CALIFORNIA QUA MUN INC FD,6726.0
67066Y10,12.32,12.21,2022-04-20,,144735.0,NAC,NUVEEN CALIFORNIA QUA MUN INC FD,6726.0
67066Y10,12.22,12.33,2022-04-21,,144735.0,NAC,NUVEEN CALIFORNIA QUA MUN INC FD,6726.0
67066Y10,12.22,12.27,2022-04-22,,144735.0,NAC,NUVEEN CALIFORNIA QUA MUN INC FD,6726.0
67066Y10,12.18,12.16,2022-04-25,,144735.0,NAC,NUVEEN CALIFORNIA QUA MUN INC FD,6726.0
67066Y10,12.16,12.2,2022-04-26,,144735.0,NAC,NUVEEN CALIFORNIA QUA MUN INC FD,6726.0
67066Y10,12.05,12.15,2022-04-27,,144735.0,NAC,NUVEEN CALIFORNIA QUA MUN INC FD,6726.0
67066Y10,12.16,12.04,2022-04-28,,144735.0,NAC,NUVEEN CALIFORNIA QUA MUN INC FD,6726.0
67066Y10,12.08,12.11,2022-04-29,,144735.0,NAC,NUVEEN CALIFORNIA QUA MUN INC FD,6726.0
67066Y10,12.02,12.08,2022-05-02,,144735.0,NAC,NUVEEN CALIFORNIA QUA MUN INC FD,6726.0
67066Y10,12.05,12.04,2022-05-03,,144735.0,NAC,NUVEEN CALIFORNIA QUA MUN INC FD,6726.0
67066Y10,12.18,12.03,2022-05-04,,144735.0,NAC,NUVEEN CALIFORNIA QUA MUN INC FD,6726.0
67066Y10,12.14,12.11,2022-05-05,,144735.0,NAC,NUVEEN CALIFORNIA QUA MUN INC FD,6726.0
67066Y10,12.15,12.06,2022-05-06,,144735.0,NAC,NUVEEN CALIFORNIA QUA MUN INC FD,6726.0
67066Y10,12.06,12.1,2022-05-09,,144735.0,NAC,NUVEEN CALIFORNIA QUA MUN INC FD,6726.0
67066Y10,12.05,12.08,2022-05-10,,144735.0,NAC,NUVEEN CALIFORNIA QUA MUN INC FD,6726.0
67066Y10,12.02,12.03,2022-05-11,,144735.0,NAC,NUVEEN CALIFORNIA QUA MUN INC FD,6726.0
67066Y10,11.86,11.96,2022-05-12,,144735.0,NAC,NUVEEN CALIFORNIA QUA MUN INC FD,6726.0
67066Y10,11.86,11.87,2022-05-13,,144735.0,NAC,NUVEEN CALIFORNIA QUA MUN INC FD,6726.0
67066Y10,11.75,11.78,2022-05-16,,144735.0,NAC,NUVEEN CALIFORNIA QUA MUN INC FD,6726.0
67066Y10,11.7,11.74,2022-05-17,,144735.0,NAC,NUVEEN CALIFORNIA QUA MUN INC FD,6726.0
67066Y10,11.39,11.65,2022-05-18,,144735.0,NAC,NUVEEN CALIFORNIA QUA MUN INC FD,6726.0
67066Y10,11.43,11.4,2022-05-19,,144735.0,NAC,NUVEEN CALIFORNIA QUA MUN INC FD,6726.0
67066Y10,11.64,11.45,2022-05-20,,144735.0,NAC,NUVEEN CALIFORNIA QUA MUN INC FD,6726.0
67066Y10,11.65,11.66,2022-05-23,,144735.0,NAC,NUVEEN CALIFORNIA QUA MUN INC FD,6726.0
67066Y10,11.84,11.67,2022-05-24,,144735.0,NAC,NUVEEN CALIFORNIA QUA MUN INC FD,6726.0
67066Y10,12.13,11.89,2022-05-25,,144735.0,NAC,NUVEEN CALIFORNIA QUA MUN INC FD,6726.0
67066Y10,12.43,12.12,2022-05-26,,144735.0,NAC,NUVEEN CALIFORNIA QUA MUN INC FD,6726.0
67066Y10,12.66,12.5,2022-05-27,,144735.0,NAC,NUVEEN CALIFORNIA QUA MUN INC FD,6726.0
67066Y10,12.6,12.68,2022-05-31,,144735.0,NAC,NUVEEN CALIFORNIA QUA MUN INC FD,6726.0
67066Y10,12.61,12.61,2022-06-01,,144735.0,NAC,NUVEEN CALIFORNIA QUA MUN INC FD,6726.0
67066Y10,12.75,12.64,2022-06-02,,144735.0,NAC,NUVEEN CALIFORNIA QUA MUN INC FD,6726.0
67066Y10,12.65,12.67,2022-06-03,,144735.0,NAC,NUVEEN CALIFORNIA QUA MUN INC FD,6726.0
67066Y10,12.77,12.9,2022-06-06,,144735.0,NAC,NUVEEN CALIFORNIA QUA MUN INC FD,6726.0
67066Y10,12.78,12.8,2022-06-07,,144735.0,NAC,NUVEEN CALIFORNIA QUA MUN INC FD,6726.0
67066Y10,12.64,12.78,2022-06-08,,144735.0,NAC,NUVEEN CALIFORNIA QUA MUN INC FD,6726.0
67066Y10,12.35,12.63,2022-06-09,,144735.0,NAC,NUVEEN CALIFORNIA QUA MUN INC FD,6726.0
67066Y10,12.35,12.33,2022-06-10,,144735.0,NAC,NUVEEN CALIFORNIA QUA MUN INC FD,6726.0
67066Y10,12.03,12.28,2022-06-13,,144735.0,NAC,NUVEEN CALIFORNIA QUA MUN INC FD,6726.0
67066Y10,11.71,12.0,2022-06-14,,144735.0,NAC,NUVEEN CALIFORNIA QUA MUN INC FD,6726.0
67066Y10,11.56,11.75,2022-06-15,,144735.0,NAC,NUVEEN CALIFORNIA QUA MUN INC FD,6726.0
67066Y10,11.38,11.47,2022-06-16,,144735.0,NAC,NUVEEN CALIFORNIA QUA MUN INC FD,6726.0
67066Y10,11.41,11.38,2022-06-17,,144735.0,NAC,NUVEEN CALIFORNIA QUA MUN INC FD,6726.0
67066Y10,11.27,11.38,2022-06-21,,144735.0,NAC,NUVEEN CALIFORNIA QUA MUN INC FD,6726.0
67066Y10,11.37,11.3,2022-06-22,,144735.0,NAC,NUVEEN CALIFORNIA QUA MUN INC FD,6726.0
67066Y10,11.48,11.47,2022-06-23,,144735.0,NAC,NUVEEN CALIFORNIA QUA MUN INC FD,6726.0
67066Y10,11.73,11.55,2022-06-24,,144735.0,NAC,NUVEEN CALIFORNIA QUA MUN INC FD,6726.0
67066Y10,11.77,11.75,2022-06-27,,144735.0,NAC,NUVEEN CALIFORNIA QUA MUN INC FD,6726.0
67066Y10,11.92,11.8,2022-06-28,,144735.0,NAC,NUVEEN CALIFORNIA QUA MUN INC FD,6726.0
67066Y10,12.14,11.95,2022-06-29,,144735.0,NAC,NUVEEN CALIFORNIA QUA MUN INC FD,6726.0
67066Y10,12.33,12.17,2022-06-30,,144735.0,NAC,NUVEEN CALIFORNIA QUA MUN INC FD,6726.0
67066Y10,12.41,12.48,2022-07-01,,144735.0,NAC,NUVEEN CALIFORNIA QUA MUN INC FD,6726.0
67066Y10,12.32,12.44,2022-07-05,,144735.0,NAC,NUVEEN CALIFORNIA QUA MUN INC FD,6726.0
67066Y10,12.31,12.31,2022-07-06,,144735.0,NAC,NUVEEN CALIFORNIA QUA MUN INC FD,6726.0
67066Y10,12.31,12.28,2022-07-07,,144735.0,NAC,NUVEEN CALIFORNIA QUA MUN INC FD,6726.0
67066Y10,12.25,12.37,2022-07-08,,144735.0,NAC,NUVEEN CALIFORNIA QUA MUN INC FD,6726.0
67066Y10,12.3,12.27,2022-07-11,,144735.0,NAC,NUVEEN CALIFORNIA QUA MUN INC FD,6726.0
67066Y10,12.32,12.32,2022-07-12,,144735.0,NAC,NUVEEN CALIFORNIA QUA MUN INC FD,6726.0
67066Y10,12.3,12.27,2022-07-13,,144735.0,NAC,NUVEEN CALIFORNIA QUA MUN INC FD,6726.0
67066Y10,12.2,12.24,2022-07-14,,144735.0,NAC,NUVEEN CALIFORNIA QUA MUN INC FD,6726.0
67066Y10,12.23,12.21,2022-07-15,,144735.0,NAC,NUVEEN CALIFORNIA QUA MUN INC FD,6726.0
67066Y10,12.15,12.23,2022-07-18,,144735.0,NAC,NUVEEN CALIFORNIA QUA MUN INC FD,6726.0
67066Y10,12.12,12.17,2022-07-19,,144735.0,NAC,NUVEEN CALIFORNIA QUA MUN INC FD,6726.0
67066Y10,12.17,12.17,2022-07-20,,144735.0,NAC,NUVEEN CALIFORNIA QUA MUN INC FD,6726.0
67066Y10,12.24,12.17,2022-07-21,,144735.0,NAC,NUVEEN CALIFORNIA QUA MUN INC FD,6726.0
67066Y10,12.19,12.25,2022-07-22,,144735.0,NAC,NUVEEN CALIFORNIA QUA MUN INC FD,6726.0
67066Y10,12.22,12.18,2022-07-25,,144735.0,NAC,NUVEEN CALIFORNIA QUA MUN INC FD,6726.0
67066Y10,12.3,12.23,2022-07-26,,144735.0,NAC,NUVEEN CALIFORNIA QUA MUN INC FD,6726.0
67066Y10,12.31,12.29,2022-07-27,,144735.0,NAC,NUVEEN CALIFORNIA QUA MUN INC FD,6726.0
67066Y10,12.55,12.35,2022-07-28,,144735.0,NAC,NUVEEN CALIFORNIA QUA MUN INC FD,6726.0
67066Y10,12.63,12.64,2022-07-29,,144735.0,NAC,NUVEEN CALIFORNIA QUA MUN INC FD,6726.0
67066Y10,12.66,12.65,2022-08-01,,144735.0,NAC,NUVEEN CALIFORNIA QUA MUN INC FD,6726.0
67066Y10,12.69,12.68,2022-08-02,,144735.0,NAC,NUVEEN CALIFORNIA QUA MUN INC FD,6726.0
67066Y10,12.77,12.74,2022-08-03,,144735.0,NAC,NUVEEN CALIFORNIA QUA MUN INC FD,6726.0
67066Y10,12.82,12.82,2022-08-04,,144735.0,NAC,NUVEEN CALIFORNIA QUA MUN INC FD,6726.0
67066Y10,12.72,12.73,2022-08-05,,144735.0,NAC,NUVEEN CALIFORNIA QUA MUN INC FD,6726.0
67066Y10,12.85,12.79,2022-08-08,,144735.0,NAC,NUVEEN CALIFORNIA QUA MUN INC FD,6726.0
67066Y10,12.85,12.85,2022-08-09,,144735.0,NAC,NUVEEN CALIFORNIA QUA MUN INC FD,6726.0
67066Y10,12.95,12.95,2022-08-10,,144735.0,NAC,NUVEEN CALIFORNIA QUA MUN INC FD,6726.0
67066Y10,12.98,12.96,2022-08-11,,144735.0,NAC,NUVEEN CALIFORNIA QUA MUN INC FD,6726.0
67066Y10,12.83,12.98,2022-08-12,,144735.0,NAC,NUVEEN CALIFORNIA QUA MUN INC FD,6726.0
67066Y10,12.79,12.92,2022-08-15,,144735.0,NAC,NUVEEN CALIFORNIA QUA MUN INC FD,6726.0
67066Y10,12.68,12.78,2022-08-16,,144735.0,NAC,NUVEEN CALIFORNIA QUA MUN INC FD,6726.0
67066Y10,12.57,12.75,2022-08-17,,144735.0,NAC,NUVEEN CALIFORNIA QUA MUN INC FD,6726.0
67066Y10,12.53,12.6,2022-08-18,,144735.0,NAC,NUVEEN CALIFORNIA QUA MUN INC FD,6726.0
67066Y10,12.37,12.45,2022-08-19,,144735.0,NAC,NUVEEN CALIFORNIA QUA MUN INC FD,6726.0
67066Y10,12.26,12.33,2022-08-22,,144735.0,NAC,NUVEEN CALIFORNIA QUA MUN INC FD,6726.0
67066Y10,12.39,12.24,2022-08-23,,144735.0,NAC,NUVEEN CALIFORNIA QUA MUN INC FD,6726.0
67066Y10,12.33,12.34,2022-08-24,,144735.0,NAC,NUVEEN CALIFORNIA QUA MUN INC FD,6726.0
67066Y10,12.33,12.39,2022-08-25,,144735.0,NAC,NUVEEN CALIFORNIA QUA MUN INC FD,6726.0
67066Y10,12.29,12.39,2022-08-26,,144735.0,NAC,NUVEEN CALIFORNIA QUA MUN INC FD,6726.0
67066Y10,12.16,12.24,2022-08-29,,144735.0,NAC,NUVEEN CALIFORNIA QUA MUN INC FD,6726.0
67066Y10,12.14,12.2,2022-08-30,,144735.0,NAC,NUVEEN CALIFORNIA QUA MUN INC FD,6726.0
67066Y10,12.14,12.17,2022-08-31,,144735.0,NAC,NUVEEN CALIFORNIA QUA MUN INC FD,6726.0
67066Y10,11.97,12.05,2022-09-01,,144735.0,NAC,NUVEEN CALIFORNIA QUA MUN INC FD,6726.0
67066Y10,12.15,11.98,2022-09-02,,144735.0,NAC,NUVEEN CALIFORNIA QUA MUN INC FD,6726.0
67066Y10,12.02,12.11,2022-09-06,,144735.0,NAC,NUVEEN CALIFORNIA QUA MUN INC FD,6726.0
67066Y10,12.06,12.02,2022-09-07,,144735.0,NAC,NUVEEN CALIFORNIA QUA MUN INC FD,6726.0
67066Y10,11.9,12.04,2022-09-08,,144735.0,NAC,NUVEEN CALIFORNIA QUA MUN INC FD,6726.0
67066Y10,11.86,11.97,2022-09-09,,144735.0,NAC,NUVEEN CALIFORNIA QUA MUN INC FD,6726.0
67066Y10,11.81,11.91,2022-09-12,,144735.0,NAC,NUVEEN CALIFORNIA QUA MUN INC FD,6726.0
67066Y10,11.93,11.7,2022-09-13,,144735.0,NAC,NUVEEN CALIFORNIA QUA MUN INC FD,6726.0
67066Y10,11.92,11.87,2022-09-14,,144735.0,NAC,NUVEEN CALIFORNIA QUA MUN INC FD,6726.0
67066Y10,11.74,11.94,2022-09-15,,144735.0,NAC,NUVEEN CALIFORNIA QUA MUN INC FD,6726.0
67066Y10,11.61,11.62,2022-09-16,,144735.0,NAC,NUVEEN CALIFORNIA QUA MUN INC FD,6726.0
67066Y10,11.54,11.61,2022-09-19,,144735.0,NAC,NUVEEN CALIFORNIA QUA MUN INC FD,6726.0
67066Y10,11.5,11.43,2022-09-20,,144735.0,NAC,NUVEEN CALIFORNIA QUA MUN INC FD,6726.0
67066Y10,11.57,11.52,2022-09-21,,144735.0,NAC,NUVEEN CALIFORNIA QUA MUN INC FD,6726.0
67066Y10,11.36,11.51,2022-09-22,,144735.0,NAC,NUVEEN CALIFORNIA QUA MUN INC FD,6726.0
67066Y10,11.19,11.3,2022-09-23,,144735.0,NAC,NUVEEN CALIFORNIA QUA MUN INC FD,6726.0
67066Y10,10.92,11.13,2022-09-26,,144735.0,NAC,NUVEEN CALIFORNIA QUA MUN INC FD,6726.0
67066Y10,10.9,10.92,2022-09-27,,144735.0,NAC,NUVEEN CALIFORNIA QUA MUN INC FD,6726.0
67066Y10,10.96,10.95,2022-09-28,,144735.0,NAC,NUVEEN CALIFORNIA QUA MUN INC FD,6726.0
67066Y10,10.95,10.97,2022-09-29,,144735.0,NAC,NUVEEN CALIFORNIA QUA MUN INC FD,6726.0
67066Y10,10.97,10.99,2022-09-30,,144735.0,NAC,NUVEEN CALIFORNIA QUA MUN INC FD,6726.0
67066Y10,11.26,11.15,2022-10-03,,144735.0,NAC,NUVEEN CALIFORNIA QUA MUN INC FD,6726.0
67066Y10,11.38,11.25,2022-10-04,,144735.0,NAC,NUVEEN CALIFORNIA QUA MUN INC FD,6726.0
67066Y10,11.17,11.33,2022-10-05,,144735.0,NAC,NUVEEN CALIFORNIA QUA MUN INC FD,6726.0
67066Y10,10.94,11.15,2022-10-06,,144735.0,NAC,NUVEEN CALIFORNIA QUA MUN INC FD,6726.0
67066Y10,10.98,10.86,2022-10-07,,144735.0,NAC,NUVEEN CALIFORNIA QUA MUN INC FD,6726.0
67066Y10,10.91,11.03,2022-10-10,,144735.0,NAC,NUVEEN CALIFORNIA QUA MUN INC FD,6726.0
67066Y10,10.9,10.96,2022-10-11,,144735.0,NAC,NUVEEN CALIFORNIA QUA MUN INC FD,6726.0
67066Y10,10.84,10.95,2022-10-12,,144735.0,NAC,NUVEEN CALIFORNIA QUA MUN INC FD,6726.0
67066Y10,10.84,10.74,2022-10-13,,144735.0,NAC,NUVEEN CALIFORNIA QUA MUN INC FD,6726.0
67066Y10,10.67,10.95,2022-10-14,,144735.0,NAC,NUVEEN CALIFORNIA QUA MUN INC FD,6726.0
67066Y10,10.68,10.77,2022-10-17,,144735.0,NAC,NUVEEN CALIFORNIA QUA MUN INC FD,6726.0
67066Y10,10.67,10.61,2022-10-18,,144735.0,NAC,NUVEEN CALIFORNIA QUA MUN INC FD,6726.0
67066Y10,10.53,10.65,2022-10-19,,144735.0,NAC,NUVEEN CALIFORNIA QUA MUN INC FD,6726.0
67066Y10,10.5,10.49,2022-10-20,,144735.0,NAC,NUVEEN CALIFORNIA QUA MUN INC FD,6726.0
67066Y10,10.33,10.46,2022-10-21,,144735.0,NAC,NUVEEN CALIFORNIA QUA MUN INC FD,6726.0
67066Y10,10.16,10.31,2022-10-24,,144735.0,NAC,NUVEEN CALIFORNIA QUA MUN INC FD,6726.0
67066Y10,10.35,10.2,2022-10-25,,144735.0,NAC,NUVEEN CALIFORNIA QUA MUN INC FD,6726.0
67066Y10,10.33,10.39,2022-10-26,,144735.0,NAC,NUVEEN CALIFORNIA QUA MUN INC FD,6726.0
67066Y10,10.2,10.25,2022-10-27,,144735.0,NAC,NUVEEN CALIFORNIA QUA MUN INC FD,6726.0
67066Y10,10.24,10.22,2022-10-28,,144735.0,NAC,NUVEEN CALIFORNIA QUA MUN INC FD,6726.0
67066Y10,10.23,10.26,2022-10-31,,144735.0,NAC,NUVEEN CALIFORNIA QUA MUN INC FD,6726.0
67066Y10,10.34,10.28,2022-11-01,,144735.0,NAC,NUVEEN CALIFORNIA QUA MUN INC FD,6726.0
67066Y10,10.32,10.3,2022-11-02,,144735.0,NAC,NUVEEN CALIFORNIA QUA MUN INC FD,6726.0
67066Y10,10.18,10.22,2022-11-03,,144735.0,NAC,NUVEEN CALIFORNIA QUA MUN INC FD,6726.0
67066Y10,10.29,10.28,2022-11-04,,144735.0,NAC,NUVEEN CALIFORNIA QUA MUN INC FD,6726.0
67066Y10,10.33,10.29,2022-11-07,,144735.0,NAC,NUVEEN CALIFORNIA QUA MUN INC FD,6726.0
67066Y10,10.36,10.38,2022-11-08,,144735.0,NAC,NUVEEN CALIFORNIA QUA MUN INC FD,6726.0
67066Y10,10.33,10.31,2022-11-09,,144735.0,NAC,NUVEEN CALIFORNIA QUA MUN INC FD,6726.0
67066Y10,10.77,10.48,2022-11-10,,144735.0,NAC,NUVEEN CALIFORNIA QUA MUN INC FD,6726.0
67066Y10,10.94,10.87,2022-11-11,,144735.0,NAC,NUVEEN CALIFORNIA QUA MUN INC FD,6726.0
67066Y10,10.74,10.91,2022-11-14,,144735.0,NAC,NUVEEN CALIFORNIA QUA MUN INC FD,6726.0
67066Y10,10.84,10.79,2022-11-15,,144735.0,NAC,NUVEEN CALIFORNIA QUA MUN INC FD,6726.0
67066Y10,10.95,10.85,2022-11-16,,144735.0,NAC,NUVEEN CALIFORNIA QUA MUN INC FD,6726.0
67066Y10,10.91,10.85,2022-11-17,,144735.0,NAC,NUVEEN CALIFORNIA QUA MUN INC FD,6726.0
67066Y10,11.01,10.95,2022-11-18,,144735.0,NAC,NUVEEN CALIFORNIA QUA MUN INC FD,6726.0
67066Y10,11.05,11.0,2022-11-21,,144735.0,NAC,NUVEEN CALIFORNIA QUA MUN INC FD,6726.0
67066Y10,11.13,11.11,2022-11-22,,144735.0,NAC,NUVEEN CALIFORNIA QUA MUN INC FD,6726.0
67066Y10,11.17,11.16,2022-11-23,,144735.0,NAC,NUVEEN CALIFORNIA QUA MUN INC FD,6726.0
67066Y10,11.17,11.17,2022-11-25,,144735.0,NAC,NUVEEN CALIFORNIA QUA MUN INC FD,6726.0
67066Y10,11.16,11.15,2022-11-28,,144735.0,NAC,NUVEEN CALIFORNIA QUA MUN INC FD,6726.0
67066Y10,11.19,11.16,2022-11-29,,144735.0,NAC,NUVEEN CALIFORNIA QUA MUN INC FD,6726.0
67066Y10,11.27,11.16,2022-11-30,,144735.0,NAC,NUVEEN CALIFORNIA QUA MUN INC FD,6726.0
67066Y10,11.21,11.33,2022-12-01,,144735.0,NAC,NUVEEN CALIFORNIA QUA MUN INC FD,6726.0
67066Y10,11.17,11.15,2022-12-02,,144735.0,NAC,NUVEEN CALIFORNIA QUA MUN INC FD,6726.0
67066Y10,11.16,11.15,2022-12-05,,144735.0,NAC,NUVEEN CALIFORNIA QUA MUN INC FD,6726.0
67066Y10,11.19,11.24,2022-12-06,,144735.0,NAC,NUVEEN CALIFORNIA QUA MUN INC FD,6726.0
67066Y10,11.28,11.22,2022-12-07,,144735.0,NAC,NUVEEN CALIFORNIA QUA MUN INC FD,6726.0
67066Y10,11.14,11.25,2022-12-08,,144735.0,NAC,NUVEEN CALIFORNIA QUA MUN INC FD,6726.0
67066Y10,11.13,11.14,2022-12-09,,144735.0,NAC,NUVEEN CALIFORNIA QUA MUN INC FD,6726.0
67066Y10,11.09,11.2,2022-12-12,,144735.0,NAC,NUVEEN CALIFORNIA QUA MUN INC FD,6726.0
67066Y10,11.18,11.23,2022-12-13,,144735.0,NAC,NUVEEN CALIFORNIA QUA MUN INC FD,6726.0
67066Y10,11.24,11.18,2022-12-14,,144735.0,NAC,NUVEEN CALIFORNIA QUA MUN INC FD,6726.0
67066Y10,11.15,11.14,2022-12-15,,144735.0,NAC,NUVEEN CALIFORNIA QUA MUN INC FD,6726.0
67066Y10,11.0,11.05,2022-12-16,,144735.0,NAC,NUVEEN CALIFORNIA QUA MUN INC FD,6726.0
67066Y10,10.94,10.96,2022-12-19,,144735.0,NAC,NUVEEN CALIFORNIA QUA MUN INC FD,6726.0
67066Y10,10.95,10.9,2022-12-20,,144735.0,NAC,NUVEEN CALIFORNIA QUA MUN INC FD,6726.0
67066Y10,10.97,10.95,2022-12-21,,144735.0,NAC,NUVEEN CALIFORNIA QUA MUN INC FD,6726.0
67066Y10,10.97,10.95,2022-12-22,,144735.0,NAC,NUVEEN CALIFORNIA QUA MUN INC FD,6726.0
67066Y10,10.91,10.92,2022-12-23,,144735.0,NAC,NUVEEN CALIFORNIA QUA MUN INC FD,6726.0
67066Y10,10.86,10.85,2022-12-27,,144735.0,NAC,NUVEEN CALIFORNIA QUA MUN INC FD,6726.0
67066Y10,10.9,10.84,2022-12-28,,144735.0,NAC,NUVEEN CALIFORNIA QUA MUN INC FD,6726.0
67066Y10,11.04,10.9,2022-12-29,,144735.0,NAC,NUVEEN CALIFORNIA QUA MUN INC FD,6726.0
67066Y10,11.07,11.0,2022-12-30,,144735.0,NAC,NUVEEN CALIFORNIA QUA MUN INC FD,6726.0
67066Y10,11.15,11.17,2023-01-03,,144735.0,NAC,NUVEEN CALIFORNIA QUA MUN INC FD,6726.0
67066Y10,11.23,11.13,2023-01-04,,144735.0,NAC,NUVEEN CALIFORNIA QUA MUN INC FD,6726.0
67066Y10,11.08,11.2,2023-01-05,,144735.0,NAC,NUVEEN CALIFORNIA QUA MUN INC FD,6726.0
67066Y10,11.27,11.19,2023-01-06,,144735.0,NAC,NUVEEN CALIFORNIA QUA MUN INC FD,6726.0
67066Y10,11.29,11.27,2023-01-09,,144735.0,NAC,NUVEEN CALIFORNIA QUA MUN INC FD,6726.0
67066Y10,11.21,11.3,2023-01-10,,144735.0,NAC,NUVEEN CALIFORNIA QUA MUN INC FD,6726.0
67066Y10,11.23,11.27,2023-01-11,,144735.0,NAC,NUVEEN CALIFORNIA QUA MUN INC FD,6726.0
67066Y10,11.3,11.24,2023-01-12,,144735.0,NAC,NUVEEN CALIFORNIA QUA MUN INC FD,6726.0
67066Y10,11.3,11.32,2023-01-13,,144735.0,NAC,NUVEEN CALIFORNIA QUA MUN INC FD,6726.0
67066Y10,11.24,11.29,2023-01-17,,144735.0,NAC,NUVEEN CALIFORNIA QUA MUN INC FD,6726.0
67066Y10,11.4,11.31,2023-01-18,,144735.0,NAC,NUVEEN CALIFORNIA QUA MUN INC FD,6726.0
67066Y10,11.5,11.42,2023-01-19,,144735.0,NAC,NUVEEN CALIFORNIA QUA MUN INC FD,6726.0
67066Y10,11.51,11.47,2023-01-20,,144735.0,NAC,NUVEEN CALIFORNIA QUA MUN INC FD,6726.0
67066Y10,11.46,11.45,2023-01-23,,144735.0,NAC,NUVEEN CALIFORNIA QUA MUN INC FD,6726.0
67066Y10,11.475,11.49,2023-01-24,,144735.0,NAC,NUVEEN CALIFORNIA QUA MUN INC FD,6726.0
67066Y10,11.42,11.42,2023-01-25,,144735.0,NAC,NUVEEN CALIFORNIA QUA MUN INC FD,6726.0
67066Y10,11.42,11.46,2023-01-26,,144735.0,NAC,NUVEEN CALIFORNIA QUA MUN INC FD,6726.0
67066Y10,11.44,11.44,2023-01-27,,144735.0,NAC,NUVEEN CALIFORNIA QUA MUN INC FD,6726.0
67066Y10,11.42,11.45,2023-01-30,,144735.0,NAC,NUVEEN CALIFORNIA QUA MUN INC FD,6726.0
67066Y10,11.5,11.48,2023-01-31,,144735.0,NAC,NUVEEN CALIFORNIA QUA MUN INC FD,6726.0
67066Y10,11.73,11.58,2023-02-01,,144735.0,NAC,NUVEEN CALIFORNIA QUA MUN INC FD,6726.0
67066Y10,11.61,11.82,2023-02-02,,144735.0,NAC,NUVEEN CALIFORNIA QUA MUN INC FD,6726.0
67066Y10,11.41,11.41,2023-02-03,,144735.0,NAC,NUVEEN CALIFORNIA QUA MUN INC FD,6726.0
67066Y10,11.39,11.23,2023-02-06,,144735.0,NAC,NUVEEN CALIFORNIA QUA MUN INC FD,6726.0
67066Y10,11.41,11.39,2023-02-07,,144735.0,NAC,NUVEEN CALIFORNIA QUA MUN INC FD,6726.0
67066Y10,11.45,11.44,2023-02-08,,144735.0,NAC,NUVEEN CALIFORNIA QUA MUN INC FD,6726.0
67066Y10,11.39,11.47,2023-02-09,,144735.0,NAC,NUVEEN CALIFORNIA QUA MUN INC FD,6726.0
67066Y10,11.35,11.34,2023-02-10,,144735.0,NAC,NUVEEN CALIFORNIA QUA MUN INC FD,6726.0
67066Y10,11.37,11.4,2023-02-13,,144735.0,NAC,NUVEEN CALIFORNIA QUA MUN INC FD,6726.0
67066Y10,11.27,11.32,2023-02-14,,144735.0,NAC,NUVEEN CALIFORNIA QUA MUN INC FD,6726.0
67066Y10,11.23,11.28,2023-02-15,,144735.0,NAC,NUVEEN CALIFORNIA QUA MUN INC FD,6726.0
67066Y10,11.1,11.16,2023-02-16,,144735.0,NAC,NUVEEN CALIFORNIA QUA MUN INC FD,6726.0
67066Y10,11.11,11.01,2023-02-17,,144735.0,NAC,NUVEEN CALIFORNIA QUA MUN INC FD,6726.0
67066Y10,10.86,11.01,2023-02-21,,144735.0,NAC,NUVEEN CALIFORNIA QUA MUN INC FD,6726.0
67066Y10,10.88,10.87,2023-02-22,,144735.0,NAC,NUVEEN CALIFORNIA QUA MUN INC FD,6726.0
67066Y10,10.88,10.91,2023-02-23,,144735.0,NAC,NUVEEN CALIFORNIA QUA MUN INC FD,6726.0
67066Y10,10.83,10.84,2023-02-24,,144735.0,NAC,NUVEEN CALIFORNIA QUA MUN INC FD,6726.0
67066Y10,10.89,10.87,2023-02-27,,144735.0,NAC,NUVEEN CALIFORNIA QUA MUN INC FD,6726.0
67066Y10,10.87,10.87,2023-02-28,,144735.0,NAC,NUVEEN CALIFORNIA QUA MUN INC FD,6726.0
67066Y10,10.87,10.91,2023-03-01,,144735.0,NAC,NUVEEN CALIFORNIA QUA MUN INC FD,6726.0
67066Y10,10.8,10.84,2023-03-02,,144735.0,NAC,NUVEEN CALIFORNIA QUA MUN INC FD,6726.0
67066Y10,10.78,10.86,2023-03-03,,144735.0,NAC,NUVEEN CALIFORNIA QUA MUN INC FD,6726.0
67066Y10,10.73,10.79,2023-03-06,,144735.0,NAC,NUVEEN CALIFORNIA QUA MUN INC FD,6726.0
67066Y10,10.74,10.73,2023-03-07,,144735.0,NAC,NUVEEN CALIFORNIA QUA MUN INC FD,6726.0
67066Y10,10.74,10.74,2023-03-08,,144735.0,NAC,NUVEEN CALIFORNIA QUA MUN INC FD,6726.0
67066Y10,10.76,10.82,2023-03-09,,144735.0,NAC,NUVEEN CALIFORNIA QUA MUN INC FD,6726.0
67066Y10,10.83,10.81,2023-03-10,,144735.0,NAC,NUVEEN CALIFORNIA QUA MUN INC FD,6726.0
67066Y10,10.86,10.8,2023-03-13,,144735.0,NAC,NUVEEN CALIFORNIA QUA MUN INC FD,6726.0
67066Y10,10.83,10.85,2023-03-14,,144735.0,NAC,NUVEEN CALIFORNIA QUA MUN INC FD,6726.0
67066Y10,10.89,10.85,2023-03-15,,144735.0,NAC,NUVEEN CALIFORNIA QUA MUN INC FD,6726.0
67066Y10,10.9,10.92,2023-03-16,,144735.0,NAC,NUVEEN CALIFORNIA QUA MUN INC FD,6726.0
67066Y10,10.89,10.91,2023-03-17,,144735.0,NAC,NUVEEN CALIFORNIA QUA MUN INC FD,6726.0
67066Y10,10.83,10.88,2023-03-20,,144735.0,NAC,NUVEEN CALIFORNIA QUA MUN INC FD,6726.0
67066Y10,10.78,10.77,2023-03-21,,144735.0,NAC,NUVEEN CALIFORNIA QUA MUN INC FD,6726.0
67066Y10,10.83,10.77,2023-03-22,,144735.0,NAC,NUVEEN CALIFORNIA QUA MUN INC FD,6726.0
67066Y10,10.86,10.88,2023-03-23,,144735.0,NAC,NUVEEN CALIFORNIA QUA MUN INC FD,6726.0
67066Y10,10.86,10.9,2023-03-24,,144735.0,NAC,NUVEEN CALIFORNIA QUA MUN INC FD,6726.0
67066Y10,10.83,10.83,2023-03-27,,144735.0,NAC,NUVEEN CALIFORNIA QUA MUN INC FD,6726.0
67066Y10,10.87,10.82,2023-03-28,,144735.0,NAC,NUVEEN CALIFORNIA QUA MUN INC FD,6726.0
67066Y10,10.88,10.85,2023-03-29,,144735.0,NAC,NUVEEN CALIFORNIA QUA MUN INC FD,6726.0
67066Y10,10.92,10.95,2023-03-30,,144735.0,NAC,NUVEEN CALIFORNIA QUA MUN INC FD,6726.0
67066Y10,11.01,10.96,2023-03-31,,144735.0,NAC,NUVEEN CALIFORNIA QUA MUN INC FD,6726.0
67066Y10,11.0,11.08,2023-04-03,,144735.0,NAC,NUVEEN CALIFORNIA QUA MUN INC FD,6726.0
67066Y10,10.97,10.99,2023-04-04,,144735.0,NAC,NUVEEN CALIFORNIA QUA MUN INC FD,6726.0
67066Y10,11.05,10.97,2023-04-05,,144735.0,NAC,NUVEEN CALIFORNIA QUA MUN INC FD,6726.0
67066Y10,11.0,11.05,2023-04-06,,144735.0,NAC,NUVEEN CALIFORNIA QUA MUN INC FD,6726.0
67066Y10,10.95,11.0,2023-04-10,,144735.0,NAC,NUVEEN CALIFORNIA QUA MUN INC FD,6726.0
67066Y10,11.06,10.99,2023-04-11,,144735.0,NAC,NUVEEN CALIFORNIA QUA MUN INC FD,6726.0
67066Y10,11.15,11.14,2023-04-12,,144735.0,NAC,NUVEEN CALIFORNIA QUA MUN INC FD,6726.0
67066Y10,11.2,11.15,2023-04-13,,144735.0,NAC,NUVEEN CALIFORNIA QUA MUN INC FD,6726.0
67066Y10,11.09,11.15,2023-04-14,,144735.0,NAC,NUVEEN CALIFORNIA QUA MUN INC FD,6726.0
67066Y10,10.97,11.06,2023-04-17,,144735.0,NAC,NUVEEN CALIFORNIA QUA MUN INC FD,6726.0
67066Y10,10.82,10.86,2023-04-18,,144735.0,NAC,NUVEEN CALIFORNIA QUA MUN INC FD,6726.0
67066Y10,10.79,10.8,2023-04-19,,144735.0,NAC,NUVEEN CALIFORNIA QUA MUN INC FD,6726.0
67066Y10,10.77,10.77,2023-04-20,,144735.0,NAC,NUVEEN CALIFORNIA QUA MUN INC FD,6726.0
67066Y10,10.79,10.82,2023-04-21,,144735.0,NAC,NUVEEN CALIFORNIA QUA MUN INC FD,6726.0
67066Y10,10.82,10.81,2023-04-24,,144735.0,NAC,NUVEEN CALIFORNIA QUA MUN INC FD,6726.0
67066Y10,10.82,10.82,2023-04-25,,144735.0,NAC,NUVEEN CALIFORNIA QUA MUN INC FD,6726.0
67066Y10,10.82,10.81,2023-04-26,,144735.0,NAC,NUVEEN CALIFORNIA QUA MUN INC FD,6726.0
67066Y10,10.87,10.87,2023-04-27,,144735.0,NAC,NUVEEN CALIFORNIA QUA MUN INC FD,6726.0
67066Y10,10.91,10.89,2023-04-28,,144735.0,NAC,NUVEEN CALIFORNIA QUA MUN INC FD,6726.0
67066Y10,10.81,10.86,2023-05-01,,144735.0,NAC,NUVEEN CALIFORNIA QUA MUN INC FD,6726.0
67066Y10,10.84,10.84,2023-05-02,,144735.0,NAC,NUVEEN CALIFORNIA QUA MUN INC FD,6726.0
67066Y10,10.88,10.86,2023-05-03,,144735.0,NAC,NUVEEN CALIFORNIA QUA MUN INC FD,6726.0
67066Y10,10.88,10.89,2023-05-04,,144735.0,NAC,NUVEEN CALIFORNIA QUA MUN INC FD,6726.0
67066Y10,10.9,10.94,2023-05-05,,144735.0,NAC,NUVEEN CALIFORNIA QUA MUN INC FD,6726.0
67066Y10,10.82,10.91,2023-05-08,,144735.0,NAC,NUVEEN CALIFORNIA QUA MUN INC FD,6726.0
67066Y10,10.85,10.84,2023-05-09,,144735.0,NAC,NUVEEN CALIFORNIA QUA MUN INC FD,6726.0
67066Y10,10.83,10.86,2023-05-10,,144735.0,NAC,NUVEEN CALIFORNIA QUA MUN INC FD,6726.0
67066Y10,10.83,10.85,2023-05-11,,144735.0,NAC,NUVEEN CALIFORNIA QUA MUN INC FD,6726.0
67066Y10,10.75,10.78,2023-05-12,,144735.0,NAC,NUVEEN CALIFORNIA QUA MUN INC FD,6726.0
67066Y10,10.73,10.73,2023-05-15,,144735.0,NAC,NUVEEN CALIFORNIA QUA MUN INC FD,6726.0
67066Y10,10.73,10.74,2023-05-16,,144735.0,NAC,NUVEEN CALIFORNIA QUA MUN INC FD,6726.0
67066Y10,10.7,10.75,2023-05-17,,144735.0,NAC,NUVEEN CALIFORNIA QUA MUN INC FD,6726.0
67066Y10,10.63,10.72,2023-05-18,,144735.0,NAC,NUVEEN CALIFORNIA QUA MUN INC FD,6726.0
67066Y10,10.58,10.62,2023-05-19,,144735.0,NAC,NUVEEN CALIFORNIA QUA MUN INC FD,6726.0
67066Y10,10.58,10.56,2023-05-22,,144735.0,NAC,NUVEEN CALIFORNIA QUA MUN INC FD,6726.0
67066Y10,10.52,10.55,2023-05-23,,144735.0,NAC,NUVEEN CALIFORNIA QUA MUN INC FD,6726.0
67066Y10,10.48,10.52,2023-05-24,,144735.0,NAC,NUVEEN CALIFORNIA QUA MUN INC FD,6726.0
67066Y10,10.42,10.49,2023-05-25,,144735.0,NAC,NUVEEN CALIFORNIA QUA MUN INC FD,6726.0
67066Y10,10.47,10.39,2023-05-26,,144735.0,NAC,NUVEEN CALIFORNIA QUA MUN INC FD,6726.0
67066Y10,10.53,10.53,2023-05-30,,144735.0,NAC,NUVEEN CALIFORNIA QUA MUN INC FD,6726.0
67066Y10,10.6,10.57,2023-05-31,,144735.0,NAC,NUVEEN CALIFORNIA QUA MUN INC FD,6726.0
67066Y10,10.64,10.64,2023-06-01,,144735.0,NAC,NUVEEN CALIFORNIA QUA MUN INC FD,6726.0
67066Y10,10.6,10.65,2023-06-02,,144735.0,NAC,NUVEEN CALIFORNIA QUA MUN INC FD,6726.0
67066Y10,10.64,10.54,2023-06-05,,144735.0,NAC,NUVEEN CALIFORNIA QUA MUN INC FD,6726.0
67066Y10,10.67,10.66,2023-06-06,,144735.0,NAC,NUVEEN CALIFORNIA QUA MUN INC FD,6726.0
67066Y10,10.63,10.66,2023-06-07,,144735.0,NAC,NUVEEN CALIFORNIA QUA MUN INC FD,6726.0
67066Y10,10.7,10.68,2023-06-08,,144735.0,NAC,NUVEEN CALIFORNIA QUA MUN INC FD,6726.0
67066Y10,10.74,10.72,2023-06-09,,144735.0,NAC,NUVEEN CALIFORNIA QUA MUN INC FD,6726.0
67066Y10,10.75,10.72,2023-06-12,,144735.0,NAC,NUVEEN CALIFORNIA QUA MUN INC FD,6726.0
67066Y10,10.68,10.78,2023-06-13,,144735.0,NAC,NUVEEN CALIFORNIA QUA MUN INC FD,6726.0
67066Y10,10.74,10.7,2023-06-14,,144735.0,NAC,NUVEEN CALIFORNIA QUA MUN INC FD,6726.0
67066Y10,10.76,10.77,2023-06-15,,144735.0,NAC,NUVEEN CALIFORNIA QUA MUN INC FD,6726.0
67066Y10,10.65,10.73,2023-06-16,,144735.0,NAC,NUVEEN CALIFORNIA QUA MUN INC FD,6726.0
67066Y10,10.68,10.69,2023-06-20,,144735.0,NAC,NUVEEN CALIFORNIA QUA MUN INC FD,6726.0
67066Y10,10.7,10.65,2023-06-21,,144735.0,NAC,NUVEEN CALIFORNIA QUA MUN INC FD,6726.0
67066Y10,10.77,10.67,2023-06-22,,144735.0,NAC,NUVEEN CALIFORNIA QUA MUN INC FD,6726.0
67066Y10,10.81,10.8,2023-06-23,,144735.0,NAC,NUVEEN CALIFORNIA QUA MUN INC FD,6726.0
67066Y10,10.81,10.82,2023-06-26,,144735.0,NAC,NUVEEN CALIFORNIA QUA MUN INC FD,6726.0
67066Y10,10.8,10.85,2023-06-27,,144735.0,NAC,NUVEEN CALIFORNIA QUA MUN INC FD,6726.0
67066Y10,10.9,10.83,2023-06-28,,144735.0,NAC,NUVEEN CALIFORNIA QUA MUN INC FD,6726.0
67066Y10,10.86,10.82,2023-06-29,,144735.0,NAC,NUVEEN CALIFORNIA QUA MUN INC FD,6726.0
67066Y10,10.92,10.89,2023-06-30,,144735.0,NAC,NUVEEN CALIFORNIA QUA MUN INC FD,6726.0
67066Y10,10.95,10.95,2023-07-03,,144735.0,NAC,NUVEEN CALIFORNIA QUA MUN INC FD,6726.0
67066Y10,10.79,10.92,2023-07-05,,144735.0,NAC,NUVEEN CALIFORNIA QUA MUN INC FD,6726.0
67066Y10,10.75,10.7,2023-07-06,,144735.0,NAC,NUVEEN CALIFORNIA QUA MUN INC FD,6726.0
67066Y10,10.76,10.7,2023-07-07,,144735.0,NAC,NUVEEN CALIFORNIA QUA MUN INC FD,6726.0
67066Y10,10.75,10.77,2023-07-10,,144735.0,NAC,NUVEEN CALIFORNIA QUA MUN INC FD,6726.0
67066Y10,10.79,10.79,2023-07-11,,144735.0,NAC,NUVEEN CALIFORNIA QUA MUN INC FD,6726.0
67066Y10,10.85,10.87,2023-07-12,,144735.0,NAC,NUVEEN CALIFORNIA QUA MUN INC FD,6726.0
67066Y10,10.83,10.83,2023-07-13,,144735.0,NAC,NUVEEN CALIFORNIA QUA MUN INC FD,6726.0
67066Y10,10.78,10.81,2023-07-14,,144735.0,NAC,NUVEEN CALIFORNIA QUA MUN INC FD,6726.0
67066Y10,10.82,10.75,2023-07-17,,144735.0,NAC,NUVEEN CALIFORNIA QUA MUN INC FD,6726.0
67066Y10,10.84,10.84,2023-07-18,,144735.0,NAC,NUVEEN CALIFORNIA QUA MUN INC FD,6726.0
67066Y10,10.87,10.85,2023-07-19,,144735.0,NAC,NUVEEN CALIFORNIA QUA MUN INC FD,6726.0
67066Y10,10.82,10.83,2023-07-20,,144735.0,NAC,NUVEEN CALIFORNIA QUA MUN INC FD,6726.0
67066Y10,10.85,10.84,2023-07-21,,144735.0,NAC,NUVEEN CALIFORNIA QUA MUN INC FD,6726.0
67066Y10,10.88,10.86,2023-07-24,,144735.0,NAC,NUVEEN CALIFORNIA QUA MUN INC FD,6726.0
67066Y10,10.86,10.85,2023-07-25,,144735.0,NAC,NUVEEN CALIFORNIA QUA MUN INC FD,6726.0
67066Y10,10.86,10.86,2023-07-26,,144735.0,NAC,NUVEEN CALIFORNIA QUA MUN INC FD,6726.0
67066Y10,10.78,10.85,2023-07-27,,144735.0,NAC,NUVEEN CALIFORNIA QUA MUN INC FD,6726.0
67066Y10,10.84,10.82,2023-07-28,,144735.0,NAC,NUVEEN CALIFORNIA QUA MUN INC FD,6726.0
67066Y10,10.85,10.85,2023-07-31,,144735.0,NAC,NUVEEN CALIFORNIA QUA MUN INC FD,6726.0
67066Y10,10.86,10.84,2023-08-01,,144735.0,NAC,NUVEEN CALIFORNIA QUA MUN INC FD,6726.0
67066Y10,10.82,10.81,2023-08-02,,144735.0,NAC,NUVEEN CALIFORNIA QUA MUN INC FD,6726.0
67066Y10,10.68,10.7,2023-08-03,,144735.0,NAC,NUVEEN CALIFORNIA QUA MUN INC FD,6726.0
67066Y10,10.7,10.71,2023-08-04,,144735.0,NAC,NUVEEN CALIFORNIA QUA MUN INC FD,6726.0
67066Y10,10.69,10.74,2023-08-07,,144735.0,NAC,NUVEEN CALIFORNIA QUA MUN INC FD,6726.0
67066Y10,10.66,10.7,2023-08-08,,144735.0,NAC,NUVEEN CALIFORNIA QUA MUN INC FD,6726.0
67066Y10,10.64,10.68,2023-08-09,,144735.0,NAC,NUVEEN CALIFORNIA QUA MUN INC FD,6726.0
67066Y10,10.59,10.63,2023-08-10,,144735.0,NAC,NUVEEN CALIFORNIA QUA MUN INC FD,6726.0
67066Y10,10.61,10.61,2023-08-11,,144735.0,NAC,NUVEEN CALIFORNIA QUA MUN INC FD,6726.0
67066Y10,10.55,10.57,2023-08-14,,144735.0,NAC,NUVEEN CALIFORNIA QUA MUN INC FD,6726.0
67066Y10,10.53,10.55,2023-08-15,,144735.0,NAC,NUVEEN CALIFORNIA QUA MUN INC FD,6726.0
67066Y10,10.43,10.53,2023-08-16,,144735.0,NAC,NUVEEN CALIFORNIA QUA MUN INC FD,6726.0
67066Y10,10.43,10.43,2023-08-17,,144735.0,NAC,NUVEEN CALIFORNIA QUA MUN INC FD,6726.0
67066Y10,10.41,10.4,2023-08-18,,144735.0,NAC,NUVEEN CALIFORNIA QUA MUN INC FD,6726.0
67066Y10,10.35,10.37,2023-08-21,,144735.0,NAC,NUVEEN CALIFORNIA QUA MUN INC FD,6726.0
67066Y10,10.35,10.4,2023-08-22,,144735.0,NAC,NUVEEN CALIFORNIA QUA MUN INC FD,6726.0
67066Y10,10.37,10.4,2023-08-23,,144735.0,NAC,NUVEEN CALIFORNIA QUA MUN INC FD,6726.0
67066Y10,10.33,10.35,2023-08-24,,144735.0,NAC,NUVEEN CALIFORNIA QUA MUN INC FD,6726.0
67066Y10,10.33,10.36,2023-08-25,,144735.0,NAC,NUVEEN CALIFORNIA QUA MUN INC FD,6726.0
67066Y10,10.35,10.37,2023-08-28,,144735.0,NAC,NUVEEN CALIFORNIA QUA MUN INC FD,6726.0
67066Y10,10.39,10.34,2023-08-29,,144735.0,NAC,NUVEEN CALIFORNIA QUA MUN INC FD,6726.0
67066Y10,10.4,10.42,2023-08-30,,144735.0,NAC,NUVEEN CALIFORNIA QUA MUN INC FD,6726.0
67066Y10,10.4,10.4,2023-08-31,,144735.0,NAC,NUVEEN CALIFORNIA QUA MUN INC FD,6726.0
67066Y10,10.39,10.4,2023-09-01,,144735.0,NAC,NUVEEN CALIFORNIA QUA MUN INC FD,6726.0
67066Y10,10.37,10.34,2023-09-05,,144735.0,NAC,NUVEEN CALIFORNIA QUA MUN INC FD,6726.0
67066Y10,10.37,10.36,2023-09-06,,144735.0,NAC,NUVEEN CALIFORNIA QUA MUN INC FD,6726.0
67066Y10,10.27,10.35,2023-09-07,,144735.0,NAC,NUVEEN CALIFORNIA QUA MUN INC FD,6726.0
67066Y10,10.25,10.29,2023-09-08,,144735.0,NAC,NUVEEN CALIFORNIA QUA MUN INC FD,6726.0
67066Y10,10.27,10.26,2023-09-11,,144735.0,NAC,NUVEEN CALIFORNIA QUA MUN INC FD,6726.0
67066Y10,10.25,10.27,2023-09-12,,144735.0,NAC,NUVEEN CALIFORNIA QUA MUN INC FD,6726.0
67066Y10,10.29,10.25,2023-09-13,,144735.0,NAC,NUVEEN CALIFORNIA QUA MUN INC FD,6726.0
67066Y10,10.2,10.23,2023-09-14,,144735.0,NAC,NUVEEN CALIFORNIA QUA MUN INC FD,6726.0
67066Y10,10.18,10.21,2023-09-15,,144735.0,NAC,NUVEEN CALIFORNIA QUA MUN INC FD,6726.0
67066Y10,10.15,10.16,2023-09-18,,144735.0,NAC,NUVEEN CALIFORNIA QUA MUN INC FD,6726.0
67066Y10,10.16,10.17,2023-09-19,,144735.0,NAC,NUVEEN CALIFORNIA QUA MUN INC FD,6726.0
67066Y10,10.17,10.16,2023-09-20,,144735.0,NAC,NUVEEN CALIFORNIA QUA MUN INC FD,6726.0
67066Y10,10.05,10.1,2023-09-21,,144735.0,NAC,NUVEEN CALIFORNIA QUA MUN INC FD,6726.0
67066Y10,10.06,10.05,2023-09-22,,144735.0,NAC,NUVEEN CALIFORNIA QUA MUN INC FD,6726.0
67066Y10,9.95,10.04,2023-09-25,,144735.0,NAC,NUVEEN CALIFORNIA QUA MUN INC FD,6726.0
67066Y10,9.77,9.88,2023-09-26,,144735.0,NAC,NUVEEN CALIFORNIA QUA MUN INC FD,6726.0
67066Y10,9.75,9.81,2023-09-27,,144735.0,NAC,NUVEEN CALIFORNIA QUA MUN INC FD,6726.0
67066Y10,9.66,9.72,2023-09-28,,144735.0,NAC,NUVEEN CALIFORNIA QUA MUN INC FD,6726.0
67066Y10,9.65,9.71,2023-09-29,,144735.0,NAC,NUVEEN CALIFORNIA QUA MUN INC FD,6726.0
67066Y10,9.59,9.65,2023-10-02,,144735.0,NAC,NUVEEN CALIFORNIA QUA MUN INC FD,6726.0
67066Y10,9.51,9.57,2023-10-03,,144735.0,NAC,NUVEEN CALIFORNIA QUA MUN INC FD,6726.0
67066Y10,9.59,9.56,2023-10-04,,144735.0,NAC,NUVEEN CALIFORNIA QUA MUN INC FD,6726.0
67066Y10,9.55,9.58,2023-10-05,,144735.0,NAC,NUVEEN CALIFORNIA QUA MUN INC FD,6726.0
67066Y10,9.55,9.49,2023-10-06,,144735.0,NAC,NUVEEN CALIFORNIA QUA MUN INC FD,6726.0
67066Y10,9.61,9.57,2023-10-09,,144735.0,NAC,NUVEEN CALIFORNIA QUA MUN INC FD,6726.0
67066Y10,9.68,9.58,2023-10-10,,144735.0,NAC,NUVEEN CALIFORNIA QUA MUN INC FD,6726.0
67066Y10,9.77,9.74,2023-10-11,,144735.0,NAC,NUVEEN CALIFORNIA QUA MUN INC FD,6726.0
67066Y10,9.75,9.75,2023-10-12,,144735.0,NAC,NUVEEN CALIFORNIA QUA MUN INC FD,6726.0
67066Y10,9.76,9.79,2023-10-13,,144735.0,NAC,NUVEEN CALIFORNIA QUA MUN INC FD,6726.0
67066Y10,9.67,9.72,2023-10-16,,144735.0,NAC,NUVEEN CALIFORNIA QUA MUN INC FD,6726.0
67066Y10,9.58,9.56,2023-10-17,,144735.0,NAC,NUVEEN CALIFORNIA QUA MUN INC FD,6726.0
67066Y10,9.48,9.56,2023-10-18,,144735.0,NAC,NUVEEN CALIFORNIA QUA MUN INC FD,6726.0
67066Y10,9.41,9.49,2023-10-19,,144735.0,NAC,NUVEEN CALIFORNIA QUA MUN INC FD,6726.0
67066Y10,9.4,9.38,2023-10-20,,144735.0,NAC,NUVEEN CALIFORNIA QUA MUN INC FD,6726.0
67066Y10,9.42,9.35,2023-10-23,,144735.0,NAC,NUVEEN CALIFORNIA QUA MUN INC FD,6726.0
67066Y10,9.49,9.51,2023-10-24,,144735.0,NAC,NUVEEN CALIFORNIA QUA MUN INC FD,6726.0
67066Y10,9.33,9.45,2023-10-25,,144735.0,NAC,NUVEEN CALIFORNIA QUA MUN INC FD,6726.0
67066Y10,9.38,9.32,2023-10-26,,144735.0,NAC,NUVEEN CALIFORNIA QUA MUN INC FD,6726.0
67066Y10,9.41,9.35,2023-10-27,,144735.0,NAC,NUVEEN CALIFORNIA QUA MUN INC FD,6726.0
67066Y10,9.42,9.42,2023-10-30,,144735.0,NAC,NUVEEN CALIFORNIA QUA MUN INC FD,6726.0
67066Y10,9.38,9.44,2023-10-31,,144735.0,NAC,NUVEEN CALIFORNIA QUA MUN INC FD,6726.0
67066Y10,9.5,9.42,2023-11-01,,144735.0,NAC,NUVEEN CALIFORNIA QUA MUN INC FD,6726.0
67066Y10,9.68,9.59,2023-11-02,,144735.0,NAC,NUVEEN CALIFORNIA QUA MUN INC FD,6726.0
67066Y10,9.86,9.77,2023-11-03,,144735.0,NAC,NUVEEN CALIFORNIA QUA MUN INC FD,6726.0
67066Y10,9.84,9.84,2023-11-06,,144735.0,NAC,NUVEEN CALIFORNIA QUA MUN INC FD,6726.0
67066Y10,9.98,9.85,2023-11-07,,144735.0,NAC,NUVEEN CALIFORNIA QUA MUN INC FD,6726.0
67066Y10,10.08,10.01,2023-11-08,,144735.0,NAC,NUVEEN CALIFORNIA QUA MUN INC FD,6726.0
67066Y10,9.98,10.06,2023-11-09,,144735.0,NAC,NUVEEN CALIFORNIA QUA MUN INC FD,6726.0
67066Y10,10.02,10.0,2023-11-10,,144735.0,NAC,NUVEEN CALIFORNIA QUA MUN INC FD,6726.0
67066Y10,10.06,10.01,2023-11-13,,144735.0,NAC,NUVEEN CALIFORNIA QUA MUN INC FD,6726.0
67066Y10,10.19,10.16,2023-11-14,,144735.0,NAC,NUVEEN CALIFORNIA QUA MUN INC FD,6726.0
67066Y10,10.17,10.18,2023-11-15,,144735.0,NAC,NUVEEN CALIFORNIA QUA MUN INC FD,6726.0
67066Y10,10.33,10.24,2023-11-16,,144735.0,NAC,NUVEEN CALIFORNIA QUA MUN INC FD,6726.0
67066Y10,10.36,10.42,2023-11-17,,144735.0,NAC,NUVEEN CALIFORNIA QUA MUN INC FD,6726.0
67066Y10,10.36,10.33,2023-11-20,,144735.0,NAC,NUVEEN CALIFORNIA QUA MUN INC FD,6726.0
67066Y10,10.35,10.36,2023-11-21,,144735.0,NAC,NUVEEN CALIFORNIA QUA MUN INC FD,6726.0
67066Y10,10.4,10.36,2023-11-22,,144735.0,NAC,NUVEEN CALIFORNIA QUA MUN INC FD,6726.0
67066Y10,10.46,10.4,2023-11-24,,144735.0,NAC,NUVEEN CALIFORNIA QUA MUN INC FD,6726.0
67066Y10,10.45,10.42,2023-11-27,,144735.0,NAC,NUVEEN CALIFORNIA QUA MUN INC FD,6726.0
67066Y10,10.47,10.43,2023-11-28,,144735.0,NAC,NUVEEN CALIFORNIA QUA MUN INC FD,6726.0
67066Y10,10.65,10.53,2023-11-29,,144735.0,NAC,NUVEEN CALIFORNIA QUA MUN INC FD,6726.0
67066Y10,10.6,10.65,2023-11-30,,144735.0,NAC,NUVEEN CALIFORNIA QUA MUN INC FD,6726.0
67066Y10,10.71,10.6,2023-12-01,,144735.0,NAC,NUVEEN CALIFORNIA QUA MUN INC FD,6726.0
67066Y10,10.7,10.65,2023-12-04,,144735.0,NAC,NUVEEN CALIFORNIA QUA MUN INC FD,6726.0
67066Y10,10.69,10.75,2023-12-05,,144735.0,NAC,NUVEEN CALIFORNIA QUA MUN INC FD,6726.0
67066Y10,10.67,10.7,2023-12-06,,144735.0,NAC,NUVEEN CALIFORNIA QUA MUN INC FD,6726.0
67066Y10,10.74,10.7,2023-12-07,,144735.0,NAC,NUVEEN CALIFORNIA QUA MUN INC FD,6726.0
67066Y10,10.74,10.72,2023-12-08,,144735.0,NAC,NUVEEN CALIFORNIA QUA MUN INC FD,6726.0
67066Y10,10.73,10.74,2023-12-11,,144735.0,NAC,NUVEEN CALIFORNIA QUA MUN INC FD,6726.0
67066Y10,10.75,10.73,2023-12-12,,144735.0,NAC,NUVEEN CALIFORNIA QUA MUN INC FD,6726.0
67066Y10,10.78,10.75,2023-12-13,,144735.0,NAC,NUVEEN CALIFORNIA QUA MUN INC FD,6726.0
67066Y10,10.93,10.82,2023-12-14,,144735.0,NAC,NUVEEN CALIFORNIA QUA MUN INC FD,6726.0
67066Y10,10.96,10.94,2023-12-15,,144735.0,NAC,NUVEEN CALIFORNIA QUA MUN INC FD,6726.0
67066Y10,10.95,10.97,2023-12-18,,144735.0,NAC,NUVEEN CALIFORNIA QUA MUN INC FD,6726.0
67066Y10,11.03,10.95,2023-12-19,,144735.0,NAC,NUVEEN CALIFORNIA QUA MUN INC FD,6726.0
67066Y10,11.04,11.06,2023-12-20,,144735.0,NAC,NUVEEN CALIFORNIA QUA MUN INC FD,6726.0
67066Y10,11.11,11.12,2023-12-21,,144735.0,NAC,NUVEEN CALIFORNIA QUA MUN INC FD,6726.0
67066Y10,11.12,11.14,2023-12-22,,144735.0,NAC,NUVEEN CALIFORNIA QUA MUN INC FD,6726.0
67066Y10,11.08,11.15,2023-12-26,,144735.0,NAC,NUVEEN CALIFORNIA QUA MUN INC FD,6726.0
67066Y10,11.15,11.17,2023-12-27,,144735.0,NAC,NUVEEN CALIFORNIA QUA MUN INC FD,6726.0
67066Y10,11.02,11.14,2023-12-28,,144735.0,NAC,NUVEEN CALIFORNIA QUA MUN INC FD,6726.0
67066Y10,11.09,10.98,2023-12-29,,144735.0,NAC,NUVEEN CALIFORNIA QUA MUN INC FD,6726.0
