cusip,prc,openprc,date,numtrd,shrout,htick,hcomnam,hsiccd
80105610,0.5,0.48,2009-01-02,2974,511166.0,SANM,SANMINA CORP,3672.0
80105610,0.46,0.47,2009-01-05,8797,511166.0,SANM,SANMINA CORP,3672.0
80105610,0.485,0.47,2009-01-06,6474,511166.0,SANM,SANMINA CORP,3672.0
80105610,0.47,0.47,2009-01-07,6707,511166.0,SANM,SANMINA CORP,3672.0
80105610,0.4997,0.47,2009-01-08,3454,511166.0,SANM,SANMINA CORP,3672.0
80105610,0.48,0.5,2009-01-09,3956,511166.0,SANM,SANMINA CORP,3672.0
80105610,0.45,0.51,2009-01-12,2629,511166.0,SANM,SANMINA CORP,3672.0
80105610,0.42,0.46,2009-01-13,3210,511166.0,SANM,SANMINA CORP,3672.0
80105610,0.38,0.414,2009-01-14,3699,511166.0,SANM,SANMINA CORP,3672.0
80105610,0.38,0.36,2009-01-15,4354,511166.0,SANM,SANMINA CORP,3672.0
80105610,0.38,0.38,2009-01-16,2810,511166.0,SANM,SANMINA CORP,3672.0
80105610,0.3902,0.36,2009-01-20,4434,511166.0,SANM,SANMINA CORP,3672.0
80105610,0.38,0.39,2009-01-21,7013,511166.0,SANM,SANMINA CORP,3672.0
80105610,0.32,0.36,2009-01-22,5595,511166.0,SANM,SANMINA CORP,3672.0
80105610,0.33,0.32,2009-01-23,4571,511166.0,SANM,SANMINA CORP,3672.0
80105610,0.35,0.33,2009-01-26,5681,511166.0,SANM,SANMINA CORP,3672.0
80105610,0.34,0.35,2009-01-27,7708,511166.0,SANM,SANMINA CORP,3672.0
80105610,0.37,0.3537,2009-01-28,5055,511166.0,SANM,SANMINA CORP,3672.0
80105610,0.365,0.37,2009-01-29,4874,511166.0,SANM,SANMINA CORP,3672.0
80105610,0.33,0.365,2009-01-30,5959,511166.0,SANM,SANMINA CORP,3672.0
80105610,0.32,0.329,2009-02-02,7509,511166.0,SANM,SANMINA CORP,3672.0
80105610,0.34,0.344,2009-02-03,7231,511166.0,SANM,SANMINA CORP,3672.0
80105610,0.316,0.35,2009-02-04,4953,511166.0,SANM,SANMINA CORP,3672.0
80105610,0.31,0.32,2009-02-05,5979,511166.0,SANM,SANMINA CORP,3672.0
80105610,0.36,0.32,2009-02-06,8639,511166.0,SANM,SANMINA CORP,3672.0
80105610,0.35,0.37,2009-02-09,4569,511166.0,SANM,SANMINA CORP,3672.0
80105610,0.33,0.35,2009-02-10,4059,511166.0,SANM,SANMINA CORP,3672.0
80105610,0.3177,0.3292,2009-02-11,4002,511166.0,SANM,SANMINA CORP,3672.0
80105610,0.32,0.315,2009-02-12,4559,511166.0,SANM,SANMINA CORP,3672.0
80105610,0.33,0.3254,2009-02-13,4197,511166.0,SANM,SANMINA CORP,3672.0
80105610,0.3,0.335,2009-02-17,5733,511166.0,SANM,SANMINA CORP,3672.0
80105610,0.3,0.3,2009-02-18,6182,511166.0,SANM,SANMINA CORP,3672.0
80105610,0.29,0.31,2009-02-19,8347,511166.0,SANM,SANMINA CORP,3672.0
80105610,0.28,0.29,2009-02-20,5292,511166.0,SANM,SANMINA CORP,3672.0
80105610,0.27,0.28,2009-02-23,4210,511166.0,SANM,SANMINA CORP,3672.0
80105610,0.28,0.27,2009-02-24,8986,511166.0,SANM,SANMINA CORP,3672.0
80105610,0.3,0.29,2009-02-25,7008,511166.0,SANM,SANMINA CORP,3672.0
80105610,0.28,0.3,2009-02-26,3485,511166.0,SANM,SANMINA CORP,3672.0
80105610,0.25,0.28,2009-02-27,6966,511166.0,SANM,SANMINA CORP,3672.0
80105610,0.24,0.25,2009-03-02,6603,511166.0,SANM,SANMINA CORP,3672.0
80105610,0.23,0.24,2009-03-03,2359,511166.0,SANM,SANMINA CORP,3672.0
80105610,0.2349,0.25,2009-03-04,3799,511166.0,SANM,SANMINA CORP,3672.0
80105610,0.2,0.23,2009-03-05,3167,511166.0,SANM,SANMINA CORP,3672.0
80105610,0.2,0.22,2009-03-06,3673,511166.0,SANM,SANMINA CORP,3672.0
80105610,0.2043,0.2,2009-03-09,6523,511166.0,SANM,SANMINA CORP,3672.0
80105610,0.22,0.217,2009-03-10,5702,511166.0,SANM,SANMINA CORP,3672.0
80105610,0.21,0.23,2009-03-11,7506,511166.0,SANM,SANMINA CORP,3672.0
80105610,0.25,0.22,2009-03-12,7198,511166.0,SANM,SANMINA CORP,3672.0
80105610,0.24,0.26,2009-03-13,5464,511166.0,SANM,SANMINA CORP,3672.0
80105610,0.25,0.25,2009-03-16,9105,511166.0,SANM,SANMINA CORP,3672.0
80105610,0.25,0.252,2009-03-17,5292,511166.0,SANM,SANMINA CORP,3672.0
80105610,0.26,0.25,2009-03-18,4791,511166.0,SANM,SANMINA CORP,3672.0
80105610,0.26,0.26,2009-03-19,4604,511166.0,SANM,SANMINA CORP,3672.0
80105610,0.28,0.27,2009-03-20,4863,511166.0,SANM,SANMINA CORP,3672.0
80105610,0.31,0.289,2009-03-23,3843,511166.0,SANM,SANMINA CORP,3672.0
80105610,0.29,0.309,2009-03-24,3469,511166.0,SANM,SANMINA CORP,3672.0
80105610,0.31,0.29,2009-03-25,6102,511166.0,SANM,SANMINA CORP,3672.0
80105610,0.35,0.33,2009-03-26,4687,511166.0,SANM,SANMINA CORP,3672.0
80105610,0.37,0.35,2009-03-27,2527,488404.0,SANM,SANMINA CORP,3672.0
80105610,0.31,0.37,2009-03-30,3552,488404.0,SANM,SANMINA CORP,3672.0
80105610,0.305,0.32,2009-03-31,3247,488404.0,SANM,SANMINA CORP,3672.0
80105610,0.33,0.301,2009-04-01,2560,488404.0,SANM,SANMINA CORP,3672.0
80105610,0.36,0.34,2009-04-02,4049,488404.0,SANM,SANMINA CORP,3672.0
80105610,0.35,0.37,2009-04-03,3210,488404.0,SANM,SANMINA CORP,3672.0
80105610,0.35,0.36,2009-04-06,2088,488404.0,SANM,SANMINA CORP,3672.0
80105610,0.35,0.35,2009-04-07,2633,488404.0,SANM,SANMINA CORP,3672.0
80105610,0.43,0.35,2009-04-08,3047,488404.0,SANM,SANMINA CORP,3672.0
80105610,0.48,0.44,2009-04-09,5309,488404.0,SANM,SANMINA CORP,3672.0
80105610,0.45,0.48,2009-04-13,3089,488404.0,SANM,SANMINA CORP,3672.0
80105610,0.43,0.45,2009-04-14,2716,488404.0,SANM,SANMINA CORP,3672.0
80105610,0.44,0.43,2009-04-15,2145,488404.0,SANM,SANMINA CORP,3672.0
80105610,0.48,0.48,2009-04-16,3127,488404.0,SANM,SANMINA CORP,3672.0
80105610,0.504,0.49,2009-04-17,4469,488404.0,SANM,SANMINA CORP,3672.0
80105610,0.49,0.49,2009-04-20,3299,488404.0,SANM,SANMINA CORP,3672.0
80105610,0.48,0.49,2009-04-21,3543,488404.0,SANM,SANMINA CORP,3672.0
80105610,0.55,0.46,2009-04-22,6653,488404.0,SANM,SANMINA CORP,3672.0
80105610,0.46,0.49,2009-04-23,5265,488404.0,SANM,SANMINA CORP,3672.0
80105610,0.425,0.461,2009-04-24,4202,488404.0,SANM,SANMINA CORP,3672.0
80105610,0.44,0.42,2009-04-27,3318,488404.0,SANM,SANMINA CORP,3672.0
80105610,0.5,0.45,2009-04-28,3422,488404.0,SANM,SANMINA CORP,3672.0
80105610,0.55,0.5,2009-04-29,3160,488404.0,SANM,SANMINA CORP,3672.0
80105610,0.56,0.55,2009-04-30,6212,488404.0,SANM,SANMINA CORP,3672.0
80105610,0.561,0.599,2009-05-01,3463,488404.0,SANM,SANMINA CORP,3672.0
80105610,0.57,0.59,2009-05-04,3694,488404.0,SANM,SANMINA CORP,3672.0
80105610,0.6,0.57,2009-05-05,4060,488404.0,SANM,SANMINA CORP,3672.0
80105610,0.63,0.62,2009-05-06,5605,488404.0,SANM,SANMINA CORP,3672.0
80105610,0.6,0.65,2009-05-07,3574,488404.0,SANM,SANMINA CORP,3672.0
80105610,0.58,0.61,2009-05-08,3559,488404.0,SANM,SANMINA CORP,3672.0
80105610,0.641,0.61,2009-05-11,3453,488404.0,SANM,SANMINA CORP,3672.0
80105610,0.64,0.65,2009-05-12,3826,488404.0,SANM,SANMINA CORP,3672.0
80105610,0.56,0.6202,2009-05-13,3953,488404.0,SANM,SANMINA CORP,3672.0
80105610,0.59,0.56,2009-05-14,2767,488404.0,SANM,SANMINA CORP,3672.0
80105610,0.56,0.62,2009-05-15,3215,488404.0,SANM,SANMINA CORP,3672.0
80105610,0.6,0.562,2009-05-18,2749,488404.0,SANM,SANMINA CORP,3672.0
80105610,0.6,0.61,2009-05-19,3366,488404.0,SANM,SANMINA CORP,3672.0
80105610,0.62,0.63,2009-05-20,2856,488404.0,SANM,SANMINA CORP,3672.0
80105610,0.61,0.62,2009-05-21,2529,488404.0,SANM,SANMINA CORP,3672.0
80105610,0.6,0.62,2009-05-22,2188,488404.0,SANM,SANMINA CORP,3672.0
80105610,0.64,0.58,2009-05-26,2918,488404.0,SANM,SANMINA CORP,3672.0
80105610,0.63,0.65,2009-05-27,5098,488404.0,SANM,SANMINA CORP,3672.0
80105610,0.5853,0.65,2009-05-28,8311,488404.0,SANM,SANMINA CORP,3672.0
80105610,0.69,0.59,2009-05-29,5985,488404.0,SANM,SANMINA CORP,3672.0
80105610,0.69,0.65,2009-06-01,5489,488404.0,SANM,SANMINA CORP,3672.0
80105610,0.7,0.69,2009-06-02,3550,488404.0,SANM,SANMINA CORP,3672.0
80105610,0.68,0.7,2009-06-03,3912,488404.0,SANM,SANMINA CORP,3672.0
80105610,0.69,0.6899,2009-06-04,3083,488404.0,SANM,SANMINA CORP,3672.0
80105610,0.68,0.69,2009-06-05,3376,488404.0,SANM,SANMINA CORP,3672.0
80105610,0.67,0.7,2009-06-08,1917,488404.0,SANM,SANMINA CORP,3672.0
80105610,0.67,0.67,2009-06-09,2211,488404.0,SANM,SANMINA CORP,3672.0
80105610,0.66,0.67,2009-06-10,3249,488404.0,SANM,SANMINA CORP,3672.0
80105610,0.66,0.66,2009-06-11,2743,488404.0,SANM,SANMINA CORP,3672.0
80105610,0.6699,0.66,2009-06-12,2231,488404.0,SANM,SANMINA CORP,3672.0
80105610,0.6299,0.68,2009-06-15,2707,488404.0,SANM,SANMINA CORP,3672.0
80105610,0.57,0.63,2009-06-16,3398,488404.0,SANM,SANMINA CORP,3672.0
80105610,0.54,0.5681,2009-06-17,3112,488404.0,SANM,SANMINA CORP,3672.0
80105610,0.545,0.53,2009-06-18,1660,488404.0,SANM,SANMINA CORP,3672.0
80105610,0.5,0.56,2009-06-19,3362,488404.0,SANM,SANMINA CORP,3672.0
80105610,0.4606,0.4908,2009-06-22,3885,488404.0,SANM,SANMINA CORP,3672.0
80105610,0.48,0.46,2009-06-23,4928,488404.0,SANM,SANMINA CORP,3672.0
80105610,0.46,0.49,2009-06-24,10465,488404.0,SANM,SANMINA CORP,3672.0
80105610,0.489,0.46,2009-06-25,9448,488404.0,SANM,SANMINA CORP,3672.0
80105610,0.4001,0.47,2009-06-26,29338,471657.0,SANM,SANMINA CORP,3672.0
80105610,0.43,0.44,2009-06-29,7558,471657.0,SANM,SANMINA CORP,3672.0
80105610,0.4381,0.46,2009-06-30,4679,471657.0,SANM,SANMINA CORP,3672.0
80105610,0.4581,0.4401,2009-07-01,3675,471657.0,SANM,SANMINA CORP,3672.0
80105610,0.4306,0.45,2009-07-02,3797,471657.0,SANM,SANMINA CORP,3672.0
80105610,0.4008,0.44,2009-07-06,5938,471657.0,SANM,SANMINA CORP,3672.0
80105610,0.3701,0.41,2009-07-07,7435,471657.0,SANM,SANMINA CORP,3672.0
80105610,0.3651,0.365,2009-07-08,5108,471657.0,SANM,SANMINA CORP,3672.0
80105610,0.39,0.38,2009-07-09,4295,471657.0,SANM,SANMINA CORP,3672.0
80105610,0.4,0.39,2009-07-10,3447,471657.0,SANM,SANMINA CORP,3672.0
80105610,0.4,0.4,2009-07-13,3481,471657.0,SANM,SANMINA CORP,3672.0
80105610,0.41,0.4,2009-07-14,2286,471657.0,SANM,SANMINA CORP,3672.0
80105610,0.45,0.41,2009-07-15,6630,471657.0,SANM,SANMINA CORP,3672.0
80105610,0.45,0.46,2009-07-16,4138,471657.0,SANM,SANMINA CORP,3672.0
80105610,0.46,0.47,2009-07-17,2601,471657.0,SANM,SANMINA CORP,3672.0
80105610,0.47,0.46,2009-07-20,5334,471657.0,SANM,SANMINA CORP,3672.0
80105610,0.472,0.49,2009-07-21,3867,471657.0,SANM,SANMINA CORP,3672.0
80105610,0.45,0.47,2009-07-22,4849,471657.0,SANM,SANMINA CORP,3672.0
80105610,0.5645,0.5299,2009-07-23,21467,471657.0,SANM,SANMINA CORP,3672.0
80105610,0.57,0.588,2009-07-24,12350,471657.0,SANM,SANMINA CORP,3672.0
80105610,0.58,0.575,2009-07-27,8534,471657.0,SANM,SANMINA CORP,3672.0
80105610,0.59,0.55,2009-07-28,6320,471657.0,SANM,SANMINA CORP,3672.0
80105610,0.5687,0.55,2009-07-29,3794,471657.0,SANM,SANMINA CORP,3672.0
80105610,0.59,0.57,2009-07-30,3529,471657.0,SANM,SANMINA CORP,3672.0
80105610,0.61,0.6,2009-07-31,2102,471657.0,SANM,SANMINA CORP,3672.0
80105610,0.64,0.64,2009-08-03,3609,471657.0,SANM,SANMINA CORP,3672.0
80105610,0.64,0.62,2009-08-04,3550,471657.0,SANM,SANMINA CORP,3672.0
80105610,0.63,0.63,2009-08-05,4326,471657.0,SANM,SANMINA CORP,3672.0
80105610,0.73,0.62,2009-08-06,7245,471657.0,SANM,SANMINA CORP,3672.0
80105610,0.85,0.75,2009-08-07,13693,471657.0,SANM,SANMINA CORP,3672.0
80105610,0.82,0.86,2009-08-10,4254,471657.0,SANM,SANMINA CORP,3672.0
80105610,0.77,0.81,2009-08-11,6482,471657.0,SANM,SANMINA CORP,3672.0
80105610,0.82,0.76,2009-08-12,5355,471657.0,SANM,SANMINA CORP,3672.0
80105610,0.775,0.8001,2009-08-13,3780,471657.0,SANM,SANMINA CORP,3672.0
80105610,0.8,0.79,2009-08-14,3058,471657.0,SANM,SANMINA CORP,3672.0
80105610,4.45,4.65,2009-08-17,898,78645.0,SANM,SANMINA CORP,3672.0
80105610,4.86,4.41,2009-08-18,2342,78645.0,SANM,SANMINA CORP,3672.0
80105610,4.82,4.38,2009-08-19,1537,78645.0,SANM,SANMINA CORP,3672.0
80105610,4.8,4.75,2009-08-20,1453,78645.0,SANM,SANMINA CORP,3672.0
80105610,5.14,4.83,2009-08-21,2094,78645.0,SANM,SANMINA CORP,3672.0
80105610,5.25,5.16,2009-08-24,3487,78645.0,SANM,SANMINA CORP,3672.0
80105610,5.13,5.27,2009-08-25,3628,78645.0,SANM,SANMINA CORP,3672.0
80105610,5.23,5.12,2009-08-26,2274,78645.0,SANM,SANMINA CORP,3672.0
80105610,5.5,5.21,2009-08-27,1949,78645.0,SANM,SANMINA CORP,3672.0
80105610,6.17,5.6,2009-08-28,6929,78645.0,SANM,SANMINA CORP,3672.0
80105610,6.32,6.0,2009-08-31,3530,78645.0,SANM,SANMINA CORP,3672.0
80105610,5.86,6.3,2009-09-01,5416,78645.0,SANM,SANMINA CORP,3672.0
80105610,5.85,5.85,2009-09-02,1557,78645.0,SANM,SANMINA CORP,3672.0
80105610,6.38,5.87,2009-09-03,4121,78645.0,SANM,SANMINA CORP,3672.0
80105610,6.75,6.34,2009-09-04,5377,78645.0,SANM,SANMINA CORP,3672.0
80105610,7.0,6.84,2009-09-08,5127,78645.0,SANM,SANMINA CORP,3672.0
80105610,7.08,7.0,2009-09-09,5289,78645.0,SANM,SANMINA CORP,3672.0
80105610,7.05,7.03,2009-09-10,3446,78645.0,SANM,SANMINA CORP,3672.0
80105610,7.15,7.14,2009-09-11,3018,78645.0,SANM,SANMINA CORP,3672.0
80105610,7.29,7.22,2009-09-14,2781,78645.0,SANM,SANMINA CORP,3672.0
80105610,7.75,7.39,2009-09-15,5457,78645.0,SANM,SANMINA CORP,3672.0
80105610,8.48,7.85,2009-09-16,8534,78645.0,SANM,SANMINA CORP,3672.0
80105610,8.58,8.5,2009-09-17,6410,78645.0,SANM,SANMINA CORP,3672.0
80105610,8.81,8.55,2009-09-18,2619,78645.0,SANM,SANMINA CORP,3672.0
80105610,8.77,8.8,2009-09-21,3451,78645.0,SANM,SANMINA CORP,3672.0
80105610,8.99,8.84,2009-09-22,3959,78645.0,SANM,SANMINA CORP,3672.0
80105610,8.51,9.03,2009-09-23,5852,78645.0,SANM,SANMINA CORP,3672.0
80105610,7.71,8.51,2009-09-24,8964,78645.0,SANM,SANMINA CORP,3672.0
80105610,7.62,7.6,2009-09-25,5640,78645.0,SANM,SANMINA CORP,3672.0
80105610,8.03,7.7,2009-09-28,4217,78645.0,SANM,SANMINA CORP,3672.0
80105610,8.04,8.05,2009-09-29,3684,78645.0,SANM,SANMINA CORP,3672.0
80105610,8.6,8.14,2009-09-30,5025,78645.0,SANM,SANMINA CORP,3672.0
80105610,8.05,8.52,2009-10-01,5262,78645.0,SANM,SANMINA CORP,3672.0
80105610,8.18,8.0,2009-10-02,6032,78566.0,SANM,SANMINA CORP,3672.0
80105610,8.61,8.21,2009-10-05,6342,78566.0,SANM,SANMINA CORP,3672.0
80105610,8.66,8.7,2009-10-06,6689,78566.0,SANM,SANMINA CORP,3672.0
80105610,8.57,8.59,2009-10-07,2317,78566.0,SANM,SANMINA CORP,3672.0
80105610,8.71,8.6,2009-10-08,4086,78566.0,SANM,SANMINA CORP,3672.0
80105610,8.86,8.67,2009-10-09,3527,78566.0,SANM,SANMINA CORP,3672.0
80105610,8.73,8.95,2009-10-12,2808,78566.0,SANM,SANMINA CORP,3672.0
80105610,8.54,8.78,2009-10-13,5073,78566.0,SANM,SANMINA CORP,3672.0
80105610,8.83,8.68,2009-10-14,6326,78566.0,SANM,SANMINA CORP,3672.0
80105610,8.92,8.76,2009-10-15,2745,78566.0,SANM,SANMINA CORP,3672.0
80105610,8.84,8.83,2009-10-16,4177,78566.0,SANM,SANMINA CORP,3672.0
80105610,8.61,8.75,2009-10-19,4263,78566.0,SANM,SANMINA CORP,3672.0
80105610,8.34,8.6,2009-10-20,3965,78566.0,SANM,SANMINA CORP,3672.0
80105610,8.48,8.26,2009-10-21,3836,78566.0,SANM,SANMINA CORP,3672.0
80105610,8.54,8.38,2009-10-22,2478,78566.0,SANM,SANMINA CORP,3672.0
80105610,8.25,8.55,2009-10-23,3727,78566.0,SANM,SANMINA CORP,3672.0
80105610,7.92,8.25,2009-10-26,4676,78566.0,SANM,SANMINA CORP,3672.0
80105610,7.21,7.93,2009-10-27,6224,78566.0,SANM,SANMINA CORP,3672.0
80105610,6.75,7.09,2009-10-28,9937,78566.0,SANM,SANMINA CORP,3672.0
80105610,6.89,6.85,2009-10-29,4203,78566.0,SANM,SANMINA CORP,3672.0
80105610,6.42,6.82,2009-10-30,4556,78566.0,SANM,SANMINA CORP,3672.0
80105610,6.49,6.29,2009-11-02,5714,78566.0,SANM,SANMINA CORP,3672.0
80105610,6.34,6.45,2009-11-03,5281,78566.0,SANM,SANMINA CORP,3672.0
80105610,6.63,6.42,2009-11-04,5562,78566.0,SANM,SANMINA CORP,3672.0
80105610,8.45,7.51,2009-11-05,17874,78566.0,SANM,SANMINA CORP,3672.0
80105610,8.2,8.17,2009-11-06,5723,78566.0,SANM,SANMINA CORP,3672.0
80105610,8.39,8.29,2009-11-09,5449,78566.0,SANM,SANMINA CORP,3672.0
80105610,8.09,8.33,2009-11-10,5584,78566.0,SANM,SANMINA CORP,3672.0
80105610,8.51,8.19,2009-11-11,5411,78566.0,SANM,SANMINA CORP,3672.0
80105610,8.41,8.53,2009-11-12,4578,78566.0,SANM,SANMINA CORP,3672.0
80105610,8.4,8.41,2009-11-13,2703,78566.0,SANM,SANMINA CORP,3672.0
80105610,8.79,8.49,2009-11-16,5234,78566.0,SANM,SANMINA CORP,3672.0
80105610,8.83,8.76,2009-11-17,3460,78566.0,SANM,SANMINA CORP,3672.0
80105610,8.85,8.76,2009-11-18,3406,78566.0,SANM,SANMINA CORP,3672.0
80105610,8.36,8.74,2009-11-19,5725,78587.0,SANM,SANMINA CORP,3672.0
80105610,8.3,8.31,2009-11-20,4641,78587.0,SANM,SANMINA CORP,3672.0
80105610,8.37,8.35,2009-11-23,4447,78587.0,SANM,SANMINA CORP,3672.0
80105610,8.35,8.37,2009-11-24,4434,78587.0,SANM,SANMINA CORP,3672.0
80105610,8.3,8.36,2009-11-25,2414,78587.0,SANM,SANMINA CORP,3672.0
80105610,8.085,8.06,2009-11-27,1762,78587.0,SANM,SANMINA CORP,3672.0
80105610,8.08,8.05,2009-11-30,6886,78587.0,SANM,SANMINA CORP,3672.0
80105610,8.11,8.15,2009-12-01,4067,78587.0,SANM,SANMINA CORP,3672.0
80105610,8.4,8.09,2009-12-02,4277,78587.0,SANM,SANMINA CORP,3672.0
80105610,8.71,8.53,2009-12-03,6561,78587.0,SANM,SANMINA CORP,3672.0
80105610,9.21,8.74,2009-12-04,8555,78587.0,SANM,SANMINA CORP,3672.0
80105610,9.5,9.2,2009-12-07,5858,78587.0,SANM,SANMINA CORP,3672.0
80105610,9.52,9.5,2009-12-08,6899,78587.0,SANM,SANMINA CORP,3672.0
80105610,9.51,9.47,2009-12-09,3436,78587.0,SANM,SANMINA CORP,3672.0
80105610,9.37,9.56,2009-12-10,2580,78587.0,SANM,SANMINA CORP,3672.0
80105610,9.49,9.44,2009-12-11,3612,78600.0,SANM,SANMINA CORP,3672.0
80105610,9.62,9.51,2009-12-14,4865,78600.0,SANM,SANMINA CORP,3672.0
80105610,9.83,9.58,2009-12-15,4327,78600.0,SANM,SANMINA CORP,3672.0
80105610,9.82,9.94,2009-12-16,3200,78600.0,SANM,SANMINA CORP,3672.0
80105610,9.44,9.79,2009-12-17,4128,78600.0,SANM,SANMINA CORP,3672.0
80105610,9.49,9.72,2009-12-18,3312,78600.0,SANM,SANMINA CORP,3672.0
80105610,9.85,9.57,2009-12-21,4223,78600.0,SANM,SANMINA CORP,3672.0
80105610,10.79,9.9,2009-12-22,9615,78600.0,SANM,SANMINA CORP,3672.0
80105610,10.81,10.91,2009-12-23,3845,78600.0,SANM,SANMINA CORP,3672.0
80105610,11.02,10.84,2009-12-24,1788,78600.0,SANM,SANMINA CORP,3672.0
80105610,11.22,11.0,2009-12-28,2836,78600.0,SANM,SANMINA CORP,3672.0
80105610,11.34,11.21,2009-12-29,2475,78600.0,SANM,SANMINA CORP,3672.0
80105610,11.39,11.32,2009-12-30,3561,78600.0,SANM,SANMINA CORP,3672.0
80105610,11.03,11.43,2009-12-31,4395,78837.0,SANM,SANMINA CORP,3672.0
80105610,11.55,11.12,2010-01-04,7607,78837.0,SANM,SANMINA CORP,3672.0
80105610,11.73,11.52,2010-01-05,7040,78837.0,SANM,SANMINA CORP,3672.0
80105610,11.38,11.64,2010-01-06,3325,78837.0,SANM,SANMINA CORP,3672.0
80105610,11.46,11.35,2010-01-07,2353,78837.0,SANM,SANMINA CORP,3672.0
80105610,11.45,11.36,2010-01-08,2024,78837.0,SANM,SANMINA CORP,3672.0
80105610,11.53,11.44,2010-01-11,2795,78837.0,SANM,SANMINA CORP,3672.0
80105610,11.62,11.47,2010-01-12,4673,78837.0,SANM,SANMINA CORP,3672.0
80105610,11.66,11.6,2010-01-13,3120,78837.0,SANM,SANMINA CORP,3672.0
80105610,12.11,11.66,2010-01-14,4052,78837.0,SANM,SANMINA CORP,3672.0
80105610,12.03,12.12,2010-01-15,4663,78837.0,SANM,SANMINA CORP,3672.0
80105610,12.31,11.97,2010-01-19,3356,78837.0,SANM,SANMINA CORP,3672.0
80105610,11.96,12.19,2010-01-20,5615,78837.0,SANM,SANMINA CORP,3672.0
80105610,11.94,12.0,2010-01-21,4621,78837.0,SANM,SANMINA CORP,3672.0
80105610,11.91,11.97,2010-01-22,6945,78837.0,SANM,SANMINA CORP,3672.0
80105610,11.65,11.99,2010-01-25,7086,78837.0,SANM,SANMINA CORP,3672.0
80105610,12.3,11.65,2010-01-26,11715,78837.0,SANM,SANMINA CORP,3672.0
80105610,14.15,14.39,2010-01-27,28629,78837.0,SANM,SANMINA CORP,3672.0
80105610,13.77,14.0,2010-01-28,9446,78837.0,SANM,SANMINA CORP,3672.0
80105610,13.2,13.86,2010-01-29,10286,78837.0,SANM,SANMINA CORP,3672.0
80105610,13.89,13.2,2010-02-01,7602,78837.0,SANM,SANMINA CORP,3672.0
80105610,14.19,13.99,2010-02-02,8060,78837.0,SANM,SANMINA CORP,3672.0
80105610,13.87,14.1,2010-02-03,7730,78837.0,SANM,SANMINA CORP,3672.0
80105610,13.12,13.66,2010-02-04,7407,78837.0,SANM,SANMINA CORP,3672.0
80105610,12.71,13.11,2010-02-05,14148,78837.0,SANM,SANMINA CORP,3672.0
80105610,13.07,12.74,2010-02-08,8134,78837.0,SANM,SANMINA CORP,3672.0
80105610,13.58,13.12,2010-02-09,11065,78837.0,SANM,SANMINA CORP,3672.0
80105610,13.75,13.6,2010-02-10,4728,78837.0,SANM,SANMINA CORP,3672.0
80105610,14.2,13.76,2010-02-11,6402,78837.0,SANM,SANMINA CORP,3672.0
80105610,14.52,14.01,2010-02-12,5814,78837.0,SANM,SANMINA CORP,3672.0
80105610,15.63,14.56,2010-02-16,11656,78837.0,SANM,SANMINA CORP,3672.0
80105610,15.25,15.69,2010-02-17,8954,78837.0,SANM,SANMINA CORP,3672.0
80105610,16.48,15.19,2010-02-18,15257,78837.0,SANM,SANMINA CORP,3672.0
80105610,16.41,16.36,2010-02-19,7606,78837.0,SANM,SANMINA CORP,3672.0
80105610,16.49,16.5,2010-02-22,9508,78837.0,SANM,SANMINA CORP,3672.0
80105610,15.96,16.28,2010-02-23,8373,78837.0,SANM,SANMINA CORP,3672.0
80105610,16.14,15.94,2010-02-24,7403,78837.0,SANM,SANMINA CORP,3672.0
80105610,16.05,16.03,2010-02-25,9234,78837.0,SANM,SANMINA CORP,3672.0
80105610,16.54,16.03,2010-02-26,6724,78837.0,SANM,SANMINA CORP,3672.0
80105610,17.4,16.67,2010-03-01,12475,78837.0,SANM,SANMINA CORP,3672.0
80105610,17.47,17.54,2010-03-02,8855,78837.0,SANM,SANMINA CORP,3672.0
80105610,17.0,17.41,2010-03-03,5727,78837.0,SANM,SANMINA CORP,3672.0
80105610,17.22,17.1,2010-03-04,4523,78837.0,SANM,SANMINA CORP,3672.0
80105610,17.49,17.29,2010-03-05,3783,78837.0,SANM,SANMINA CORP,3672.0
80105610,17.25,17.48,2010-03-08,4216,78837.0,SANM,SANMINA CORP,3672.0
80105610,17.32,17.08,2010-03-09,5629,78837.0,SANM,SANMINA CORP,3672.0
80105610,17.56,17.32,2010-03-10,5351,78837.0,SANM,SANMINA CORP,3672.0
80105610,17.44,17.36,2010-03-11,3812,78837.0,SANM,SANMINA CORP,3672.0
80105610,17.66,17.56,2010-03-12,2485,78837.0,SANM,SANMINA CORP,3672.0
80105610,17.29,17.5,2010-03-15,2172,78837.0,SANM,SANMINA CORP,3672.0
80105610,17.53,17.3,2010-03-16,1793,78837.0,SANM,SANMINA CORP,3672.0
80105610,17.94,17.6,2010-03-17,3840,78837.0,SANM,SANMINA CORP,3672.0
80105610,17.86,17.9,2010-03-18,4759,78837.0,SANM,SANMINA CORP,3672.0
80105610,16.57,17.85,2010-03-19,9003,78837.0,SANM,SANMINA CORP,3672.0
80105610,16.83,16.54,2010-03-22,6411,78837.0,SANM,SANMINA CORP,3672.0
80105610,17.49,16.89,2010-03-23,4312,78837.0,SANM,SANMINA CORP,3672.0
80105610,16.68,17.3,2010-03-24,5646,78837.0,SANM,SANMINA CORP,3672.0
80105610,16.36,16.83,2010-03-25,5392,78837.0,SANM,SANMINA CORP,3672.0
80105610,16.54,16.41,2010-03-26,4176,78837.0,SANM,SANMINA CORP,3672.0
80105610,16.64,16.68,2010-03-29,2829,78837.0,SANM,SANMINA CORP,3672.0
80105610,16.57,16.79,2010-03-30,2539,78837.0,SANM,SANMINA CORP,3672.0
80105610,16.5,16.51,2010-03-31,2740,78837.0,SANM,SANMINA CORP,3672.0
80105610,16.58,16.55,2010-04-01,3874,79501.0,SANM,SANMINA CORP,3672.0
80105610,17.12,16.6,2010-04-05,2597,79501.0,SANM,SANMINA CORP,3672.0
80105610,16.95,17.08,2010-04-06,3436,79501.0,SANM,SANMINA CORP,3672.0
80105610,16.71,16.9,2010-04-07,3573,79501.0,SANM,SANMINA CORP,3672.0
80105610,16.69,16.6,2010-04-08,1794,79501.0,SANM,SANMINA CORP,3672.0
80105610,16.59,16.78,2010-04-09,2289,79501.0,SANM,SANMINA CORP,3672.0
80105610,16.99,16.48,2010-04-12,2989,79501.0,SANM,SANMINA CORP,3672.0
80105610,17.48,17.05,2010-04-13,5619,79501.0,SANM,SANMINA CORP,3672.0
80105610,18.17,17.53,2010-04-14,6200,79501.0,SANM,SANMINA CORP,3672.0
80105610,18.32,18.17,2010-04-15,3183,79501.0,SANM,SANMINA CORP,3672.0
80105610,18.17,18.34,2010-04-16,6829,79501.0,SANM,SANMINA CORP,3672.0
80105610,18.01,18.02,2010-04-19,4354,79501.0,SANM,SANMINA CORP,3672.0
80105610,18.5,18.03,2010-04-20,5373,79501.0,SANM,SANMINA CORP,3672.0
80105610,18.7,18.45,2010-04-21,5226,79501.0,SANM,SANMINA CORP,3672.0
80105610,18.66,18.16,2010-04-22,6881,79501.0,SANM,SANMINA CORP,3672.0
80105610,18.97,18.59,2010-04-23,6790,79501.0,SANM,SANMINA CORP,3672.0
80105610,19.22,19.15,2010-04-26,8671,79501.0,SANM,SANMINA CORP,3672.0
80105610,18.94,19.87,2010-04-27,16871,79501.0,SANM,SANMINA CORP,3672.0
80105610,18.44,19.07,2010-04-28,8313,79501.0,SANM,SANMINA CORP,3672.0
80105610,19.02,18.55,2010-04-29,4182,79501.0,SANM,SANMINA CORP,3672.0
80105610,17.79,18.9,2010-04-30,6487,79501.0,SANM,SANMINA CORP,3672.0
80105610,18.02,17.99,2010-05-03,6637,79501.0,SANM,SANMINA CORP,3672.0
80105610,16.06,17.78,2010-05-04,14544,79501.0,SANM,SANMINA CORP,3672.0
80105610,16.83,15.95,2010-05-05,13993,79501.0,SANM,SANMINA CORP,3672.0
80105610,16.06,16.76,2010-05-06,19623,79501.0,SANM,SANMINA CORP,3672.0
80105610,15.27,16.21,2010-05-07,16103,79501.0,SANM,SANMINA CORP,3672.0
80105610,16.51,16.13,2010-05-10,7055,79501.0,SANM,SANMINA CORP,3672.0
80105610,16.71,16.19,2010-05-11,7932,79501.0,SANM,SANMINA CORP,3672.0
80105610,17.35,16.74,2010-05-12,5859,79501.0,SANM,SANMINA CORP,3672.0
80105610,16.93,17.17,2010-05-13,6876,79501.0,SANM,SANMINA CORP,3672.0
80105610,15.65,16.75,2010-05-14,9831,79501.0,SANM,SANMINA CORP,3672.0
80105610,14.82,15.7,2010-05-17,12653,79501.0,SANM,SANMINA CORP,3672.0
80105610,14.62,15.03,2010-05-18,11704,79501.0,SANM,SANMINA CORP,3672.0
80105610,14.23,14.56,2010-05-19,11146,79501.0,SANM,SANMINA CORP,3672.0
80105610,13.69,13.72,2010-05-20,11848,79501.0,SANM,SANMINA CORP,3672.0
80105610,14.33,13.53,2010-05-21,11173,79501.0,SANM,SANMINA CORP,3672.0
80105610,14.46,14.33,2010-05-24,10097,79501.0,SANM,SANMINA CORP,3672.0
80105610,14.46,13.61,2010-05-25,15083,79501.0,SANM,SANMINA CORP,3672.0
80105610,14.44,14.6,2010-05-26,7681,79501.0,SANM,SANMINA CORP,3672.0
80105610,15.85,15.01,2010-05-27,4934,79501.0,SANM,SANMINA CORP,3672.0
80105610,15.25,15.76,2010-05-28,5795,79501.0,SANM,SANMINA CORP,3672.0
80105610,14.2,15.04,2010-06-01,9560,79501.0,SANM,SANMINA CORP,3672.0
80105610,14.65,14.38,2010-06-02,7899,79501.0,SANM,SANMINA CORP,3672.0
80105610,14.76,14.59,2010-06-03,5090,79501.0,SANM,SANMINA CORP,3672.0
80105610,13.68,14.07,2010-06-04,7994,79501.0,SANM,SANMINA CORP,3672.0
80105610,13.23,13.7,2010-06-07,9625,79501.0,SANM,SANMINA CORP,3672.0
80105610,13.26,13.25,2010-06-08,10868,79501.0,SANM,SANMINA CORP,3672.0
80105610,13.37,13.33,2010-06-09,7493,79501.0,SANM,SANMINA CORP,3672.0
80105610,13.87,13.6,2010-06-10,5457,79501.0,SANM,SANMINA CORP,3672.0
80105610,14.39,13.58,2010-06-11,5085,79501.0,SANM,SANMINA CORP,3672.0
80105610,14.86,14.51,2010-06-14,6324,79501.0,SANM,SANMINA CORP,3672.0
80105610,15.92,15.1,2010-06-15,8122,79501.0,SANM,SANMINA CORP,3672.0
80105610,15.9,15.76,2010-06-16,8119,79501.0,SANM,SANMINA CORP,3672.0
80105610,15.48,16.06,2010-06-17,6551,79501.0,SANM,SANMINA CORP,3672.0
80105610,15.77,15.53,2010-06-18,4154,79501.0,SANM,SANMINA CORP,3672.0
80105610,15.5,16.19,2010-06-21,5052,79501.0,SANM,SANMINA CORP,3672.0
80105610,15.25,15.52,2010-06-22,4615,79501.0,SANM,SANMINA CORP,3672.0
80105610,15.78,15.79,2010-06-23,10347,79501.0,SANM,SANMINA CORP,3672.0
80105610,15.13,15.79,2010-06-24,10301,79501.0,SANM,SANMINA CORP,3672.0
80105610,15.25,15.3,2010-06-25,17132,79501.0,SANM,SANMINA CORP,3672.0
80105610,15.26,15.27,2010-06-28,8709,79501.0,SANM,SANMINA CORP,3672.0
80105610,13.81,14.84,2010-06-29,13402,79501.0,SANM,SANMINA CORP,3672.0
80105610,13.61,13.81,2010-06-30,8169,79501.0,SANM,SANMINA CORP,3672.0
80105610,13.47,13.63,2010-07-01,16364,79501.0,SANM,SANMINA CORP,3672.0
80105610,13.12,13.58,2010-07-02,7605,79602.0,SANM,SANMINA CORP,3672.0
80105610,12.77,13.44,2010-07-06,9476,79602.0,SANM,SANMINA CORP,3672.0
80105610,13.64,12.82,2010-07-07,8212,79602.0,SANM,SANMINA CORP,3672.0
80105610,14.2,13.78,2010-07-08,8078,79602.0,SANM,SANMINA CORP,3672.0
80105610,14.42,14.14,2010-07-09,5169,79602.0,SANM,SANMINA CORP,3672.0
80105610,14.13,14.32,2010-07-12,3819,79602.0,SANM,SANMINA CORP,3672.0
80105610,15.6,14.45,2010-07-13,9330,79602.0,SANM,SANMINA CORP,3672.0
80105610,15.74,15.58,2010-07-14,11267,79602.0,SANM,SANMINA CORP,3672.0
80105610,15.06,15.65,2010-07-15,7615,79602.0,SANM,SANMINA CORP,3672.0
80105610,14.17,14.87,2010-07-16,7544,79602.0,SANM,SANMINA CORP,3672.0
80105610,14.43,14.21,2010-07-19,4461,79602.0,SANM,SANMINA CORP,3672.0
80105610,14.18,14.02,2010-07-20,8172,79602.0,SANM,SANMINA CORP,3672.0
80105610,13.76,14.32,2010-07-21,6940,79602.0,SANM,SANMINA CORP,3672.0
80105610,14.64,14.05,2010-07-22,6735,79602.0,SANM,SANMINA CORP,3672.0
80105610,15.16,14.47,2010-07-23,7366,79602.0,SANM,SANMINA CORP,3672.0
80105610,15.86,15.29,2010-07-26,7584,79602.0,SANM,SANMINA CORP,3672.0
80105610,13.18,14.71,2010-07-27,33983,79602.0,SANM,SANMINA CORP,3672.0
80105610,12.79,13.0,2010-07-28,15559,79602.0,SANM,SANMINA CORP,3672.0
80105610,12.61,13.0,2010-07-29,12496,79602.0,SANM,SANMINA CORP,3672.0
80105610,12.57,12.34,2010-07-30,11712,79602.0,SANM,SANMINA CORP,3672.0
80105610,12.91,12.79,2010-08-02,9040,79602.0,SANM,SANMINA CORP,3672.0
80105610,12.53,12.87,2010-08-03,11245,79602.0,SANM,SANMINA CORP,3672.0
80105610,12.6,12.6,2010-08-04,7274,79602.0,SANM,SANMINA CORP,3672.0
80105610,12.57,12.46,2010-08-05,4924,79602.0,SANM,SANMINA CORP,3672.0
80105610,12.27,12.39,2010-08-06,10983,79602.0,SANM,SANMINA CORP,3672.0
80105610,12.45,12.37,2010-08-09,4866,79602.0,SANM,SANMINA CORP,3672.0
80105610,11.9,12.17,2010-08-10,8679,79602.0,SANM,SANMINA CORP,3672.0
80105610,10.95,11.7,2010-08-11,9990,79602.0,SANM,SANMINA CORP,3672.0
80105610,10.49,10.74,2010-08-12,11906,79602.0,SANM,SANMINA CORP,3672.0
80105610,10.3,10.44,2010-08-13,5633,79602.0,SANM,SANMINA CORP,3672.0
80105610,10.47,10.25,2010-08-16,6948,79602.0,SANM,SANMINA CORP,3672.0
80105610,10.67,10.65,2010-08-17,5225,79602.0,SANM,SANMINA CORP,3672.0
80105610,10.69,10.59,2010-08-18,5055,79602.0,SANM,SANMINA CORP,3672.0
80105610,10.39,10.65,2010-08-19,6646,79602.0,SANM,SANMINA CORP,3672.0
80105610,10.27,10.36,2010-08-20,5509,79602.0,SANM,SANMINA CORP,3672.0
80105610,10.13,10.36,2010-08-23,6276,79602.0,SANM,SANMINA CORP,3672.0
80105610,9.61,9.95,2010-08-24,10702,79602.0,SANM,SANMINA CORP,3672.0
80105610,9.48,9.56,2010-08-25,9679,79602.0,SANM,SANMINA CORP,3672.0
80105610,9.38,9.58,2010-08-26,9272,79602.0,SANM,SANMINA CORP,3672.0
80105610,9.54,9.28,2010-08-27,8069,79602.0,SANM,SANMINA CORP,3672.0
80105610,9.33,9.43,2010-08-30,6977,79602.0,SANM,SANMINA CORP,3672.0
80105610,9.04,9.28,2010-08-31,7675,79602.0,SANM,SANMINA CORP,3672.0
80105610,9.68,9.23,2010-09-01,7954,79602.0,SANM,SANMINA CORP,3672.0
80105610,10.3,9.68,2010-09-02,7284,79602.0,SANM,SANMINA CORP,3672.0
80105610,10.74,10.57,2010-09-03,7461,79602.0,SANM,SANMINA CORP,3672.0
80105610,10.01,10.66,2010-09-07,7800,79602.0,SANM,SANMINA CORP,3672.0
80105610,10.4,10.09,2010-09-08,8783,79602.0,SANM,SANMINA CORP,3672.0
80105610,10.26,10.55,2010-09-09,8102,79602.0,SANM,SANMINA CORP,3672.0
80105610,10.16,10.3,2010-09-10,5931,79602.0,SANM,SANMINA CORP,3672.0
80105610,10.99,10.36,2010-09-13,9805,79602.0,SANM,SANMINA CORP,3672.0
80105610,11.05,10.96,2010-09-14,9693,79602.0,SANM,SANMINA CORP,3672.0
80105610,11.16,10.9,2010-09-15,9297,79602.0,SANM,SANMINA CORP,3672.0
80105610,10.98,11.1,2010-09-16,7332,79602.0,SANM,SANMINA CORP,3672.0
80105610,10.87,11.2,2010-09-17,6426,79602.0,SANM,SANMINA CORP,3672.0
80105610,11.9487,10.95,2010-09-20,11358,79602.0,SANM,SANMINA CORP,3672.0
80105610,11.84,11.92,2010-09-21,10327,79602.0,SANM,SANMINA CORP,3672.0
80105610,11.47,11.73,2010-09-22,8235,79602.0,SANM,SANMINA CORP,3672.0
80105610,11.1,11.29,2010-09-23,7820,79602.0,SANM,SANMINA CORP,3672.0
80105610,11.8,11.35,2010-09-24,4641,79602.0,SANM,SANMINA CORP,3672.0
80105610,11.91,11.8,2010-09-27,6581,79602.0,SANM,SANMINA CORP,3672.0
80105610,11.94,11.88,2010-09-28,5369,79602.0,SANM,SANMINA CORP,3672.0
80105610,12.19,11.83,2010-09-29,5442,79602.0,SANM,SANMINA CORP,3672.0
80105610,12.08,12.34,2010-09-30,5459,79602.0,SANM,SANMINA CORP,3672.0
80105610,12.01,12.27,2010-10-01,6649,79812.0,SANM,SANMINA CORP,3672.0
80105610,11.65,11.98,2010-10-04,5104,79812.0,SANM,SANMINA CORP,3672.0
80105610,12.45,11.9,2010-10-05,6521,79812.0,SANM,SANMINA CORP,3672.0
80105610,12.05,12.41,2010-10-06,5155,79812.0,SANM,SANMINA CORP,3672.0
80105610,12.36,12.15,2010-10-07,5153,79812.0,SANM,SANMINA CORP,3672.0
80105610,12.37,12.35,2010-10-08,3873,79812.0,SANM,SANMINA CORP,3672.0
80105610,12.46,12.37,2010-10-11,2284,79812.0,SANM,SANMINA CORP,3672.0
80105610,12.67,12.37,2010-10-12,3390,79812.0,SANM,SANMINA CORP,3672.0
80105610,13.11,12.82,2010-10-13,4754,79812.0,SANM,SANMINA CORP,3672.0
80105610,12.6,13.11,2010-10-14,4461,79812.0,SANM,SANMINA CORP,3672.0
80105610,12.58,12.87,2010-10-15,5420,79812.0,SANM,SANMINA CORP,3672.0
80105610,12.65,12.6,2010-10-18,3246,79812.0,SANM,SANMINA CORP,3672.0
80105610,12.22,12.3,2010-10-19,5129,79812.0,SANM,SANMINA CORP,3672.0
80105610,12.61,12.36,2010-10-20,4211,79812.0,SANM,SANMINA CORP,3672.0
80105610,12.65,12.75,2010-10-21,4965,79812.0,SANM,SANMINA CORP,3672.0
80105610,12.79,12.72,2010-10-22,2562,79812.0,SANM,SANMINA CORP,3672.0
80105610,13.14,12.92,2010-10-25,6437,79812.0,SANM,SANMINA CORP,3672.0
80105610,12.97,13.02,2010-10-26,7284,79812.0,SANM,SANMINA CORP,3672.0
80105610,13.11,12.93,2010-10-27,4619,79812.0,SANM,SANMINA CORP,3672.0
80105610,13.27,13.3,2010-10-28,6664,79812.0,SANM,SANMINA CORP,3672.0
80105610,13.19,13.22,2010-10-29,5706,79812.0,SANM,SANMINA CORP,3672.0
80105610,12.98,13.24,2010-11-01,7379,79812.0,SANM,SANMINA CORP,3672.0
80105610,12.05,12.4,2010-11-02,19467,79812.0,SANM,SANMINA CORP,3672.0
80105610,12.09,12.02,2010-11-03,10356,79812.0,SANM,SANMINA CORP,3672.0
80105610,12.53,12.35,2010-11-04,8224,79812.0,SANM,SANMINA CORP,3672.0
80105610,12.49,12.6,2010-11-05,7745,79812.0,SANM,SANMINA CORP,3672.0
80105610,12.29,12.45,2010-11-08,5021,79812.0,SANM,SANMINA CORP,3672.0
80105610,11.99,12.3,2010-11-09,7553,79812.0,SANM,SANMINA CORP,3672.0
80105610,11.9,11.94,2010-11-10,7023,79812.0,SANM,SANMINA CORP,3672.0
80105610,11.82,11.69,2010-11-11,5073,79812.0,SANM,SANMINA CORP,3672.0
80105610,11.5,11.66,2010-11-12,4701,79812.0,SANM,SANMINA CORP,3672.0
80105610,11.23,11.57,2010-11-15,8086,79812.0,SANM,SANMINA CORP,3672.0
80105610,10.9,11.13,2010-11-16,9140,79812.0,SANM,SANMINA CORP,3672.0
80105610,10.96,10.89,2010-11-17,5270,79812.0,SANM,SANMINA CORP,3672.0
80105610,11.17,11.04,2010-11-18,8749,79812.0,SANM,SANMINA CORP,3672.0
80105610,11.07,11.13,2010-11-19,6682,79812.0,SANM,SANMINA CORP,3672.0
80105610,11.1,11.01,2010-11-22,8238,79812.0,SANM,SANMINA CORP,3672.0
80105610,10.95,10.85,2010-11-23,9428,79812.0,SANM,SANMINA CORP,3672.0
80105610,11.13,11.03,2010-11-24,6090,79812.0,SANM,SANMINA CORP,3672.0
80105610,10.86,11.0,2010-11-26,3106,79812.0,SANM,SANMINA CORP,3672.0
80105610,10.8,10.8,2010-11-29,8273,79812.0,SANM,SANMINA CORP,3672.0
80105610,10.45,10.65,2010-11-30,7474,80063.0,SANM,SANMINA CORP,3672.0
80105610,11.0,10.7,2010-12-01,7002,80063.0,SANM,SANMINA CORP,3672.0
80105610,11.17,10.99,2010-12-02,6350,80063.0,SANM,SANMINA CORP,3672.0
80105610,11.23,11.1,2010-12-03,5331,80063.0,SANM,SANMINA CORP,3672.0
80105610,11.27,11.24,2010-12-06,4543,80063.0,SANM,SANMINA CORP,3672.0
80105610,11.41,11.49,2010-12-07,7320,80063.0,SANM,SANMINA CORP,3672.0
80105610,11.36,11.48,2010-12-08,4747,80063.0,SANM,SANMINA CORP,3672.0
80105610,11.18,11.49,2010-12-09,5591,80063.0,SANM,SANMINA CORP,3672.0
80105610,11.38,11.2,2010-12-10,7862,80063.0,SANM,SANMINA CORP,3672.0
80105610,11.06,11.41,2010-12-13,6498,80063.0,SANM,SANMINA CORP,3672.0
80105610,10.95,11.01,2010-12-14,6941,80063.0,SANM,SANMINA CORP,3672.0
80105610,11.11,10.96,2010-12-15,8269,80063.0,SANM,SANMINA CORP,3672.0
80105610,11.1,11.15,2010-12-16,4957,80063.0,SANM,SANMINA CORP,3672.0
80105610,11.13,11.12,2010-12-17,4303,80063.0,SANM,SANMINA CORP,3672.0
80105610,11.12,11.22,2010-12-20,5924,80063.0,SANM,SANMINA CORP,3672.0
80105610,11.81,11.34,2010-12-21,9824,80063.0,SANM,SANMINA CORP,3672.0
80105610,11.68,11.82,2010-12-22,6197,80063.0,SANM,SANMINA CORP,3672.0
80105610,11.55,11.66,2010-12-23,3737,80063.0,SANM,SANMINA CORP,3672.0
80105610,11.65,11.5,2010-12-27,4344,80063.0,SANM,SANMINA CORP,3672.0
80105610,11.45,11.6,2010-12-28,4791,80063.0,SANM,SANMINA CORP,3672.0
80105610,11.53,11.5,2010-12-29,4228,80063.0,SANM,SANMINA CORP,3672.0
80105610,11.54,11.48,2010-12-30,3471,80063.0,SANM,SANMINA CORP,3672.0
80105610,11.48,11.5,2010-12-31,4005,80163.0,SANM,SANMINA CORP,3672.0
80105610,12.17,11.65,2011-01-03,5874,80163.0,SANM,SANMINA CORP,3672.0
80105610,12.13,12.27,2011-01-04,5484,80163.0,SANM,SANMINA CORP,3672.0
80105610,12.59,12.09,2011-01-05,5809,80163.0,SANM,SANMINA CORP,3672.0
80105610,12.32,12.65,2011-01-06,6390,80163.0,SANM,SANMINA CORP,3672.0
80105610,12.22,12.33,2011-01-07,3282,80163.0,SANM,SANMINA CORP,3672.0
80105610,12.27,12.09,2011-01-10,3903,80163.0,SANM,SANMINA CORP,3672.0
80105610,12.37,12.32,2011-01-11,3156,80163.0,SANM,SANMINA CORP,3672.0
80105610,12.72,12.52,2011-01-12,3410,80163.0,SANM,SANMINA CORP,3672.0
80105610,13.34,12.9,2011-01-13,11939,80163.0,SANM,SANMINA CORP,3672.0
80105610,15.1,13.33,2011-01-14,20147,80163.0,SANM,SANMINA CORP,3672.0
80105610,15.05,15.01,2011-01-18,12951,80163.0,SANM,SANMINA CORP,3672.0
80105610,14.46,15.05,2011-01-19,9333,80163.0,SANM,SANMINA CORP,3672.0
80105610,13.88,14.26,2011-01-20,7299,80163.0,SANM,SANMINA CORP,3672.0
80105610,13.62,14.08,2011-01-21,6883,80163.0,SANM,SANMINA CORP,3672.0
80105610,14.07,13.71,2011-01-24,10101,80163.0,SANM,SANMINA CORP,3672.0
80105610,14.77,14.1,2011-01-25,17031,80163.0,SANM,SANMINA CORP,3672.0
80105610,15.34,14.79,2011-01-26,13053,80163.0,SANM,SANMINA CORP,3672.0
80105610,15.48,15.3,2011-01-27,10805,80163.0,SANM,SANMINA CORP,3672.0
80105610,14.87,15.38,2011-01-28,13313,80163.0,SANM,SANMINA CORP,3672.0
80105610,15.03,14.9,2011-01-31,8841,80163.0,SANM,SANMINA CORP,3672.0
80105610,15.66,15.12,2011-02-01,10515,80163.0,SANM,SANMINA CORP,3672.0
80105610,15.57,15.51,2011-02-02,8656,80163.0,SANM,SANMINA CORP,3672.0
80105610,15.885,15.6,2011-02-03,8133,80163.0,SANM,SANMINA CORP,3672.0
80105610,16.38,15.91,2011-02-04,7272,80163.0,SANM,SANMINA CORP,3672.0
80105610,16.37,16.49,2011-02-07,5317,80163.0,SANM,SANMINA CORP,3672.0
80105610,16.35,16.21,2011-02-08,6271,80163.0,SANM,SANMINA CORP,3672.0
80105610,15.49,16.3,2011-02-09,11671,80163.0,SANM,SANMINA CORP,3672.0
80105610,15.79,15.26,2011-02-10,10515,80163.0,SANM,SANMINA CORP,3672.0
80105610,16.02,15.65,2011-02-11,6132,80163.0,SANM,SANMINA CORP,3672.0
80105610,16.05,15.91,2011-02-14,5923,80163.0,SANM,SANMINA CORP,3672.0
80105610,15.91,15.83,2011-02-15,8749,80163.0,SANM,SANMINA CORP,3672.0
80105610,16.44,16.06,2011-02-16,5236,80163.0,SANM,SANMINA CORP,3672.0
80105610,16.94,16.4,2011-02-17,6631,80163.0,SANM,SANMINA CORP,3672.0
80105610,16.77,17.05,2011-02-18,7390,80163.0,SANM,SANMINA CORP,3672.0
80105610,15.72,16.46,2011-02-22,8779,80163.0,SANM,SANMINA CORP,3672.0
80105610,15.0,15.72,2011-02-23,12723,80163.0,SANM,SANMINA CORP,3672.0
80105610,15.36,15.01,2011-02-24,6593,80163.0,SANM,SANMINA CORP,3672.0
80105610,15.295,15.48,2011-02-25,7339,80163.0,SANM,SANMINA CORP,3672.0
80105610,15.62,15.47,2011-02-28,4161,80163.0,SANM,SANMINA CORP,3672.0
80105610,15.01,15.61,2011-03-01,6708,80163.0,SANM,SANMINA CORP,3672.0
80105610,15.25,14.94,2011-03-02,6943,80163.0,SANM,SANMINA CORP,3672.0
80105610,15.89,15.44,2011-03-03,5759,80163.0,SANM,SANMINA CORP,3672.0
80105610,15.82,15.9,2011-03-04,4750,80163.0,SANM,SANMINA CORP,3672.0
80105610,14.97,15.89,2011-03-07,6431,80163.0,SANM,SANMINA CORP,3672.0
80105610,15.12,15.01,2011-03-08,7707,80163.0,SANM,SANMINA CORP,3672.0
80105610,14.6,15.13,2011-03-09,7747,80163.0,SANM,SANMINA CORP,3672.0
80105610,14.16,14.36,2011-03-10,5328,80163.0,SANM,SANMINA CORP,3672.0
80105610,14.12,14.08,2011-03-11,4055,80163.0,SANM,SANMINA CORP,3672.0
80105610,14.28,14.0,2011-03-14,5246,80163.0,SANM,SANMINA CORP,3672.0
80105610,14.01,13.85,2011-03-15,6956,80163.0,SANM,SANMINA CORP,3672.0
80105610,13.4,13.96,2011-03-16,13391,80163.0,SANM,SANMINA CORP,3672.0
80105610,10.65,11.33,2011-03-17,21771,80163.0,SANM,SANMINA CORP,3672.0
80105610,10.5,10.78,2011-03-18,11220,80163.0,SANM,SANMINA CORP,3672.0
80105610,10.22,10.6,2011-03-21,18377,80163.0,SANM,SANMINA CORP,3672.0
80105610,10.29,10.15,2011-03-22,10303,80163.0,SANM,SANMINA CORP,3672.0
80105610,10.55,10.35,2011-03-23,6814,80163.0,SANM,SANMINA CORP,3672.0
80105610,10.61,10.6,2011-03-24,4873,80163.0,SANM,SANMINA CORP,3672.0
80105610,10.88,10.68,2011-03-25,8435,80163.0,SANM,SANMINA CORP,3672.0
80105610,10.62,10.9,2011-03-28,4865,80163.0,SANM,SANMINA CORP,3672.0
80105610,10.675,10.9,2011-03-29,3810,80163.0,SANM,SANMINA CORP,3672.0
80105610,10.96,10.78,2011-03-30,3610,80163.0,SANM,SANMINA CORP,3672.0
80105610,11.21,10.97,2011-03-31,6197,80163.0,SANM,SANMINA CORP,3672.0
80105610,10.9,11.28,2011-04-01,7420,80513.0,SANM,SANMINA CORP,3672.0
80105610,10.9,10.97,2011-04-04,3396,80513.0,SANM,SANMINA CORP,3672.0
80105610,11.0,10.84,2011-04-05,3210,80513.0,SANM,SANMINA CORP,3672.0
80105610,10.99,10.97,2011-04-06,4567,80513.0,SANM,SANMINA CORP,3672.0
80105610,11.16,11.0,2011-04-07,5335,80513.0,SANM,SANMINA CORP,3672.0
80105610,11.05,11.26,2011-04-08,5087,80513.0,SANM,SANMINA CORP,3672.0
80105610,11.03,11.07,2011-04-11,6382,80513.0,SANM,SANMINA CORP,3672.0
80105610,10.77,10.89,2011-04-12,5725,80513.0,SANM,SANMINA CORP,3672.0
80105610,10.62,10.84,2011-04-13,4854,80513.0,SANM,SANMINA CORP,3672.0
80105610,10.28,10.51,2011-04-14,6843,80513.0,SANM,SANMINA CORP,3672.0
80105610,10.62,10.25,2011-04-15,4506,80513.0,SANM,SANMINA CORP,3672.0
80105610,10.42,10.43,2011-04-18,3209,80513.0,SANM,SANMINA CORP,3672.0
80105610,10.69,10.53,2011-04-19,3628,80513.0,SANM,SANMINA CORP,3672.0
80105610,11.09,10.87,2011-04-20,5101,80513.0,SANM,SANMINA CORP,3672.0
80105610,11.25,11.19,2011-04-21,3774,80513.0,SANM,SANMINA CORP,3672.0
80105610,11.45,11.26,2011-04-25,6357,80513.0,SANM,SANMINA CORP,3672.0
80105610,11.99,11.59,2011-04-26,10060,80513.0,SANM,SANMINA CORP,3672.0
80105610,12.02,12.0,2011-04-27,5566,80513.0,SANM,SANMINA CORP,3672.0
80105610,11.57,11.95,2011-04-28,6019,80513.0,SANM,SANMINA CORP,3672.0
80105610,11.72,11.62,2011-04-29,5141,80513.0,SANM,SANMINA CORP,3672.0
80105610,11.99,12.5,2011-05-02,8873,80513.0,SANM,SANMINA CORP,3672.0
80105610,11.78,11.92,2011-05-03,4885,80513.0,SANM,SANMINA CORP,3672.0
80105610,11.49,11.77,2011-05-04,4523,80513.0,SANM,SANMINA CORP,3672.0
80105610,11.69,11.39,2011-05-05,4311,80513.0,SANM,SANMINA CORP,3672.0
80105610,11.6,11.87,2011-05-06,4949,80513.0,SANM,SANMINA CORP,3672.0
80105610,11.56,11.56,2011-05-09,3756,80513.0,SANM,SANMINA CORP,3672.0
80105610,12.01,11.64,2011-05-10,5486,80513.0,SANM,SANMINA CORP,3672.0
80105610,11.82,11.98,2011-05-11,3597,80513.0,SANM,SANMINA CORP,3672.0
80105610,12.13,11.64,2011-05-12,6188,80513.0,SANM,SANMINA CORP,3672.0
80105610,12.01,12.15,2011-05-13,4730,80513.0,SANM,SANMINA CORP,3672.0
80105610,11.45,11.9,2011-05-16,3834,80513.0,SANM,SANMINA CORP,3672.0
80105610,11.21,11.38,2011-05-17,6874,80513.0,SANM,SANMINA CORP,3672.0
80105610,11.19,11.27,2011-05-18,5393,80513.0,SANM,SANMINA CORP,3672.0
80105610,10.88,11.24,2011-05-19,5877,80513.0,SANM,SANMINA CORP,3672.0
80105610,10.73,10.9,2011-05-20,5260,80513.0,SANM,SANMINA CORP,3672.0
80105610,10.505,10.55,2011-05-23,3993,80513.0,SANM,SANMINA CORP,3672.0
80105610,10.33,10.55,2011-05-24,4742,80513.0,SANM,SANMINA CORP,3672.0
80105610,10.52,10.27,2011-05-25,4521,80513.0,SANM,SANMINA CORP,3672.0
80105610,10.85,10.5,2011-05-26,3505,80513.0,SANM,SANMINA CORP,3672.0
80105610,10.75,10.92,2011-05-27,3408,80513.0,SANM,SANMINA CORP,3672.0
80105610,10.69,10.93,2011-05-31,5064,80513.0,SANM,SANMINA CORP,3672.0
80105610,10.25,10.65,2011-06-01,5047,80513.0,SANM,SANMINA CORP,3672.0
80105610,10.25,10.31,2011-06-02,3766,80513.0,SANM,SANMINA CORP,3672.0
80105610,10.0,10.12,2011-06-03,4052,80513.0,SANM,SANMINA CORP,3672.0
80105610,10.14,10.0,2011-06-06,6624,80513.0,SANM,SANMINA CORP,3672.0
80105610,10.15,10.24,2011-06-07,4720,80513.0,SANM,SANMINA CORP,3672.0
80105610,9.93,10.09,2011-06-08,7615,80513.0,SANM,SANMINA CORP,3672.0
80105610,9.8,9.97,2011-06-09,4909,80513.0,SANM,SANMINA CORP,3672.0
80105610,9.64,9.75,2011-06-10,6103,80513.0,SANM,SANMINA CORP,3672.0
80105610,9.56,9.68,2011-06-13,4503,80513.0,SANM,SANMINA CORP,3672.0
80105610,9.85,9.7,2011-06-14,4436,80513.0,SANM,SANMINA CORP,3672.0
80105610,9.5,9.72,2011-06-15,5349,80513.0,SANM,SANMINA CORP,3672.0
80105610,9.43,9.5,2011-06-16,5331,80513.0,SANM,SANMINA CORP,3672.0
80105610,9.305,9.59,2011-06-17,3280,80513.0,SANM,SANMINA CORP,3672.0
80105610,9.36,9.24,2011-06-20,2495,80513.0,SANM,SANMINA CORP,3672.0
80105610,9.8,9.45,2011-06-21,5159,80513.0,SANM,SANMINA CORP,3672.0
80105610,9.57,9.79,2011-06-22,3680,80513.0,SANM,SANMINA CORP,3672.0
80105610,9.47,9.41,2011-06-23,5024,80513.0,SANM,SANMINA CORP,3672.0
80105610,9.26,9.47,2011-06-24,4720,80513.0,SANM,SANMINA CORP,3672.0
80105610,9.66,9.3,2011-06-27,4286,80513.0,SANM,SANMINA CORP,3672.0
80105610,9.86,9.71,2011-06-28,3545,80513.0,SANM,SANMINA CORP,3672.0
80105610,10.07,9.88,2011-06-29,4216,80513.0,SANM,SANMINA CORP,3672.0
80105610,10.33,10.06,2011-06-30,4183,80513.0,SANM,SANMINA CORP,3672.0
80105610,10.41,10.36,2011-07-01,4636,80658.0,SANM,SANMINA CORP,3672.0
80105610,10.02,10.41,2011-07-05,2857,80658.0,SANM,SANMINA CORP,3672.0
80105610,9.87,10.0,2011-07-06,2265,80658.0,SANM,SANMINA CORP,3672.0
80105610,10.12,9.93,2011-07-07,3735,80658.0,SANM,SANMINA CORP,3672.0
80105610,9.87,9.92,2011-07-08,2920,80658.0,SANM,SANMINA CORP,3672.0
80105610,9.55,9.78,2011-07-11,3419,80658.0,SANM,SANMINA CORP,3672.0
80105610,9.33,9.51,2011-07-12,4083,80658.0,SANM,SANMINA CORP,3672.0
80105610,9.46,9.39,2011-07-13,2665,80658.0,SANM,SANMINA CORP,3672.0
80105610,9.18,9.48,2011-07-14,3005,80658.0,SANM,SANMINA CORP,3672.0
80105610,9.2,9.28,2011-07-15,2695,80658.0,SANM,SANMINA CORP,3672.0
80105610,8.96,9.14,2011-07-18,3296,80658.0,SANM,SANMINA CORP,3672.0
80105610,9.42,9.08,2011-07-19,3382,80658.0,SANM,SANMINA CORP,3672.0
80105610,9.29,9.45,2011-07-20,1721,80658.0,SANM,SANMINA CORP,3672.0
80105610,9.53,9.28,2011-07-21,3408,80658.0,SANM,SANMINA CORP,3672.0
80105610,9.57,9.52,2011-07-22,2608,80658.0,SANM,SANMINA CORP,3672.0
80105610,9.22,9.45,2011-07-25,4521,80658.0,SANM,SANMINA CORP,3672.0
80105610,11.19,10.69,2011-07-26,25899,80658.0,SANM,SANMINA CORP,3672.0
80105610,11.09,11.11,2011-07-27,14885,80658.0,SANM,SANMINA CORP,3672.0
80105610,11.32,11.15,2011-07-28,8334,80658.0,SANM,SANMINA CORP,3672.0
80105610,11.4,11.16,2011-07-29,5506,80658.0,SANM,SANMINA CORP,3672.0
80105610,11.29,11.56,2011-08-01,8493,80658.0,SANM,SANMINA CORP,3672.0
80105610,10.67,11.15,2011-08-02,9307,80658.0,SANM,SANMINA CORP,3672.0
80105610,10.98,10.73,2011-08-03,9681,80658.0,SANM,SANMINA CORP,3672.0
80105610,9.96,10.76,2011-08-04,9969,80658.0,SANM,SANMINA CORP,3672.0
80105610,9.69,10.14,2011-08-05,10395,80658.0,SANM,SANMINA CORP,3672.0
80105610,8.49,9.28,2011-08-08,9767,80658.0,SANM,SANMINA CORP,3672.0
80105610,8.49,8.65,2011-08-09,14665,80658.0,SANM,SANMINA CORP,3672.0
80105610,7.86,8.24,2011-08-10,10455,80658.0,SANM,SANMINA CORP,3672.0
80105610,8.69,8.03,2011-08-11,7373,80658.0,SANM,SANMINA CORP,3672.0
80105610,8.32,8.49,2011-08-12,6856,80658.0,SANM,SANMINA CORP,3672.0
80105610,8.77,8.4,2011-08-15,6367,80658.0,SANM,SANMINA CORP,3672.0
80105610,8.6,8.68,2011-08-16,6567,80658.0,SANM,SANMINA CORP,3672.0
80105610,8.55,8.63,2011-08-17,4160,80658.0,SANM,SANMINA CORP,3672.0
80105610,7.6,8.24,2011-08-18,7480,80658.0,SANM,SANMINA CORP,3672.0
80105610,7.23,7.5,2011-08-19,4206,80658.0,SANM,SANMINA CORP,3672.0
80105610,7.12,7.5,2011-08-22,5018,80658.0,SANM,SANMINA CORP,3672.0
80105610,7.6,7.16,2011-08-23,5846,80658.0,SANM,SANMINA CORP,3672.0
80105610,7.34,7.0,2011-08-24,9773,80658.0,SANM,SANMINA CORP,3672.0
80105610,6.81,7.42,2011-08-25,9095,80658.0,SANM,SANMINA CORP,3672.0
80105610,7.16,6.76,2011-08-26,6197,80658.0,SANM,SANMINA CORP,3672.0
80105610,7.64,7.26,2011-08-29,4940,80658.0,SANM,SANMINA CORP,3672.0
80105610,7.7,7.59,2011-08-30,6505,80658.0,SANM,SANMINA CORP,3672.0
80105610,7.73,7.8,2011-08-31,5422,80658.0,SANM,SANMINA CORP,3672.0
80105610,7.47,7.73,2011-09-01,9491,80658.0,SANM,SANMINA CORP,3672.0
80105610,7.05,7.21,2011-09-02,5260,80658.0,SANM,SANMINA CORP,3672.0
80105610,6.91,6.73,2011-09-06,7104,80658.0,SANM,SANMINA CORP,3672.0
80105610,7.58,7.07,2011-09-07,8281,80658.0,SANM,SANMINA CORP,3672.0
80105610,7.38,7.47,2011-09-08,9215,80658.0,SANM,SANMINA CORP,3672.0
80105610,7.03,7.3,2011-09-09,8299,80658.0,SANM,SANMINA CORP,3672.0
80105610,6.98,6.92,2011-09-12,5411,80658.0,SANM,SANMINA CORP,3672.0
80105610,7.68,7.0,2011-09-13,16038,80658.0,SANM,SANMINA CORP,3672.0
80105610,7.71,7.79,2011-09-14,8693,80658.0,SANM,SANMINA CORP,3672.0
80105610,7.78,7.77,2011-09-15,5782,80658.0,SANM,SANMINA CORP,3672.0
80105610,7.75,7.85,2011-09-16,4112,80658.0,SANM,SANMINA CORP,3672.0
80105610,7.67,7.53,2011-09-19,5743,80658.0,SANM,SANMINA CORP,3672.0
80105610,7.13,7.64,2011-09-20,6347,80658.0,SANM,SANMINA CORP,3672.0
80105610,7.0,7.23,2011-09-21,7556,80658.0,SANM,SANMINA CORP,3672.0
80105610,6.71,6.83,2011-09-22,8184,80658.0,SANM,SANMINA CORP,3672.0
80105610,6.74,6.71,2011-09-23,5586,80658.0,SANM,SANMINA CORP,3672.0
80105610,6.94,6.83,2011-09-26,4644,80658.0,SANM,SANMINA CORP,3672.0
80105610,7.31,7.12,2011-09-27,7289,80658.0,SANM,SANMINA CORP,3672.0
80105610,6.92,7.38,2011-09-28,8513,80658.0,SANM,SANMINA CORP,3672.0
80105610,7.12,7.13,2011-09-29,4655,80658.0,SANM,SANMINA CORP,3672.0
80105610,6.68,6.95,2011-09-30,4342,80734.0,SANM,SANMINA CORP,3672.0
80105610,6.11,6.59,2011-10-03,8782,80734.0,SANM,SANMINA CORP,3672.0
80105610,6.65,6.01,2011-10-04,9850,80734.0,SANM,SANMINA CORP,3672.0
80105610,7.41,6.69,2011-10-05,10007,80734.0,SANM,SANMINA CORP,3672.0
80105610,7.64,7.37,2011-10-06,6538,80734.0,SANM,SANMINA CORP,3672.0
80105610,7.37,7.7,2011-10-07,6841,80734.0,SANM,SANMINA CORP,3672.0
80105610,7.98,7.56,2011-10-10,6334,80734.0,SANM,SANMINA CORP,3672.0
80105610,7.8,7.82,2011-10-11,5495,80734.0,SANM,SANMINA CORP,3672.0
80105610,8.1,7.94,2011-10-12,6439,80734.0,SANM,SANMINA CORP,3672.0
80105610,8.11,8.02,2011-10-13,4689,80734.0,SANM,SANMINA CORP,3672.0
80105610,8.47,8.21,2011-10-14,5973,80734.0,SANM,SANMINA CORP,3672.0
80105610,8.11,8.35,2011-10-17,7316,80734.0,SANM,SANMINA CORP,3672.0
80105610,8.74,8.13,2011-10-18,9037,80734.0,SANM,SANMINA CORP,3672.0
80105610,8.2,8.69,2011-10-19,7323,80734.0,SANM,SANMINA CORP,3672.0
80105610,7.91,8.19,2011-10-20,9823,80734.0,SANM,SANMINA CORP,3672.0
80105610,8.32,8.12,2011-10-21,10259,80734.0,SANM,SANMINA CORP,3672.0
80105610,8.53,8.36,2011-10-24,5691,80734.0,SANM,SANMINA CORP,3672.0
80105610,8.31,8.47,2011-10-25,5915,80734.0,SANM,SANMINA CORP,3672.0
80105610,8.43,8.47,2011-10-26,6801,80734.0,SANM,SANMINA CORP,3672.0
80105610,8.81,8.73,2011-10-27,11092,80734.0,SANM,SANMINA CORP,3672.0
80105610,8.88,8.72,2011-10-28,6221,80734.0,SANM,SANMINA CORP,3672.0
80105610,8.81,8.65,2011-10-31,8126,80734.0,SANM,SANMINA CORP,3672.0
80105610,8.05,8.41,2011-11-01,18998,80734.0,SANM,SANMINA CORP,3672.0
80105610,8.43,7.7,2011-11-02,14635,80734.0,SANM,SANMINA CORP,3672.0
80105610,8.53,8.58,2011-11-03,10690,80734.0,SANM,SANMINA CORP,3672.0
80105610,8.24,8.39,2011-11-04,7143,80734.0,SANM,SANMINA CORP,3672.0
80105610,8.28,8.24,2011-11-07,5659,80734.0,SANM,SANMINA CORP,3672.0
80105610,9.07,8.37,2011-11-08,13188,80734.0,SANM,SANMINA CORP,3672.0
80105610,8.21,8.71,2011-11-09,8705,80734.0,SANM,SANMINA CORP,3672.0
80105610,8.48,8.39,2011-11-10,7208,80734.0,SANM,SANMINA CORP,3672.0
80105610,8.76,8.66,2011-11-11,4491,80774.0,SANM,SANMINA CORP,3672.0
80105610,8.47,8.69,2011-11-14,4116,80774.0,SANM,SANMINA CORP,3672.0
80105610,8.7,8.39,2011-11-15,5808,80774.0,SANM,SANMINA CORP,3672.0
80105610,8.46,8.55,2011-11-16,5449,80774.0,SANM,SANMINA CORP,3672.0
80105610,8.62,8.75,2011-11-17,10679,80774.0,SANM,SANMINA CORP,3672.0
80105610,8.4,8.66,2011-11-18,6481,80774.0,SANM,SANMINA CORP,3672.0
80105610,8.03,8.2,2011-11-21,6110,80774.0,SANM,SANMINA CORP,3672.0
80105610,7.77,8.0,2011-11-22,5878,80774.0,SANM,SANMINA CORP,3672.0
80105610,7.26,7.64,2011-11-23,5782,80774.0,SANM,SANMINA CORP,3672.0
80105610,7.06,7.2,2011-11-25,2375,80774.0,SANM,SANMINA CORP,3672.0
80105610,7.61,7.32,2011-11-28,7796,80774.0,SANM,SANMINA CORP,3672.0
80105610,7.6,7.61,2011-11-29,4396,80774.0,SANM,SANMINA CORP,3672.0
80105610,8.47,8.04,2011-11-30,5985,80774.0,SANM,SANMINA CORP,3672.0
80105610,8.57,8.44,2011-12-01,4900,80774.0,SANM,SANMINA CORP,3672.0
80105610,8.64,8.72,2011-12-02,4850,80774.0,SANM,SANMINA CORP,3672.0
80105610,8.9,8.88,2011-12-05,5857,80774.0,SANM,SANMINA CORP,3672.0
80105610,8.9,8.88,2011-12-06,3612,80774.0,SANM,SANMINA CORP,3672.0
80105610,8.9,8.8,2011-12-07,3697,80774.0,SANM,SANMINA CORP,3672.0
80105610,8.66,8.78,2011-12-08,6674,80774.0,SANM,SANMINA CORP,3672.0
80105610,9.08,8.7,2011-12-09,4421,80774.0,SANM,SANMINA CORP,3672.0
80105610,8.76,8.89,2011-12-12,6458,80774.0,SANM,SANMINA CORP,3672.0
80105610,8.64,8.85,2011-12-13,8203,80774.0,SANM,SANMINA CORP,3672.0
80105610,8.55,8.54,2011-12-14,6034,81100.0,SANM,SANMINA CORP,3672.0
80105610,8.82,8.71,2011-12-15,4590,81100.0,SANM,SANMINA CORP,3672.0
80105610,8.95,8.93,2011-12-16,4737,81100.0,SANM,SANMINA CORP,3672.0
80105610,8.67,9.03,2011-12-19,3806,81100.0,SANM,SANMINA CORP,3672.0
80105610,9.15,8.94,2011-12-20,4356,81100.0,SANM,SANMINA CORP,3672.0
80105610,9.13,9.03,2011-12-21,4609,81100.0,SANM,SANMINA CORP,3672.0
80105610,9.42,9.24,2011-12-22,4689,81100.0,SANM,SANMINA CORP,3672.0
80105610,9.45,9.45,2011-12-23,1679,81100.0,SANM,SANMINA CORP,3672.0
80105610,9.54,9.42,2011-12-27,1804,81100.0,SANM,SANMINA CORP,3672.0
80105610,9.34,9.52,2011-12-28,3636,81100.0,SANM,SANMINA CORP,3672.0
80105610,9.45,9.39,2011-12-29,3029,81100.0,SANM,SANMINA CORP,3672.0
80105610,9.31,9.43,2011-12-30,2806,81062.0,SANM,SANMINA CORP,3672.0
80105610,9.65,9.66,2012-01-03,5172,81062.0,SANM,SANMINA CORP,3672.0
80105610,9.5,9.58,2012-01-04,2725,81062.0,SANM,SANMINA CORP,3672.0
80105610,9.79,9.43,2012-01-05,2778,81062.0,SANM,SANMINA CORP,3672.0
80105610,9.71,9.75,2012-01-06,2629,81062.0,SANM,SANMINA CORP,3672.0
80105610,9.79,9.76,2012-01-09,4233,81062.0,SANM,SANMINA CORP,3672.0
80105610,9.75,9.97,2012-01-10,4010,81062.0,SANM,SANMINA CORP,3672.0
80105610,10.2,9.66,2012-01-11,3488,81062.0,SANM,SANMINA CORP,3672.0
80105610,10.43,10.2,2012-01-12,2901,81062.0,SANM,SANMINA CORP,3672.0
80105610,10.25,10.24,2012-01-13,3389,81062.0,SANM,SANMINA CORP,3672.0
80105610,10.16,10.31,2012-01-17,4503,81062.0,SANM,SANMINA CORP,3672.0
80105610,10.5,10.08,2012-01-18,11290,81062.0,SANM,SANMINA CORP,3672.0
80105610,10.18,9.92,2012-01-19,16648,81062.0,SANM,SANMINA CORP,3672.0
80105610,10.91,10.22,2012-01-20,10338,81062.0,SANM,SANMINA CORP,3672.0
80105610,10.91,10.62,2012-01-23,6964,81062.0,SANM,SANMINA CORP,3672.0
80105610,10.93,10.82,2012-01-24,3956,81062.0,SANM,SANMINA CORP,3672.0
80105610,10.86,10.94,2012-01-25,4316,81062.0,SANM,SANMINA CORP,3672.0
80105610,10.81,10.92,2012-01-26,4902,81062.0,SANM,SANMINA CORP,3672.0
80105610,10.81,10.69,2012-01-27,4815,81062.0,SANM,SANMINA CORP,3672.0
80105610,10.85,10.67,2012-01-30,4247,81062.0,SANM,SANMINA CORP,3672.0
80105610,10.98,10.92,2012-01-31,4781,81062.0,SANM,SANMINA CORP,3672.0
80105610,11.65,11.0,2012-02-01,11301,81062.0,SANM,SANMINA CORP,3672.0
80105610,11.64,11.69,2012-02-02,5718,81062.0,SANM,SANMINA CORP,3672.0
80105610,12.12,11.95,2012-02-03,5695,81062.0,SANM,SANMINA CORP,3672.0
80105610,12.03,11.96,2012-02-06,3362,81062.0,SANM,SANMINA CORP,3672.0
80105610,12.02,11.96,2012-02-07,5045,81062.0,SANM,SANMINA CORP,3672.0
80105610,12.14,12.01,2012-02-08,4175,81062.0,SANM,SANMINA CORP,3672.0
80105610,12.18,12.15,2012-02-09,3566,81062.0,SANM,SANMINA CORP,3672.0
80105610,12.05,12.0,2012-02-10,4710,81062.0,SANM,SANMINA CORP,3672.0
80105610,12.32,12.11,2012-02-13,4903,81062.0,SANM,SANMINA CORP,3672.0
80105610,12.19,12.22,2012-02-14,3287,81062.0,SANM,SANMINA CORP,3672.0
80105610,12.05,12.27,2012-02-15,3292,81062.0,SANM,SANMINA CORP,3672.0
80105610,12.35,12.02,2012-02-16,3449,81062.0,SANM,SANMINA CORP,3672.0
80105610,12.37,12.44,2012-02-17,2252,81466.0,SANM,SANMINA CORP,3672.0
80105610,12.21,12.33,2012-02-21,4057,81466.0,SANM,SANMINA CORP,3672.0
80105610,11.93,12.17,2012-02-22,3882,81466.0,SANM,SANMINA CORP,3672.0
80105610,12.26,11.93,2012-02-23,2458,81466.0,SANM,SANMINA CORP,3672.0
80105610,12.15,12.28,2012-02-24,2885,81466.0,SANM,SANMINA CORP,3672.0
80105610,12.18,12.02,2012-02-27,2608,81466.0,SANM,SANMINA CORP,3672.0
80105610,11.93,12.19,2012-02-28,3863,81466.0,SANM,SANMINA CORP,3672.0
80105610,11.6,11.93,2012-02-29,3769,81466.0,SANM,SANMINA CORP,3672.0
80105610,11.7,11.56,2012-03-01,3359,81466.0,SANM,SANMINA CORP,3672.0
80105610,11.6,11.7,2012-03-02,6184,81466.0,SANM,SANMINA CORP,3672.0
80105610,11.41,11.61,2012-03-05,4063,81466.0,SANM,SANMINA CORP,3672.0
80105610,10.84,11.2,2012-03-06,5330,81466.0,SANM,SANMINA CORP,3672.0
80105610,11.0,10.95,2012-03-07,3644,81466.0,SANM,SANMINA CORP,3672.0
80105610,11.03,11.13,2012-03-08,3294,81466.0,SANM,SANMINA CORP,3672.0
80105610,11.13,11.04,2012-03-09,3780,81466.0,SANM,SANMINA CORP,3672.0
80105610,11.08,11.17,2012-03-12,1899,81466.0,SANM,SANMINA CORP,3672.0
80105610,11.45,11.21,2012-03-13,3322,81466.0,SANM,SANMINA CORP,3672.0
80105610,11.44,11.42,2012-03-14,2896,81466.0,SANM,SANMINA CORP,3672.0
80105610,11.58,11.5,2012-03-15,2496,81466.0,SANM,SANMINA CORP,3672.0
80105610,11.52,11.64,2012-03-16,2133,81466.0,SANM,SANMINA CORP,3672.0
80105610,11.59,11.42,2012-03-19,3155,81466.0,SANM,SANMINA CORP,3672.0
80105610,11.34,11.44,2012-03-20,2189,81466.0,SANM,SANMINA CORP,3672.0
80105610,11.38,11.34,2012-03-21,1658,81466.0,SANM,SANMINA CORP,3672.0
80105610,11.07,11.25,2012-03-22,1984,81466.0,SANM,SANMINA CORP,3672.0
80105610,11.07,11.05,2012-03-23,3534,81466.0,SANM,SANMINA CORP,3672.0
80105610,11.18,11.22,2012-03-26,4365,81466.0,SANM,SANMINA CORP,3672.0
80105610,11.17,11.22,2012-03-27,3936,81466.0,SANM,SANMINA CORP,3672.0
80105610,11.24,11.21,2012-03-28,3524,81466.0,SANM,SANMINA CORP,3672.0
80105610,11.44,11.09,2012-03-29,2965,81466.0,SANM,SANMINA CORP,3672.0
80105610,11.45,11.53,2012-03-30,3032,81499.0,SANM,SANMINA CORP,3672.0
80105610,11.64,11.39,2012-04-02,3593,81499.0,SANM,SANMINA CORP,3672.0
80105610,11.39,11.64,2012-04-03,2567,81499.0,SANM,SANMINA CORP,3672.0
80105610,11.07,11.24,2012-04-04,3359,81499.0,SANM,SANMINA CORP,3672.0
80105610,10.91,11.0,2012-04-05,4083,81499.0,SANM,SANMINA CORP,3672.0
80105610,10.73,11.04,2012-04-09,4007,81499.0,SANM,SANMINA CORP,3672.0
80105610,10.05,10.74,2012-04-10,5644,81499.0,SANM,SANMINA CORP,3672.0
80105610,10.245,10.22,2012-04-11,3853,81499.0,SANM,SANMINA CORP,3672.0
80105610,10.67,10.26,2012-04-12,5349,81499.0,SANM,SANMINA CORP,3672.0
80105610,10.6,10.59,2012-04-13,3464,81499.0,SANM,SANMINA CORP,3672.0
80105610,10.76,10.71,2012-04-16,3067,81499.0,SANM,SANMINA CORP,3672.0
80105610,11.11,10.88,2012-04-17,3172,81499.0,SANM,SANMINA CORP,3672.0
80105610,10.89,10.99,2012-04-18,2534,81499.0,SANM,SANMINA CORP,3672.0
80105610,10.66,10.94,2012-04-19,3796,81499.0,SANM,SANMINA CORP,3672.0
80105610,10.58,10.97,2012-04-20,2269,81499.0,SANM,SANMINA CORP,3672.0
80105610,10.26,10.3,2012-04-23,4697,81499.0,SANM,SANMINA CORP,3672.0
80105610,8.87,9.76,2012-04-24,17731,81499.0,SANM,SANMINA CORP,3672.0
80105610,8.7,8.86,2012-04-25,11248,81499.0,SANM,SANMINA CORP,3672.0
80105610,8.97,8.7,2012-04-26,4702,81499.0,SANM,SANMINA CORP,3672.0
80105610,9.2,8.96,2012-04-27,4558,81499.0,SANM,SANMINA CORP,3672.0
80105610,8.9,9.18,2012-04-30,3862,81499.0,SANM,SANMINA CORP,3672.0
80105610,8.83,8.89,2012-05-01,3344,81499.0,SANM,SANMINA CORP,3672.0
80105610,8.61,8.72,2012-05-02,5342,81499.0,SANM,SANMINA CORP,3672.0
80105610,8.64,8.64,2012-05-03,5839,81499.0,SANM,SANMINA CORP,3672.0
80105610,8.47,8.56,2012-05-04,3855,81499.0,SANM,SANMINA CORP,3672.0
80105610,8.28,8.41,2012-05-07,3975,81499.0,SANM,SANMINA CORP,3672.0
80105610,8.34,8.17,2012-05-08,3541,81499.0,SANM,SANMINA CORP,3672.0
80105610,7.97,8.18,2012-05-09,3899,81499.0,SANM,SANMINA CORP,3672.0
80105610,7.73,8.08,2012-05-10,3782,81499.0,SANM,SANMINA CORP,3672.0
80105610,7.72,7.66,2012-05-11,2837,81499.0,SANM,SANMINA CORP,3672.0
80105610,7.59,7.63,2012-05-14,2294,81499.0,SANM,SANMINA CORP,3672.0
80105610,7.38,7.59,2012-05-15,3445,81499.0,SANM,SANMINA CORP,3672.0
80105610,7.13,7.42,2012-05-16,4161,81499.0,SANM,SANMINA CORP,3672.0
80105610,7.33,7.16,2012-05-17,5463,81499.0,SANM,SANMINA CORP,3672.0
80105610,7.25,7.32,2012-05-18,4180,81499.0,SANM,SANMINA CORP,3672.0
80105610,7.59,7.26,2012-05-21,3508,81499.0,SANM,SANMINA CORP,3672.0
80105610,7.29,7.6,2012-05-22,4495,81499.0,SANM,SANMINA CORP,3672.0
80105610,7.38,7.09,2012-05-23,4716,81499.0,SANM,SANMINA CORP,3672.0
80105610,7.19,7.37,2012-05-24,4139,81499.0,SANM,SANMINA CORP,3672.0
80105610,7.22,7.21,2012-05-25,3306,81499.0,SANM,SANMINA CORP,3672.0
80105610,7.27,7.29,2012-05-29,3645,81499.0,SANM,SANMINA CORP,3672.0
80105610,7.1,7.15,2012-05-30,2420,81499.0,SANM,SANMINA CORP,3672.0
80105610,7.11,7.1,2012-05-31,2433,81499.0,SANM,SANMINA CORP,3672.0
80105610,6.78,6.91,2012-06-01,2345,81499.0,SANM,SANMINA CORP,3672.0
80105610,6.69,6.82,2012-06-04,2624,81499.0,SANM,SANMINA CORP,3672.0
80105610,7.02,6.66,2012-06-05,4866,81499.0,SANM,SANMINA CORP,3672.0
80105610,7.31,7.09,2012-06-06,3323,81499.0,SANM,SANMINA CORP,3672.0
80105610,7.15,7.42,2012-06-07,3379,81499.0,SANM,SANMINA CORP,3672.0
80105610,7.16,7.12,2012-06-08,2900,81499.0,SANM,SANMINA CORP,3672.0
80105610,6.85,7.3,2012-06-11,2428,81499.0,SANM,SANMINA CORP,3672.0
80105610,7.21,6.89,2012-06-12,4474,81499.0,SANM,SANMINA CORP,3672.0
80105610,6.99,7.17,2012-06-13,2851,81499.0,SANM,SANMINA CORP,3672.0
80105610,6.96,6.95,2012-06-14,2109,81499.0,SANM,SANMINA CORP,3672.0
80105610,7.2,6.97,2012-06-15,2183,81499.0,SANM,SANMINA CORP,3672.0
80105610,7.39,7.12,2012-06-18,3215,81499.0,SANM,SANMINA CORP,3672.0
80105610,7.61,7.4,2012-06-19,6354,81499.0,SANM,SANMINA CORP,3672.0
80105610,7.54,7.52,2012-06-20,4048,81499.0,SANM,SANMINA CORP,3672.0
80105610,7.21,7.56,2012-06-21,2421,81499.0,SANM,SANMINA CORP,3672.0
80105610,7.7,7.26,2012-06-22,3821,81499.0,SANM,SANMINA CORP,3672.0
80105610,7.64,7.54,2012-06-25,3750,81499.0,SANM,SANMINA CORP,3672.0
80105610,7.5,7.69,2012-06-26,4339,81499.0,SANM,SANMINA CORP,3672.0
80105610,7.83,7.51,2012-06-27,3030,81499.0,SANM,SANMINA CORP,3672.0
80105610,7.85,7.72,2012-06-28,2710,81499.0,SANM,SANMINA CORP,3672.0
80105610,8.19,8.1,2012-06-29,3524,81575.0,SANM,SANMINA CORP,3672.0
80105610,8.04,8.23,2012-07-02,2996,81575.0,SANM,SANMINA CORP,3672.0
80105610,8.18,8.01,2012-07-03,1452,81575.0,SANM,SANMINA CORP,3672.0
80105610,8.19,8.12,2012-07-05,2054,81575.0,SANM,SANMINA CORP,3672.0
80105610,7.99,8.05,2012-07-06,2514,81575.0,SANM,SANMINA CORP,3672.0
80105610,7.8,7.96,2012-07-09,2034,81575.0,SANM,SANMINA CORP,3672.0
80105610,7.66,7.85,2012-07-10,2011,81575.0,SANM,SANMINA CORP,3672.0
80105610,7.71,7.66,2012-07-11,1917,81575.0,SANM,SANMINA CORP,3672.0
80105610,7.44,7.58,2012-07-12,3317,81575.0,SANM,SANMINA CORP,3672.0
80105610,7.64,7.46,2012-07-13,3100,81575.0,SANM,SANMINA CORP,3672.0
80105610,7.31,7.58,2012-07-16,3487,81575.0,SANM,SANMINA CORP,3672.0
80105610,7.48,7.4,2012-07-17,2147,81575.0,SANM,SANMINA CORP,3672.0
80105610,7.62,7.43,2012-07-18,2438,81575.0,SANM,SANMINA CORP,3672.0
80105610,7.63,7.65,2012-07-19,2885,81575.0,SANM,SANMINA CORP,3672.0
80105610,7.41,7.52,2012-07-20,1781,81575.0,SANM,SANMINA CORP,3672.0
80105610,7.18,7.31,2012-07-23,3550,81575.0,SANM,SANMINA CORP,3672.0
80105610,7.94,8.0,2012-07-24,19656,81575.0,SANM,SANMINA CORP,3672.0
80105610,8.26,8.05,2012-07-25,6862,81575.0,SANM,SANMINA CORP,3672.0
80105610,8.47,8.5,2012-07-26,7646,81575.0,SANM,SANMINA CORP,3672.0
80105610,8.75,8.56,2012-07-27,7707,81575.0,SANM,SANMINA CORP,3672.0
80105610,8.59,8.75,2012-07-30,5058,81575.0,SANM,SANMINA CORP,3672.0
80105610,8.54,8.57,2012-07-31,3826,81575.0,SANM,SANMINA CORP,3672.0
80105610,8.05,8.63,2012-08-01,6997,81575.0,SANM,SANMINA CORP,3672.0
80105610,8.15,7.99,2012-08-02,4939,81575.0,SANM,SANMINA CORP,3672.0
80105610,8.54,8.25,2012-08-03,4424,81575.0,SANM,SANMINA CORP,3672.0
80105610,8.48,8.58,2012-08-06,3723,81575.0,SANM,SANMINA CORP,3672.0
80105610,8.41,8.32,2012-08-07,6679,81575.0,SANM,SANMINA CORP,3672.0
80105610,8.33,8.39,2012-08-08,3098,81575.0,SANM,SANMINA CORP,3672.0
80105610,8.76,8.34,2012-08-09,4204,81575.0,SANM,SANMINA CORP,3672.0
80105610,8.78,8.74,2012-08-10,3346,81575.0,SANM,SANMINA CORP,3672.0
80105610,8.7,8.78,2012-08-13,2892,81575.0,SANM,SANMINA CORP,3672.0
80105610,8.91,8.81,2012-08-14,4704,81575.0,SANM,SANMINA CORP,3672.0
80105610,8.8,8.86,2012-08-15,1875,81575.0,SANM,SANMINA CORP,3672.0
80105610,8.99,8.81,2012-08-16,1852,81575.0,SANM,SANMINA CORP,3672.0
80105610,9.18,8.96,2012-08-17,1852,81575.0,SANM,SANMINA CORP,3672.0
80105610,9.03,9.17,2012-08-20,2185,81575.0,SANM,SANMINA CORP,3672.0
80105610,9.0,9.09,2012-08-21,3147,81575.0,SANM,SANMINA CORP,3672.0
80105610,8.95,8.95,2012-08-22,1668,81575.0,SANM,SANMINA CORP,3672.0
80105610,8.81,8.92,2012-08-23,1980,81575.0,SANM,SANMINA CORP,3672.0
80105610,8.78,8.76,2012-08-24,1648,81575.0,SANM,SANMINA CORP,3672.0
80105610,9.11,8.82,2012-08-27,3429,81575.0,SANM,SANMINA CORP,3672.0
80105610,8.85,9.09,2012-08-28,2460,81575.0,SANM,SANMINA CORP,3672.0
80105610,9.09,8.88,2012-08-29,2020,81575.0,SANM,SANMINA CORP,3672.0
80105610,8.66,8.98,2012-08-30,3096,81575.0,SANM,SANMINA CORP,3672.0
80105610,8.64,8.77,2012-08-31,2473,81575.0,SANM,SANMINA CORP,3672.0
80105610,8.58,8.62,2012-09-04,3137,81575.0,SANM,SANMINA CORP,3672.0
80105610,8.51,8.63,2012-09-05,1795,81575.0,SANM,SANMINA CORP,3672.0
80105610,8.98,8.59,2012-09-06,3270,81575.0,SANM,SANMINA CORP,3672.0
80105610,9.02,9.0,2012-09-07,1678,81575.0,SANM,SANMINA CORP,3672.0
80105610,8.98,9.03,2012-09-10,2542,81575.0,SANM,SANMINA CORP,3672.0
80105610,9.03,8.97,2012-09-11,1532,81575.0,SANM,SANMINA CORP,3672.0
80105610,9.15,9.05,2012-09-12,2838,81575.0,SANM,SANMINA CORP,3672.0
80105610,9.12,9.17,2012-09-13,4635,81575.0,SANM,SANMINA CORP,3672.0
80105610,9.54,9.21,2012-09-14,2625,81575.0,SANM,SANMINA CORP,3672.0
80105610,9.36,9.5,2012-09-17,2259,81575.0,SANM,SANMINA CORP,3672.0
80105610,9.31,9.3,2012-09-18,2140,81575.0,SANM,SANMINA CORP,3672.0
80105610,9.41,9.3,2012-09-19,1765,81575.0,SANM,SANMINA CORP,3672.0
80105610,9.3103,9.3,2012-09-20,2769,81575.0,SANM,SANMINA CORP,3672.0
80105610,9.32,9.47,2012-09-21,1928,81575.0,SANM,SANMINA CORP,3672.0
80105610,9.19,9.24,2012-09-24,2102,81575.0,SANM,SANMINA CORP,3672.0
80105610,9.12,9.25,2012-09-25,3368,81575.0,SANM,SANMINA CORP,3672.0
80105610,8.32,9.05,2012-09-26,6887,81575.0,SANM,SANMINA CORP,3672.0
80105610,8.64,8.35,2012-09-27,3661,81575.0,SANM,SANMINA CORP,3672.0
80105610,8.51,8.6,2012-09-28,2543,81635.0,SANM,SANMINA CORP,3672.0
80105610,8.21,8.57,2012-10-01,2608,81635.0,SANM,SANMINA CORP,3672.0
80105610,8.32,8.28,2012-10-02,2825,81635.0,SANM,SANMINA CORP,3672.0
80105610,7.91,8.28,2012-10-03,3815,81635.0,SANM,SANMINA CORP,3672.0
80105610,7.97,7.97,2012-10-04,4161,81635.0,SANM,SANMINA CORP,3672.0
80105610,8.1,8.03,2012-10-05,2567,81635.0,SANM,SANMINA CORP,3672.0
80105610,8.08,8.03,2012-10-08,1662,81635.0,SANM,SANMINA CORP,3672.0
80105610,7.92,8.09,2012-10-09,1875,81635.0,SANM,SANMINA CORP,3672.0
80105610,8.17,7.92,2012-10-10,4318,81635.0,SANM,SANMINA CORP,3672.0
80105610,8.27,8.2,2012-10-11,3927,81635.0,SANM,SANMINA CORP,3672.0
80105610,7.87,8.22,2012-10-12,2850,81635.0,SANM,SANMINA CORP,3672.0
80105610,7.99,7.88,2012-10-15,2100,81635.0,SANM,SANMINA CORP,3672.0
80105610,8.14,8.04,2012-10-16,1823,81635.0,SANM,SANMINA CORP,3672.0
80105610,8.48,8.12,2012-10-17,2895,81635.0,SANM,SANMINA CORP,3672.0
80105610,8.41,8.48,2012-10-18,2724,81635.0,SANM,SANMINA CORP,3672.0
80105610,7.99,8.27,2012-10-19,2820,81635.0,SANM,SANMINA CORP,3672.0
80105610,7.95,7.94,2012-10-22,1569,81635.0,SANM,SANMINA CORP,3672.0
80105610,7.99,7.85,2012-10-23,3100,81635.0,SANM,SANMINA CORP,3672.0
80105610,7.77,8.04,2012-10-24,3016,81635.0,SANM,SANMINA CORP,3672.0
80105610,7.71,7.85,2012-10-25,3006,81635.0,SANM,SANMINA CORP,3672.0
80105610,7.6,7.74,2012-10-26,2978,81635.0,SANM,SANMINA CORP,3672.0
80105610,8.88,7.96,2012-10-31,8660,81635.0,SANM,SANMINA CORP,3672.0
80105610,9.13,8.87,2012-11-01,5168,81635.0,SANM,SANMINA CORP,3672.0
80105610,9.11,9.16,2012-11-02,2794,81635.0,SANM,SANMINA CORP,3672.0
80105610,9.3,9.14,2012-11-05,2709,81635.0,SANM,SANMINA CORP,3672.0
80105610,9.4,9.3,2012-11-06,2604,81635.0,SANM,SANMINA CORP,3672.0
80105610,9.23,9.18,2012-11-07,3716,81635.0,SANM,SANMINA CORP,3672.0
80105610,8.87,9.05,2012-11-08,2409,81635.0,SANM,SANMINA CORP,3672.0
80105610,8.94,8.79,2012-11-09,2363,81765.0,SANM,SANMINA CORP,3672.0
80105610,8.64,9.01,2012-11-12,2676,81765.0,SANM,SANMINA CORP,3672.0
80105610,8.4912,8.58,2012-11-13,3878,81765.0,SANM,SANMINA CORP,3672.0
80105610,8.495,8.55,2012-11-14,2906,81765.0,SANM,SANMINA CORP,3672.0
80105610,8.62,8.51,2012-11-15,2733,81765.0,SANM,SANMINA CORP,3672.0
80105610,8.93,8.6,2012-11-16,3333,81765.0,SANM,SANMINA CORP,3672.0
80105610,9.11,8.86,2012-11-19,3624,81765.0,SANM,SANMINA CORP,3672.0
80105610,9.13,9.04,2012-11-20,2036,81765.0,SANM,SANMINA CORP,3672.0
80105610,9.23,9.2,2012-11-21,3529,81765.0,SANM,SANMINA CORP,3672.0
80105610,9.22,9.23,2012-11-23,889,81765.0,SANM,SANMINA CORP,3672.0
80105610,9.26,9.16,2012-11-26,3190,81765.0,SANM,SANMINA CORP,3672.0
80105610,9.21,9.23,2012-11-27,1640,81765.0,SANM,SANMINA CORP,3672.0
80105610,9.34,9.13,2012-11-28,2820,81765.0,SANM,SANMINA CORP,3672.0
80105610,9.4,9.41,2012-11-29,3523,81765.0,SANM,SANMINA CORP,3672.0
80105610,9.42,9.4,2012-11-30,2855,81765.0,SANM,SANMINA CORP,3672.0
80105610,9.76,9.5,2012-12-03,5020,81765.0,SANM,SANMINA CORP,3672.0
80105610,9.69,9.77,2012-12-04,2377,81765.0,SANM,SANMINA CORP,3672.0
80105610,10.11,9.73,2012-12-05,6788,81765.0,SANM,SANMINA CORP,3672.0
80105610,10.12,10.13,2012-12-06,3564,81765.0,SANM,SANMINA CORP,3672.0
80105610,10.16,10.22,2012-12-07,1861,81765.0,SANM,SANMINA CORP,3672.0
80105610,10.27,10.17,2012-12-10,2075,81765.0,SANM,SANMINA CORP,3672.0
80105610,10.55,10.4,2012-12-11,3363,81765.0,SANM,SANMINA CORP,3672.0
80105610,10.37,10.6,2012-12-12,3169,81765.0,SANM,SANMINA CORP,3672.0
80105610,10.43,10.36,2012-12-13,3218,81765.0,SANM,SANMINA CORP,3672.0
80105610,10.31,10.39,2012-12-14,2624,81765.0,SANM,SANMINA CORP,3672.0
80105610,10.91,10.42,2012-12-17,5769,81765.0,SANM,SANMINA CORP,3672.0
80105610,11.0,10.97,2012-12-18,4483,81765.0,SANM,SANMINA CORP,3672.0
80105610,10.84,11.04,2012-12-19,4334,81765.0,SANM,SANMINA CORP,3672.0
80105610,11.03,10.91,2012-12-20,3697,81765.0,SANM,SANMINA CORP,3672.0
80105610,10.75,10.91,2012-12-21,3376,81765.0,SANM,SANMINA CORP,3672.0
80105610,10.75,10.77,2012-12-24,1188,81765.0,SANM,SANMINA CORP,3672.0
80105610,10.73,10.82,2012-12-26,1989,81765.0,SANM,SANMINA CORP,3672.0
80105610,10.74,10.78,2012-12-27,2434,81765.0,SANM,SANMINA CORP,3672.0
80105610,10.33,10.64,2012-12-28,5203,82516.0,SANM,SANMINA CORP,3672.0
80105610,11.07,10.31,2012-12-31,5697,82516.0,SANM,SANMINA CORP,3672.0
80105610,11.27,11.44,2013-01-02,5338,82516.0,SANM,SANMINA CORP,3672.0
80105610,11.22,11.27,2013-01-03,3706,82516.0,SANM,SANMINA CORP,3672.0
80105610,11.44,11.31,2013-01-04,3186,82516.0,SANM,SANMINA CORP,3672.0
80105610,11.28,11.38,2013-01-07,2672,82516.0,SANM,SANMINA CORP,3672.0
80105610,10.84,11.16,2013-01-08,4626,82516.0,SANM,SANMINA CORP,3672.0
80105610,10.84,10.83,2013-01-09,3636,82516.0,SANM,SANMINA CORP,3672.0
80105610,10.89,10.99,2013-01-10,5645,82516.0,SANM,SANMINA CORP,3672.0
80105610,11.15,10.85,2013-01-11,4288,82516.0,SANM,SANMINA CORP,3672.0
80105610,10.99,11.04,2013-01-14,2767,82516.0,SANM,SANMINA CORP,3672.0
80105610,11.13,10.86,2013-01-15,3528,82516.0,SANM,SANMINA CORP,3672.0
80105610,11.5,11.11,2013-01-16,3643,82516.0,SANM,SANMINA CORP,3672.0
80105610,11.69,11.6,2013-01-17,3224,82516.0,SANM,SANMINA CORP,3672.0
80105610,11.54,11.7,2013-01-18,2448,82646.0,SANM,SANMINA CORP,3672.0
80105610,11.65,11.55,2013-01-22,2819,82646.0,SANM,SANMINA CORP,3672.0
80105610,11.7,11.65,2013-01-23,2832,82646.0,SANM,SANMINA CORP,3672.0
80105610,11.82,11.69,2013-01-24,3239,82646.0,SANM,SANMINA CORP,3672.0
80105610,11.73,11.8,2013-01-25,3913,82516.0,SANM,SANMINA CORP,3672.0
80105610,11.75,11.73,2013-01-28,3223,82516.0,SANM,SANMINA CORP,3672.0
80105610,9.2,11.0,2013-01-29,21390,82516.0,SANM,SANMINA CORP,3672.0
80105610,9.61,9.26,2013-01-30,10822,82516.0,SANM,SANMINA CORP,3672.0
80105610,9.52,9.56,2013-01-31,5261,82516.0,SANM,SANMINA CORP,3672.0
80105610,9.71,9.62,2013-02-01,5257,82516.0,SANM,SANMINA CORP,3672.0
80105610,9.56,9.66,2013-02-04,4165,82516.0,SANM,SANMINA CORP,3672.0
80105610,9.95,9.63,2013-02-05,4484,82516.0,SANM,SANMINA CORP,3672.0
80105610,9.83,9.87,2013-02-06,3488,82516.0,SANM,SANMINA CORP,3672.0
80105610,10.04,9.83,2013-02-07,5066,82516.0,SANM,SANMINA CORP,3672.0
80105610,9.87,10.04,2013-02-08,4790,82516.0,SANM,SANMINA CORP,3672.0
80105610,9.89,9.84,2013-02-11,3680,82516.0,SANM,SANMINA CORP,3672.0
80105610,9.96,9.9,2013-02-12,1759,82516.0,SANM,SANMINA CORP,3672.0
80105610,10.15,10.01,2013-02-13,2726,82516.0,SANM,SANMINA CORP,3672.0
80105610,10.28,10.11,2013-02-14,3137,82516.0,SANM,SANMINA CORP,3672.0
80105610,10.1,10.33,2013-02-15,3230,82516.0,SANM,SANMINA CORP,3672.0
80105610,10.35,10.16,2013-02-19,3949,82516.0,SANM,SANMINA CORP,3672.0
80105610,10.22,10.32,2013-02-20,3198,82516.0,SANM,SANMINA CORP,3672.0
80105610,10.0,10.18,2013-02-21,2811,82516.0,SANM,SANMINA CORP,3672.0
80105610,10.17,10.05,2013-02-22,1869,82516.0,SANM,SANMINA CORP,3672.0
80105610,10.19,10.21,2013-02-25,4723,82516.0,SANM,SANMINA CORP,3672.0
80105610,10.01,10.24,2013-02-26,7354,82516.0,SANM,SANMINA CORP,3672.0
80105610,10.15,9.98,2013-02-27,4718,82516.0,SANM,SANMINA CORP,3672.0
80105610,10.25,10.1,2013-02-28,4582,82516.0,SANM,SANMINA CORP,3672.0
80105610,10.26,10.12,2013-03-01,3811,82516.0,SANM,SANMINA CORP,3672.0
80105610,10.3,10.25,2013-03-04,2614,82516.0,SANM,SANMINA CORP,3672.0
80105610,10.62,10.35,2013-03-05,4039,82516.0,SANM,SANMINA CORP,3672.0
80105610,10.87,10.63,2013-03-06,4852,82516.0,SANM,SANMINA CORP,3672.0
80105610,11.15,10.84,2013-03-07,4975,82516.0,SANM,SANMINA CORP,3672.0
80105610,11.31,11.29,2013-03-08,4661,82516.0,SANM,SANMINA CORP,3672.0
80105610,11.38,11.26,2013-03-11,2610,82516.0,SANM,SANMINA CORP,3672.0
80105610,11.66,11.5,2013-03-12,5121,82516.0,SANM,SANMINA CORP,3672.0
80105610,11.78,11.63,2013-03-13,3499,82516.0,SANM,SANMINA CORP,3672.0
80105610,12.08,11.84,2013-03-14,3835,82516.0,SANM,SANMINA CORP,3672.0
80105610,11.85,12.06,2013-03-15,3555,82516.0,SANM,SANMINA CORP,3672.0
80105610,11.4,11.64,2013-03-18,7069,82516.0,SANM,SANMINA CORP,3672.0
80105610,11.54,11.45,2013-03-19,4577,82516.0,SANM,SANMINA CORP,3672.0
80105610,11.68,11.6,2013-03-20,2346,82516.0,SANM,SANMINA CORP,3672.0
80105610,11.45,11.56,2013-03-21,3559,82516.0,SANM,SANMINA CORP,3672.0
80105610,11.3,11.52,2013-03-22,3768,82516.0,SANM,SANMINA CORP,3672.0
80105610,11.36,11.37,2013-03-25,2224,82516.0,SANM,SANMINA CORP,3672.0
80105610,11.39,11.4,2013-03-26,1827,82516.0,SANM,SANMINA CORP,3672.0
80105610,11.43,11.27,2013-03-27,2100,82516.0,SANM,SANMINA CORP,3672.0
80105610,11.37,11.43,2013-03-28,2162,82785.0,SANM,SANMINA CORP,3672.0
80105610,11.11,11.34,2013-04-01,3314,82785.0,SANM,SANMINA CORP,3672.0
80105610,11.04,11.17,2013-04-02,2724,82785.0,SANM,SANMINA CORP,3672.0
80105610,10.82,11.04,2013-04-03,5220,82785.0,SANM,SANMINA CORP,3672.0
80105610,10.92,10.85,2013-04-04,2320,82785.0,SANM,SANMINA CORP,3672.0
80105610,10.83,10.69,2013-04-05,2462,82785.0,SANM,SANMINA CORP,3672.0
80105610,10.97,10.85,2013-04-08,3018,82785.0,SANM,SANMINA CORP,3672.0
80105610,11.2,11.02,2013-04-09,3046,82785.0,SANM,SANMINA CORP,3672.0
80105610,11.7,11.21,2013-04-10,3282,82785.0,SANM,SANMINA CORP,3672.0
80105610,11.61,11.68,2013-04-11,3266,82785.0,SANM,SANMINA CORP,3672.0
80105610,11.7,11.53,2013-04-12,2606,82785.0,SANM,SANMINA CORP,3672.0
80105610,10.81,11.62,2013-04-15,3866,82785.0,SANM,SANMINA CORP,3672.0
80105610,11.07,10.94,2013-04-16,2885,82785.0,SANM,SANMINA CORP,3672.0
80105610,10.64,10.93,2013-04-17,3147,82785.0,SANM,SANMINA CORP,3672.0
80105610,10.43,10.7,2013-04-18,4401,82785.0,SANM,SANMINA CORP,3672.0
80105610,10.69,10.42,2013-04-19,2290,82785.0,SANM,SANMINA CORP,3672.0
80105610,10.83,10.73,2013-04-22,4481,82785.0,SANM,SANMINA CORP,3672.0
80105610,12.49,11.24,2013-04-23,10705,82785.0,SANM,SANMINA CORP,3672.0
80105610,12.3,12.4,2013-04-24,7095,82785.0,SANM,SANMINA CORP,3672.0
80105610,12.42,12.28,2013-04-25,4704,82785.0,SANM,SANMINA CORP,3672.0
80105610,12.4,12.35,2013-04-26,3262,82785.0,SANM,SANMINA CORP,3672.0
80105610,12.63,12.48,2013-04-29,3813,82785.0,SANM,SANMINA CORP,3672.0
80105610,12.62,12.6,2013-04-30,5269,82785.0,SANM,SANMINA CORP,3672.0
80105610,12.01,12.56,2013-05-01,4943,82785.0,SANM,SANMINA CORP,3672.0
80105610,12.44,12.13,2013-05-02,5019,82785.0,SANM,SANMINA CORP,3672.0
80105610,12.83,12.7,2013-05-03,4569,82785.0,SANM,SANMINA CORP,3672.0
80105610,12.97,12.87,2013-05-06,2881,82785.0,SANM,SANMINA CORP,3672.0
80105610,13.0,12.97,2013-05-07,2681,82785.0,SANM,SANMINA CORP,3672.0
80105610,12.95,12.94,2013-05-08,3141,82785.0,SANM,SANMINA CORP,3672.0
80105610,12.92,12.91,2013-05-09,3161,82785.0,SANM,SANMINA CORP,3672.0
80105610,13.36,12.95,2013-05-10,2977,82785.0,SANM,SANMINA CORP,3672.0
80105610,13.43,13.37,2013-05-13,3246,82785.0,SANM,SANMINA CORP,3672.0
80105610,13.7,13.48,2013-05-14,2478,82785.0,SANM,SANMINA CORP,3672.0
80105610,13.84,13.65,2013-05-15,2199,82785.0,SANM,SANMINA CORP,3672.0
80105610,13.89,13.87,2013-05-16,3119,82785.0,SANM,SANMINA CORP,3672.0
80105610,14.09,14.0,2013-05-17,1933,82785.0,SANM,SANMINA CORP,3672.0
80105610,13.79,14.02,2013-05-20,4196,82785.0,SANM,SANMINA CORP,3672.0
80105610,13.97,13.83,2013-05-21,2924,82785.0,SANM,SANMINA CORP,3672.0
80105610,13.64,13.99,2013-05-22,2701,82785.0,SANM,SANMINA CORP,3672.0
80105610,13.0,13.14,2013-05-23,5726,82785.0,SANM,SANMINA CORP,3672.0
80105610,13.19,12.86,2013-05-24,2118,82785.0,SANM,SANMINA CORP,3672.0
80105610,13.46,13.49,2013-05-28,4687,82785.0,SANM,SANMINA CORP,3672.0
80105610,13.24,13.27,2013-05-29,3542,82785.0,SANM,SANMINA CORP,3672.0
80105610,13.56,13.27,2013-05-30,3482,82785.0,SANM,SANMINA CORP,3672.0
80105610,13.58,13.43,2013-05-31,2663,82785.0,SANM,SANMINA CORP,3672.0
80105610,13.85,13.68,2013-06-03,3941,82785.0,SANM,SANMINA CORP,3672.0
80105610,13.8,13.91,2013-06-04,3702,82785.0,SANM,SANMINA CORP,3672.0
80105610,13.55,13.74,2013-06-05,3212,82785.0,SANM,SANMINA CORP,3672.0
80105610,13.9,13.53,2013-06-06,4904,82785.0,SANM,SANMINA CORP,3672.0
80105610,13.89,14.0,2013-06-07,3376,82785.0,SANM,SANMINA CORP,3672.0
80105610,14.04,14.02,2013-06-10,3325,82785.0,SANM,SANMINA CORP,3672.0
80105610,13.93,13.7,2013-06-11,2563,82785.0,SANM,SANMINA CORP,3672.0
80105610,13.68,14.05,2013-06-12,2128,82785.0,SANM,SANMINA CORP,3672.0
80105610,14.03,13.71,2013-06-13,2496,82785.0,SANM,SANMINA CORP,3672.0
80105610,13.71,14.02,2013-06-14,2917,82785.0,SANM,SANMINA CORP,3672.0
80105610,13.94,13.88,2013-06-17,2529,82785.0,SANM,SANMINA CORP,3672.0
80105610,14.44,13.94,2013-06-18,3600,82785.0,SANM,SANMINA CORP,3672.0
80105610,13.94,14.49,2013-06-19,3228,82785.0,SANM,SANMINA CORP,3672.0
80105610,13.53,13.68,2013-06-20,4710,82785.0,SANM,SANMINA CORP,3672.0
80105610,13.87,13.57,2013-06-21,4148,82785.0,SANM,SANMINA CORP,3672.0
80105610,13.56,13.65,2013-06-24,4924,82785.0,SANM,SANMINA CORP,3672.0
80105610,13.93,13.74,2013-06-25,3968,82785.0,SANM,SANMINA CORP,3672.0
80105610,14.08,14.04,2013-06-26,3202,82785.0,SANM,SANMINA CORP,3672.0
80105610,14.48,14.2,2013-06-27,2600,82785.0,SANM,SANMINA CORP,3672.0
80105610,14.35,14.39,2013-06-28,4541,83631.0,SANM,SANMINA CORP,3672.0
80105610,14.56,14.39,2013-07-01,3330,83631.0,SANM,SANMINA CORP,3672.0
80105610,14.75,14.5,2013-07-02,3706,83631.0,SANM,SANMINA CORP,3672.0
80105610,14.75,14.7,2013-07-03,1898,83631.0,SANM,SANMINA CORP,3672.0
80105610,14.97,15.0,2013-07-05,1327,83631.0,SANM,SANMINA CORP,3672.0
80105610,14.9,15.0,2013-07-08,2213,83631.0,SANM,SANMINA CORP,3672.0
80105610,14.91,14.96,2013-07-09,2593,83631.0,SANM,SANMINA CORP,3672.0
80105610,14.84,14.94,2013-07-10,3077,83631.0,SANM,SANMINA CORP,3672.0
80105610,15.02,15.0,2013-07-11,2440,83631.0,SANM,SANMINA CORP,3672.0
80105610,15.14,15.04,2013-07-12,2656,83631.0,SANM,SANMINA CORP,3672.0
80105610,15.72,15.29,2013-07-15,3633,83631.0,SANM,SANMINA CORP,3672.0
80105610,14.93,15.34,2013-07-16,3855,83631.0,SANM,SANMINA CORP,3672.0
80105610,14.76,14.92,2013-07-17,4478,83631.0,SANM,SANMINA CORP,3672.0
80105610,15.03,14.86,2013-07-18,3956,83631.0,SANM,SANMINA CORP,3672.0
80105610,15.2,14.99,2013-07-19,2182,83631.0,SANM,SANMINA CORP,3672.0
80105610,15.26,15.2,2013-07-22,4838,83631.0,SANM,SANMINA CORP,3672.0
80105610,16.04,15.85,2013-07-23,9681,83631.0,SANM,SANMINA CORP,3672.0
80105610,16.08,16.12,2013-07-24,4507,83631.0,SANM,SANMINA CORP,3672.0
80105610,16.44,15.81,2013-07-25,4569,83631.0,SANM,SANMINA CORP,3672.0
80105610,16.45,16.22,2013-07-26,2939,83631.0,SANM,SANMINA CORP,3672.0
80105610,16.2,15.28,2013-07-29,4284,83631.0,SANM,SANMINA CORP,3672.0
80105610,16.32,16.18,2013-07-30,3495,83631.0,SANM,SANMINA CORP,3672.0
80105610,16.475,16.37,2013-07-31,5529,83631.0,SANM,SANMINA CORP,3672.0
80105610,16.55,16.69,2013-08-01,2929,83631.0,SANM,SANMINA CORP,3672.0
80105610,16.55,16.38,2013-08-02,2792,83631.0,SANM,SANMINA CORP,3672.0
80105610,16.41,16.55,2013-08-05,3525,83631.0,SANM,SANMINA CORP,3672.0
80105610,16.54,16.37,2013-08-06,3172,83631.0,SANM,SANMINA CORP,3672.0
80105610,16.37,16.41,2013-08-07,1850,83631.0,SANM,SANMINA CORP,3672.0
80105610,16.64,16.5,2013-08-08,3062,83631.0,SANM,SANMINA CORP,3672.0
80105610,16.52,16.61,2013-08-09,2488,83631.0,SANM,SANMINA CORP,3672.0
80105610,16.63,16.34,2013-08-12,2943,83631.0,SANM,SANMINA CORP,3672.0
80105610,16.8,16.7,2013-08-13,2848,83631.0,SANM,SANMINA CORP,3672.0
80105610,16.46,16.75,2013-08-14,3452,83631.0,SANM,SANMINA CORP,3672.0
80105610,16.22,16.25,2013-08-15,4706,83631.0,SANM,SANMINA CORP,3672.0
80105610,16.27,16.15,2013-08-16,3627,83631.0,SANM,SANMINA CORP,3672.0
80105610,16.26,16.36,2013-08-19,4226,83631.0,SANM,SANMINA CORP,3672.0
80105610,16.35,16.34,2013-08-20,2532,83631.0,SANM,SANMINA CORP,3672.0
80105610,16.27,16.22,2013-08-21,3466,83631.0,SANM,SANMINA CORP,3672.0
80105610,16.6,16.39,2013-08-22,1917,83631.0,SANM,SANMINA CORP,3672.0
80105610,16.49,16.62,2013-08-23,2527,83631.0,SANM,SANMINA CORP,3672.0
80105610,16.33,16.51,2013-08-26,2412,83631.0,SANM,SANMINA CORP,3672.0
80105610,16.19,16.09,2013-08-27,5731,83631.0,SANM,SANMINA CORP,3672.0
80105610,16.24,16.21,2013-08-28,3586,83631.0,SANM,SANMINA CORP,3672.0
80105610,16.67,16.2,2013-08-29,2498,83631.0,SANM,SANMINA CORP,3672.0
80105610,16.27,16.69,2013-08-30,4090,83631.0,SANM,SANMINA CORP,3672.0
80105610,16.37,16.5,2013-09-03,4521,83631.0,SANM,SANMINA CORP,3672.0
80105610,16.7,16.42,2013-09-04,4185,83631.0,SANM,SANMINA CORP,3672.0
80105610,16.45,16.78,2013-09-05,6591,83631.0,SANM,SANMINA CORP,3672.0
80105610,16.53,16.57,2013-09-06,3259,83631.0,SANM,SANMINA CORP,3672.0
80105610,16.82,16.59,2013-09-09,3149,83631.0,SANM,SANMINA CORP,3672.0
80105610,17.63,16.94,2013-09-10,7209,83631.0,SANM,SANMINA CORP,3672.0
80105610,17.66,17.65,2013-09-11,3715,83631.0,SANM,SANMINA CORP,3672.0
80105610,17.32,17.59,2013-09-12,3445,83631.0,SANM,SANMINA CORP,3672.0
80105610,17.56,17.41,2013-09-13,3121,83631.0,SANM,SANMINA CORP,3672.0
80105610,17.4,17.79,2013-09-16,4343,83631.0,SANM,SANMINA CORP,3672.0
80105610,17.35,17.38,2013-09-17,4345,83631.0,SANM,SANMINA CORP,3672.0
80105610,17.33,17.41,2013-09-18,4895,83631.0,SANM,SANMINA CORP,3672.0
80105610,17.45,17.39,2013-09-19,3284,83631.0,SANM,SANMINA CORP,3672.0
80105610,17.96,17.46,2013-09-20,5668,83631.0,SANM,SANMINA CORP,3672.0
80105610,18.13,17.93,2013-09-23,7152,83631.0,SANM,SANMINA CORP,3672.0
80105610,18.03,18.2,2013-09-24,3657,83631.0,SANM,SANMINA CORP,3672.0
80105610,18.09,18.01,2013-09-25,2719,83631.0,SANM,SANMINA CORP,3672.0
80105610,17.68,18.1,2013-09-26,3565,83631.0,SANM,SANMINA CORP,3672.0
80105610,17.54,17.51,2013-09-27,5772,84153.0,SANM,SANMINA CORP,3672.0
80105610,17.49,17.3,2013-09-30,5377,84153.0,SANM,SANMINA CORP,3672.0
80105610,18.01,17.52,2013-10-01,3474,84153.0,SANM,SANMINA CORP,3672.0
80105610,17.66,17.18,2013-10-02,4436,84153.0,SANM,SANMINA CORP,3672.0
80105610,17.26,17.67,2013-10-03,5037,84153.0,SANM,SANMINA CORP,3672.0
80105610,17.21,17.21,2013-10-04,5533,84153.0,SANM,SANMINA CORP,3672.0
80105610,17.16,17.02,2013-10-07,3961,84153.0,SANM,SANMINA CORP,3672.0
80105610,16.655,17.13,2013-10-08,5383,84153.0,SANM,SANMINA CORP,3672.0
80105610,16.66,16.75,2013-10-09,5051,84153.0,SANM,SANMINA CORP,3672.0
80105610,16.87,16.95,2013-10-10,4019,84153.0,SANM,SANMINA CORP,3672.0
80105610,17.11,16.77,2013-10-11,4120,84153.0,SANM,SANMINA CORP,3672.0
80105610,17.32,17.03,2013-10-14,3415,84153.0,SANM,SANMINA CORP,3672.0
80105610,17.1,17.27,2013-10-15,3429,84153.0,SANM,SANMINA CORP,3672.0
80105610,17.38,17.22,2013-10-16,3719,84153.0,SANM,SANMINA CORP,3672.0
80105610,17.36,17.3,2013-10-17,3291,84153.0,SANM,SANMINA CORP,3672.0
80105610,17.4,17.53,2013-10-18,5721,84153.0,SANM,SANMINA CORP,3672.0
80105610,17.85,17.46,2013-10-21,5487,84153.0,SANM,SANMINA CORP,3672.0
80105610,17.62,18.03,2013-10-22,3967,84153.0,SANM,SANMINA CORP,3672.0
80105610,17.215,17.45,2013-10-23,4522,84153.0,SANM,SANMINA CORP,3672.0
80105610,16.7,17.22,2013-10-24,6868,84153.0,SANM,SANMINA CORP,3672.0
80105610,17.14,16.67,2013-10-25,5238,84153.0,SANM,SANMINA CORP,3672.0
80105610,17.15,17.2,2013-10-28,6883,84153.0,SANM,SANMINA CORP,3672.0
80105610,15.0,15.76,2013-10-29,28147,84153.0,SANM,SANMINA CORP,3672.0
80105610,14.81,14.88,2013-10-30,13060,84153.0,SANM,SANMINA CORP,3672.0
80105610,14.555,14.77,2013-10-31,8292,84153.0,SANM,SANMINA CORP,3672.0
80105610,14.91,14.57,2013-11-01,8242,84153.0,SANM,SANMINA CORP,3672.0
80105610,15.52,15.62,2013-11-04,14878,84153.0,SANM,SANMINA CORP,3672.0
80105610,15.75,15.46,2013-11-05,18773,84153.0,SANM,SANMINA CORP,3672.0
80105610,15.48,15.83,2013-11-06,14881,84153.0,SANM,SANMINA CORP,3672.0
80105610,15.16,15.55,2013-11-07,9372,84153.0,SANM,SANMINA CORP,3672.0
80105610,15.36,15.15,2013-11-08,7256,84153.0,SANM,SANMINA CORP,3672.0
80105610,15.34,15.32,2013-11-11,5590,84153.0,SANM,SANMINA CORP,3672.0
80105610,15.425,15.3,2013-11-12,7611,84222.0,SANM,SANMINA CORP,3672.0
80105610,15.46,15.22,2013-11-13,5630,84222.0,SANM,SANMINA CORP,3672.0
80105610,15.19,15.39,2013-11-14,6934,84222.0,SANM,SANMINA CORP,3672.0
80105610,15.475,15.16,2013-11-15,4325,84222.0,SANM,SANMINA CORP,3672.0
80105610,15.475,15.51,2013-11-18,6849,84222.0,SANM,SANMINA CORP,3672.0
80105610,15.09,15.5,2013-11-19,5501,84222.0,SANM,SANMINA CORP,3672.0
80105610,15.13,15.35,2013-11-20,5650,84222.0,SANM,SANMINA CORP,3672.0
80105610,15.6,15.23,2013-11-21,4499,84222.0,SANM,SANMINA CORP,3672.0
80105610,15.57,15.57,2013-11-22,4551,84222.0,SANM,SANMINA CORP,3672.0
80105610,15.3,15.61,2013-11-25,4076,84222.0,SANM,SANMINA CORP,3672.0
80105610,15.47,15.3,2013-11-26,6728,84222.0,SANM,SANMINA CORP,3672.0
80105610,15.48,15.49,2013-11-27,6078,84222.0,SANM,SANMINA CORP,3672.0
80105610,15.48,15.57,2013-11-29,3334,84222.0,SANM,SANMINA CORP,3672.0
80105610,15.17,15.43,2013-12-02,8018,84222.0,SANM,SANMINA CORP,3672.0
80105610,14.99,15.14,2013-12-03,6905,84222.0,SANM,SANMINA CORP,3672.0
80105610,14.91,14.9,2013-12-04,6195,84222.0,SANM,SANMINA CORP,3672.0
80105610,15.21,14.96,2013-12-05,5230,84222.0,SANM,SANMINA CORP,3672.0
80105610,15.79,15.42,2013-12-06,6600,84222.0,SANM,SANMINA CORP,3672.0
80105610,15.71,15.86,2013-12-09,3960,84222.0,SANM,SANMINA CORP,3672.0
80105610,15.7,15.64,2013-12-10,6676,84222.0,SANM,SANMINA CORP,3672.0
80105610,15.32,15.78,2013-12-11,5767,84222.0,SANM,SANMINA CORP,3672.0
80105610,15.14,15.29,2013-12-12,6414,84222.0,SANM,SANMINA CORP,3672.0
80105610,15.25,15.17,2013-12-13,3854,84222.0,SANM,SANMINA CORP,3672.0
80105610,15.77,15.37,2013-12-16,4005,84222.0,SANM,SANMINA CORP,3672.0
80105610,16.18,15.8,2013-12-17,6218,84222.0,SANM,SANMINA CORP,3672.0
80105610,16.17,15.97,2013-12-18,7073,84222.0,SANM,SANMINA CORP,3672.0
80105610,16.21,16.08,2013-12-19,4627,84222.0,SANM,SANMINA CORP,3672.0
80105610,16.22,16.29,2013-12-20,7025,84222.0,SANM,SANMINA CORP,3672.0
80105610,16.3,16.22,2013-12-23,4688,84222.0,SANM,SANMINA CORP,3672.0
80105610,16.44,16.33,2013-12-24,2918,84222.0,SANM,SANMINA CORP,3672.0
80105610,16.49,16.51,2013-12-26,3549,84222.0,SANM,SANMINA CORP,3672.0
80105610,16.43,16.56,2013-12-27,3747,82782.0,SANM,SANMINA CORP,3672.0
80105610,16.57,16.42,2013-12-30,3256,82782.0,SANM,SANMINA CORP,3672.0
80105610,16.7,16.55,2013-12-31,4299,82782.0,SANM,SANMINA CORP,3672.0
80105610,16.44,16.7,2014-01-02,3917,82782.0,SANM,SANMINA CORP,3672.0
80105610,16.58,16.45,2014-01-03,3902,82782.0,SANM,SANMINA CORP,3672.0
80105610,16.28,16.65,2014-01-06,5819,82782.0,SANM,SANMINA CORP,3672.0
80105610,16.43,16.38,2014-01-07,4959,82782.0,SANM,SANMINA CORP,3672.0
80105610,16.5,16.36,2014-01-08,6328,82782.0,SANM,SANMINA CORP,3672.0
80105610,16.3,16.61,2014-01-09,5670,82782.0,SANM,SANMINA CORP,3672.0
80105610,16.21,16.32,2014-01-10,5231,82782.0,SANM,SANMINA CORP,3672.0
80105610,15.33,15.78,2014-01-13,13190,82782.0,SANM,SANMINA CORP,3672.0
80105610,15.5,15.48,2014-01-14,7249,82782.0,SANM,SANMINA CORP,3672.0
80105610,16.04,15.59,2014-01-15,6800,82782.0,SANM,SANMINA CORP,3672.0
80105610,15.725,15.94,2014-01-16,5551,82782.0,SANM,SANMINA CORP,3672.0
80105610,15.6,15.65,2014-01-17,7045,82936.0,SANM,SANMINA CORP,3672.0
80105610,15.96,15.76,2014-01-21,6423,82936.0,SANM,SANMINA CORP,3672.0
80105610,16.03,15.9,2014-01-22,4278,82936.0,SANM,SANMINA CORP,3672.0
80105610,15.84,15.9,2014-01-23,4430,82936.0,SANM,SANMINA CORP,3672.0
80105610,15.24,15.7,2014-01-24,7300,82782.0,SANM,SANMINA CORP,3672.0
80105610,14.8,15.3,2014-01-27,11740,82782.0,SANM,SANMINA CORP,3672.0
80105610,16.71,17.01,2014-01-28,34145,82782.0,SANM,SANMINA CORP,3672.0
80105610,16.39,16.56,2014-01-29,9606,82782.0,SANM,SANMINA CORP,3672.0
80105610,16.9,16.61,2014-01-30,7175,82782.0,SANM,SANMINA CORP,3672.0
80105610,16.72,16.5,2014-01-31,8522,82782.0,SANM,SANMINA CORP,3672.0
80105610,16.11,16.72,2014-02-03,11839,82782.0,SANM,SANMINA CORP,3672.0
80105610,15.98,16.19,2014-02-04,7827,82782.0,SANM,SANMINA CORP,3672.0
80105610,16.14,15.84,2014-02-05,7518,82782.0,SANM,SANMINA CORP,3672.0
80105610,16.54,16.21,2014-02-06,5964,82782.0,SANM,SANMINA CORP,3672.0
80105610,16.79,16.62,2014-02-07,5638,82782.0,SANM,SANMINA CORP,3672.0
80105610,16.71,16.72,2014-02-10,5065,82782.0,SANM,SANMINA CORP,3672.0
80105610,16.83,16.73,2014-02-11,4060,82782.0,SANM,SANMINA CORP,3672.0
80105610,16.89,16.85,2014-02-12,4178,82782.0,SANM,SANMINA CORP,3672.0
80105610,16.89,16.78,2014-02-13,3238,82782.0,SANM,SANMINA CORP,3672.0
80105610,16.8,16.88,2014-02-14,3982,82782.0,SANM,SANMINA CORP,3672.0
80105610,17.13,16.86,2014-02-18,4705,82782.0,SANM,SANMINA CORP,3672.0
80105610,16.93,16.45,2014-02-19,5415,82782.0,SANM,SANMINA CORP,3672.0
80105610,17.06,16.92,2014-02-20,4529,82782.0,SANM,SANMINA CORP,3672.0
80105610,16.98,17.05,2014-02-21,3700,82782.0,SANM,SANMINA CORP,3672.0
80105610,17.26,17.05,2014-02-24,4551,82782.0,SANM,SANMINA CORP,3672.0
80105610,17.13,17.3,2014-02-25,3670,82782.0,SANM,SANMINA CORP,3672.0
80105610,17.09,17.19,2014-02-26,4985,82782.0,SANM,SANMINA CORP,3672.0
80105610,17.03,17.01,2014-02-27,5564,82782.0,SANM,SANMINA CORP,3672.0
80105610,16.96,17.07,2014-02-28,7182,82782.0,SANM,SANMINA CORP,3672.0
80105610,17.0,16.71,2014-03-03,5621,82782.0,SANM,SANMINA CORP,3672.0
80105610,17.695,17.27,2014-03-04,6880,82782.0,SANM,SANMINA CORP,3672.0
80105610,17.6,17.7,2014-03-05,3874,82782.0,SANM,SANMINA CORP,3672.0
80105610,17.45,17.7,2014-03-06,2479,82782.0,SANM,SANMINA CORP,3672.0
80105610,17.37,17.6,2014-03-07,2484,82782.0,SANM,SANMINA CORP,3672.0
80105610,17.32,17.34,2014-03-10,2635,82782.0,SANM,SANMINA CORP,3672.0
80105610,17.06,17.32,2014-03-11,4570,82782.0,SANM,SANMINA CORP,3672.0
80105610,17.37,16.98,2014-03-12,4064,82782.0,SANM,SANMINA CORP,3672.0
80105610,16.84,17.41,2014-03-13,4854,82782.0,SANM,SANMINA CORP,3672.0
80105610,16.84,16.83,2014-03-14,3400,82782.0,SANM,SANMINA CORP,3672.0
80105610,17.06,17.58,2014-03-17,4485,82782.0,SANM,SANMINA CORP,3672.0
80105610,17.52,17.02,2014-03-18,5104,82782.0,SANM,SANMINA CORP,3672.0
80105610,17.61,17.54,2014-03-19,4076,82782.0,SANM,SANMINA CORP,3672.0
80105610,17.63,17.63,2014-03-20,2827,82782.0,SANM,SANMINA CORP,3672.0
80105610,17.94,17.68,2014-03-21,5447,82782.0,SANM,SANMINA CORP,3672.0
80105610,17.91,17.98,2014-03-24,4726,82782.0,SANM,SANMINA CORP,3672.0
80105610,17.82,18.0,2014-03-25,3456,82782.0,SANM,SANMINA CORP,3672.0
80105610,17.39,18.02,2014-03-26,4120,82782.0,SANM,SANMINA CORP,3672.0
80105610,17.27,17.39,2014-03-27,3959,82782.0,SANM,SANMINA CORP,3672.0
80105610,17.25,17.28,2014-03-28,4703,82319.0,SANM,SANMINA CORP,3672.0
80105610,17.45,17.4,2014-03-31,3563,82319.0,SANM,SANMINA CORP,3672.0
80105610,17.66,17.42,2014-04-01,3840,82319.0,SANM,SANMINA CORP,3672.0
80105610,17.76,17.66,2014-04-02,4996,82319.0,SANM,SANMINA CORP,3672.0
80105610,17.84,17.82,2014-04-03,3516,82319.0,SANM,SANMINA CORP,3672.0
80105610,17.35,18.04,2014-04-04,4762,82319.0,SANM,SANMINA CORP,3672.0
80105610,17.32,17.33,2014-04-07,5651,82319.0,SANM,SANMINA CORP,3672.0
80105610,17.675,17.32,2014-04-08,7250,82319.0,SANM,SANMINA CORP,3672.0
80105610,17.61,17.78,2014-04-09,5993,82319.0,SANM,SANMINA CORP,3672.0
80105610,17.35,17.59,2014-04-10,5334,82319.0,SANM,SANMINA CORP,3672.0
80105610,16.98,17.14,2014-04-11,4972,82319.0,SANM,SANMINA CORP,3672.0
80105610,16.68,17.23,2014-04-14,6513,82319.0,SANM,SANMINA CORP,3672.0
80105610,16.95,16.75,2014-04-15,5940,82319.0,SANM,SANMINA CORP,3672.0
80105610,17.13,17.04,2014-04-16,3537,82319.0,SANM,SANMINA CORP,3672.0
80105610,17.56,17.15,2014-04-17,4427,82319.0,SANM,SANMINA CORP,3672.0
80105610,17.88,17.65,2014-04-21,6029,82319.0,SANM,SANMINA CORP,3672.0
80105610,18.26,17.94,2014-04-22,7211,82319.0,SANM,SANMINA CORP,3672.0
80105610,20.9,19.85,2014-04-23,26931,82319.0,SANM,SANMINA CORP,3672.0
80105610,21.24,20.83,2014-04-24,11682,82319.0,SANM,SANMINA CORP,3672.0
80105610,21.03,21.13,2014-04-25,8586,82319.0,SANM,SANMINA CORP,3672.0
80105610,20.56,21.17,2014-04-28,12823,82319.0,SANM,SANMINA CORP,3672.0
80105610,20.11,20.57,2014-04-29,7313,82319.0,SANM,SANMINA CORP,3672.0
80105610,20.25,20.12,2014-04-30,7240,82319.0,SANM,SANMINA CORP,3672.0
80105610,20.31,20.25,2014-05-01,6102,82319.0,SANM,SANMINA CORP,3672.0
80105610,20.61,20.45,2014-05-02,6553,82319.0,SANM,SANMINA CORP,3672.0
80105610,20.79,20.38,2014-05-05,6698,82319.0,SANM,SANMINA CORP,3672.0
80105610,20.43,20.63,2014-05-06,7001,82319.0,SANM,SANMINA CORP,3672.0
80105610,20.48,20.4,2014-05-07,10370,82319.0,SANM,SANMINA CORP,3672.0
80105610,20.535,20.42,2014-05-08,6798,82319.0,SANM,SANMINA CORP,3672.0
80105610,20.66,20.42,2014-05-09,3882,82319.0,SANM,SANMINA CORP,3672.0
80105610,21.19,20.76,2014-05-12,5681,82319.0,SANM,SANMINA CORP,3672.0
80105610,20.93,21.19,2014-05-13,4001,82319.0,SANM,SANMINA CORP,3672.0
80105610,20.48,20.93,2014-05-14,5667,82319.0,SANM,SANMINA CORP,3672.0
80105610,20.35,20.27,2014-05-15,6374,82319.0,SANM,SANMINA CORP,3672.0
80105610,20.26,20.3,2014-05-16,4688,82319.0,SANM,SANMINA CORP,3672.0
80105610,20.535,20.26,2014-05-19,5203,82319.0,SANM,SANMINA CORP,3672.0
80105610,20.14,20.53,2014-05-20,4895,82319.0,SANM,SANMINA CORP,3672.0
80105610,20.12,20.27,2014-05-21,3096,82319.0,SANM,SANMINA CORP,3672.0
80105610,20.11,20.12,2014-05-22,5286,82319.0,SANM,SANMINA CORP,3672.0
80105610,20.32,20.15,2014-05-23,4561,82319.0,SANM,SANMINA CORP,3672.0
80105610,20.26,20.39,2014-05-27,5218,82319.0,SANM,SANMINA CORP,3672.0
80105610,20.23,20.26,2014-05-28,4214,82319.0,SANM,SANMINA CORP,3672.0
80105610,20.45,20.24,2014-05-29,3333,82319.0,SANM,SANMINA CORP,3672.0
80105610,20.35,20.51,2014-05-30,3484,82319.0,SANM,SANMINA CORP,3672.0
80105610,20.21,20.51,2014-06-02,3718,82319.0,SANM,SANMINA CORP,3672.0
80105610,20.24,20.15,2014-06-03,4331,82319.0,SANM,SANMINA CORP,3672.0
80105610,20.37,20.23,2014-06-04,5686,82319.0,SANM,SANMINA CORP,3672.0
80105610,20.85,20.44,2014-06-05,4563,82319.0,SANM,SANMINA CORP,3672.0
80105610,21.06,20.99,2014-06-06,3388,82319.0,SANM,SANMINA CORP,3672.0
80105610,21.68,21.04,2014-06-09,6245,82319.0,SANM,SANMINA CORP,3672.0
80105610,22.3,21.57,2014-06-10,5863,82319.0,SANM,SANMINA CORP,3672.0
80105610,22.47,22.09,2014-06-11,6207,82319.0,SANM,SANMINA CORP,3672.0
80105610,21.99,22.4,2014-06-12,4244,82319.0,SANM,SANMINA CORP,3672.0
80105610,21.71,22.11,2014-06-13,4103,82319.0,SANM,SANMINA CORP,3672.0
80105610,21.77,21.62,2014-06-16,3096,82319.0,SANM,SANMINA CORP,3672.0
80105610,22.15,21.67,2014-06-17,6798,82319.0,SANM,SANMINA CORP,3672.0
80105610,22.13,22.23,2014-06-18,2850,82319.0,SANM,SANMINA CORP,3672.0
80105610,22.37,22.29,2014-06-19,2800,82319.0,SANM,SANMINA CORP,3672.0
80105610,22.62,22.35,2014-06-20,4403,82319.0,SANM,SANMINA CORP,3672.0
80105610,22.61,22.73,2014-06-23,4158,82319.0,SANM,SANMINA CORP,3672.0
80105610,22.77,22.63,2014-06-24,7610,82319.0,SANM,SANMINA CORP,3672.0
80105610,22.85,22.61,2014-06-25,3952,82319.0,SANM,SANMINA CORP,3672.0
80105610,22.66,22.82,2014-06-26,3580,82319.0,SANM,SANMINA CORP,3672.0
80105610,22.82,22.51,2014-06-27,5126,82640.0,SANM,SANMINA CORP,3672.0
80105610,22.78,22.75,2014-06-30,4128,82640.0,SANM,SANMINA CORP,3672.0
80105610,23.21,22.84,2014-07-01,4199,82640.0,SANM,SANMINA CORP,3672.0
80105610,22.88,23.15,2014-07-02,2860,82640.0,SANM,SANMINA CORP,3672.0
80105610,23.2,22.89,2014-07-03,1522,82640.0,SANM,SANMINA CORP,3672.0
80105610,22.96,23.05,2014-07-07,2064,82640.0,SANM,SANMINA CORP,3672.0
80105610,22.72,22.9,2014-07-08,4522,82640.0,SANM,SANMINA CORP,3672.0
80105610,22.93,22.76,2014-07-09,3137,82640.0,SANM,SANMINA CORP,3672.0
80105610,22.79,22.6,2014-07-10,6272,82640.0,SANM,SANMINA CORP,3672.0
80105610,22.62,22.68,2014-07-11,3074,82640.0,SANM,SANMINA CORP,3672.0
80105610,22.65,22.84,2014-07-14,3769,82640.0,SANM,SANMINA CORP,3672.0
80105610,22.38,22.63,2014-07-15,3062,82640.0,SANM,SANMINA CORP,3672.0
80105610,21.9,22.52,2014-07-16,6336,82640.0,SANM,SANMINA CORP,3672.0
80105610,21.92,21.8,2014-07-17,3765,82640.0,SANM,SANMINA CORP,3672.0
80105610,22.55,21.89,2014-07-18,3307,82640.0,SANM,SANMINA CORP,3672.0
80105610,22.35,22.41,2014-07-21,5175,82640.0,SANM,SANMINA CORP,3672.0
80105610,24.0,24.81,2014-07-22,15322,82640.0,SANM,SANMINA CORP,3672.0
80105610,23.64,23.91,2014-07-23,8569,82640.0,SANM,SANMINA CORP,3672.0
80105610,23.44,23.72,2014-07-24,4624,82640.0,SANM,SANMINA CORP,3672.0
80105610,23.27,23.21,2014-07-25,5048,82640.0,SANM,SANMINA CORP,3672.0
80105610,23.75,23.37,2014-07-28,6609,82640.0,SANM,SANMINA CORP,3672.0
80105610,23.64,23.7,2014-07-29,6112,82640.0,SANM,SANMINA CORP,3672.0
80105610,23.72,23.76,2014-07-30,4329,82640.0,SANM,SANMINA CORP,3672.0
80105610,23.29,23.44,2014-07-31,6390,82640.0,SANM,SANMINA CORP,3672.0
80105610,22.99,23.36,2014-08-01,4147,82640.0,SANM,SANMINA CORP,3672.0
80105610,23.48,23.01,2014-08-04,6067,82640.0,SANM,SANMINA CORP,3672.0
80105610,23.36,23.25,2014-08-05,3415,82640.0,SANM,SANMINA CORP,3672.0
80105610,23.53,23.26,2014-08-06,4090,82640.0,SANM,SANMINA CORP,3672.0
80105610,23.34,23.6,2014-08-07,3136,82640.0,SANM,SANMINA CORP,3672.0
80105610,23.37,23.32,2014-08-08,3128,82640.0,SANM,SANMINA CORP,3672.0
80105610,23.62,23.39,2014-08-11,4149,82640.0,SANM,SANMINA CORP,3672.0
80105610,23.4,23.61,2014-08-12,2436,82640.0,SANM,SANMINA CORP,3672.0
80105610,23.605,23.53,2014-08-13,3072,82640.0,SANM,SANMINA CORP,3672.0
80105610,23.63,23.57,2014-08-14,3017,82640.0,SANM,SANMINA CORP,3672.0
80105610,23.86,23.85,2014-08-15,5067,82640.0,SANM,SANMINA CORP,3672.0
80105610,24.035,23.65,2014-08-18,5682,82640.0,SANM,SANMINA CORP,3672.0
80105610,24.0,24.0,2014-08-19,3839,82640.0,SANM,SANMINA CORP,3672.0
80105610,23.76,23.94,2014-08-20,4317,82640.0,SANM,SANMINA CORP,3672.0
80105610,23.94,23.74,2014-08-21,4344,82640.0,SANM,SANMINA CORP,3672.0
80105610,23.86,23.94,2014-08-22,4225,82640.0,SANM,SANMINA CORP,3672.0
80105610,23.815,24.0,2014-08-25,3561,82640.0,SANM,SANMINA CORP,3672.0
80105610,23.94,23.88,2014-08-26,3728,82640.0,SANM,SANMINA CORP,3672.0
80105610,23.69,24.06,2014-08-27,4039,82640.0,SANM,SANMINA CORP,3672.0
80105610,23.27,23.55,2014-08-28,5963,82640.0,SANM,SANMINA CORP,3672.0
80105610,23.48,23.31,2014-08-29,5664,82640.0,SANM,SANMINA CORP,3672.0
80105610,23.91,23.62,2014-09-02,5134,82640.0,SANM,SANMINA CORP,3672.0
80105610,24.46,24.02,2014-09-03,6150,82640.0,SANM,SANMINA CORP,3672.0
80105610,24.33,24.54,2014-09-04,4136,82640.0,SANM,SANMINA CORP,3672.0
80105610,24.1,24.18,2014-09-05,2526,82640.0,SANM,SANMINA CORP,3672.0
80105610,24.24,24.06,2014-09-08,3447,82640.0,SANM,SANMINA CORP,3672.0
80105610,24.28,24.35,2014-09-09,4646,82640.0,SANM,SANMINA CORP,3672.0
80105610,24.34,24.27,2014-09-10,3444,82640.0,SANM,SANMINA CORP,3672.0
80105610,24.73,24.18,2014-09-11,4202,82640.0,SANM,SANMINA CORP,3672.0
80105610,23.95,24.74,2014-09-12,4821,82640.0,SANM,SANMINA CORP,3672.0
80105610,23.55,23.98,2014-09-15,4913,82640.0,SANM,SANMINA CORP,3672.0
80105610,23.76,23.55,2014-09-16,3721,82640.0,SANM,SANMINA CORP,3672.0
80105610,23.51,23.82,2014-09-17,4551,82640.0,SANM,SANMINA CORP,3672.0
80105610,23.54,23.55,2014-09-18,3241,82640.0,SANM,SANMINA CORP,3672.0
80105610,22.84,23.61,2014-09-19,5528,82640.0,SANM,SANMINA CORP,3672.0
80105610,22.2,22.63,2014-09-22,4333,82640.0,SANM,SANMINA CORP,3672.0
80105610,21.98,22.1,2014-09-23,3721,82640.0,SANM,SANMINA CORP,3672.0
80105610,22.16,21.98,2014-09-24,3098,82640.0,SANM,SANMINA CORP,3672.0
80105610,21.48,22.11,2014-09-25,3132,82640.0,SANM,SANMINA CORP,3672.0
80105610,21.6,21.61,2014-09-26,4191,82157.0,SANM,SANMINA CORP,3672.0
80105610,21.38,21.32,2014-09-29,3321,82157.0,SANM,SANMINA CORP,3672.0
80105610,20.86,21.24,2014-09-30,4882,82157.0,SANM,SANMINA CORP,3672.0
80105610,20.76,20.72,2014-10-01,7176,82157.0,SANM,SANMINA CORP,3672.0
80105610,20.75,20.74,2014-10-02,4568,82157.0,SANM,SANMINA CORP,3672.0
80105610,20.81,20.87,2014-10-03,6506,82157.0,SANM,SANMINA CORP,3672.0
80105610,20.62,20.81,2014-10-06,6042,82157.0,SANM,SANMINA CORP,3672.0
80105610,20.14,20.54,2014-10-07,6422,82157.0,SANM,SANMINA CORP,3672.0
80105610,20.56,20.1,2014-10-08,5420,82157.0,SANM,SANMINA CORP,3672.0
80105610,19.8,20.56,2014-10-09,4652,82157.0,SANM,SANMINA CORP,3672.0
80105610,17.01,19.66,2014-10-10,15736,82157.0,SANM,SANMINA CORP,3672.0
80105610,17.04,17.01,2014-10-13,8011,82157.0,SANM,SANMINA CORP,3672.0
80105610,17.08,17.15,2014-10-14,8241,82157.0,SANM,SANMINA CORP,3672.0
80105610,17.25,16.8,2014-10-15,7205,82157.0,SANM,SANMINA CORP,3672.0
80105610,17.795,16.97,2014-10-16,7373,82157.0,SANM,SANMINA CORP,3672.0
80105610,18.08,18.05,2014-10-17,7511,82157.0,SANM,SANMINA CORP,3672.0
80105610,18.63,18.45,2014-10-20,7212,82157.0,SANM,SANMINA CORP,3672.0
80105610,19.02,18.8,2014-10-21,3146,82157.0,SANM,SANMINA CORP,3672.0
80105610,18.74,19.08,2014-10-22,4820,82157.0,SANM,SANMINA CORP,3672.0
80105610,19.24,18.95,2014-10-23,3918,82157.0,SANM,SANMINA CORP,3672.0
80105610,19.47,19.24,2014-10-24,3672,82157.0,SANM,SANMINA CORP,3672.0
80105610,19.36,19.37,2014-10-27,6373,82157.0,SANM,SANMINA CORP,3672.0
80105610,24.5,21.85,2014-10-28,20875,82157.0,SANM,SANMINA CORP,3672.0
80105610,24.49,24.44,2014-10-29,12626,82157.0,SANM,SANMINA CORP,3672.0
80105610,24.48,24.5,2014-10-30,7919,82157.0,SANM,SANMINA CORP,3672.0
80105610,25.07,24.87,2014-10-31,7873,82157.0,SANM,SANMINA CORP,3672.0
80105610,25.12,25.07,2014-11-03,6457,82157.0,SANM,SANMINA CORP,3672.0
80105610,25.22,24.91,2014-11-04,5211,82157.0,SANM,SANMINA CORP,3672.0
80105610,25.59,25.43,2014-11-05,4992,82475.0,SANM,SANMINA CORP,3672.0
80105610,25.83,25.36,2014-11-06,6096,82475.0,SANM,SANMINA CORP,3672.0
80105610,25.6,25.84,2014-11-07,5271,82475.0,SANM,SANMINA CORP,3672.0
80105610,25.39,25.54,2014-11-10,6368,82475.0,SANM,SANMINA CORP,3672.0
80105610,25.51,25.26,2014-11-11,3172,82475.0,SANM,SANMINA CORP,3672.0
80105610,25.06,25.35,2014-11-12,6913,82475.0,SANM,SANMINA CORP,3672.0
80105610,24.78,25.02,2014-11-13,4284,82475.0,SANM,SANMINA CORP,3672.0
80105610,25.12,24.84,2014-11-14,3562,82475.0,SANM,SANMINA CORP,3672.0
80105610,24.65,24.99,2014-11-17,3597,82475.0,SANM,SANMINA CORP,3672.0
80105610,24.62,24.76,2014-11-18,4473,82475.0,SANM,SANMINA CORP,3672.0
80105610,24.28,24.54,2014-11-19,3841,82475.0,SANM,SANMINA CORP,3672.0
80105610,24.58,24.23,2014-11-20,4352,82475.0,SANM,SANMINA CORP,3672.0
80105610,24.65,24.7,2014-11-21,4040,82475.0,SANM,SANMINA CORP,3672.0
80105610,24.95,24.73,2014-11-24,2985,82475.0,SANM,SANMINA CORP,3672.0
80105610,24.83,25.0,2014-11-25,3787,82475.0,SANM,SANMINA CORP,3672.0
80105610,24.94,24.92,2014-11-26,3782,82475.0,SANM,SANMINA CORP,3672.0
80105610,24.6,24.98,2014-11-28,2148,82475.0,SANM,SANMINA CORP,3672.0
80105610,24.13,24.5,2014-12-01,6972,82475.0,SANM,SANMINA CORP,3672.0
80105610,24.9,24.28,2014-12-02,7903,82475.0,SANM,SANMINA CORP,3672.0
80105610,24.98,24.97,2014-12-03,4383,82475.0,SANM,SANMINA CORP,3672.0
80105610,25.0,24.9,2014-12-04,3708,82475.0,SANM,SANMINA CORP,3672.0
80105610,25.06,25.25,2014-12-05,4886,82475.0,SANM,SANMINA CORP,3672.0
80105610,24.03,25.03,2014-12-08,5441,82475.0,SANM,SANMINA CORP,3672.0
80105610,24.88,23.78,2014-12-09,4771,82475.0,SANM,SANMINA CORP,3672.0
80105610,24.23,24.68,2014-12-10,5490,82475.0,SANM,SANMINA CORP,3672.0
80105610,24.32,24.43,2014-12-11,3910,82475.0,SANM,SANMINA CORP,3672.0
80105610,23.67,24.0,2014-12-12,3949,82475.0,SANM,SANMINA CORP,3672.0
80105610,23.64,23.75,2014-12-15,5420,82475.0,SANM,SANMINA CORP,3672.0
80105610,23.09,23.53,2014-12-16,5687,82475.0,SANM,SANMINA CORP,3672.0
80105610,23.35,23.03,2014-12-17,7315,82475.0,SANM,SANMINA CORP,3672.0
80105610,23.84,23.8,2014-12-18,5766,82475.0,SANM,SANMINA CORP,3672.0
80105610,22.87,23.81,2014-12-19,9158,82475.0,SANM,SANMINA CORP,3672.0
80105610,23.51,22.9,2014-12-22,5001,82475.0,SANM,SANMINA CORP,3672.0
80105610,23.45,23.6,2014-12-23,4006,82475.0,SANM,SANMINA CORP,3672.0
80105610,23.62,23.49,2014-12-24,1736,82475.0,SANM,SANMINA CORP,3672.0
80105610,23.84,23.66,2014-12-26,2724,83176.0,SANM,SANMINA CORP,3672.0
80105610,23.91,23.84,2014-12-29,3391,83176.0,SANM,SANMINA CORP,3672.0
80105610,23.78,23.85,2014-12-30,3139,83176.0,SANM,SANMINA CORP,3672.0
80105610,23.53,23.88,2014-12-31,2485,83176.0,SANM,SANMINA CORP,3672.0
80105610,23.37,23.65,2015-01-02,3820,83176.0,SANM,SANMINA CORP,3672.0
80105610,23.01,23.21,2015-01-05,4865,83176.0,SANM,SANMINA CORP,3672.0
80105610,22.62,23.02,2015-01-06,5851,83176.0,SANM,SANMINA CORP,3672.0
80105610,22.98,22.74,2015-01-07,3773,83176.0,SANM,SANMINA CORP,3672.0
80105610,23.59,23.23,2015-01-08,7011,83176.0,SANM,SANMINA CORP,3672.0
80105610,23.54,23.53,2015-01-09,3584,83176.0,SANM,SANMINA CORP,3672.0
80105610,23.46,23.6,2015-01-12,6129,83176.0,SANM,SANMINA CORP,3672.0
80105610,23.58,23.9,2015-01-13,4932,83176.0,SANM,SANMINA CORP,3672.0
80105610,23.25,23.18,2015-01-14,3751,83176.0,SANM,SANMINA CORP,3672.0
80105610,22.9,23.29,2015-01-15,5002,83176.0,SANM,SANMINA CORP,3672.0
80105610,23.5,22.79,2015-01-16,5251,83328.0,SANM,SANMINA CORP,3672.0
80105610,23.11,23.64,2015-01-20,5859,83328.0,SANM,SANMINA CORP,3672.0
80105610,22.89,23.09,2015-01-21,3834,83328.0,SANM,SANMINA CORP,3672.0
80105610,23.29,23.03,2015-01-22,5389,83328.0,SANM,SANMINA CORP,3672.0
80105610,23.04,23.24,2015-01-23,3645,83176.0,SANM,SANMINA CORP,3672.0
80105610,23.36,22.95,2015-01-26,5757,83176.0,SANM,SANMINA CORP,3672.0
80105610,20.97,22.0,2015-01-27,20964,83176.0,SANM,SANMINA CORP,3672.0
80105610,21.33,21.02,2015-01-28,6853,83176.0,SANM,SANMINA CORP,3672.0
80105610,21.73,21.45,2015-01-29,6700,83176.0,SANM,SANMINA CORP,3672.0
80105610,21.18,21.58,2015-01-30,6074,83176.0,SANM,SANMINA CORP,3672.0
80105610,20.87,21.24,2015-02-02,9998,83176.0,SANM,SANMINA CORP,3672.0
80105610,21.21,20.97,2015-02-03,6574,83176.0,SANM,SANMINA CORP,3672.0
80105610,21.12,21.01,2015-02-04,6302,83176.0,SANM,SANMINA CORP,3672.0
80105610,21.68,21.21,2015-02-05,5830,83176.0,SANM,SANMINA CORP,3672.0
80105610,21.97,21.69,2015-02-06,4188,83176.0,SANM,SANMINA CORP,3672.0
80105610,22.1,21.86,2015-02-09,5866,83176.0,SANM,SANMINA CORP,3672.0
80105610,22.38,22.26,2015-02-10,3947,83176.0,SANM,SANMINA CORP,3672.0
80105610,22.03,22.25,2015-02-11,5214,83176.0,SANM,SANMINA CORP,3672.0
80105610,22.43,22.27,2015-02-12,4256,83176.0,SANM,SANMINA CORP,3672.0
80105610,22.495,22.47,2015-02-13,3073,83176.0,SANM,SANMINA CORP,3672.0
80105610,22.57,22.51,2015-02-17,4474,83176.0,SANM,SANMINA CORP,3672.0
80105610,22.72,22.46,2015-02-18,3729,83176.0,SANM,SANMINA CORP,3672.0
80105610,22.75,22.62,2015-02-19,2414,83176.0,SANM,SANMINA CORP,3672.0
80105610,23.0,22.75,2015-02-20,2769,83176.0,SANM,SANMINA CORP,3672.0
80105610,22.85,22.98,2015-02-23,3139,83176.0,SANM,SANMINA CORP,3672.0
80105610,22.92,22.77,2015-02-24,2855,83176.0,SANM,SANMINA CORP,3672.0
80105610,22.91,22.81,2015-02-25,2443,83176.0,SANM,SANMINA CORP,3672.0
80105610,22.75,22.76,2015-02-26,2358,83176.0,SANM,SANMINA CORP,3672.0
80105610,22.7,22.66,2015-02-27,2667,83176.0,SANM,SANMINA CORP,3672.0
80105610,23.22,22.67,2015-03-02,3244,83176.0,SANM,SANMINA CORP,3672.0
80105610,22.95,23.06,2015-03-03,3585,83176.0,SANM,SANMINA CORP,3672.0
80105610,22.91,22.85,2015-03-04,3735,83176.0,SANM,SANMINA CORP,3672.0
80105610,22.73,22.74,2015-03-05,2437,83176.0,SANM,SANMINA CORP,3672.0
80105610,22.26,22.55,2015-03-06,3507,83176.0,SANM,SANMINA CORP,3672.0
80105610,22.38,22.37,2015-03-09,2632,83176.0,SANM,SANMINA CORP,3672.0
80105610,22.0,22.12,2015-03-10,3152,83176.0,SANM,SANMINA CORP,3672.0
80105610,22.44,21.99,2015-03-11,3858,83176.0,SANM,SANMINA CORP,3672.0
80105610,23.44,22.55,2015-03-12,4168,83176.0,SANM,SANMINA CORP,3672.0
80105610,23.93,23.95,2015-03-13,7043,83176.0,SANM,SANMINA CORP,3672.0
80105610,24.14,24.14,2015-03-16,4719,83176.0,SANM,SANMINA CORP,3672.0
80105610,24.25,24.02,2015-03-17,3233,83176.0,SANM,SANMINA CORP,3672.0
80105610,24.51,24.25,2015-03-18,3801,83176.0,SANM,SANMINA CORP,3672.0
80105610,24.39,24.33,2015-03-19,3077,83176.0,SANM,SANMINA CORP,3672.0
80105610,24.9,24.58,2015-03-20,2900,83176.0,SANM,SANMINA CORP,3672.0
80105610,24.95,24.82,2015-03-23,3275,83176.0,SANM,SANMINA CORP,3672.0
80105610,25.12,24.87,2015-03-24,4377,83176.0,SANM,SANMINA CORP,3672.0
80105610,23.75,24.94,2015-03-25,4842,83176.0,SANM,SANMINA CORP,3672.0
80105610,23.91,23.53,2015-03-26,4066,83176.0,SANM,SANMINA CORP,3672.0
80105610,23.8,23.85,2015-03-27,5107,82626.0,SANM,SANMINA CORP,3672.0
80105610,24.21,23.93,2015-03-30,3251,82626.0,SANM,SANMINA CORP,3672.0
80105610,24.19,24.0,2015-03-31,2961,82626.0,SANM,SANMINA CORP,3672.0
80105610,24.4,24.0,2015-04-01,3265,82626.0,SANM,SANMINA CORP,3672.0
80105610,24.35,24.49,2015-04-02,3052,82626.0,SANM,SANMINA CORP,3672.0
80105610,24.9,24.21,2015-04-06,3466,82626.0,SANM,SANMINA CORP,3672.0
80105610,24.1,24.73,2015-04-07,4028,82626.0,SANM,SANMINA CORP,3672.0
80105610,24.66,24.03,2015-04-08,2480,82626.0,SANM,SANMINA CORP,3672.0
80105610,24.62,24.6,2015-04-09,2469,82626.0,SANM,SANMINA CORP,3672.0
80105610,24.83,24.81,2015-04-10,1713,82626.0,SANM,SANMINA CORP,3672.0
80105610,24.78,24.93,2015-04-13,3020,82626.0,SANM,SANMINA CORP,3672.0
80105610,23.59,23.99,2015-04-14,5493,82626.0,SANM,SANMINA CORP,3672.0
80105610,23.72,23.63,2015-04-15,3149,82626.0,SANM,SANMINA CORP,3672.0
80105610,23.66,23.72,2015-04-16,2887,82626.0,SANM,SANMINA CORP,3672.0
80105610,23.14,23.38,2015-04-17,4182,82626.0,SANM,SANMINA CORP,3672.0
80105610,23.36,23.25,2015-04-20,6700,82626.0,SANM,SANMINA CORP,3672.0
80105610,20.69,20.67,2015-04-21,25459,82626.0,SANM,SANMINA CORP,3672.0
80105610,21.09,20.43,2015-04-22,9482,82626.0,SANM,SANMINA CORP,3672.0
80105610,20.84,20.92,2015-04-23,5711,82626.0,SANM,SANMINA CORP,3672.0
80105610,20.81,20.9,2015-04-24,5198,82626.0,SANM,SANMINA CORP,3672.0
80105610,20.77,20.76,2015-04-27,7244,82626.0,SANM,SANMINA CORP,3672.0
80105610,21.07,20.73,2015-04-28,6024,82626.0,SANM,SANMINA CORP,3672.0
80105610,20.85,20.88,2015-04-29,4235,82626.0,SANM,SANMINA CORP,3672.0
80105610,20.33,20.78,2015-04-30,8124,82626.0,SANM,SANMINA CORP,3672.0
80105610,21.11,20.35,2015-05-01,9438,82626.0,SANM,SANMINA CORP,3672.0
80105610,21.38,21.2,2015-05-04,5503,82626.0,SANM,SANMINA CORP,3672.0
80105610,20.89,21.31,2015-05-05,6230,82626.0,SANM,SANMINA CORP,3672.0
80105610,20.79,20.96,2015-05-06,3634,82626.0,SANM,SANMINA CORP,3672.0
80105610,20.895,20.73,2015-05-07,3114,82626.0,SANM,SANMINA CORP,3672.0
80105610,21.41,21.15,2015-05-08,5121,82626.0,SANM,SANMINA CORP,3672.0
80105610,21.38,21.34,2015-05-11,3358,82626.0,SANM,SANMINA CORP,3672.0
80105610,21.14,21.35,2015-05-12,5432,82626.0,SANM,SANMINA CORP,3672.0
80105610,21.46,21.12,2015-05-13,3640,82626.0,SANM,SANMINA CORP,3672.0
80105610,21.89,21.5,2015-05-14,3014,82626.0,SANM,SANMINA CORP,3672.0
80105610,21.5,21.8,2015-05-15,2104,82626.0,SANM,SANMINA CORP,3672.0
80105610,21.6,21.44,2015-05-18,4392,82626.0,SANM,SANMINA CORP,3672.0
80105610,21.44,21.55,2015-05-19,3577,82626.0,SANM,SANMINA CORP,3672.0
80105610,21.29,21.54,2015-05-20,2849,82626.0,SANM,SANMINA CORP,3672.0
80105610,21.31,21.23,2015-05-21,2717,82626.0,SANM,SANMINA CORP,3672.0
80105610,21.35,21.3,2015-05-22,3062,82626.0,SANM,SANMINA CORP,3672.0
80105610,21.05,21.22,2015-05-26,5002,82626.0,SANM,SANMINA CORP,3672.0
80105610,21.42,21.14,2015-05-27,3770,82626.0,SANM,SANMINA CORP,3672.0
80105610,21.44,21.32,2015-05-28,3156,82626.0,SANM,SANMINA CORP,3672.0
80105610,21.66,21.5,2015-05-29,4037,82626.0,SANM,SANMINA CORP,3672.0
80105610,21.78,21.77,2015-06-01,4370,82626.0,SANM,SANMINA CORP,3672.0
80105610,21.47,21.63,2015-06-02,3267,82626.0,SANM,SANMINA CORP,3672.0
80105610,21.63,21.53,2015-06-03,3694,82626.0,SANM,SANMINA CORP,3672.0
80105610,21.26,21.53,2015-06-04,3473,82626.0,SANM,SANMINA CORP,3672.0
80105610,21.49,21.11,2015-06-05,3111,82626.0,SANM,SANMINA CORP,3672.0
80105610,21.31,21.5,2015-06-08,5197,82626.0,SANM,SANMINA CORP,3672.0
80105610,21.41,21.25,2015-06-09,3473,82626.0,SANM,SANMINA CORP,3672.0
80105610,21.59,21.57,2015-06-10,5328,82626.0,SANM,SANMINA CORP,3672.0
80105610,21.64,21.66,2015-06-11,3201,82626.0,SANM,SANMINA CORP,3672.0
80105610,21.56,21.53,2015-06-12,2103,82626.0,SANM,SANMINA CORP,3672.0
80105610,21.31,21.47,2015-06-15,3358,82626.0,SANM,SANMINA CORP,3672.0
80105610,21.64,21.26,2015-06-16,2987,82626.0,SANM,SANMINA CORP,3672.0
80105610,21.53,21.67,2015-06-17,2299,82626.0,SANM,SANMINA CORP,3672.0
80105610,21.39,21.5,2015-06-18,3970,82626.0,SANM,SANMINA CORP,3672.0
80105610,21.85,21.34,2015-06-19,3208,82626.0,SANM,SANMINA CORP,3672.0
80105610,21.76,22.06,2015-06-22,3654,82626.0,SANM,SANMINA CORP,3672.0
80105610,21.97,21.8,2015-06-23,3623,82626.0,SANM,SANMINA CORP,3672.0
80105610,21.11,21.97,2015-06-24,6848,82626.0,SANM,SANMINA CORP,3672.0
80105610,20.95,21.24,2015-06-25,5302,82626.0,SANM,SANMINA CORP,3672.0
80105610,20.67,21.04,2015-06-26,5466,80456.0,SANM,SANMINA CORP,3672.0
80105610,20.0,20.53,2015-06-29,4333,80456.0,SANM,SANMINA CORP,3672.0
80105610,20.16,20.2,2015-06-30,4537,80456.0,SANM,SANMINA CORP,3672.0
80105610,20.2,20.35,2015-07-01,3616,80456.0,SANM,SANMINA CORP,3672.0
80105610,19.94,20.2,2015-07-02,3070,80456.0,SANM,SANMINA CORP,3672.0
80105610,19.46,19.62,2015-07-06,6632,80456.0,SANM,SANMINA CORP,3672.0
80105610,19.11,19.41,2015-07-07,5251,80456.0,SANM,SANMINA CORP,3672.0
80105610,18.91,18.9,2015-07-08,5521,80456.0,SANM,SANMINA CORP,3672.0
80105610,18.36,19.12,2015-07-09,6407,80456.0,SANM,SANMINA CORP,3672.0
80105610,18.62,18.78,2015-07-10,5566,80456.0,SANM,SANMINA CORP,3672.0
80105610,18.6,18.74,2015-07-13,5052,80456.0,SANM,SANMINA CORP,3672.0
80105610,19.24,18.67,2015-07-14,4748,80456.0,SANM,SANMINA CORP,3672.0
80105610,18.69,19.07,2015-07-15,5171,80456.0,SANM,SANMINA CORP,3672.0
80105610,18.82,18.94,2015-07-16,4024,80456.0,SANM,SANMINA CORP,3672.0
80105610,18.93,18.87,2015-07-17,4562,80456.0,SANM,SANMINA CORP,3672.0
80105610,19.03,18.94,2015-07-20,6133,80456.0,SANM,SANMINA CORP,3672.0
80105610,21.28,21.5,2015-07-21,19257,80456.0,SANM,SANMINA CORP,3672.0
80105610,21.52,20.99,2015-07-22,8824,80456.0,SANM,SANMINA CORP,3672.0
80105610,21.54,21.7,2015-07-23,7515,80456.0,SANM,SANMINA CORP,3672.0
80105610,21.23,21.56,2015-07-24,7056,80456.0,SANM,SANMINA CORP,3672.0
80105610,21.42,20.95,2015-07-27,7572,80456.0,SANM,SANMINA CORP,3672.0
80105610,21.49,21.6,2015-07-28,10476,80456.0,SANM,SANMINA CORP,3672.0
80105610,21.9,21.56,2015-07-29,8468,80456.0,SANM,SANMINA CORP,3672.0
80105610,21.82,21.62,2015-07-30,4570,80456.0,SANM,SANMINA CORP,3672.0
80105610,22.07,21.89,2015-07-31,4373,80456.0,SANM,SANMINA CORP,3672.0
80105610,21.19,21.63,2015-08-03,8808,80456.0,SANM,SANMINA CORP,3672.0
80105610,20.97,21.24,2015-08-04,3747,80456.0,SANM,SANMINA CORP,3672.0
80105610,21.14,21.18,2015-08-05,5336,80456.0,SANM,SANMINA CORP,3672.0
80105610,21.09,21.23,2015-08-06,4832,80456.0,SANM,SANMINA CORP,3672.0
80105610,20.99,20.92,2015-08-07,4123,80456.0,SANM,SANMINA CORP,3672.0
80105610,21.38,20.91,2015-08-10,3553,80456.0,SANM,SANMINA CORP,3672.0
80105610,21.59,21.22,2015-08-11,7669,80456.0,SANM,SANMINA CORP,3672.0
80105610,21.3,21.59,2015-08-12,4763,80456.0,SANM,SANMINA CORP,3672.0
80105610,21.12,21.33,2015-08-13,2703,80456.0,SANM,SANMINA CORP,3672.0
80105610,21.35,21.02,2015-08-14,2135,80456.0,SANM,SANMINA CORP,3672.0
80105610,21.4,21.19,2015-08-17,3107,80456.0,SANM,SANMINA CORP,3672.0
80105610,20.84,21.34,2015-08-18,2868,80456.0,SANM,SANMINA CORP,3672.0
80105610,20.46,20.66,2015-08-19,4323,80456.0,SANM,SANMINA CORP,3672.0
80105610,20.11,20.21,2015-08-20,4684,80456.0,SANM,SANMINA CORP,3672.0
80105610,19.32,19.48,2015-08-21,4198,80456.0,SANM,SANMINA CORP,3672.0
80105610,18.48,18.02,2015-08-24,7691,80456.0,SANM,SANMINA CORP,3672.0
80105610,18.31,19.19,2015-08-25,5342,80456.0,SANM,SANMINA CORP,3672.0
80105610,19.08,18.74,2015-08-26,4281,80456.0,SANM,SANMINA CORP,3672.0
80105610,19.37,19.23,2015-08-27,5193,80456.0,SANM,SANMINA CORP,3672.0
80105610,19.51,19.28,2015-08-28,3378,80456.0,SANM,SANMINA CORP,3672.0
80105610,19.24,19.36,2015-08-31,3844,80456.0,SANM,SANMINA CORP,3672.0
80105610,18.84,18.91,2015-09-01,5215,80456.0,SANM,SANMINA CORP,3672.0
80105610,19.31,19.08,2015-09-02,3884,80456.0,SANM,SANMINA CORP,3672.0
80105610,19.35,19.46,2015-09-03,2360,80456.0,SANM,SANMINA CORP,3672.0
80105610,18.96,19.05,2015-09-04,1542,80456.0,SANM,SANMINA CORP,3672.0
80105610,19.55,19.22,2015-09-08,3060,80456.0,SANM,SANMINA CORP,3672.0
80105610,19.45,19.78,2015-09-09,2178,80456.0,SANM,SANMINA CORP,3672.0
80105610,19.8,19.34,2015-09-10,3856,80456.0,SANM,SANMINA CORP,3672.0
80105610,19.84,19.68,2015-09-11,2286,80456.0,SANM,SANMINA CORP,3672.0
80105610,19.82,19.93,2015-09-14,2669,80456.0,SANM,SANMINA CORP,3672.0
80105610,20.24,20.0,2015-09-15,3912,80456.0,SANM,SANMINA CORP,3672.0
80105610,20.42,20.16,2015-09-16,3828,80456.0,SANM,SANMINA CORP,3672.0
80105610,20.63,20.43,2015-09-17,3937,80456.0,SANM,SANMINA CORP,3672.0
80105610,20.09,20.26,2015-09-18,5326,80456.0,SANM,SANMINA CORP,3672.0
80105610,20.43,20.34,2015-09-21,4751,80456.0,SANM,SANMINA CORP,3672.0
80105610,20.08,20.15,2015-09-22,4553,80456.0,SANM,SANMINA CORP,3672.0
80105610,20.01,20.14,2015-09-23,3636,80456.0,SANM,SANMINA CORP,3672.0
80105610,20.05,19.78,2015-09-24,3342,80456.0,SANM,SANMINA CORP,3672.0
80105610,20.77,20.36,2015-09-25,5222,80456.0,SANM,SANMINA CORP,3672.0
80105610,20.67,20.72,2015-09-28,7817,80456.0,SANM,SANMINA CORP,3672.0
80105610,20.81,20.66,2015-09-29,4947,80456.0,SANM,SANMINA CORP,3672.0
80105610,21.37,20.9,2015-09-30,4578,80456.0,SANM,SANMINA CORP,3672.0
80105610,21.2,21.25,2015-10-01,6102,80456.0,SANM,SANMINA CORP,3672.0
80105610,21.37,21.01,2015-10-02,4457,78058.0,SANM,SANMINA CORP,3672.0
80105610,22.38,21.5,2015-10-05,4835,78058.0,SANM,SANMINA CORP,3672.0
80105610,22.04,22.42,2015-10-06,4333,78058.0,SANM,SANMINA CORP,3672.0
80105610,22.43,22.15,2015-10-07,6064,78058.0,SANM,SANMINA CORP,3672.0
80105610,22.65,22.24,2015-10-08,3744,78058.0,SANM,SANMINA CORP,3672.0
80105610,22.65,22.8,2015-10-09,2964,78058.0,SANM,SANMINA CORP,3672.0
80105610,22.87,22.77,2015-10-12,2133,78058.0,SANM,SANMINA CORP,3672.0
80105610,23.31,22.84,2015-10-13,5347,78058.0,SANM,SANMINA CORP,3672.0
80105610,23.2,23.26,2015-10-14,2962,78058.0,SANM,SANMINA CORP,3672.0
80105610,23.77,23.28,2015-10-15,5496,78058.0,SANM,SANMINA CORP,3672.0
80105610,23.73,23.77,2015-10-16,5478,78058.0,SANM,SANMINA CORP,3672.0
80105610,23.69,23.76,2015-10-19,3956,78058.0,SANM,SANMINA CORP,3672.0
80105610,23.94,23.89,2015-10-20,3732,78058.0,SANM,SANMINA CORP,3672.0
80105610,22.965,23.84,2015-10-21,4345,78058.0,SANM,SANMINA CORP,3672.0
80105610,21.09,22.35,2015-10-22,11025,78058.0,SANM,SANMINA CORP,3672.0
80105610,20.99,20.56,2015-10-23,8132,78058.0,SANM,SANMINA CORP,3672.0
80105610,20.34,21.14,2015-10-26,7576,78058.0,SANM,SANMINA CORP,3672.0
80105610,20.45,20.3,2015-10-27,7890,78058.0,SANM,SANMINA CORP,3672.0
80105610,21.35,20.42,2015-10-28,6465,78058.0,SANM,SANMINA CORP,3672.0
80105610,20.71,21.07,2015-10-29,5316,78058.0,SANM,SANMINA CORP,3672.0
80105610,20.67,20.77,2015-10-30,6797,78058.0,SANM,SANMINA CORP,3672.0
80105610,20.97,20.65,2015-11-02,6406,78058.0,SANM,SANMINA CORP,3672.0
80105610,24.78,23.49,2015-11-03,20766,78058.0,SANM,SANMINA CORP,3672.0
80105610,24.38,24.37,2015-11-04,10349,78058.0,SANM,SANMINA CORP,3672.0
80105610,24.48,24.37,2015-11-05,5553,78058.0,SANM,SANMINA CORP,3672.0
80105610,24.69,24.37,2015-11-06,5705,78058.0,SANM,SANMINA CORP,3672.0
80105610,23.87,24.55,2015-11-09,5484,78405.0,SANM,SANMINA CORP,3672.0
80105610,23.83,23.74,2015-11-10,3609,78405.0,SANM,SANMINA CORP,3672.0
80105610,23.63,23.88,2015-11-11,3316,78405.0,SANM,SANMINA CORP,3672.0
80105610,23.26,23.49,2015-11-12,3245,78405.0,SANM,SANMINA CORP,3672.0
80105610,22.84,23.08,2015-11-13,3652,78405.0,SANM,SANMINA CORP,3672.0
80105610,23.26,22.72,2015-11-16,4740,78405.0,SANM,SANMINA CORP,3672.0
80105610,22.98,23.35,2015-11-17,4582,78405.0,SANM,SANMINA CORP,3672.0
80105610,23.27,23.17,2015-11-18,4112,78405.0,SANM,SANMINA CORP,3672.0
80105610,23.31,23.28,2015-11-19,4445,78405.0,SANM,SANMINA CORP,3672.0
80105610,23.19,23.41,2015-11-20,6425,78405.0,SANM,SANMINA CORP,3672.0
80105610,22.79,23.03,2015-11-23,8129,78405.0,SANM,SANMINA CORP,3672.0
80105610,22.66,22.62,2015-11-24,8634,78405.0,SANM,SANMINA CORP,3672.0
80105610,22.9,22.7,2015-11-25,4565,78405.0,SANM,SANMINA CORP,3672.0
80105610,23.11,22.85,2015-11-27,2004,78405.0,SANM,SANMINA CORP,3672.0
80105610,22.67,22.66,2015-11-30,6931,78405.0,SANM,SANMINA CORP,3672.0
80105610,23.03,22.85,2015-12-01,4624,78405.0,SANM,SANMINA CORP,3672.0
80105610,22.28,23.02,2015-12-02,5927,78405.0,SANM,SANMINA CORP,3672.0
80105610,21.85,22.47,2015-12-03,5002,78405.0,SANM,SANMINA CORP,3672.0
80105610,22.46,22.25,2015-12-04,5131,78405.0,SANM,SANMINA CORP,3672.0
80105610,21.95,22.47,2015-12-07,4863,78405.0,SANM,SANMINA CORP,3672.0
80105610,21.07,21.62,2015-12-08,7796,78405.0,SANM,SANMINA CORP,3672.0
80105610,20.77,21.08,2015-12-09,5361,78405.0,SANM,SANMINA CORP,3672.0
80105610,20.86,20.81,2015-12-10,5790,78405.0,SANM,SANMINA CORP,3672.0
80105610,20.52,20.48,2015-12-11,5877,78405.0,SANM,SANMINA CORP,3672.0
80105610,20.26,20.42,2015-12-14,8413,78405.0,SANM,SANMINA CORP,3672.0
80105610,20.96,20.46,2015-12-15,6898,78405.0,SANM,SANMINA CORP,3672.0
80105610,20.91,21.02,2015-12-16,5183,78405.0,SANM,SANMINA CORP,3672.0
80105610,21.25,20.96,2015-12-17,8660,78405.0,SANM,SANMINA CORP,3672.0
80105610,21.31,21.23,2015-12-18,11892,78405.0,SANM,SANMINA CORP,3672.0
80105610,20.92,21.4,2015-12-21,7377,78405.0,SANM,SANMINA CORP,3672.0
80105610,20.93,21.05,2015-12-22,5686,78405.0,SANM,SANMINA CORP,3672.0
80105610,21.58,21.0,2015-12-23,4600,78405.0,SANM,SANMINA CORP,3672.0
80105610,21.46,21.55,2015-12-24,2090,78405.0,SANM,SANMINA CORP,3672.0
80105610,21.33,21.43,2015-12-28,3023,78405.0,SANM,SANMINA CORP,3672.0
80105610,21.62,21.39,2015-12-29,2769,78405.0,SANM,SANMINA CORP,3672.0
80105610,21.12,21.63,2015-12-30,3248,78405.0,SANM,SANMINA CORP,3672.0
80105610,20.58,21.09,2015-12-31,4622,77184.0,SANM,SANMINA CORP,3672.0
80105610,20.4,20.2,2016-01-04,5928,77184.0,SANM,SANMINA CORP,3672.0
80105610,19.98,20.5,2016-01-05,5553,77184.0,SANM,SANMINA CORP,3672.0
80105610,19.44,19.68,2016-01-06,4890,77184.0,SANM,SANMINA CORP,3672.0
80105610,18.49,19.03,2016-01-07,6864,77184.0,SANM,SANMINA CORP,3672.0
80105610,18.07,18.73,2016-01-08,5721,77184.0,SANM,SANMINA CORP,3672.0
80105610,17.65,18.01,2016-01-11,5736,77184.0,SANM,SANMINA CORP,3672.0
80105610,17.69,17.9,2016-01-12,5146,77184.0,SANM,SANMINA CORP,3672.0
80105610,17.15,17.79,2016-01-13,3514,77184.0,SANM,SANMINA CORP,3672.0
80105610,17.31,17.24,2016-01-14,7013,77184.0,SANM,SANMINA CORP,3672.0
80105610,16.84,16.81,2016-01-15,6859,76687.0,SANM,SANMINA CORP,3672.0
80105610,16.76,17.16,2016-01-19,4832,76687.0,SANM,SANMINA CORP,3672.0
80105610,16.98,17.29,2016-01-20,6969,76687.0,SANM,SANMINA CORP,3672.0
80105610,16.97,17.08,2016-01-21,6445,76687.0,SANM,SANMINA CORP,3672.0
80105610,17.26,17.34,2016-01-22,6184,76687.0,SANM,SANMINA CORP,3672.0
80105610,17.38,17.22,2016-01-25,9177,77184.0,SANM,SANMINA CORP,3672.0
80105610,19.09,19.68,2016-01-26,13848,77184.0,SANM,SANMINA CORP,3672.0
80105610,18.85,18.95,2016-01-27,9242,77184.0,SANM,SANMINA CORP,3672.0
80105610,18.19,18.99,2016-01-28,6666,77184.0,SANM,SANMINA CORP,3672.0
80105610,18.74,18.35,2016-01-29,9302,77184.0,SANM,SANMINA CORP,3672.0
80105610,18.91,18.52,2016-02-01,10422,77184.0,SANM,SANMINA CORP,3672.0
80105610,18.59,18.7,2016-02-02,10091,77184.0,SANM,SANMINA CORP,3672.0
80105610,18.7,18.78,2016-02-03,9529,77184.0,SANM,SANMINA CORP,3672.0
80105610,19.44,18.66,2016-02-04,6711,77184.0,SANM,SANMINA CORP,3672.0
80105610,19.22,19.42,2016-02-05,7504,77184.0,SANM,SANMINA CORP,3672.0
80105610,19.43,18.9,2016-02-08,7887,77184.0,SANM,SANMINA CORP,3672.0
80105610,19.52,19.13,2016-02-09,6455,77184.0,SANM,SANMINA CORP,3672.0
80105610,19.67,19.59,2016-02-10,6216,77184.0,SANM,SANMINA CORP,3672.0
80105610,19.56,19.39,2016-02-11,6111,77184.0,SANM,SANMINA CORP,3672.0
80105610,19.83,19.7,2016-02-12,4946,77184.0,SANM,SANMINA CORP,3672.0
80105610,20.5,20.04,2016-02-16,3869,77184.0,SANM,SANMINA CORP,3672.0
80105610,20.055,20.7,2016-02-17,5524,77184.0,SANM,SANMINA CORP,3672.0
80105610,20.54,20.2,2016-02-18,4512,77184.0,SANM,SANMINA CORP,3672.0
80105610,20.42,20.46,2016-02-19,2551,77184.0,SANM,SANMINA CORP,3672.0
80105610,20.39,20.55,2016-02-22,4351,77184.0,SANM,SANMINA CORP,3672.0
80105610,20.39,20.37,2016-02-23,3949,77184.0,SANM,SANMINA CORP,3672.0
80105610,20.68,20.24,2016-02-24,4752,77184.0,SANM,SANMINA CORP,3672.0
80105610,20.83,20.68,2016-02-25,4356,77184.0,SANM,SANMINA CORP,3672.0
80105610,20.96,20.91,2016-02-26,4203,77184.0,SANM,SANMINA CORP,3672.0
80105610,20.6,21.05,2016-02-29,6365,77184.0,SANM,SANMINA CORP,3672.0
80105610,21.4,20.73,2016-03-01,3358,77184.0,SANM,SANMINA CORP,3672.0
80105610,21.05,21.4,2016-03-02,3538,77184.0,SANM,SANMINA CORP,3672.0
80105610,21.94,21.03,2016-03-03,4433,77184.0,SANM,SANMINA CORP,3672.0
80105610,21.44,21.86,2016-03-04,3672,77184.0,SANM,SANMINA CORP,3672.0
80105610,21.59,21.31,2016-03-07,3873,77184.0,SANM,SANMINA CORP,3672.0
80105610,21.07,21.5,2016-03-08,3427,77184.0,SANM,SANMINA CORP,3672.0
80105610,21.3,21.2,2016-03-09,3575,77184.0,SANM,SANMINA CORP,3672.0
80105610,21.41,21.39,2016-03-10,3616,77184.0,SANM,SANMINA CORP,3672.0
80105610,22.14,21.65,2016-03-11,3976,77184.0,SANM,SANMINA CORP,3672.0
80105610,21.7,22.05,2016-03-14,3581,77184.0,SANM,SANMINA CORP,3672.0
80105610,21.13,21.52,2016-03-15,6632,77184.0,SANM,SANMINA CORP,3672.0
80105610,21.38,21.11,2016-03-16,3669,77184.0,SANM,SANMINA CORP,3672.0
80105610,21.89,21.3,2016-03-17,4574,77184.0,SANM,SANMINA CORP,3672.0
80105610,22.18,22.0,2016-03-18,2887,77184.0,SANM,SANMINA CORP,3672.0
80105610,22.62,22.14,2016-03-21,3770,77184.0,SANM,SANMINA CORP,3672.0
80105610,23.08,22.42,2016-03-22,4850,77184.0,SANM,SANMINA CORP,3672.0
80105610,22.61,23.05,2016-03-23,4445,77184.0,SANM,SANMINA CORP,3672.0
80105610,22.64,22.53,2016-03-24,2723,77184.0,SANM,SANMINA CORP,3672.0
80105610,22.48,22.66,2016-03-28,2791,77184.0,SANM,SANMINA CORP,3672.0
80105610,22.5,22.5,2016-03-29,8002,77184.0,SANM,SANMINA CORP,3672.0
80105610,22.95,22.63,2016-03-30,5479,77184.0,SANM,SANMINA CORP,3672.0
80105610,23.38,23.02,2016-03-31,3743,77184.0,SANM,SANMINA CORP,3672.0
80105610,23.33,23.04,2016-04-01,3154,73633.0,SANM,SANMINA CORP,3672.0
80105610,22.85,23.4,2016-04-04,3382,73633.0,SANM,SANMINA CORP,3672.0
80105610,22.43,22.7,2016-04-05,3082,73633.0,SANM,SANMINA CORP,3672.0
80105610,22.32,22.45,2016-04-06,2465,73633.0,SANM,SANMINA CORP,3672.0
80105610,21.85,22.24,2016-04-07,2989,73633.0,SANM,SANMINA CORP,3672.0
80105610,21.93,21.99,2016-04-08,2501,73633.0,SANM,SANMINA CORP,3672.0
80105610,22.13,22.05,2016-04-11,2977,73633.0,SANM,SANMINA CORP,3672.0
80105610,22.01,22.08,2016-04-12,3581,73633.0,SANM,SANMINA CORP,3672.0
80105610,22.85,22.2,2016-04-13,2439,73633.0,SANM,SANMINA CORP,3672.0
80105610,22.37,22.75,2016-04-14,3128,73633.0,SANM,SANMINA CORP,3672.0
80105610,22.18,22.26,2016-04-15,3553,73633.0,SANM,SANMINA CORP,3672.0
80105610,22.26,21.56,2016-04-18,3446,73633.0,SANM,SANMINA CORP,3672.0
80105610,22.26,22.12,2016-04-19,3065,73633.0,SANM,SANMINA CORP,3672.0
80105610,22.01,22.32,2016-04-20,3399,73633.0,SANM,SANMINA CORP,3672.0
80105610,21.89,22.09,2016-04-21,4435,73633.0,SANM,SANMINA CORP,3672.0
80105610,22.03,21.89,2016-04-22,3421,73633.0,SANM,SANMINA CORP,3672.0
80105610,22.21,21.95,2016-04-25,5167,73633.0,SANM,SANMINA CORP,3672.0
80105610,24.24,24.35,2016-04-26,13703,73633.0,SANM,SANMINA CORP,3672.0
80105610,24.04,23.95,2016-04-27,6856,73633.0,SANM,SANMINA CORP,3672.0
80105610,23.44,23.7,2016-04-28,5108,73633.0,SANM,SANMINA CORP,3672.0
80105610,23.65,23.28,2016-04-29,5837,73633.0,SANM,SANMINA CORP,3672.0
80105610,24.11,23.79,2016-05-02,6293,73633.0,SANM,SANMINA CORP,3672.0
80105610,24.16,23.96,2016-05-03,4198,73633.0,SANM,SANMINA CORP,3672.0
80105610,23.95,23.95,2016-05-04,4632,73633.0,SANM,SANMINA CORP,3672.0
80105610,23.91,24.02,2016-05-05,4580,73633.0,SANM,SANMINA CORP,3672.0
80105610,24.25,23.9,2016-05-06,4521,73633.0,SANM,SANMINA CORP,3672.0
80105610,24.31,24.18,2016-05-09,4512,73633.0,SANM,SANMINA CORP,3672.0
80105610,24.64,24.46,2016-05-10,5399,73633.0,SANM,SANMINA CORP,3672.0
80105610,24.7,24.55,2016-05-11,4012,73633.0,SANM,SANMINA CORP,3672.0
80105610,24.82,24.76,2016-05-12,5469,73633.0,SANM,SANMINA CORP,3672.0
80105610,24.83,24.8,2016-05-13,6023,73633.0,SANM,SANMINA CORP,3672.0
80105610,25.52,24.69,2016-05-16,7423,73633.0,SANM,SANMINA CORP,3672.0
80105610,25.02,25.34,2016-05-17,5442,73633.0,SANM,SANMINA CORP,3672.0
80105610,25.51,24.85,2016-05-18,4479,73633.0,SANM,SANMINA CORP,3672.0
80105610,25.21,25.24,2016-05-19,4171,73633.0,SANM,SANMINA CORP,3672.0
80105610,25.54,25.39,2016-05-20,4231,73633.0,SANM,SANMINA CORP,3672.0
80105610,25.45,25.48,2016-05-23,4628,73633.0,SANM,SANMINA CORP,3672.0
80105610,26.03,25.65,2016-05-24,5853,73633.0,SANM,SANMINA CORP,3672.0
80105610,25.81,26.03,2016-05-25,5141,73633.0,SANM,SANMINA CORP,3672.0
80105610,26.09,25.93,2016-05-26,4591,73633.0,SANM,SANMINA CORP,3672.0
80105610,26.46,26.1,2016-05-27,5758,73633.0,SANM,SANMINA CORP,3672.0
80105610,26.79,26.16,2016-05-31,7831,73633.0,SANM,SANMINA CORP,3672.0
80105610,27.23,27.66,2016-06-01,9924,73633.0,SANM,SANMINA CORP,3672.0
80105610,27.62,27.08,2016-06-02,5121,73633.0,SANM,SANMINA CORP,3672.0
80105610,27.54,27.6,2016-06-03,4295,73633.0,SANM,SANMINA CORP,3672.0
80105610,27.73,27.21,2016-06-06,3410,73633.0,SANM,SANMINA CORP,3672.0
80105610,27.76,27.74,2016-06-07,4189,73633.0,SANM,SANMINA CORP,3672.0
80105610,28.08,27.7,2016-06-08,3595,73633.0,SANM,SANMINA CORP,3672.0
80105610,28.44,28.03,2016-06-09,4356,73633.0,SANM,SANMINA CORP,3672.0
80105610,28.04,28.05,2016-06-10,4859,73633.0,SANM,SANMINA CORP,3672.0
80105610,27.53,27.89,2016-06-13,4939,73633.0,SANM,SANMINA CORP,3672.0
80105610,27.53,27.44,2016-06-14,5196,73633.0,SANM,SANMINA CORP,3672.0
80105610,27.23,27.67,2016-06-15,3411,73633.0,SANM,SANMINA CORP,3672.0
80105610,27.39,27.0,2016-06-16,4559,73633.0,SANM,SANMINA CORP,3672.0
80105610,27.14,27.42,2016-06-17,6049,73633.0,SANM,SANMINA CORP,3672.0
80105610,27.48,27.46,2016-06-20,4900,73633.0,SANM,SANMINA CORP,3672.0
80105610,27.46,27.5,2016-06-21,2772,73633.0,SANM,SANMINA CORP,3672.0
80105610,28.0,27.58,2016-06-22,5248,73633.0,SANM,SANMINA CORP,3672.0
80105610,28.16,28.31,2016-06-23,2581,73633.0,SANM,SANMINA CORP,3672.0
80105610,26.35,27.16,2016-06-24,5308,73633.0,SANM,SANMINA CORP,3672.0
80105610,25.16,26.15,2016-06-27,6596,73633.0,SANM,SANMINA CORP,3672.0
80105610,25.69,25.48,2016-06-28,5841,73633.0,SANM,SANMINA CORP,3672.0
80105610,25.94,25.94,2016-06-29,4177,73633.0,SANM,SANMINA CORP,3672.0
80105610,26.81,26.02,2016-06-30,3977,73633.0,SANM,SANMINA CORP,3672.0
80105610,26.77,26.68,2016-07-01,4136,73906.0,SANM,SANMINA CORP,3672.0
80105610,26.44,26.64,2016-07-05,2470,73906.0,SANM,SANMINA CORP,3672.0
80105610,26.66,26.28,2016-07-06,3883,73906.0,SANM,SANMINA CORP,3672.0
80105610,26.86,26.72,2016-07-07,2849,73906.0,SANM,SANMINA CORP,3672.0
80105610,27.55,27.01,2016-07-08,3916,73906.0,SANM,SANMINA CORP,3672.0
80105610,27.74,27.65,2016-07-11,3407,73906.0,SANM,SANMINA CORP,3672.0
80105610,28.31,28.01,2016-07-12,2861,73906.0,SANM,SANMINA CORP,3672.0
80105610,28.71,28.45,2016-07-13,3215,73906.0,SANM,SANMINA CORP,3672.0
80105610,28.63,28.88,2016-07-14,3030,73906.0,SANM,SANMINA CORP,3672.0
80105610,28.87,28.89,2016-07-15,3664,73906.0,SANM,SANMINA CORP,3672.0
80105610,28.75,28.71,2016-07-18,2535,73906.0,SANM,SANMINA CORP,3672.0
80105610,28.85,28.58,2016-07-19,2611,73906.0,SANM,SANMINA CORP,3672.0
80105610,28.98,28.81,2016-07-20,2795,73906.0,SANM,SANMINA CORP,3672.0
80105610,28.77,29.07,2016-07-21,2946,73906.0,SANM,SANMINA CORP,3672.0
80105610,28.71,28.63,2016-07-22,5837,73906.0,SANM,SANMINA CORP,3672.0
80105610,29.14,28.87,2016-07-25,5062,73906.0,SANM,SANMINA CORP,3672.0
80105610,24.7,25.55,2016-07-26,23780,73906.0,SANM,SANMINA CORP,3672.0
80105610,25.8,24.81,2016-07-27,13779,73906.0,SANM,SANMINA CORP,3672.0
80105610,25.61,25.67,2016-07-28,4860,73906.0,SANM,SANMINA CORP,3672.0
80105610,25.34,25.65,2016-07-29,5476,73906.0,SANM,SANMINA CORP,3672.0
80105610,25.5,25.22,2016-08-01,6742,73906.0,SANM,SANMINA CORP,3672.0
80105610,25.13,25.53,2016-08-02,5848,73906.0,SANM,SANMINA CORP,3672.0
80105610,25.52,25.34,2016-08-03,6425,73906.0,SANM,SANMINA CORP,3672.0
80105610,25.49,25.67,2016-08-04,3276,73906.0,SANM,SANMINA CORP,3672.0
80105610,25.77,25.76,2016-08-05,3323,73906.0,SANM,SANMINA CORP,3672.0
80105610,26.08,25.69,2016-08-08,5665,73906.0,SANM,SANMINA CORP,3672.0
80105610,26.2,26.14,2016-08-09,4370,73906.0,SANM,SANMINA CORP,3672.0
80105610,26.09,26.28,2016-08-10,4435,73906.0,SANM,SANMINA CORP,3672.0
80105610,26.23,26.11,2016-08-11,3280,73906.0,SANM,SANMINA CORP,3672.0
80105610,26.26,26.31,2016-08-12,3384,73906.0,SANM,SANMINA CORP,3672.0
80105610,26.7,26.42,2016-08-15,2517,73906.0,SANM,SANMINA CORP,3672.0
80105610,26.22,26.7,2016-08-16,2619,73906.0,SANM,SANMINA CORP,3672.0
80105610,26.27,26.25,2016-08-17,3784,73906.0,SANM,SANMINA CORP,3672.0
80105610,26.33,26.19,2016-08-18,3676,73906.0,SANM,SANMINA CORP,3672.0
80105610,26.44,26.31,2016-08-19,3516,73906.0,SANM,SANMINA CORP,3672.0
80105610,26.31,26.31,2016-08-22,4537,73906.0,SANM,SANMINA CORP,3672.0
80105610,26.49,26.48,2016-08-23,2918,73906.0,SANM,SANMINA CORP,3672.0
80105610,26.49,26.54,2016-08-24,3698,73906.0,SANM,SANMINA CORP,3672.0
80105610,26.65,26.48,2016-08-25,2307,73906.0,SANM,SANMINA CORP,3672.0
80105610,26.66,26.72,2016-08-26,3066,73906.0,SANM,SANMINA CORP,3672.0
80105610,26.37,26.62,2016-08-29,2860,73906.0,SANM,SANMINA CORP,3672.0
80105610,26.49,26.39,2016-08-30,2691,73906.0,SANM,SANMINA CORP,3672.0
80105610,26.28,26.53,2016-08-31,4848,73906.0,SANM,SANMINA CORP,3672.0
80105610,26.72,26.42,2016-09-01,5180,73906.0,SANM,SANMINA CORP,3672.0
80105610,26.8,26.83,2016-09-02,2742,73906.0,SANM,SANMINA CORP,3672.0
80105610,26.76,26.91,2016-09-06,3099,73906.0,SANM,SANMINA CORP,3672.0
80105610,26.87,26.8,2016-09-07,2674,73906.0,SANM,SANMINA CORP,3672.0
80105610,27.06,26.77,2016-09-08,3963,73906.0,SANM,SANMINA CORP,3672.0
80105610,26.62,26.8,2016-09-09,5920,73906.0,SANM,SANMINA CORP,3672.0
80105610,27.06,26.5,2016-09-12,4820,73906.0,SANM,SANMINA CORP,3672.0
80105610,26.91,28.1,2016-09-13,6476,73906.0,SANM,SANMINA CORP,3672.0
80105610,27.33,26.91,2016-09-14,4998,73906.0,SANM,SANMINA CORP,3672.0
80105610,28.09,27.38,2016-09-15,5942,73906.0,SANM,SANMINA CORP,3672.0
80105610,27.56,28.07,2016-09-16,3405,73906.0,SANM,SANMINA CORP,3672.0
80105610,28.07,27.83,2016-09-19,4591,73906.0,SANM,SANMINA CORP,3672.0
80105610,27.95,28.13,2016-09-20,2034,73906.0,SANM,SANMINA CORP,3672.0
80105610,28.545,28.09,2016-09-21,2252,73906.0,SANM,SANMINA CORP,3672.0
80105610,28.65,28.44,2016-09-22,3918,73906.0,SANM,SANMINA CORP,3672.0
80105610,28.26,28.46,2016-09-23,3121,73906.0,SANM,SANMINA CORP,3672.0
80105610,27.91,28.19,2016-09-26,3087,73906.0,SANM,SANMINA CORP,3672.0
80105610,28.14,27.96,2016-09-27,3735,73906.0,SANM,SANMINA CORP,3672.0
80105610,28.14,28.37,2016-09-28,3297,73906.0,SANM,SANMINA CORP,3672.0
80105610,27.79,28.04,2016-09-29,2534,73906.0,SANM,SANMINA CORP,3672.0
80105610,28.47,28.0,2016-09-30,3411,73031.0,SANM,SANMINA CORP,3672.0
80105610,28.42,28.54,2016-10-03,2784,73031.0,SANM,SANMINA CORP,3672.0
80105610,28.61,28.39,2016-10-04,2863,73031.0,SANM,SANMINA CORP,3672.0
80105610,29.17,28.79,2016-10-05,2184,73031.0,SANM,SANMINA CORP,3672.0
80105610,29.41,29.2,2016-10-06,2267,73031.0,SANM,SANMINA CORP,3672.0
80105610,29.09,29.36,2016-10-07,3093,73031.0,SANM,SANMINA CORP,3672.0
80105610,29.35,29.25,2016-10-10,1978,73031.0,SANM,SANMINA CORP,3672.0
80105610,28.75,29.4,2016-10-11,1970,73031.0,SANM,SANMINA CORP,3672.0
80105610,27.45,28.0,2016-10-12,4674,73031.0,SANM,SANMINA CORP,3672.0
80105610,27.25,27.4,2016-10-13,3456,73031.0,SANM,SANMINA CORP,3672.0
80105610,27.65,27.25,2016-10-14,3047,73031.0,SANM,SANMINA CORP,3672.0
80105610,27.8,27.5,2016-10-17,3252,73031.0,SANM,SANMINA CORP,3672.0
80105610,28.2,28.0,2016-10-18,3621,73031.0,SANM,SANMINA CORP,3672.0
80105610,28.45,28.25,2016-10-19,2515,73031.0,SANM,SANMINA CORP,3672.0
80105610,28.35,28.25,2016-10-20,3429,73031.0,SANM,SANMINA CORP,3672.0
80105610,28.5,28.1,2016-10-21,2391,73031.0,SANM,SANMINA CORP,3672.0
80105610,29.25,28.75,2016-10-24,3745,73031.0,SANM,SANMINA CORP,3672.0
80105610,29.0,29.3,2016-10-25,2031,73031.0,SANM,SANMINA CORP,3672.0
80105610,29.4,28.85,2016-10-26,2549,73031.0,SANM,SANMINA CORP,3672.0
80105610,28.35,29.4,2016-10-27,3273,73031.0,SANM,SANMINA CORP,3672.0
80105610,28.5,28.35,2016-10-28,2855,73031.0,SANM,SANMINA CORP,3672.0
80105610,27.65,28.5,2016-10-31,3747,73031.0,SANM,SANMINA CORP,3672.0
80105610,28.1,27.55,2016-11-01,6792,73031.0,SANM,SANMINA CORP,3672.0
80105610,28.05,29.5,2016-11-02,9486,73031.0,SANM,SANMINA CORP,3672.0
80105610,28.3,28.15,2016-11-03,4874,73031.0,SANM,SANMINA CORP,3672.0
80105610,28.05,28.45,2016-11-04,3868,73031.0,SANM,SANMINA CORP,3672.0
80105610,28.7,28.7,2016-11-07,4127,73031.0,SANM,SANMINA CORP,3672.0
80105610,28.9,28.75,2016-11-08,2543,73031.0,SANM,SANMINA CORP,3672.0
80105610,29.4,28.25,2016-11-09,5388,73031.0,SANM,SANMINA CORP,3672.0
80105610,29.175,29.75,2016-11-10,5258,73031.0,SANM,SANMINA CORP,3672.0
80105610,30.5,29.75,2016-11-11,8094,73031.0,SANM,SANMINA CORP,3672.0
80105610,31.1,29.9,2016-11-14,6916,73421.0,SANM,SANMINA CORP,3672.0
80105610,31.2,31.2,2016-11-15,3631,73421.0,SANM,SANMINA CORP,3672.0
80105610,31.75,31.2,2016-11-16,3627,73421.0,SANM,SANMINA CORP,3672.0
80105610,31.65,31.75,2016-11-17,4666,73421.0,SANM,SANMINA CORP,3672.0
80105610,31.6,31.7,2016-11-18,4279,73421.0,SANM,SANMINA CORP,3672.0
80105610,31.7,31.8,2016-11-21,4245,73421.0,SANM,SANMINA CORP,3672.0
80105610,31.75,31.5,2016-11-22,5279,73421.0,SANM,SANMINA CORP,3672.0
80105610,32.95,31.5,2016-11-23,4359,73421.0,SANM,SANMINA CORP,3672.0
80105610,33.15,33.15,2016-11-25,1513,73421.0,SANM,SANMINA CORP,3672.0
80105610,33.15,33.05,2016-11-28,3343,73421.0,SANM,SANMINA CORP,3672.0
80105610,33.65,32.75,2016-11-29,4451,73421.0,SANM,SANMINA CORP,3672.0
80105610,32.85,33.9,2016-11-30,2786,73421.0,SANM,SANMINA CORP,3672.0
80105610,32.55,33.05,2016-12-01,3629,73421.0,SANM,SANMINA CORP,3672.0
80105610,33.45,32.7,2016-12-02,4418,73421.0,SANM,SANMINA CORP,3672.0
80105610,34.3,33.6,2016-12-05,4928,73421.0,SANM,SANMINA CORP,3672.0
80105610,34.7,34.3,2016-12-06,4184,73421.0,SANM,SANMINA CORP,3672.0
80105610,35.5,34.55,2016-12-07,3370,73421.0,SANM,SANMINA CORP,3672.0
80105610,35.55,35.65,2016-12-08,4719,73421.0,SANM,SANMINA CORP,3672.0
80105610,35.7,35.55,2016-12-09,3164,73421.0,SANM,SANMINA CORP,3672.0
80105610,35.45,35.6,2016-12-12,3210,73421.0,SANM,SANMINA CORP,3672.0
80105610,35.4,35.4,2016-12-13,3670,73421.0,SANM,SANMINA CORP,3672.0
80105610,35.4,35.45,2016-12-14,4345,73421.0,SANM,SANMINA CORP,3672.0
80105610,36.0,35.45,2016-12-15,3690,73421.0,SANM,SANMINA CORP,3672.0
80105610,35.95,36.2,2016-12-16,3757,73421.0,SANM,SANMINA CORP,3672.0
80105610,36.0,36.15,2016-12-19,2942,73421.0,SANM,SANMINA CORP,3672.0
80105610,36.75,36.05,2016-12-20,3007,73421.0,SANM,SANMINA CORP,3672.0
80105610,36.8,36.8,2016-12-21,2186,73421.0,SANM,SANMINA CORP,3672.0
80105610,36.25,36.95,2016-12-22,4180,73421.0,SANM,SANMINA CORP,3672.0
80105610,36.55,36.3,2016-12-23,2363,73421.0,SANM,SANMINA CORP,3672.0
80105610,36.75,36.5,2016-12-27,3115,73421.0,SANM,SANMINA CORP,3672.0
80105610,36.45,36.95,2016-12-28,2818,73421.0,SANM,SANMINA CORP,3672.0
80105610,36.85,36.45,2016-12-29,2770,73421.0,SANM,SANMINA CORP,3672.0
80105610,36.65,36.85,2016-12-30,3419,74293.0,SANM,SANMINA CORP,3672.0
80105610,36.2,36.8,2017-01-03,3760,74293.0,SANM,SANMINA CORP,3672.0
80105610,36.6,36.35,2017-01-04,6438,74293.0,SANM,SANMINA CORP,3672.0
80105610,35.5,36.6,2017-01-05,4091,74293.0,SANM,SANMINA CORP,3672.0
80105610,35.65,35.65,2017-01-06,5865,74293.0,SANM,SANMINA CORP,3672.0
80105610,35.25,35.6,2017-01-09,4996,74293.0,SANM,SANMINA CORP,3672.0
80105610,36.55,35.55,2017-01-10,6018,74293.0,SANM,SANMINA CORP,3672.0
80105610,36.15,36.5,2017-01-11,3336,74293.0,SANM,SANMINA CORP,3672.0
80105610,35.95,35.95,2017-01-12,2537,74293.0,SANM,SANMINA CORP,3672.0
80105610,36.45,36.1,2017-01-13,2246,74266.0,SANM,SANMINA CORP,3672.0
80105610,35.45,36.2,2017-01-17,4675,74266.0,SANM,SANMINA CORP,3672.0
80105610,35.8,35.65,2017-01-18,2757,74266.0,SANM,SANMINA CORP,3672.0
80105610,35.4,35.9,2017-01-19,2262,74266.0,SANM,SANMINA CORP,3672.0
80105610,35.35,35.35,2017-01-20,4198,74266.0,SANM,SANMINA CORP,3672.0
80105610,34.75,35.05,2017-01-23,5354,74266.0,SANM,SANMINA CORP,3672.0
80105610,35.5,34.75,2017-01-24,4406,74266.0,SANM,SANMINA CORP,3672.0
80105610,36.2,35.8,2017-01-25,3418,74266.0,SANM,SANMINA CORP,3672.0
80105610,36.0,36.15,2017-01-26,2645,74266.0,SANM,SANMINA CORP,3672.0
80105610,36.8,36.1,2017-01-27,4561,74266.0,SANM,SANMINA CORP,3672.0
80105610,37.25,36.7,2017-01-30,7304,74293.0,SANM,SANMINA CORP,3672.0
80105610,38.95,39.2,2017-01-31,14851,74293.0,SANM,SANMINA CORP,3672.0
80105610,39.3,39.5,2017-02-01,7744,74293.0,SANM,SANMINA CORP,3672.0
80105610,39.9,39.2,2017-02-02,9052,74293.0,SANM,SANMINA CORP,3672.0
80105610,40.45,40.0,2017-02-03,6065,74293.0,SANM,SANMINA CORP,3672.0
80105610,40.15,40.45,2017-02-06,6172,74293.0,SANM,SANMINA CORP,3672.0
80105610,39.9,40.1,2017-02-07,5399,74293.0,SANM,SANMINA CORP,3672.0
80105610,39.35,39.8,2017-02-08,4150,74293.0,SANM,SANMINA CORP,3672.0
80105610,39.75,39.5,2017-02-09,5857,74293.0,SANM,SANMINA CORP,3672.0
80105610,40.25,39.9,2017-02-10,3684,74293.0,SANM,SANMINA CORP,3672.0
80105610,40.65,40.65,2017-02-13,3566,74293.0,SANM,SANMINA CORP,3672.0
80105610,40.45,40.5,2017-02-14,3422,74293.0,SANM,SANMINA CORP,3672.0
80105610,40.9,40.3,2017-02-15,4102,74293.0,SANM,SANMINA CORP,3672.0
80105610,40.6,40.85,2017-02-16,4439,74293.0,SANM,SANMINA CORP,3672.0
80105610,40.5,40.75,2017-02-17,5161,74293.0,SANM,SANMINA CORP,3672.0
80105610,40.55,40.5,2017-02-21,4488,74293.0,SANM,SANMINA CORP,3672.0
80105610,40.65,40.45,2017-02-22,4138,74293.0,SANM,SANMINA CORP,3672.0
80105610,40.65,40.65,2017-02-23,4952,74293.0,SANM,SANMINA CORP,3672.0
80105610,40.4,40.05,2017-02-24,3126,74293.0,SANM,SANMINA CORP,3672.0
80105610,40.7,40.3,2017-02-27,4342,74293.0,SANM,SANMINA CORP,3672.0
80105610,39.0,39.7,2017-02-28,4559,74293.0,SANM,SANMINA CORP,3672.0
80105610,40.1,39.4,2017-03-01,5055,74293.0,SANM,SANMINA CORP,3672.0
80105610,39.4,40.05,2017-03-02,3240,74293.0,SANM,SANMINA CORP,3672.0
80105610,39.5,39.3,2017-03-03,2926,74293.0,SANM,SANMINA CORP,3672.0
80105610,39.3,39.15,2017-03-06,3217,74293.0,SANM,SANMINA CORP,3672.0
80105610,39.4,39.2,2017-03-07,2413,74293.0,SANM,SANMINA CORP,3672.0
80105610,39.0,39.55,2017-03-08,2544,74293.0,SANM,SANMINA CORP,3672.0
80105610,38.95,38.9,2017-03-09,3307,74293.0,SANM,SANMINA CORP,3672.0
80105610,38.6,39.1,2017-03-10,3515,74293.0,SANM,SANMINA CORP,3672.0
80105610,38.75,38.4,2017-03-13,3225,74293.0,SANM,SANMINA CORP,3672.0
80105610,39.35,38.7,2017-03-14,3466,74293.0,SANM,SANMINA CORP,3672.0
80105610,40.2,39.55,2017-03-15,4981,74293.0,SANM,SANMINA CORP,3672.0
80105610,40.3,40.3,2017-03-16,5495,74293.0,SANM,SANMINA CORP,3672.0
80105610,40.5,40.2,2017-03-17,3713,74293.0,SANM,SANMINA CORP,3672.0
80105610,40.2,40.55,2017-03-20,3450,74293.0,SANM,SANMINA CORP,3672.0
80105610,39.15,40.45,2017-03-21,3420,74293.0,SANM,SANMINA CORP,3672.0
80105610,39.8,38.55,2017-03-22,4231,74293.0,SANM,SANMINA CORP,3672.0
80105610,39.8,39.8,2017-03-23,3825,74293.0,SANM,SANMINA CORP,3672.0
80105610,39.7,40.0,2017-03-24,2812,74293.0,SANM,SANMINA CORP,3672.0
80105610,39.75,38.95,2017-03-27,3038,74293.0,SANM,SANMINA CORP,3672.0
80105610,39.95,39.65,2017-03-28,2728,74293.0,SANM,SANMINA CORP,3672.0
80105610,39.8,39.85,2017-03-29,2164,74293.0,SANM,SANMINA CORP,3672.0
80105610,40.5,39.8,2017-03-30,4469,74293.0,SANM,SANMINA CORP,3672.0
80105610,40.6,40.6,2017-03-31,4130,75535.0,SANM,SANMINA CORP,3672.0
80105610,39.9,40.55,2017-04-03,7093,75535.0,SANM,SANMINA CORP,3672.0
80105610,40.35,39.8,2017-04-04,4460,75535.0,SANM,SANMINA CORP,3672.0
80105610,39.65,40.6,2017-04-05,6383,75535.0,SANM,SANMINA CORP,3672.0
80105610,40.1,39.6,2017-04-06,3773,75535.0,SANM,SANMINA CORP,3672.0
80105610,40.0,39.95,2017-04-07,3366,75535.0,SANM,SANMINA CORP,3672.0
80105610,39.55,40.1,2017-04-10,5533,75535.0,SANM,SANMINA CORP,3672.0
80105610,39.75,39.45,2017-04-11,3861,75535.0,SANM,SANMINA CORP,3672.0
80105610,38.85,39.55,2017-04-12,4351,75535.0,SANM,SANMINA CORP,3672.0
80105610,38.4,38.75,2017-04-13,4461,75535.0,SANM,SANMINA CORP,3672.0
80105610,39.35,38.4,2017-04-17,3941,75535.0,SANM,SANMINA CORP,3672.0
80105610,39.05,39.15,2017-04-18,4292,75535.0,SANM,SANMINA CORP,3672.0
80105610,39.7,39.3,2017-04-19,5121,75535.0,SANM,SANMINA CORP,3672.0
80105610,39.95,39.75,2017-04-20,6561,75535.0,SANM,SANMINA CORP,3672.0
80105610,38.6,39.95,2017-04-21,5416,75535.0,SANM,SANMINA CORP,3672.0
80105610,39.95,39.25,2017-04-24,6772,75535.0,SANM,SANMINA CORP,3672.0
80105610,38.75,40.6,2017-04-25,13014,75535.0,SANM,SANMINA CORP,3672.0
80105610,38.1,38.8,2017-04-26,9604,75535.0,SANM,SANMINA CORP,3672.0
80105610,38.55,38.2,2017-04-27,6636,75535.0,SANM,SANMINA CORP,3672.0
80105610,37.25,38.4,2017-04-28,7712,75535.0,SANM,SANMINA CORP,3672.0
80105610,37.55,37.5,2017-05-01,6284,75535.0,SANM,SANMINA CORP,3672.0
80105610,36.9,37.55,2017-05-02,6277,75535.0,SANM,SANMINA CORP,3672.0
80105610,36.65,36.7,2017-05-03,5376,75535.0,SANM,SANMINA CORP,3672.0
80105610,36.2,36.7,2017-05-04,4774,75535.0,SANM,SANMINA CORP,3672.0
80105610,36.35,36.25,2017-05-05,5313,75535.0,SANM,SANMINA CORP,3672.0
80105610,36.75,36.05,2017-05-08,4886,75535.0,SANM,SANMINA CORP,3672.0
80105610,36.65,36.75,2017-05-09,4047,75535.0,SANM,SANMINA CORP,3672.0
80105610,36.75,36.7,2017-05-10,2989,75535.0,SANM,SANMINA CORP,3672.0
80105610,36.75,36.45,2017-05-11,2821,75535.0,SANM,SANMINA CORP,3672.0
80105610,36.25,36.6,2017-05-12,3693,75535.0,SANM,SANMINA CORP,3672.0
80105610,36.9,36.25,2017-05-15,4530,75535.0,SANM,SANMINA CORP,3672.0
80105610,37.05,36.1,2017-05-16,4729,75535.0,SANM,SANMINA CORP,3672.0
80105610,35.6,36.45,2017-05-17,4931,75535.0,SANM,SANMINA CORP,3672.0
80105610,35.8,35.4,2017-05-18,5188,75535.0,SANM,SANMINA CORP,3672.0
80105610,36.4,35.75,2017-05-19,5040,75535.0,SANM,SANMINA CORP,3672.0
80105610,36.8,36.6,2017-05-22,3979,75535.0,SANM,SANMINA CORP,3672.0
80105610,36.75,36.95,2017-05-23,3188,75535.0,SANM,SANMINA CORP,3672.0
80105610,37.15,36.85,2017-05-24,3957,75535.0,SANM,SANMINA CORP,3672.0
80105610,37.4,37.3,2017-05-25,4391,75535.0,SANM,SANMINA CORP,3672.0
80105610,37.1,37.35,2017-05-26,4201,75535.0,SANM,SANMINA CORP,3672.0
80105610,37.4,36.95,2017-05-30,3508,75535.0,SANM,SANMINA CORP,3672.0
80105610,36.6,37.45,2017-05-31,4301,75535.0,SANM,SANMINA CORP,3672.0
80105610,38.1,36.75,2017-06-01,6217,75535.0,SANM,SANMINA CORP,3672.0
80105610,38.15,38.15,2017-06-02,3877,75535.0,SANM,SANMINA CORP,3672.0
80105610,37.5,38.25,2017-06-05,2779,75535.0,SANM,SANMINA CORP,3672.0
80105610,37.65,37.1,2017-06-06,2636,75535.0,SANM,SANMINA CORP,3672.0
80105610,38.1,37.9,2017-06-07,3704,75535.0,SANM,SANMINA CORP,3672.0
80105610,39.3,38.15,2017-06-08,3494,75535.0,SANM,SANMINA CORP,3672.0
80105610,38.3,39.3,2017-06-09,4124,75535.0,SANM,SANMINA CORP,3672.0
80105610,38.0,38.2,2017-06-12,3022,75535.0,SANM,SANMINA CORP,3672.0
80105610,37.9,38.15,2017-06-13,2607,75535.0,SANM,SANMINA CORP,3672.0
80105610,37.75,38.0,2017-06-14,2571,75535.0,SANM,SANMINA CORP,3672.0
80105610,38.3,37.7,2017-06-15,4267,75535.0,SANM,SANMINA CORP,3672.0
80105610,37.5,38.1,2017-06-16,4349,75535.0,SANM,SANMINA CORP,3672.0
80105610,37.9,37.75,2017-06-19,2042,75535.0,SANM,SANMINA CORP,3672.0
80105610,37.2,37.85,2017-06-20,2171,75535.0,SANM,SANMINA CORP,3672.0
80105610,38.15,37.45,2017-06-21,4708,75535.0,SANM,SANMINA CORP,3672.0
80105610,38.1,38.15,2017-06-22,3529,75535.0,SANM,SANMINA CORP,3672.0
80105610,39.75,38.15,2017-06-23,4540,75535.0,SANM,SANMINA CORP,3672.0
80105610,39.6,39.85,2017-06-26,5740,75535.0,SANM,SANMINA CORP,3672.0
80105610,37.85,39.6,2017-06-27,3874,75535.0,SANM,SANMINA CORP,3672.0
80105610,39.05,38.15,2017-06-28,3736,75535.0,SANM,SANMINA CORP,3672.0
80105610,37.95,38.9,2017-06-29,3341,75535.0,SANM,SANMINA CORP,3672.0
80105610,38.1,38.05,2017-06-30,2792,75372.0,SANM,SANMINA CORP,3672.0
80105610,38.95,38.3,2017-07-03,2666,75372.0,SANM,SANMINA CORP,3672.0
80105610,38.25,38.9,2017-07-05,3926,75372.0,SANM,SANMINA CORP,3672.0
80105610,37.5,37.8,2017-07-06,3047,75372.0,SANM,SANMINA CORP,3672.0
80105610,38.2,37.75,2017-07-07,3094,75372.0,SANM,SANMINA CORP,3672.0
80105610,38.85,38.15,2017-07-10,4262,75372.0,SANM,SANMINA CORP,3672.0
80105610,39.05,38.95,2017-07-11,2860,75372.0,SANM,SANMINA CORP,3672.0
80105610,39.75,39.4,2017-07-12,2332,75372.0,SANM,SANMINA CORP,3672.0
80105610,39.75,39.8,2017-07-13,2104,75372.0,SANM,SANMINA CORP,3672.0
80105610,40.3,39.8,2017-07-14,3243,75372.0,SANM,SANMINA CORP,3672.0
80105610,41.25,40.25,2017-07-17,4722,75372.0,SANM,SANMINA CORP,3672.0
80105610,40.9,41.15,2017-07-18,3085,75372.0,SANM,SANMINA CORP,3672.0
80105610,41.5,41.15,2017-07-19,4154,75372.0,SANM,SANMINA CORP,3672.0
80105610,41.65,41.6,2017-07-20,2697,75372.0,SANM,SANMINA CORP,3672.0
80105610,41.55,42.0,2017-07-21,3693,75372.0,SANM,SANMINA CORP,3672.0
80105610,42.45,41.65,2017-07-24,5920,75372.0,SANM,SANMINA CORP,3672.0
80105610,37.625,37.3,2017-07-25,18839,75372.0,SANM,SANMINA CORP,3672.0
80105610,36.2,37.75,2017-07-26,8978,75372.0,SANM,SANMINA CORP,3672.0
80105610,36.45,36.35,2017-07-27,7069,75372.0,SANM,SANMINA CORP,3672.0
80105610,35.85,36.15,2017-07-28,4916,75372.0,SANM,SANMINA CORP,3672.0
80105610,35.85,35.9,2017-07-31,4793,75372.0,SANM,SANMINA CORP,3672.0
80105610,36.65,36.0,2017-08-01,4574,75372.0,SANM,SANMINA CORP,3672.0
80105610,36.2,36.25,2017-08-02,4457,75372.0,SANM,SANMINA CORP,3672.0
80105610,35.85,36.25,2017-08-03,5291,75372.0,SANM,SANMINA CORP,3672.0
80105610,35.75,35.9,2017-08-04,5147,75372.0,SANM,SANMINA CORP,3672.0
80105610,35.85,35.8,2017-08-07,4656,75372.0,SANM,SANMINA CORP,3672.0
80105610,35.6,35.8,2017-08-08,5887,75372.0,SANM,SANMINA CORP,3672.0
80105610,36.05,35.25,2017-08-09,5759,75372.0,SANM,SANMINA CORP,3672.0
80105610,35.5,35.8,2017-08-10,4568,75372.0,SANM,SANMINA CORP,3672.0
80105610,35.7,35.65,2017-08-11,5265,75372.0,SANM,SANMINA CORP,3672.0
80105610,36.85,36.0,2017-08-14,4395,75372.0,SANM,SANMINA CORP,3672.0
80105610,36.45,36.9,2017-08-15,4975,75372.0,SANM,SANMINA CORP,3672.0
80105610,36.75,36.45,2017-08-16,2879,75372.0,SANM,SANMINA CORP,3672.0
80105610,35.2,36.45,2017-08-17,5012,75372.0,SANM,SANMINA CORP,3672.0
80105610,35.2,34.85,2017-08-18,2614,75372.0,SANM,SANMINA CORP,3672.0
80105610,35.2,35.1,2017-08-21,3168,75372.0,SANM,SANMINA CORP,3672.0
80105610,35.85,35.55,2017-08-22,2901,75372.0,SANM,SANMINA CORP,3672.0
80105610,36.0,35.5,2017-08-23,3031,75372.0,SANM,SANMINA CORP,3672.0
80105610,35.85,36.2,2017-08-24,3022,75372.0,SANM,SANMINA CORP,3672.0
80105610,36.3,36.15,2017-08-25,3370,75372.0,SANM,SANMINA CORP,3672.0
80105610,36.05,36.35,2017-08-28,3869,75372.0,SANM,SANMINA CORP,3672.0
80105610,36.5,35.65,2017-08-29,3566,75372.0,SANM,SANMINA CORP,3672.0
80105610,37.0,36.45,2017-08-30,3169,75372.0,SANM,SANMINA CORP,3672.0
80105610,37.45,37.2,2017-08-31,4016,75372.0,SANM,SANMINA CORP,3672.0
80105610,37.65,37.5,2017-09-01,2874,75372.0,SANM,SANMINA CORP,3672.0
80105610,37.05,37.45,2017-09-05,3453,75372.0,SANM,SANMINA CORP,3672.0
80105610,36.6,37.1,2017-09-06,3337,75372.0,SANM,SANMINA CORP,3672.0
80105610,36.4,36.75,2017-09-07,3587,75372.0,SANM,SANMINA CORP,3672.0
80105610,36.05,36.35,2017-09-08,3291,75372.0,SANM,SANMINA CORP,3672.0
80105610,36.5,36.4,2017-09-11,4345,75372.0,SANM,SANMINA CORP,3672.0
80105610,36.9,36.7,2017-09-12,5758,75372.0,SANM,SANMINA CORP,3672.0
80105610,36.8,36.75,2017-09-13,3524,75372.0,SANM,SANMINA CORP,3672.0
80105610,36.8,36.6,2017-09-14,3255,75372.0,SANM,SANMINA CORP,3672.0
80105610,37.15,36.7,2017-09-15,3389,75372.0,SANM,SANMINA CORP,3672.0
80105610,37.6,37.35,2017-09-18,3404,75372.0,SANM,SANMINA CORP,3672.0
80105610,37.95,37.9,2017-09-19,3183,75372.0,SANM,SANMINA CORP,3672.0
80105610,37.3,37.5,2017-09-20,2930,75372.0,SANM,SANMINA CORP,3672.0
80105610,36.85,37.35,2017-09-21,3385,75372.0,SANM,SANMINA CORP,3672.0
80105610,37.3,36.85,2017-09-22,2385,75372.0,SANM,SANMINA CORP,3672.0
80105610,36.0,37.05,2017-09-25,5556,75372.0,SANM,SANMINA CORP,3672.0
80105610,36.55,36.3,2017-09-26,3505,75372.0,SANM,SANMINA CORP,3672.0
80105610,37.2,36.85,2017-09-27,4907,75372.0,SANM,SANMINA CORP,3672.0
80105610,37.85,37.0,2017-09-28,4615,75372.0,SANM,SANMINA CORP,3672.0
80105610,37.15,37.7,2017-09-29,3089,71664.0,SANM,SANMINA CORP,3672.0
80105610,38.6,37.4,2017-10-02,3782,71664.0,SANM,SANMINA CORP,3672.0
80105610,38.75,38.65,2017-10-03,4807,71664.0,SANM,SANMINA CORP,3672.0
80105610,38.95,38.75,2017-10-04,1787,71664.0,SANM,SANMINA CORP,3672.0
80105610,38.75,39.0,2017-10-05,2997,71664.0,SANM,SANMINA CORP,3672.0
80105610,38.6,38.7,2017-10-06,2802,71664.0,SANM,SANMINA CORP,3672.0
80105610,38.6,38.8,2017-10-09,2383,71664.0,SANM,SANMINA CORP,3672.0
80105610,38.45,38.65,2017-10-10,2481,71664.0,SANM,SANMINA CORP,3672.0
80105610,38.4,38.55,2017-10-11,2197,71664.0,SANM,SANMINA CORP,3672.0
80105610,38.45,38.35,2017-10-12,2326,71664.0,SANM,SANMINA CORP,3672.0
80105610,38.5,38.65,2017-10-13,2034,71664.0,SANM,SANMINA CORP,3672.0
80105610,38.45,38.65,2017-10-16,3052,71664.0,SANM,SANMINA CORP,3672.0
80105610,38.15,38.5,2017-10-17,2738,71664.0,SANM,SANMINA CORP,3672.0
80105610,38.85,38.3,2017-10-18,3240,71664.0,SANM,SANMINA CORP,3672.0
80105610,38.8,38.6,2017-10-19,4384,71664.0,SANM,SANMINA CORP,3672.0
80105610,38.5,39.25,2017-10-20,3588,71664.0,SANM,SANMINA CORP,3672.0
80105610,38.55,38.35,2017-10-23,2698,71664.0,SANM,SANMINA CORP,3672.0
80105610,38.85,38.7,2017-10-24,3294,71664.0,SANM,SANMINA CORP,3672.0
80105610,39.05,38.7,2017-10-25,2661,71664.0,SANM,SANMINA CORP,3672.0
80105610,38.9,39.05,2017-10-26,1994,71664.0,SANM,SANMINA CORP,3672.0
80105610,39.05,39.15,2017-10-27,4580,71664.0,SANM,SANMINA CORP,3672.0
80105610,38.8,38.65,2017-10-30,4954,71664.0,SANM,SANMINA CORP,3672.0
80105610,32.725,34.05,2017-10-31,18005,71664.0,SANM,SANMINA CORP,3672.0
80105610,33.2,32.65,2017-11-01,11222,71664.0,SANM,SANMINA CORP,3672.0
80105610,33.6,33.4,2017-11-02,8820,71664.0,SANM,SANMINA CORP,3672.0
80105610,33.05,33.5,2017-11-03,6305,71664.0,SANM,SANMINA CORP,3672.0
80105610,34.05,33.1,2017-11-06,6173,72021.0,SANM,SANMINA CORP,3672.0
80105610,33.5,33.95,2017-11-07,5309,72021.0,SANM,SANMINA CORP,3672.0
80105610,33.9,33.25,2017-11-08,4070,72021.0,SANM,SANMINA CORP,3672.0
80105610,34.1,33.65,2017-11-09,6028,72021.0,SANM,SANMINA CORP,3672.0
80105610,34.15,34.2,2017-11-10,4142,72021.0,SANM,SANMINA CORP,3672.0
80105610,34.0,33.85,2017-11-13,5643,72021.0,SANM,SANMINA CORP,3672.0
80105610,33.6,34.0,2017-11-14,7271,72021.0,SANM,SANMINA CORP,3672.0
80105610,33.25,33.25,2017-11-15,6287,72021.0,SANM,SANMINA CORP,3672.0
80105610,33.65,33.35,2017-11-16,6162,72021.0,SANM,SANMINA CORP,3672.0
80105610,33.9,33.5,2017-11-17,4294,72021.0,SANM,SANMINA CORP,3672.0
80105610,34.7,33.95,2017-11-20,4910,72021.0,SANM,SANMINA CORP,3672.0
80105610,35.1,34.8,2017-11-21,5871,72021.0,SANM,SANMINA CORP,3672.0
80105610,35.05,35.05,2017-11-22,3195,72021.0,SANM,SANMINA CORP,3672.0
80105610,35.15,35.15,2017-11-24,1910,72021.0,SANM,SANMINA CORP,3672.0
80105610,34.45,35.15,2017-11-27,3845,72021.0,SANM,SANMINA CORP,3672.0
80105610,34.85,34.45,2017-11-28,4495,72021.0,SANM,SANMINA CORP,3672.0
80105610,34.75,34.9,2017-11-29,6251,72021.0,SANM,SANMINA CORP,3672.0
80105610,34.0,34.9,2017-11-30,5552,72021.0,SANM,SANMINA CORP,3672.0
80105610,33.05,34.0,2017-12-01,8247,72021.0,SANM,SANMINA CORP,3672.0
80105610,32.35,33.2,2017-12-04,7253,72021.0,SANM,SANMINA CORP,3672.0
80105610,31.2,31.95,2017-12-05,11839,72021.0,SANM,SANMINA CORP,3672.0
80105610,31.15,31.1,2017-12-06,5341,72021.0,SANM,SANMINA CORP,3672.0
80105610,31.15,31.3,2017-12-07,4865,72021.0,SANM,SANMINA CORP,3672.0
80105610,30.95,31.35,2017-12-08,4478,72021.0,SANM,SANMINA CORP,3672.0
80105610,30.9,31.1,2017-12-11,5882,72021.0,SANM,SANMINA CORP,3672.0
80105610,31.0,31.0,2017-12-12,4404,72021.0,SANM,SANMINA CORP,3672.0
80105610,31.05,31.05,2017-12-13,4234,72021.0,SANM,SANMINA CORP,3672.0
80105610,30.6,31.0,2017-12-14,5335,72021.0,SANM,SANMINA CORP,3672.0
80105610,30.55,30.7,2017-12-15,6626,72021.0,SANM,SANMINA CORP,3672.0
80105610,32.7,31.65,2017-12-18,8626,72021.0,SANM,SANMINA CORP,3672.0
80105610,32.35,32.65,2017-12-19,8438,72021.0,SANM,SANMINA CORP,3672.0
80105610,33.0,32.3,2017-12-20,5695,72021.0,SANM,SANMINA CORP,3672.0
80105610,33.1,32.95,2017-12-21,3989,72021.0,SANM,SANMINA CORP,3672.0
80105610,32.95,33.2,2017-12-22,3912,72021.0,SANM,SANMINA CORP,3672.0
80105610,32.8,32.85,2017-12-26,2854,72021.0,SANM,SANMINA CORP,3672.0
80105610,32.75,32.8,2017-12-27,3668,72021.0,SANM,SANMINA CORP,3672.0
80105610,33.2,32.85,2017-12-28,2226,72021.0,SANM,SANMINA CORP,3672.0
80105610,33.0,33.3,2017-12-29,3484,71246.0,SANM,SANMINA CORP,3672.0
80105610,33.3,33.1,2018-01-02,3405,71246.0,SANM,SANMINA CORP,3672.0
80105610,33.35,33.3,2018-01-03,2490,71246.0,SANM,SANMINA CORP,3672.0
80105610,33.6,33.6,2018-01-04,5024,71246.0,SANM,SANMINA CORP,3672.0
80105610,33.8,33.85,2018-01-05,3456,71246.0,SANM,SANMINA CORP,3672.0
80105610,34.15,33.75,2018-01-08,3338,71246.0,SANM,SANMINA CORP,3672.0
80105610,33.6,34.1,2018-01-09,4644,71246.0,SANM,SANMINA CORP,3672.0
80105610,33.5,33.5,2018-01-10,3892,71246.0,SANM,SANMINA CORP,3672.0
80105610,34.0,33.75,2018-01-11,4337,71246.0,SANM,SANMINA CORP,3672.0
80105610,34.35,34.1,2018-01-12,3276,71234.0,SANM,SANMINA CORP,3672.0
80105610,34.15,34.45,2018-01-16,3639,71234.0,SANM,SANMINA CORP,3672.0
80105610,34.55,34.4,2018-01-17,4166,71234.0,SANM,SANMINA CORP,3672.0
80105610,34.95,34.35,2018-01-18,3964,71234.0,SANM,SANMINA CORP,3672.0
80105610,35.45,35.0,2018-01-19,4708,71234.0,SANM,SANMINA CORP,3672.0
80105610,27.1,28.2,2018-01-22,23958,71234.0,SANM,SANMINA CORP,3672.0
80105610,27.15,27.1,2018-01-23,9104,71234.0,SANM,SANMINA CORP,3672.0
80105610,26.6,27.1,2018-01-24,9839,71234.0,SANM,SANMINA CORP,3672.0
80105610,27.0,26.8,2018-01-25,12552,71234.0,SANM,SANMINA CORP,3672.0
80105610,27.9,26.95,2018-01-26,9898,71234.0,SANM,SANMINA CORP,3672.0
80105610,28.2,27.95,2018-01-29,10597,71246.0,SANM,SANMINA CORP,3672.0
80105610,26.5,27.55,2018-01-30,14418,71246.0,SANM,SANMINA CORP,3672.0
80105610,26.15,26.5,2018-01-31,7709,71246.0,SANM,SANMINA CORP,3672.0
80105610,27.05,26.15,2018-02-01,6568,71246.0,SANM,SANMINA CORP,3672.0
80105610,26.85,26.65,2018-02-02,8375,71246.0,SANM,SANMINA CORP,3672.0
80105610,25.55,26.55,2018-02-05,9433,71246.0,SANM,SANMINA CORP,3672.0
80105610,25.75,25.1,2018-02-06,11778,71246.0,SANM,SANMINA CORP,3672.0
80105610,26.1,25.95,2018-02-07,7057,71246.0,SANM,SANMINA CORP,3672.0
80105610,25.9,26.15,2018-02-08,8438,71246.0,SANM,SANMINA CORP,3672.0
80105610,25.95,26.05,2018-02-09,8792,71246.0,SANM,SANMINA CORP,3672.0
80105610,26.0,26.1,2018-02-12,5865,71246.0,SANM,SANMINA CORP,3672.0
80105610,26.05,25.95,2018-02-13,5952,71246.0,SANM,SANMINA CORP,3672.0
80105610,26.35,25.95,2018-02-14,5145,71246.0,SANM,SANMINA CORP,3672.0
80105610,26.95,26.45,2018-02-15,4347,71246.0,SANM,SANMINA CORP,3672.0
80105610,26.6,26.95,2018-02-16,3849,71246.0,SANM,SANMINA CORP,3672.0
80105610,26.65,26.55,2018-02-20,5598,71246.0,SANM,SANMINA CORP,3672.0
80105610,26.65,26.75,2018-02-21,4558,71246.0,SANM,SANMINA CORP,3672.0
80105610,26.5,26.8,2018-02-22,3936,71246.0,SANM,SANMINA CORP,3672.0
80105610,26.75,26.7,2018-02-23,4730,71246.0,SANM,SANMINA CORP,3672.0
80105610,27.75,26.8,2018-02-26,6295,71246.0,SANM,SANMINA CORP,3672.0
80105610,27.7,27.65,2018-02-27,5999,71246.0,SANM,SANMINA CORP,3672.0
80105610,27.55,27.65,2018-02-28,8506,71246.0,SANM,SANMINA CORP,3672.0
80105610,27.55,27.65,2018-03-01,8069,71246.0,SANM,SANMINA CORP,3672.0
80105610,28.35,27.25,2018-03-02,7687,71246.0,SANM,SANMINA CORP,3672.0
80105610,27.85,28.05,2018-03-05,7188,71246.0,SANM,SANMINA CORP,3672.0
80105610,28.4,28.0,2018-03-06,4541,71246.0,SANM,SANMINA CORP,3672.0
80105610,28.2,28.1,2018-03-07,5479,71246.0,SANM,SANMINA CORP,3672.0
80105610,28.35,28.35,2018-03-08,4710,71246.0,SANM,SANMINA CORP,3672.0
80105610,28.65,28.65,2018-03-09,3918,71246.0,SANM,SANMINA CORP,3672.0
80105610,28.75,28.75,2018-03-12,3523,71246.0,SANM,SANMINA CORP,3672.0
80105610,28.55,28.75,2018-03-13,3927,71246.0,SANM,SANMINA CORP,3672.0
80105610,27.9,28.7,2018-03-14,4455,71246.0,SANM,SANMINA CORP,3672.0
80105610,27.9,27.95,2018-03-15,3295,71246.0,SANM,SANMINA CORP,3672.0
80105610,28.3,27.9,2018-03-16,3716,71246.0,SANM,SANMINA CORP,3672.0
80105610,28.05,28.35,2018-03-19,3058,71246.0,SANM,SANMINA CORP,3672.0
80105610,27.7,28.15,2018-03-20,2357,71246.0,SANM,SANMINA CORP,3672.0
80105610,27.7,27.65,2018-03-21,2426,71246.0,SANM,SANMINA CORP,3672.0
80105610,26.8,27.6,2018-03-22,3223,71246.0,SANM,SANMINA CORP,3672.0
80105610,26.1,26.9,2018-03-23,3753,71246.0,SANM,SANMINA CORP,3672.0
80105610,26.45,26.45,2018-03-26,4095,71246.0,SANM,SANMINA CORP,3672.0
80105610,26.15,26.45,2018-03-27,3335,71246.0,SANM,SANMINA CORP,3672.0
80105610,25.95,26.1,2018-03-28,6559,71246.0,SANM,SANMINA CORP,3672.0
80105610,26.15,26.2,2018-03-29,3362,68602.0,SANM,SANMINA CORP,3672.0
80105610,26.0,26.05,2018-04-02,5065,68602.0,SANM,SANMINA CORP,3672.0
80105610,26.35,26.1,2018-04-03,4205,68602.0,SANM,SANMINA CORP,3672.0
80105610,26.6,26.0,2018-04-04,2986,68602.0,SANM,SANMINA CORP,3672.0
80105610,26.7,26.85,2018-04-05,2896,68602.0,SANM,SANMINA CORP,3672.0
80105610,26.2,26.55,2018-04-06,3263,68602.0,SANM,SANMINA CORP,3672.0
80105610,26.15,26.3,2018-04-09,2522,68602.0,SANM,SANMINA CORP,3672.0
80105610,26.6,26.4,2018-04-10,3665,68602.0,SANM,SANMINA CORP,3672.0
80105610,27.15,26.65,2018-04-11,3122,68602.0,SANM,SANMINA CORP,3672.0
80105610,27.4,27.15,2018-04-12,2657,68602.0,SANM,SANMINA CORP,3672.0
80105610,28.5,28.1,2018-04-13,4565,68602.0,SANM,SANMINA CORP,3672.0
80105610,28.2,28.7,2018-04-16,3739,68602.0,SANM,SANMINA CORP,3672.0
80105610,28.45,28.4,2018-04-17,4589,68602.0,SANM,SANMINA CORP,3672.0
80105610,29.0,28.45,2018-04-18,3681,68602.0,SANM,SANMINA CORP,3672.0
80105610,28.3,28.85,2018-04-19,3469,68602.0,SANM,SANMINA CORP,3672.0
80105610,27.6,28.05,2018-04-20,4670,68602.0,SANM,SANMINA CORP,3672.0
80105610,27.7,27.8,2018-04-23,4945,68602.0,SANM,SANMINA CORP,3672.0
80105610,31.75,32.4,2018-04-24,21638,68602.0,SANM,SANMINA CORP,3672.0
80105610,30.95,32.05,2018-04-25,9767,68602.0,SANM,SANMINA CORP,3672.0
80105610,30.65,31.1,2018-04-26,5967,68602.0,SANM,SANMINA CORP,3672.0
80105610,29.75,30.55,2018-04-27,5062,68602.0,SANM,SANMINA CORP,3672.0
80105610,29.5,29.75,2018-04-30,5379,68602.0,SANM,SANMINA CORP,3672.0
80105610,30.3,29.55,2018-05-01,4574,68602.0,SANM,SANMINA CORP,3672.0
80105610,30.3,30.35,2018-05-02,3400,68602.0,SANM,SANMINA CORP,3672.0
80105610,29.9,30.1,2018-05-03,3676,68602.0,SANM,SANMINA CORP,3672.0
80105610,29.9,29.8,2018-05-04,5020,68602.0,SANM,SANMINA CORP,3672.0
80105610,29.75,29.95,2018-05-07,3528,68602.0,SANM,SANMINA CORP,3672.0
80105610,30.25,29.8,2018-05-08,4377,68602.0,SANM,SANMINA CORP,3672.0
80105610,30.75,30.35,2018-05-09,4648,68602.0,SANM,SANMINA CORP,3672.0
80105610,30.75,30.85,2018-05-10,3202,68602.0,SANM,SANMINA CORP,3672.0
80105610,30.55,30.7,2018-05-11,1672,68602.0,SANM,SANMINA CORP,3672.0
80105610,30.35,30.55,2018-05-14,2874,68602.0,SANM,SANMINA CORP,3672.0
80105610,30.1,30.35,2018-05-15,3426,68602.0,SANM,SANMINA CORP,3672.0
80105610,30.4,29.65,2018-05-16,4092,68602.0,SANM,SANMINA CORP,3672.0
80105610,30.0,30.25,2018-05-17,3525,68602.0,SANM,SANMINA CORP,3672.0
80105610,29.7,30.1,2018-05-18,3375,68602.0,SANM,SANMINA CORP,3672.0
80105610,30.025,29.95,2018-05-21,3938,68602.0,SANM,SANMINA CORP,3672.0
80105610,29.9,30.25,2018-05-22,3856,68602.0,SANM,SANMINA CORP,3672.0
80105610,29.7,29.85,2018-05-23,3192,68602.0,SANM,SANMINA CORP,3672.0
80105610,29.4,29.75,2018-05-24,2886,68602.0,SANM,SANMINA CORP,3672.0
80105610,29.65,29.4,2018-05-25,2724,68602.0,SANM,SANMINA CORP,3672.0
80105610,29.8,29.4,2018-05-29,3350,68602.0,SANM,SANMINA CORP,3672.0
80105610,29.8,29.8,2018-05-30,3574,68602.0,SANM,SANMINA CORP,3672.0
80105610,28.8,29.8,2018-05-31,6344,68602.0,SANM,SANMINA CORP,3672.0
80105610,29.35,28.9,2018-06-01,3024,68602.0,SANM,SANMINA CORP,3672.0
80105610,29.45,29.4,2018-06-04,2813,68602.0,SANM,SANMINA CORP,3672.0
80105610,30.05,29.5,2018-06-05,4265,68602.0,SANM,SANMINA CORP,3672.0
80105610,30.2,30.1,2018-06-06,2723,68602.0,SANM,SANMINA CORP,3672.0
80105610,30.3,30.15,2018-06-07,2607,68602.0,SANM,SANMINA CORP,3672.0
80105610,30.15,30.3,2018-06-08,3621,68602.0,SANM,SANMINA CORP,3672.0
80105610,30.35,30.15,2018-06-11,3033,68602.0,SANM,SANMINA CORP,3672.0
80105610,30.35,30.35,2018-06-12,2515,68602.0,SANM,SANMINA CORP,3672.0
80105610,30.4,30.3,2018-06-13,3494,68602.0,SANM,SANMINA CORP,3672.0
80105610,30.5,30.5,2018-06-14,2969,68602.0,SANM,SANMINA CORP,3672.0
80105610,30.2,30.35,2018-06-15,3372,68602.0,SANM,SANMINA CORP,3672.0
80105610,30.6,30.2,2018-06-18,4187,68602.0,SANM,SANMINA CORP,3672.0
80105610,30.3,30.35,2018-06-19,5272,68602.0,SANM,SANMINA CORP,3672.0
80105610,30.15,30.25,2018-06-20,4005,68602.0,SANM,SANMINA CORP,3672.0
80105610,30.0,30.1,2018-06-21,3092,68602.0,SANM,SANMINA CORP,3672.0
80105610,30.55,30.2,2018-06-22,4135,68602.0,SANM,SANMINA CORP,3672.0
80105610,29.45,30.45,2018-06-25,4079,68602.0,SANM,SANMINA CORP,3672.0
80105610,30.15,29.45,2018-06-26,3027,68602.0,SANM,SANMINA CORP,3672.0
80105610,30.05,30.2,2018-06-27,2829,68602.0,SANM,SANMINA CORP,3672.0
80105610,29.35,30.1,2018-06-28,3830,68602.0,SANM,SANMINA CORP,3672.0
80105610,29.3,29.55,2018-06-29,2930,67961.0,SANM,SANMINA CORP,3672.0
80105610,29.65,29.2,2018-07-02,2669,67961.0,SANM,SANMINA CORP,3672.0
80105610,29.35,29.7,2018-07-03,1834,67961.0,SANM,SANMINA CORP,3672.0
80105610,30.0,29.55,2018-07-05,1789,67961.0,SANM,SANMINA CORP,3672.0
80105610,30.4,29.95,2018-07-06,2258,67961.0,SANM,SANMINA CORP,3672.0
80105610,31.15,30.5,2018-07-09,2610,67961.0,SANM,SANMINA CORP,3672.0
80105610,31.35,31.25,2018-07-10,2607,67961.0,SANM,SANMINA CORP,3672.0
80105610,30.2,31.1,2018-07-11,2189,67961.0,SANM,SANMINA CORP,3672.0
80105610,30.6,30.35,2018-07-12,2268,67961.0,SANM,SANMINA CORP,3672.0
80105610,30.65,30.65,2018-07-13,2422,67961.0,SANM,SANMINA CORP,3672.0
80105610,30.6,30.75,2018-07-16,2171,67961.0,SANM,SANMINA CORP,3672.0
80105610,30.75,30.7,2018-07-17,2294,67961.0,SANM,SANMINA CORP,3672.0
80105610,31.35,30.75,2018-07-18,4047,67961.0,SANM,SANMINA CORP,3672.0
80105610,31.35,31.2,2018-07-19,3381,67961.0,SANM,SANMINA CORP,3672.0
80105610,30.85,31.3,2018-07-20,2405,67961.0,SANM,SANMINA CORP,3672.0
80105610,30.85,30.65,2018-07-23,2912,67961.0,SANM,SANMINA CORP,3672.0
80105610,30.65,30.95,2018-07-24,2396,67961.0,SANM,SANMINA CORP,3672.0
80105610,30.05,30.6,2018-07-25,2615,67961.0,SANM,SANMINA CORP,3672.0
80105610,30.2,30.05,2018-07-26,1976,67961.0,SANM,SANMINA CORP,3672.0
80105610,29.4,30.2,2018-07-27,2653,67961.0,SANM,SANMINA CORP,3672.0
80105610,29.05,29.35,2018-07-30,4204,67961.0,SANM,SANMINA CORP,3672.0
80105610,29.1,29.5,2018-07-31,4995,67961.0,SANM,SANMINA CORP,3672.0
80105610,29.35,29.1,2018-08-01,3685,67961.0,SANM,SANMINA CORP,3672.0
80105610,29.5,29.1,2018-08-02,2561,67961.0,SANM,SANMINA CORP,3672.0
80105610,29.35,29.6,2018-08-03,1929,67961.0,SANM,SANMINA CORP,3672.0
80105610,29.85,29.45,2018-08-06,3385,67961.0,SANM,SANMINA CORP,3672.0
80105610,30.5,30.0,2018-08-07,2249,67961.0,SANM,SANMINA CORP,3672.0
80105610,30.55,30.5,2018-08-08,3605,67961.0,SANM,SANMINA CORP,3672.0
80105610,30.4,30.65,2018-08-09,2085,67961.0,SANM,SANMINA CORP,3672.0
80105610,30.1,30.25,2018-08-10,1992,67961.0,SANM,SANMINA CORP,3672.0
80105610,30.0,30.15,2018-08-13,2104,67961.0,SANM,SANMINA CORP,3672.0
80105610,30.3,30.05,2018-08-14,2045,67961.0,SANM,SANMINA CORP,3672.0
80105610,29.95,30.2,2018-08-15,2031,67961.0,SANM,SANMINA CORP,3672.0
80105610,29.9,29.95,2018-08-16,1611,67961.0,SANM,SANMINA CORP,3672.0
80105610,30.2,29.75,2018-08-17,2000,67961.0,SANM,SANMINA CORP,3672.0
80105610,30.3,30.2,2018-08-20,1375,67961.0,SANM,SANMINA CORP,3672.0
80105610,30.75,30.45,2018-08-21,1504,67961.0,SANM,SANMINA CORP,3672.0
80105610,30.85,30.75,2018-08-22,2443,67961.0,SANM,SANMINA CORP,3672.0
80105610,30.55,30.75,2018-08-23,1346,67961.0,SANM,SANMINA CORP,3672.0
80105610,30.6,30.65,2018-08-24,1127,67961.0,SANM,SANMINA CORP,3672.0
80105610,30.95,30.65,2018-08-27,1761,67961.0,SANM,SANMINA CORP,3672.0
80105610,31.25,30.95,2018-08-28,1391,67961.0,SANM,SANMINA CORP,3672.0
80105610,31.25,31.35,2018-08-29,1905,67961.0,SANM,SANMINA CORP,3672.0
80105610,31.05,31.1,2018-08-30,1885,67961.0,SANM,SANMINA CORP,3672.0
80105610,30.8,30.9,2018-08-31,2317,67961.0,SANM,SANMINA CORP,3672.0
80105610,30.25,30.75,2018-09-04,2773,67961.0,SANM,SANMINA CORP,3672.0
80105610,30.05,30.25,2018-09-05,2283,67961.0,SANM,SANMINA CORP,3672.0
80105610,29.6,30.0,2018-09-06,3468,67961.0,SANM,SANMINA CORP,3672.0
80105610,29.6,29.5,2018-09-07,2590,67961.0,SANM,SANMINA CORP,3672.0
80105610,29.75,29.65,2018-09-10,1766,67961.0,SANM,SANMINA CORP,3672.0
80105610,29.85,29.7,2018-09-11,1939,67961.0,SANM,SANMINA CORP,3672.0
80105610,29.7,29.7,2018-09-12,2042,67961.0,SANM,SANMINA CORP,3672.0
80105610,29.75,29.9,2018-09-13,1245,67961.0,SANM,SANMINA CORP,3672.0
80105610,29.65,29.7,2018-09-14,2049,67961.0,SANM,SANMINA CORP,3672.0
80105610,29.0,29.65,2018-09-17,2317,67961.0,SANM,SANMINA CORP,3672.0
80105610,28.6,28.85,2018-09-18,2585,67961.0,SANM,SANMINA CORP,3672.0
80105610,28.7,29.2,2018-09-19,2846,67961.0,SANM,SANMINA CORP,3672.0
80105610,28.95,28.85,2018-09-20,2272,67961.0,SANM,SANMINA CORP,3672.0
80105610,29.15,29.1,2018-09-21,2109,67961.0,SANM,SANMINA CORP,3672.0
80105610,29.25,29.0,2018-09-24,1916,67961.0,SANM,SANMINA CORP,3672.0
80105610,28.15,29.2,2018-09-25,1955,67961.0,SANM,SANMINA CORP,3672.0
80105610,27.5,28.05,2018-09-26,2780,67961.0,SANM,SANMINA CORP,3672.0
80105610,27.5,27.6,2018-09-27,2459,67961.0,SANM,SANMINA CORP,3672.0
80105610,27.6,27.5,2018-09-28,2369,67777.0,SANM,SANMINA CORP,3672.0
80105610,27.09,27.71,2018-10-01,2237,67777.0,SANM,SANMINA CORP,3672.0
80105610,26.99,27.08,2018-10-02,3235,67777.0,SANM,SANMINA CORP,3672.0
80105610,27.14,27.39,2018-10-03,3351,67777.0,SANM,SANMINA CORP,3672.0
80105610,26.4,27.05,2018-10-04,2567,67777.0,SANM,SANMINA CORP,3672.0
80105610,25.61,26.41,2018-10-05,3413,67777.0,SANM,SANMINA CORP,3672.0
80105610,25.26,25.61,2018-10-08,2345,67777.0,SANM,SANMINA CORP,3672.0
80105610,24.83,25.16,2018-10-09,3031,67777.0,SANM,SANMINA CORP,3672.0
80105610,24.11,24.56,2018-10-10,3644,67777.0,SANM,SANMINA CORP,3672.0
80105610,23.93,24.02,2018-10-11,3345,67777.0,SANM,SANMINA CORP,3672.0
80105610,24.16,24.3,2018-10-12,3234,67777.0,SANM,SANMINA CORP,3672.0
80105610,23.96,23.35,2018-10-15,4675,67777.0,SANM,SANMINA CORP,3672.0
80105610,24.93,24.14,2018-10-16,4525,67777.0,SANM,SANMINA CORP,3672.0
80105610,25.36,24.89,2018-10-17,2333,67777.0,SANM,SANMINA CORP,3672.0
80105610,24.69,25.18,2018-10-18,2207,67777.0,SANM,SANMINA CORP,3672.0
80105610,24.58,24.69,2018-10-19,2508,67777.0,SANM,SANMINA CORP,3672.0
80105610,24.86,24.71,2018-10-22,3135,67777.0,SANM,SANMINA CORP,3672.0
80105610,24.83,24.43,2018-10-23,2622,67777.0,SANM,SANMINA CORP,3672.0
80105610,23.74,24.76,2018-10-24,2258,67777.0,SANM,SANMINA CORP,3672.0
80105610,24.08,23.87,2018-10-25,2852,67777.0,SANM,SANMINA CORP,3672.0
80105610,23.0,23.63,2018-10-26,4523,67777.0,SANM,SANMINA CORP,3672.0
80105610,22.98,23.29,2018-10-29,3425,67777.0,SANM,SANMINA CORP,3672.0
80105610,24.69,24.17,2018-10-30,9257,67777.0,SANM,SANMINA CORP,3672.0
80105610,25.3,25.06,2018-10-31,6215,67777.0,SANM,SANMINA CORP,3672.0
80105610,25.7,25.46,2018-11-01,8575,67777.0,SANM,SANMINA CORP,3672.0
80105610,25.88,25.7,2018-11-02,5155,67777.0,SANM,SANMINA CORP,3672.0
80105610,25.73,25.87,2018-11-05,4142,67777.0,SANM,SANMINA CORP,3672.0
80105610,26.08,25.78,2018-11-06,3649,67777.0,SANM,SANMINA CORP,3672.0
80105610,26.36,26.13,2018-11-07,3732,67777.0,SANM,SANMINA CORP,3672.0
80105610,26.18,26.34,2018-11-08,2486,67777.0,SANM,SANMINA CORP,3672.0
80105610,25.43,25.94,2018-11-09,2645,67777.0,SANM,SANMINA CORP,3672.0
80105610,24.7,25.34,2018-11-12,2770,68265.0,SANM,SANMINA CORP,3672.0
80105610,25.11,24.71,2018-11-13,3286,68265.0,SANM,SANMINA CORP,3672.0
80105610,25.05,25.35,2018-11-14,3310,68265.0,SANM,SANMINA CORP,3672.0
80105610,25.61,25.01,2018-11-15,4451,68265.0,SANM,SANMINA CORP,3672.0
80105610,26.18,25.23,2018-11-16,3958,68265.0,SANM,SANMINA CORP,3672.0
80105610,26.02,26.08,2018-11-19,5309,68265.0,SANM,SANMINA CORP,3672.0
80105610,25.62,25.67,2018-11-20,3097,68265.0,SANM,SANMINA CORP,3672.0
80105610,26.22,25.76,2018-11-21,3283,68265.0,SANM,SANMINA CORP,3672.0
80105610,26.27,25.84,2018-11-23,1547,68265.0,SANM,SANMINA CORP,3672.0
80105610,26.5,26.44,2018-11-26,3421,68265.0,SANM,SANMINA CORP,3672.0
80105610,26.39,26.25,2018-11-27,2263,68265.0,SANM,SANMINA CORP,3672.0
80105610,27.2,26.62,2018-11-28,3853,68265.0,SANM,SANMINA CORP,3672.0
80105610,26.92,27.1,2018-11-29,3027,68265.0,SANM,SANMINA CORP,3672.0
80105610,27.04,26.84,2018-11-30,3597,68265.0,SANM,SANMINA CORP,3672.0
80105610,27.38,27.5,2018-12-03,4425,68265.0,SANM,SANMINA CORP,3672.0
80105610,26.3,27.38,2018-12-04,4382,68265.0,SANM,SANMINA CORP,3672.0
80105610,25.88,25.84,2018-12-06,3643,68265.0,SANM,SANMINA CORP,3672.0
80105610,25.12,25.93,2018-12-07,3647,68265.0,SANM,SANMINA CORP,3672.0
80105610,25.32,25.08,2018-12-10,2972,68265.0,SANM,SANMINA CORP,3672.0
80105610,25.4,25.66,2018-12-11,3665,68265.0,SANM,SANMINA CORP,3672.0
80105610,25.64,25.53,2018-12-12,3185,68265.0,SANM,SANMINA CORP,3672.0
80105610,24.95,25.79,2018-12-13,2696,68265.0,SANM,SANMINA CORP,3672.0
80105610,24.37,24.71,2018-12-14,2560,68265.0,SANM,SANMINA CORP,3672.0
80105610,23.79,24.33,2018-12-17,4079,68265.0,SANM,SANMINA CORP,3672.0
80105610,24.31,24.06,2018-12-18,3981,68265.0,SANM,SANMINA CORP,3672.0
80105610,23.81,24.43,2018-12-19,2732,68265.0,SANM,SANMINA CORP,3672.0
80105610,23.22,22.51,2018-12-20,3873,68265.0,SANM,SANMINA CORP,3672.0
80105610,22.66,23.21,2018-12-21,2878,68265.0,SANM,SANMINA CORP,3672.0
80105610,22.6,22.57,2018-12-24,2671,68265.0,SANM,SANMINA CORP,3672.0
80105610,23.69,22.76,2018-12-26,4988,68265.0,SANM,SANMINA CORP,3672.0
80105610,23.94,23.26,2018-12-27,6374,68265.0,SANM,SANMINA CORP,3672.0
80105610,23.8,23.96,2018-12-28,3538,68430.0,SANM,SANMINA CORP,3672.0
80105610,24.06,23.92,2018-12-31,3110,68430.0,SANM,SANMINA CORP,3672.0
80105610,24.05,23.55,2019-01-02,3671,68430.0,SANM,SANMINA CORP,3672.0
80105610,23.25,23.76,2019-01-03,2832,68430.0,SANM,SANMINA CORP,3672.0
80105610,23.95,23.51,2019-01-04,3519,68430.0,SANM,SANMINA CORP,3672.0
80105610,24.25,23.93,2019-01-07,3802,68430.0,SANM,SANMINA CORP,3672.0
80105610,24.37,24.35,2019-01-08,3021,68430.0,SANM,SANMINA CORP,3672.0
80105610,25.15,24.45,2019-01-09,2405,68430.0,SANM,SANMINA CORP,3672.0
80105610,25.44,25.08,2019-01-10,2800,68430.0,SANM,SANMINA CORP,3672.0
80105610,25.62,25.26,2019-01-11,2595,68430.0,SANM,SANMINA CORP,3672.0
80105610,25.5,25.48,2019-01-14,2648,68430.0,SANM,SANMINA CORP,3672.0
80105610,25.5,25.49,2019-01-15,3665,68430.0,SANM,SANMINA CORP,3672.0
80105610,25.61,25.52,2019-01-16,3757,68430.0,SANM,SANMINA CORP,3672.0
80105610,25.55,25.38,2019-01-17,5679,68401.0,SANM,SANMINA CORP,3672.0
80105610,26.3,25.56,2019-01-18,3459,68401.0,SANM,SANMINA CORP,3672.0
80105610,25.76,26.16,2019-01-22,3363,68401.0,SANM,SANMINA CORP,3672.0
80105610,25.74,25.75,2019-01-23,2399,68401.0,SANM,SANMINA CORP,3672.0
80105610,26.54,25.86,2019-01-24,2175,68401.0,SANM,SANMINA CORP,3672.0
80105610,27.32,26.67,2019-01-25,3287,68401.0,SANM,SANMINA CORP,3672.0
80105610,27.25,26.86,2019-01-28,5929,68401.0,SANM,SANMINA CORP,3672.0
80105610,31.85,33.0,2019-01-29,22302,68401.0,SANM,SANMINA CORP,3672.0
80105610,31.69,32.15,2019-01-30,8195,68401.0,SANM,SANMINA CORP,3672.0
80105610,31.22,31.81,2019-01-31,5714,68430.0,SANM,SANMINA CORP,3672.0
80105610,31.23,31.25,2019-02-01,6635,68430.0,SANM,SANMINA CORP,3672.0
80105610,31.81,31.22,2019-02-04,4897,68430.0,SANM,SANMINA CORP,3672.0
80105610,32.05,31.94,2019-02-05,5140,68430.0,SANM,SANMINA CORP,3672.0
80105610,32.42,31.96,2019-02-06,4047,68430.0,SANM,SANMINA CORP,3672.0
80105610,32.6,32.13,2019-02-07,6749,68430.0,SANM,SANMINA CORP,3672.0
80105610,32.16,32.27,2019-02-08,5293,68430.0,SANM,SANMINA CORP,3672.0
80105610,31.81,32.23,2019-02-11,5925,68430.0,SANM,SANMINA CORP,3672.0
80105610,32.19,31.91,2019-02-12,3805,68430.0,SANM,SANMINA CORP,3672.0
80105610,32.3,32.25,2019-02-13,2840,68430.0,SANM,SANMINA CORP,3672.0
80105610,32.4,32.22,2019-02-14,2953,68430.0,SANM,SANMINA CORP,3672.0
80105610,32.43,32.42,2019-02-15,4694,68430.0,SANM,SANMINA CORP,3672.0
80105610,32.03,32.21,2019-02-19,6306,68430.0,SANM,SANMINA CORP,3672.0
80105610,32.3,32.0,2019-02-20,6413,68430.0,SANM,SANMINA CORP,3672.0
80105610,32.52,32.31,2019-02-21,3133,68430.0,SANM,SANMINA CORP,3672.0
80105610,32.73,32.59,2019-02-22,3010,68430.0,SANM,SANMINA CORP,3672.0
80105610,32.89,32.9,2019-02-25,3778,68430.0,SANM,SANMINA CORP,3672.0
80105610,32.74,32.79,2019-02-26,3231,68430.0,SANM,SANMINA CORP,3672.0
80105610,32.02,32.62,2019-02-27,2962,68430.0,SANM,SANMINA CORP,3672.0
80105610,31.94,31.83,2019-02-28,3192,68430.0,SANM,SANMINA CORP,3672.0
80105610,31.86,32.17,2019-03-01,3153,68430.0,SANM,SANMINA CORP,3672.0
80105610,31.8,31.97,2019-03-04,2941,68430.0,SANM,SANMINA CORP,3672.0
80105610,31.15,31.79,2019-03-05,3579,68430.0,SANM,SANMINA CORP,3672.0
80105610,30.49,31.09,2019-03-06,2339,68430.0,SANM,SANMINA CORP,3672.0
80105610,29.8,30.49,2019-03-07,2658,68430.0,SANM,SANMINA CORP,3672.0
80105610,29.62,29.56,2019-03-08,2639,68430.0,SANM,SANMINA CORP,3672.0
80105610,30.5,29.6,2019-03-11,3879,68430.0,SANM,SANMINA CORP,3672.0
80105610,30.5,30.59,2019-03-12,3651,68430.0,SANM,SANMINA CORP,3672.0
80105610,31.0,30.65,2019-03-13,3416,68430.0,SANM,SANMINA CORP,3672.0
80105610,30.53,31.08,2019-03-14,2497,68430.0,SANM,SANMINA CORP,3672.0
80105610,30.55,30.76,2019-03-15,3075,68430.0,SANM,SANMINA CORP,3672.0
80105610,30.37,30.57,2019-03-18,2116,68430.0,SANM,SANMINA CORP,3672.0
80105610,30.29,30.47,2019-03-19,2121,68430.0,SANM,SANMINA CORP,3672.0
80105610,30.12,30.26,2019-03-20,2730,68430.0,SANM,SANMINA CORP,3672.0
80105610,30.83,30.06,2019-03-21,2197,68430.0,SANM,SANMINA CORP,3672.0
80105610,29.46,30.58,2019-03-22,2906,68430.0,SANM,SANMINA CORP,3672.0
80105610,29.22,29.32,2019-03-25,2029,68430.0,SANM,SANMINA CORP,3672.0
80105610,29.01,29.23,2019-03-26,4281,68430.0,SANM,SANMINA CORP,3672.0
80105610,28.53,29.07,2019-03-27,4656,68430.0,SANM,SANMINA CORP,3672.0
80105610,28.85,28.68,2019-03-28,3337,68430.0,SANM,SANMINA CORP,3672.0
80105610,28.85,29.06,2019-03-29,4420,69005.0,SANM,SANMINA CORP,3672.0
80105610,29.63,29.16,2019-04-01,2559,69005.0,SANM,SANMINA CORP,3672.0
80105610,30.09,29.62,2019-04-02,3693,69005.0,SANM,SANMINA CORP,3672.0
80105610,30.53,30.2,2019-04-03,4502,69005.0,SANM,SANMINA CORP,3672.0
80105610,30.98,30.4,2019-04-04,5212,69005.0,SANM,SANMINA CORP,3672.0
80105610,31.32,31.19,2019-04-05,3487,69005.0,SANM,SANMINA CORP,3672.0
80105610,31.15,31.12,2019-04-08,3396,69005.0,SANM,SANMINA CORP,3672.0
80105610,30.85,31.02,2019-04-09,3205,69005.0,SANM,SANMINA CORP,3672.0
80105610,31.24,30.84,2019-04-10,2462,69005.0,SANM,SANMINA CORP,3672.0
80105610,31.77,31.36,2019-04-11,2835,69005.0,SANM,SANMINA CORP,3672.0
80105610,32.21,31.92,2019-04-12,3957,69005.0,SANM,SANMINA CORP,3672.0
80105610,32.0,32.25,2019-04-15,3157,69005.0,SANM,SANMINA CORP,3672.0
80105610,32.52,32.17,2019-04-16,2428,69005.0,SANM,SANMINA CORP,3672.0
80105610,32.29,32.78,2019-04-17,2663,69005.0,SANM,SANMINA CORP,3672.0
80105610,32.18,32.06,2019-04-18,2538,69005.0,SANM,SANMINA CORP,3672.0
80105610,31.47,32.11,2019-04-22,2496,69005.0,SANM,SANMINA CORP,3672.0
80105610,31.91,31.69,2019-04-23,3015,69005.0,SANM,SANMINA CORP,3672.0
80105610,31.68,32.0,2019-04-24,3136,69005.0,SANM,SANMINA CORP,3672.0
80105610,30.07,31.55,2019-04-25,4650,69005.0,SANM,SANMINA CORP,3672.0
80105610,29.64,30.04,2019-04-26,5397,69005.0,SANM,SANMINA CORP,3672.0
80105610,29.45,29.58,2019-04-29,5855,69005.0,SANM,SANMINA CORP,3672.0
80105610,33.92,32.96,2019-04-30,16239,69005.0,SANM,SANMINA CORP,3672.0
80105610,33.63,33.97,2019-05-01,7335,69005.0,SANM,SANMINA CORP,3672.0
80105610,33.29,33.47,2019-05-02,6319,69005.0,SANM,SANMINA CORP,3672.0
80105610,34.24,33.52,2019-05-03,5796,69005.0,SANM,SANMINA CORP,3672.0
80105610,34.21,32.86,2019-05-06,5563,69005.0,SANM,SANMINA CORP,3672.0
80105610,33.3,33.7,2019-05-07,6159,69005.0,SANM,SANMINA CORP,3672.0
80105610,32.32,33.23,2019-05-08,4735,69005.0,SANM,SANMINA CORP,3672.0
80105610,32.23,31.95,2019-05-09,3560,69005.0,SANM,SANMINA CORP,3672.0
80105610,32.14,31.97,2019-05-10,4078,69005.0,SANM,SANMINA CORP,3672.0
80105610,30.8,31.38,2019-05-13,3837,69005.0,SANM,SANMINA CORP,3672.0
80105610,30.8,30.99,2019-05-14,4136,69005.0,SANM,SANMINA CORP,3672.0
80105610,31.17,30.44,2019-05-15,2174,69005.0,SANM,SANMINA CORP,3672.0
80105610,31.43,31.18,2019-05-16,3601,69005.0,SANM,SANMINA CORP,3672.0
80105610,29.73,30.75,2019-05-17,4202,69005.0,SANM,SANMINA CORP,3672.0
80105610,29.46,29.31,2019-05-20,3651,69005.0,SANM,SANMINA CORP,3672.0
80105610,29.52,29.68,2019-05-21,3862,69005.0,SANM,SANMINA CORP,3672.0
80105610,29.31,29.4,2019-05-22,2587,69005.0,SANM,SANMINA CORP,3672.0
80105610,28.13,28.81,2019-05-23,4162,69005.0,SANM,SANMINA CORP,3672.0
80105610,28.16,28.26,2019-05-24,3471,69005.0,SANM,SANMINA CORP,3672.0
80105610,28.08,28.18,2019-05-28,3889,69005.0,SANM,SANMINA CORP,3672.0
80105610,27.5,27.85,2019-05-29,4678,69005.0,SANM,SANMINA CORP,3672.0
80105610,27.58,27.63,2019-05-30,3716,69005.0,SANM,SANMINA CORP,3672.0
80105610,26.59,27.02,2019-05-31,5436,69005.0,SANM,SANMINA CORP,3672.0
80105610,27.07,26.57,2019-06-03,4490,69005.0,SANM,SANMINA CORP,3672.0
80105610,28.35,27.56,2019-06-04,3061,69005.0,SANM,SANMINA CORP,3672.0
80105610,27.93,28.42,2019-06-05,3148,69005.0,SANM,SANMINA CORP,3672.0
80105610,28.05,27.94,2019-06-06,2577,69005.0,SANM,SANMINA CORP,3672.0
80105610,28.19,28.1,2019-06-07,2570,69005.0,SANM,SANMINA CORP,3672.0
80105610,28.72,28.33,2019-06-10,3205,69005.0,SANM,SANMINA CORP,3672.0
80105610,28.99,29.08,2019-06-11,5069,69005.0,SANM,SANMINA CORP,3672.0
80105610,28.48,28.82,2019-06-12,2648,69005.0,SANM,SANMINA CORP,3672.0
80105610,28.86,28.6,2019-06-13,2200,69005.0,SANM,SANMINA CORP,3672.0
80105610,28.05,28.65,2019-06-14,2813,69005.0,SANM,SANMINA CORP,3672.0
80105610,28.18,27.98,2019-06-17,3461,69005.0,SANM,SANMINA CORP,3672.0
80105610,28.89,28.36,2019-06-18,1912,69005.0,SANM,SANMINA CORP,3672.0
80105610,29.12,29.07,2019-06-19,2655,69005.0,SANM,SANMINA CORP,3672.0
80105610,29.81,29.57,2019-06-20,2438,69005.0,SANM,SANMINA CORP,3672.0
80105610,29.76,29.68,2019-06-21,3101,69005.0,SANM,SANMINA CORP,3672.0
80105610,29.37,29.66,2019-06-24,3289,69005.0,SANM,SANMINA CORP,3672.0
80105610,29.26,29.49,2019-06-25,3817,69005.0,SANM,SANMINA CORP,3672.0
80105610,29.7,29.53,2019-06-26,3088,69005.0,SANM,SANMINA CORP,3672.0
80105610,30.04,29.79,2019-06-27,2031,69005.0,SANM,SANMINA CORP,3672.0
80105610,30.28,30.06,2019-06-28,5320,69598.0,SANM,SANMINA CORP,3672.0
80105610,30.73,31.0,2019-07-01,3888,69598.0,SANM,SANMINA CORP,3672.0
80105610,30.28,30.68,2019-07-02,2923,69598.0,SANM,SANMINA CORP,3672.0
80105610,30.63,30.34,2019-07-03,1496,69598.0,SANM,SANMINA CORP,3672.0
80105610,30.34,30.26,2019-07-05,2662,69598.0,SANM,SANMINA CORP,3672.0
80105610,30.15,30.21,2019-07-08,2838,69598.0,SANM,SANMINA CORP,3672.0
80105610,30.3,29.91,2019-07-09,2919,69598.0,SANM,SANMINA CORP,3672.0
80105610,30.68,30.53,2019-07-10,3150,69598.0,SANM,SANMINA CORP,3672.0
80105610,29.59,30.67,2019-07-11,4012,69598.0,SANM,SANMINA CORP,3672.0
80105610,29.83,29.79,2019-07-12,5308,69598.0,SANM,SANMINA CORP,3672.0
80105610,29.85,29.84,2019-07-15,3678,69598.0,SANM,SANMINA CORP,3672.0
80105610,30.38,29.71,2019-07-16,3813,69598.0,SANM,SANMINA CORP,3672.0
80105610,30.26,30.31,2019-07-17,3623,69598.0,SANM,SANMINA CORP,3672.0
80105610,30.47,30.14,2019-07-18,3751,69598.0,SANM,SANMINA CORP,3672.0
80105610,30.68,30.39,2019-07-19,9341,69598.0,SANM,SANMINA CORP,3672.0
80105610,30.84,30.76,2019-07-22,3659,69598.0,SANM,SANMINA CORP,3672.0
80105610,31.23,31.27,2019-07-23,2588,69598.0,SANM,SANMINA CORP,3672.0
80105610,32.0,31.02,2019-07-24,4214,69598.0,SANM,SANMINA CORP,3672.0
80105610,31.52,31.95,2019-07-25,4283,69598.0,SANM,SANMINA CORP,3672.0
80105610,32.26,31.72,2019-07-26,5099,69598.0,SANM,SANMINA CORP,3672.0
80105610,32.88,32.24,2019-07-29,6969,69598.0,SANM,SANMINA CORP,3672.0
80105610,33.0,32.49,2019-07-30,8609,69598.0,SANM,SANMINA CORP,3672.0
80105610,31.75,33.0,2019-07-31,6546,69598.0,SANM,SANMINA CORP,3672.0
80105610,31.35,31.65,2019-08-01,7216,69598.0,SANM,SANMINA CORP,3672.0
80105610,30.97,31.1,2019-08-02,4224,69598.0,SANM,SANMINA CORP,3672.0
80105610,29.98,30.07,2019-08-05,5972,69598.0,SANM,SANMINA CORP,3672.0
80105610,29.61,30.18,2019-08-06,3429,69598.0,SANM,SANMINA CORP,3672.0
80105610,29.36,29.21,2019-08-07,3247,69598.0,SANM,SANMINA CORP,3672.0
80105610,30.31,29.63,2019-08-08,4070,69598.0,SANM,SANMINA CORP,3672.0
80105610,30.1,30.15,2019-08-09,2902,69598.0,SANM,SANMINA CORP,3672.0
80105610,29.81,29.8,2019-08-12,2141,69598.0,SANM,SANMINA CORP,3672.0
80105610,30.46,29.68,2019-08-13,2720,69598.0,SANM,SANMINA CORP,3672.0
80105610,29.58,29.8,2019-08-14,3980,69598.0,SANM,SANMINA CORP,3672.0
80105610,29.27,29.55,2019-08-15,3993,69598.0,SANM,SANMINA CORP,3672.0
80105610,30.04,29.61,2019-08-16,3544,69598.0,SANM,SANMINA CORP,3672.0
80105610,30.32,30.18,2019-08-19,3077,69598.0,SANM,SANMINA CORP,3672.0
80105610,29.71,30.24,2019-08-20,2524,69598.0,SANM,SANMINA CORP,3672.0
80105610,30.17,30.18,2019-08-21,2488,69598.0,SANM,SANMINA CORP,3672.0
80105610,30.26,30.36,2019-08-22,2481,69598.0,SANM,SANMINA CORP,3672.0
80105610,28.51,30.02,2019-08-23,4418,69598.0,SANM,SANMINA CORP,3672.0
80105610,28.68,28.89,2019-08-26,4203,69598.0,SANM,SANMINA CORP,3672.0
80105610,27.74,28.91,2019-08-27,3855,69598.0,SANM,SANMINA CORP,3672.0
80105610,27.92,27.62,2019-08-28,3042,69598.0,SANM,SANMINA CORP,3672.0
80105610,28.82,28.38,2019-08-29,4163,69598.0,SANM,SANMINA CORP,3672.0
80105610,28.9,29.05,2019-08-30,2360,69598.0,SANM,SANMINA CORP,3672.0
80105610,28.35,28.53,2019-09-03,3485,69598.0,SANM,SANMINA CORP,3672.0
80105610,28.74,28.74,2019-09-04,3635,69598.0,SANM,SANMINA CORP,3672.0
80105610,30.12,29.28,2019-09-05,3975,69598.0,SANM,SANMINA CORP,3672.0
80105610,29.87,30.16,2019-09-06,2865,69598.0,SANM,SANMINA CORP,3672.0
80105610,31.26,30.02,2019-09-09,5730,69598.0,SANM,SANMINA CORP,3672.0
80105610,31.64,31.13,2019-09-10,5090,69598.0,SANM,SANMINA CORP,3672.0
80105610,32.72,31.79,2019-09-11,5969,69598.0,SANM,SANMINA CORP,3672.0
80105610,32.54,32.79,2019-09-12,5159,69598.0,SANM,SANMINA CORP,3672.0
80105610,32.58,32.7,2019-09-13,5331,69598.0,SANM,SANMINA CORP,3672.0
80105610,32.57,32.35,2019-09-16,3669,69598.0,SANM,SANMINA CORP,3672.0
80105610,32.59,32.22,2019-09-17,3145,69598.0,SANM,SANMINA CORP,3672.0
80105610,32.45,32.52,2019-09-18,3310,69598.0,SANM,SANMINA CORP,3672.0
80105610,32.27,32.45,2019-09-19,3548,69598.0,SANM,SANMINA CORP,3672.0
80105610,31.76,32.27,2019-09-20,3664,69598.0,SANM,SANMINA CORP,3672.0
80105610,32.05,31.82,2019-09-23,2490,69598.0,SANM,SANMINA CORP,3672.0
80105610,31.74,32.35,2019-09-24,4225,69598.0,SANM,SANMINA CORP,3672.0
80105610,32.7,31.79,2019-09-25,4310,69598.0,SANM,SANMINA CORP,3672.0
80105610,32.45,32.5,2019-09-26,2204,69598.0,SANM,SANMINA CORP,3672.0
80105610,32.12,32.6,2019-09-27,2473,69720.0,SANM,SANMINA CORP,3672.0
80105610,32.11,32.22,2019-09-30,3189,69720.0,SANM,SANMINA CORP,3672.0
80105610,31.5,32.28,2019-10-01,5228,69720.0,SANM,SANMINA CORP,3672.0
80105610,31.1,31.17,2019-10-02,3914,69720.0,SANM,SANMINA CORP,3672.0
80105610,30.71,31.05,2019-10-03,3118,69720.0,SANM,SANMINA CORP,3672.0
80105610,31.16,30.6,2019-10-04,2716,69720.0,SANM,SANMINA CORP,3672.0
80105610,30.64,30.93,2019-10-07,4144,69720.0,SANM,SANMINA CORP,3672.0
80105610,29.33,30.27,2019-10-08,6039,69720.0,SANM,SANMINA CORP,3672.0
80105610,29.89,29.73,2019-10-09,3748,69720.0,SANM,SANMINA CORP,3672.0
80105610,29.79,30.04,2019-10-10,2948,69720.0,SANM,SANMINA CORP,3672.0
80105610,30.43,30.28,2019-10-11,3631,69720.0,SANM,SANMINA CORP,3672.0
80105610,30.32,30.2,2019-10-14,3035,69720.0,SANM,SANMINA CORP,3672.0
80105610,30.82,30.18,2019-10-15,3646,69720.0,SANM,SANMINA CORP,3672.0
80105610,31.01,30.84,2019-10-16,4155,69720.0,SANM,SANMINA CORP,3672.0
80105610,31.2,31.18,2019-10-17,3324,69720.0,SANM,SANMINA CORP,3672.0
80105610,31.48,31.0,2019-10-18,4776,69720.0,SANM,SANMINA CORP,3672.0
80105610,32.15,31.9,2019-10-21,4920,69720.0,SANM,SANMINA CORP,3672.0
80105610,32.555,32.11,2019-10-22,4879,69720.0,SANM,SANMINA CORP,3672.0
80105610,31.51,32.52,2019-10-23,3827,69720.0,SANM,SANMINA CORP,3672.0
80105610,31.44,31.48,2019-10-24,5121,69720.0,SANM,SANMINA CORP,3672.0
80105610,31.47,31.47,2019-10-25,2892,69720.0,SANM,SANMINA CORP,3672.0
80105610,31.795,32.02,2019-10-28,6109,69720.0,SANM,SANMINA CORP,3672.0
80105610,30.75,28.78,2019-10-29,11459,69720.0,SANM,SANMINA CORP,3672.0
80105610,30.49,30.54,2019-10-30,5521,69720.0,SANM,SANMINA CORP,3672.0
80105610,30.73,30.48,2019-10-31,5860,69977.0,SANM,SANMINA CORP,3672.0
80105610,30.91,31.0,2019-11-01,6395,69977.0,SANM,SANMINA CORP,3672.0
80105610,31.46,31.25,2019-11-04,5861,69977.0,SANM,SANMINA CORP,3672.0
80105610,32.465,31.71,2019-11-05,6950,69977.0,SANM,SANMINA CORP,3672.0
80105610,32.1,32.4,2019-11-06,4031,69977.0,SANM,SANMINA CORP,3672.0
80105610,31.73,32.53,2019-11-07,5179,69977.0,SANM,SANMINA CORP,3672.0
80105610,32.26,31.75,2019-11-08,4514,69977.0,SANM,SANMINA CORP,3672.0
80105610,32.55,31.78,2019-11-11,6226,69977.0,SANM,SANMINA CORP,3672.0
80105610,32.5,32.62,2019-11-12,5807,69977.0,SANM,SANMINA CORP,3672.0
80105610,32.78,32.46,2019-11-13,7625,69977.0,SANM,SANMINA CORP,3672.0
80105610,32.13,32.5,2019-11-14,6284,69977.0,SANM,SANMINA CORP,3672.0
80105610,32.62,32.45,2019-11-15,3920,69977.0,SANM,SANMINA CORP,3672.0
80105610,31.94,32.41,2019-11-18,3498,69977.0,SANM,SANMINA CORP,3672.0
80105610,32.06,32.25,2019-11-19,3596,69977.0,SANM,SANMINA CORP,3672.0
80105610,32.0,31.92,2019-11-20,3730,69977.0,SANM,SANMINA CORP,3672.0
80105610,31.87,32.01,2019-11-21,2558,69977.0,SANM,SANMINA CORP,3672.0
80105610,31.5,31.95,2019-11-22,2685,69977.0,SANM,SANMINA CORP,3672.0
80105610,32.22,31.53,2019-11-25,4809,69977.0,SANM,SANMINA CORP,3672.0
80105610,31.97,32.01,2019-11-26,3429,69977.0,SANM,SANMINA CORP,3672.0
80105610,32.48,32.14,2019-11-27,3182,69977.0,SANM,SANMINA CORP,3672.0
80105610,31.81,32.27,2019-11-29,1792,69977.0,SANM,SANMINA CORP,3672.0
80105610,31.18,31.84,2019-12-02,4752,69977.0,SANM,SANMINA CORP,3672.0
80105610,30.92,30.74,2019-12-03,4776,69977.0,SANM,SANMINA CORP,3672.0
80105610,31.57,31.05,2019-12-04,4360,69977.0,SANM,SANMINA CORP,3672.0
80105610,31.7,31.62,2019-12-05,4496,69977.0,SANM,SANMINA CORP,3672.0
80105610,32.32,31.99,2019-12-06,4716,69977.0,SANM,SANMINA CORP,3672.0
80105610,31.84,32.3,2019-12-09,3399,69977.0,SANM,SANMINA CORP,3672.0
80105610,32.31,31.97,2019-12-10,4411,69977.0,SANM,SANMINA CORP,3672.0
80105610,32.77,32.31,2019-12-11,3963,69977.0,SANM,SANMINA CORP,3672.0
80105610,33.02,32.73,2019-12-12,5779,69977.0,SANM,SANMINA CORP,3672.0
80105610,32.85,33.09,2019-12-13,3111,69977.0,SANM,SANMINA CORP,3672.0
80105610,33.37,33.26,2019-12-16,5029,69977.0,SANM,SANMINA CORP,3672.0
80105610,34.27,33.5,2019-12-17,6322,69977.0,SANM,SANMINA CORP,3672.0
80105610,34.34,34.08,2019-12-18,4539,69977.0,SANM,SANMINA CORP,3672.0
80105610,34.04,34.41,2019-12-19,4406,69977.0,SANM,SANMINA CORP,3672.0
80105610,34.16,34.24,2019-12-20,5308,69977.0,SANM,SANMINA CORP,3672.0
80105610,34.26,34.19,2019-12-23,3157,69977.0,SANM,SANMINA CORP,3672.0
80105610,34.15,34.21,2019-12-24,1135,69977.0,SANM,SANMINA CORP,3672.0
80105610,34.15,34.18,2019-12-26,2101,69977.0,SANM,SANMINA CORP,3672.0
80105610,34.18,34.22,2019-12-27,2142,70645.0,SANM,SANMINA CORP,3672.0
80105610,34.33,34.29,2019-12-30,2545,70645.0,SANM,SANMINA CORP,3672.0
80105610,34.24,34.15,2019-12-31,3612,70645.0,SANM,SANMINA CORP,3672.0
80105610,34.65,34.63,2020-01-02,3603,70645.0,SANM,SANMINA CORP,3672.0
80105610,34.33,34.08,2020-01-03,3605,70645.0,SANM,SANMINA CORP,3672.0
80105610,34.21,34.03,2020-01-06,4948,70645.0,SANM,SANMINA CORP,3672.0
80105610,34.03,34.1,2020-01-07,3292,70645.0,SANM,SANMINA CORP,3672.0
80105610,34.12,34.12,2020-01-08,3153,70645.0,SANM,SANMINA CORP,3672.0
80105610,34.06,34.28,2020-01-09,3690,70645.0,SANM,SANMINA CORP,3672.0
80105610,34.13,34.01,2020-01-10,2682,70645.0,SANM,SANMINA CORP,3672.0
80105610,34.49,34.08,2020-01-13,4988,70645.0,SANM,SANMINA CORP,3672.0
80105610,34.39,34.45,2020-01-14,5469,70645.0,SANM,SANMINA CORP,3672.0
80105610,34.31,34.37,2020-01-15,3976,70635.0,SANM,SANMINA CORP,3672.0
80105610,34.46,34.45,2020-01-16,5360,70635.0,SANM,SANMINA CORP,3672.0
80105610,34.33,34.62,2020-01-17,3626,70635.0,SANM,SANMINA CORP,3672.0
80105610,33.68,34.13,2020-01-21,2446,70635.0,SANM,SANMINA CORP,3672.0
80105610,33.51,33.92,2020-01-22,3787,70635.0,SANM,SANMINA CORP,3672.0
80105610,34.43,33.67,2020-01-23,4878,70645.0,SANM,SANMINA CORP,3672.0
80105610,34.29,34.5,2020-01-24,4744,70645.0,SANM,SANMINA CORP,3672.0
80105610,32.66,33.68,2020-01-27,5751,70645.0,SANM,SANMINA CORP,3672.0
80105610,33.38,34.96,2020-01-28,9068,70645.0,SANM,SANMINA CORP,3672.0
80105610,32.76,33.34,2020-01-29,6084,70645.0,SANM,SANMINA CORP,3672.0
80105610,32.37,32.47,2020-01-30,4892,70645.0,SANM,SANMINA CORP,3672.0
80105610,31.84,32.2,2020-01-31,7188,70645.0,SANM,SANMINA CORP,3672.0
80105610,31.23,32.2,2020-02-03,6033,70645.0,SANM,SANMINA CORP,3672.0
80105610,32.01,31.57,2020-02-04,6839,70645.0,SANM,SANMINA CORP,3672.0
80105610,32.25,32.39,2020-02-05,5876,70645.0,SANM,SANMINA CORP,3672.0
80105610,31.41,32.47,2020-02-06,3801,70645.0,SANM,SANMINA CORP,3672.0
80105610,30.4,31.11,2020-02-07,3985,70645.0,SANM,SANMINA CORP,3672.0
80105610,30.24,30.2,2020-02-10,3350,70645.0,SANM,SANMINA CORP,3672.0
80105610,30.93,30.52,2020-02-11,4295,70645.0,SANM,SANMINA CORP,3672.0
80105610,31.55,31.11,2020-02-12,4131,70645.0,SANM,SANMINA CORP,3672.0
80105610,31.31,31.19,2020-02-13,3499,70645.0,SANM,SANMINA CORP,3672.0
80105610,30.32,31.39,2020-02-14,2761,70645.0,SANM,SANMINA CORP,3672.0
80105610,29.88,30.02,2020-02-18,3663,70645.0,SANM,SANMINA CORP,3672.0
80105610,30.09,29.9,2020-02-19,4543,70645.0,SANM,SANMINA CORP,3672.0
80105610,30.31,30.0,2020-02-20,3653,70645.0,SANM,SANMINA CORP,3672.0
80105610,29.92,30.03,2020-02-21,4052,70645.0,SANM,SANMINA CORP,3672.0
80105610,28.58,28.7,2020-02-24,4298,70645.0,SANM,SANMINA CORP,3672.0
80105610,27.41,28.65,2020-02-25,6553,70645.0,SANM,SANMINA CORP,3672.0
80105610,27.17,27.62,2020-02-26,4390,70645.0,SANM,SANMINA CORP,3672.0
80105610,25.85,26.29,2020-02-27,5384,70645.0,SANM,SANMINA CORP,3672.0
80105610,26.29,24.82,2020-02-28,9289,70645.0,SANM,SANMINA CORP,3672.0
80105610,26.77,26.39,2020-03-02,5937,70645.0,SANM,SANMINA CORP,3672.0
80105610,26.08,26.61,2020-03-03,7082,70645.0,SANM,SANMINA CORP,3672.0
80105610,27.06,26.57,2020-03-04,5034,70645.0,SANM,SANMINA CORP,3672.0
80105610,26.47,26.32,2020-03-05,7112,70645.0,SANM,SANMINA CORP,3672.0
80105610,26.37,25.45,2020-03-06,5526,70645.0,SANM,SANMINA CORP,3672.0
80105610,23.91,24.65,2020-03-09,6147,70645.0,SANM,SANMINA CORP,3672.0
80105610,24.67,24.62,2020-03-10,7788,70645.0,SANM,SANMINA CORP,3672.0
80105610,23.89,23.84,2020-03-11,6857,70645.0,SANM,SANMINA CORP,3672.0
80105610,19.88,22.27,2020-03-12,8616,70645.0,SANM,SANMINA CORP,3672.0
80105610,21.18,19.65,2020-03-13,8767,70645.0,SANM,SANMINA CORP,3672.0
80105610,18.74,18.91,2020-03-16,8405,70645.0,SANM,SANMINA CORP,3672.0
80105610,20.39,19.03,2020-03-17,8648,70645.0,SANM,SANMINA CORP,3672.0
80105610,21.02,19.25,2020-03-18,11656,70645.0,SANM,SANMINA CORP,3672.0
80105610,22.06,20.79,2020-03-19,9391,70645.0,SANM,SANMINA CORP,3672.0
80105610,21.09,22.35,2020-03-20,9353,70645.0,SANM,SANMINA CORP,3672.0
80105610,22.67,21.36,2020-03-23,10760,70645.0,SANM,SANMINA CORP,3672.0
80105610,24.62,23.69,2020-03-24,9220,70645.0,SANM,SANMINA CORP,3672.0
80105610,25.28,24.61,2020-03-25,7318,70645.0,SANM,SANMINA CORP,3672.0
80105610,27.85,25.58,2020-03-26,9699,70645.0,SANM,SANMINA CORP,3672.0
80105610,25.32,26.78,2020-03-27,10731,70645.0,SANM,SANMINA CORP,3672.0
80105610,26.65,25.66,2020-03-30,10665,70645.0,SANM,SANMINA CORP,3672.0
80105610,27.28,26.81,2020-03-31,11125,68202.0,SANM,SANMINA CORP,3672.0
80105610,24.03,26.02,2020-04-01,6939,68202.0,SANM,SANMINA CORP,3672.0
80105610,24.16,23.86,2020-04-02,4974,68202.0,SANM,SANMINA CORP,3672.0
80105610,23.66,24.0,2020-04-03,5058,68202.0,SANM,SANMINA CORP,3672.0
80105610,26.05,24.6,2020-04-06,6698,68202.0,SANM,SANMINA CORP,3672.0
80105610,25.78,27.1,2020-04-07,4411,68202.0,SANM,SANMINA CORP,3672.0
80105610,26.72,26.3,2020-04-08,5761,68202.0,SANM,SANMINA CORP,3672.0
80105610,27.04,27.37,2020-04-09,5366,68202.0,SANM,SANMINA CORP,3672.0
80105610,26.77,26.88,2020-04-13,3344,68202.0,SANM,SANMINA CORP,3672.0
80105610,27.2,27.56,2020-04-14,4306,68202.0,SANM,SANMINA CORP,3672.0
80105610,25.07,26.02,2020-04-15,5199,68202.0,SANM,SANMINA CORP,3672.0
80105610,24.55,25.24,2020-04-16,4579,68202.0,SANM,SANMINA CORP,3672.0
80105610,26.38,25.31,2020-04-17,6784,68202.0,SANM,SANMINA CORP,3672.0
80105610,26.35,25.61,2020-04-20,6891,68202.0,SANM,SANMINA CORP,3672.0
80105610,25.17,25.5,2020-04-21,6178,68202.0,SANM,SANMINA CORP,3672.0
80105610,25.58,25.7,2020-04-22,4730,68208.0,SANM,SANMINA CORP,3672.0
80105610,25.91,26.02,2020-04-23,5301,68208.0,SANM,SANMINA CORP,3672.0
80105610,26.71,26.08,2020-04-24,4085,68208.0,SANM,SANMINA CORP,3672.0
80105610,27.91,26.71,2020-04-27,3799,68208.0,SANM,SANMINA CORP,3672.0
80105610,26.93,26.51,2020-04-28,8189,68208.0,SANM,SANMINA CORP,3672.0
80105610,28.76,28.06,2020-04-29,7117,68208.0,SANM,SANMINA CORP,3672.0
80105610,27.73,28.18,2020-04-30,6683,68208.0,SANM,SANMINA CORP,3672.0
80105610,26.71,27.13,2020-05-01,5657,68208.0,SANM,SANMINA CORP,3672.0
80105610,26.73,26.56,2020-05-04,4050,68208.0,SANM,SANMINA CORP,3672.0
80105610,27.11,27.2,2020-05-05,4193,68208.0,SANM,SANMINA CORP,3672.0
80105610,26.77,27.33,2020-05-06,5229,68208.0,SANM,SANMINA CORP,3672.0
80105610,26.96,27.29,2020-05-07,4465,68208.0,SANM,SANMINA CORP,3672.0
80105610,28.77,27.66,2020-05-08,4450,68208.0,SANM,SANMINA CORP,3672.0
80105610,27.83,28.42,2020-05-11,4674,68208.0,SANM,SANMINA CORP,3672.0
80105610,26.575,27.87,2020-05-12,4959,68208.0,SANM,SANMINA CORP,3672.0
80105610,25.28,26.35,2020-05-13,6495,68208.0,SANM,SANMINA CORP,3672.0
80105610,24.73,24.82,2020-05-14,6759,68208.0,SANM,SANMINA CORP,3672.0
80105610,24.92,24.58,2020-05-15,5764,68208.0,SANM,SANMINA CORP,3672.0
80105610,27.2,25.08,2020-05-18,5929,68208.0,SANM,SANMINA CORP,3672.0
80105610,26.96,27.05,2020-05-19,4889,68208.0,SANM,SANMINA CORP,3672.0
80105610,27.275,27.19,2020-05-20,4679,68208.0,SANM,SANMINA CORP,3672.0
80105610,26.425,27.27,2020-05-21,4167,68208.0,SANM,SANMINA CORP,3672.0
80105610,26.12,26.65,2020-05-22,4808,68208.0,SANM,SANMINA CORP,3672.0
80105610,27.15,26.8,2020-05-26,4889,68208.0,SANM,SANMINA CORP,3672.0
80105610,28.21,27.65,2020-05-27,5297,68208.0,SANM,SANMINA CORP,3672.0
80105610,26.95,28.5,2020-05-28,3968,68208.0,SANM,SANMINA CORP,3672.0
80105610,26.61,26.73,2020-05-29,5193,68208.0,SANM,SANMINA CORP,3672.0
80105610,26.85,26.7,2020-06-01,4225,68208.0,SANM,SANMINA CORP,3672.0
80105610,27.08,27.07,2020-06-02,5426,68208.0,SANM,SANMINA CORP,3672.0
80105610,26.95,27.67,2020-06-03,10738,68208.0,SANM,SANMINA CORP,3672.0
80105610,28.02,26.85,2020-06-04,6294,68208.0,SANM,SANMINA CORP,3672.0
80105610,28.68,29.0,2020-06-05,5492,68208.0,SANM,SANMINA CORP,3672.0
80105610,28.69,29.18,2020-06-08,5673,68208.0,SANM,SANMINA CORP,3672.0
80105610,28.25,28.19,2020-06-09,4821,68208.0,SANM,SANMINA CORP,3672.0
80105610,27.295,28.2,2020-06-10,5894,68208.0,SANM,SANMINA CORP,3672.0
80105610,25.29,26.09,2020-06-11,7211,68208.0,SANM,SANMINA CORP,3672.0
80105610,25.53,26.35,2020-06-12,6387,68208.0,SANM,SANMINA CORP,3672.0
80105610,25.78,24.62,2020-06-15,6420,68208.0,SANM,SANMINA CORP,3672.0
80105610,26.34,26.82,2020-06-16,4023,68208.0,SANM,SANMINA CORP,3672.0
80105610,25.78,26.37,2020-06-17,4581,68208.0,SANM,SANMINA CORP,3672.0
80105610,25.21,25.52,2020-06-18,4269,68208.0,SANM,SANMINA CORP,3672.0
80105610,25.02,25.52,2020-06-19,7080,68208.0,SANM,SANMINA CORP,3672.0
80105610,25.24,24.74,2020-06-22,4662,68208.0,SANM,SANMINA CORP,3672.0
80105610,25.25,25.6,2020-06-23,4612,68208.0,SANM,SANMINA CORP,3672.0
80105610,24.39,24.96,2020-06-24,5850,68208.0,SANM,SANMINA CORP,3672.0
80105610,24.57,24.12,2020-06-25,5329,68208.0,SANM,SANMINA CORP,3672.0
80105610,23.92,24.47,2020-06-26,5861,67764.0,SANM,SANMINA CORP,3672.0
80105610,25.02,24.28,2020-06-29,4649,67764.0,SANM,SANMINA CORP,3672.0
80105610,25.04,24.95,2020-06-30,4355,67764.0,SANM,SANMINA CORP,3672.0
80105610,24.3,25.0,2020-07-01,8543,67764.0,SANM,SANMINA CORP,3672.0
80105610,24.77,24.8,2020-07-02,5879,67764.0,SANM,SANMINA CORP,3672.0
80105610,25.02,25.22,2020-07-06,3752,67764.0,SANM,SANMINA CORP,3672.0
80105610,24.1,24.78,2020-07-07,4584,67764.0,SANM,SANMINA CORP,3672.0
80105610,24.02,23.99,2020-07-08,6635,67764.0,SANM,SANMINA CORP,3672.0
80105610,23.94,23.84,2020-07-09,6846,67764.0,SANM,SANMINA CORP,3672.0
80105610,24.43,23.94,2020-07-10,6942,67764.0,SANM,SANMINA CORP,3672.0
80105610,24.88,24.66,2020-07-13,5214,67764.0,SANM,SANMINA CORP,3672.0
80105610,25.555,24.67,2020-07-14,5637,67764.0,SANM,SANMINA CORP,3672.0
80105610,26.07,26.28,2020-07-15,4107,67764.0,SANM,SANMINA CORP,3672.0
80105610,25.86,25.87,2020-07-16,2659,67764.0,SANM,SANMINA CORP,3672.0
80105610,26.14,25.85,2020-07-17,3754,67764.0,SANM,SANMINA CORP,3672.0
80105610,26.13,25.87,2020-07-20,4128,67764.0,SANM,SANMINA CORP,3672.0
80105610,26.3,26.47,2020-07-21,3544,67764.0,SANM,SANMINA CORP,3672.0
80105610,26.26,26.4,2020-07-22,3848,67764.0,SANM,SANMINA CORP,3672.0
80105610,26.35,26.1,2020-07-23,4687,67764.0,SANM,SANMINA CORP,3672.0
80105610,25.4,26.25,2020-07-24,3063,67764.0,SANM,SANMINA CORP,3672.0
80105610,26.11,25.44,2020-07-27,3404,67764.0,SANM,SANMINA CORP,3672.0
80105610,25.22,25.85,2020-07-28,2805,67764.0,SANM,SANMINA CORP,3672.0
80105610,25.84,25.1,2020-07-29,4929,67764.0,SANM,SANMINA CORP,3672.0
80105610,29.81,29.98,2020-07-30,9516,67764.0,SANM,SANMINA CORP,3672.0
80105610,29.68,29.6,2020-07-31,6642,67764.0,SANM,SANMINA CORP,3672.0
80105610,29.82,30.0,2020-08-03,6338,67764.0,SANM,SANMINA CORP,3672.0
80105610,29.91,29.82,2020-08-04,5147,67764.0,SANM,SANMINA CORP,3672.0
80105610,29.79,29.96,2020-08-05,5841,67764.0,SANM,SANMINA CORP,3672.0
80105610,29.96,29.63,2020-08-06,6277,67764.0,SANM,SANMINA CORP,3672.0
80105610,30.0,29.68,2020-08-07,5495,67764.0,SANM,SANMINA CORP,3672.0
80105610,30.25,30.04,2020-08-10,5500,67764.0,SANM,SANMINA CORP,3672.0
80105610,29.84,30.49,2020-08-11,5677,67764.0,SANM,SANMINA CORP,3672.0
80105610,30.41,30.19,2020-08-12,5330,67764.0,SANM,SANMINA CORP,3672.0
80105610,29.87,30.19,2020-08-13,2802,67764.0,SANM,SANMINA CORP,3672.0
80105610,29.685,29.72,2020-08-14,4282,67764.0,SANM,SANMINA CORP,3672.0
80105610,29.19,30.0,2020-08-17,5490,67764.0,SANM,SANMINA CORP,3672.0
80105610,27.63,29.01,2020-08-18,7221,67764.0,SANM,SANMINA CORP,3672.0
80105610,27.73,27.52,2020-08-19,5562,67764.0,SANM,SANMINA CORP,3672.0
80105610,27.21,27.5,2020-08-20,4698,67764.0,SANM,SANMINA CORP,3672.0
80105610,27.22,27.11,2020-08-21,4972,67764.0,SANM,SANMINA CORP,3672.0
80105610,27.92,27.49,2020-08-24,5068,67764.0,SANM,SANMINA CORP,3672.0
80105610,28.16,28.03,2020-08-25,4887,67764.0,SANM,SANMINA CORP,3672.0
80105610,28.335,28.09,2020-08-26,4851,67764.0,SANM,SANMINA CORP,3672.0
80105610,28.09,28.48,2020-08-27,5529,67764.0,SANM,SANMINA CORP,3672.0
80105610,28.63,28.18,2020-08-28,4175,67764.0,SANM,SANMINA CORP,3672.0
80105610,28.3,28.57,2020-08-31,5062,67764.0,SANM,SANMINA CORP,3672.0
80105610,28.35,28.18,2020-09-01,5034,67764.0,SANM,SANMINA CORP,3672.0
80105610,29.26,28.5,2020-09-02,4823,67764.0,SANM,SANMINA CORP,3672.0
80105610,27.97,29.13,2020-09-03,6889,67764.0,SANM,SANMINA CORP,3672.0
80105610,27.59,28.33,2020-09-04,7356,67764.0,SANM,SANMINA CORP,3672.0
80105610,26.32,27.11,2020-09-08,8607,67764.0,SANM,SANMINA CORP,3672.0
80105610,26.74,26.48,2020-09-09,7821,67764.0,SANM,SANMINA CORP,3672.0
80105610,26.31,26.8,2020-09-10,6717,67764.0,SANM,SANMINA CORP,3672.0
80105610,26.42,26.47,2020-09-11,5462,67764.0,SANM,SANMINA CORP,3672.0
80105610,26.96,26.61,2020-09-14,5292,67764.0,SANM,SANMINA CORP,3672.0
80105610,27.11,27.08,2020-09-15,6750,67764.0,SANM,SANMINA CORP,3672.0
80105610,27.67,27.18,2020-09-16,8150,67764.0,SANM,SANMINA CORP,3672.0
80105610,27.75,27.12,2020-09-17,6704,67764.0,SANM,SANMINA CORP,3672.0
80105610,27.87,28.03,2020-09-18,7046,67764.0,SANM,SANMINA CORP,3672.0
80105610,26.61,27.25,2020-09-21,8307,67764.0,SANM,SANMINA CORP,3672.0
80105610,26.37,26.66,2020-09-22,6111,67764.0,SANM,SANMINA CORP,3672.0
80105610,25.54,26.37,2020-09-23,8674,67764.0,SANM,SANMINA CORP,3672.0
80105610,26.25,25.51,2020-09-24,9611,67764.0,SANM,SANMINA CORP,3672.0
80105610,25.79,26.01,2020-09-25,6686,67764.0,SANM,SANMINA CORP,3672.0
80105610,27.13,26.06,2020-09-28,6864,67764.0,SANM,SANMINA CORP,3672.0
80105610,27.16,27.06,2020-09-29,6756,67764.0,SANM,SANMINA CORP,3672.0
80105610,27.05,27.28,2020-09-30,4310,67764.0,SANM,SANMINA CORP,3672.0
80105610,26.94,27.13,2020-10-01,3852,67764.0,SANM,SANMINA CORP,3672.0
80105610,26.55,26.28,2020-10-02,4309,64999.0,SANM,SANMINA CORP,3672.0
80105610,27.12,26.85,2020-10-05,4386,64999.0,SANM,SANMINA CORP,3672.0
80105610,26.87,27.35,2020-10-06,4872,64999.0,SANM,SANMINA CORP,3672.0
80105610,27.33,27.13,2020-10-07,5220,64999.0,SANM,SANMINA CORP,3672.0
80105610,27.74,27.73,2020-10-08,2936,64999.0,SANM,SANMINA CORP,3672.0
80105610,27.77,28.04,2020-10-09,2679,64999.0,SANM,SANMINA CORP,3672.0
80105610,27.96,27.95,2020-10-12,3005,64999.0,SANM,SANMINA CORP,3672.0
80105610,27.16,27.67,2020-10-13,2808,64999.0,SANM,SANMINA CORP,3672.0
80105610,26.85,27.17,2020-10-14,3435,64999.0,SANM,SANMINA CORP,3672.0
80105610,27.33,26.56,2020-10-15,2846,64999.0,SANM,SANMINA CORP,3672.0
80105610,27.21,27.35,2020-10-16,3583,64999.0,SANM,SANMINA CORP,3672.0
80105610,26.84,27.41,2020-10-19,4598,64999.0,SANM,SANMINA CORP,3672.0
80105610,26.54,26.99,2020-10-20,3898,64999.0,SANM,SANMINA CORP,3672.0
80105610,26.08,26.69,2020-10-21,3155,64999.0,SANM,SANMINA CORP,3672.0
80105610,26.15,26.22,2020-10-22,3755,64999.0,SANM,SANMINA CORP,3672.0
80105610,26.43,26.27,2020-10-23,3168,64999.0,SANM,SANMINA CORP,3672.0
80105610,25.25,26.15,2020-10-26,4717,64999.0,SANM,SANMINA CORP,3672.0
80105610,25.16,25.22,2020-10-27,4420,64999.0,SANM,SANMINA CORP,3672.0
80105610,24.17,24.42,2020-10-28,6533,64999.0,SANM,SANMINA CORP,3672.0
80105610,24.55,24.01,2020-10-29,6276,64999.0,SANM,SANMINA CORP,3672.0
80105610,24.44,24.33,2020-10-30,5006,64999.0,SANM,SANMINA CORP,3672.0
80105610,24.88,24.85,2020-11-02,5233,64999.0,SANM,SANMINA CORP,3672.0
80105610,25.46,25.53,2020-11-03,4829,64999.0,SANM,SANMINA CORP,3672.0
80105610,25.11,25.07,2020-11-04,4438,64999.0,SANM,SANMINA CORP,3672.0
80105610,26.24,25.34,2020-11-05,3103,65066.0,SANM,SANMINA CORP,3672.0
80105610,26.7,26.34,2020-11-06,3425,65066.0,SANM,SANMINA CORP,3672.0
80105610,28.71,27.82,2020-11-09,7381,65066.0,SANM,SANMINA CORP,3672.0
80105610,29.75,28.65,2020-11-10,7549,65066.0,SANM,SANMINA CORP,3672.0
80105610,31.06,30.969,2020-11-11,8283,65066.0,SANM,SANMINA CORP,3672.0
80105610,30.84,30.79,2020-11-12,7629,65066.0,SANM,SANMINA CORP,3672.0
80105610,32.26,31.29,2020-11-13,4551,65066.0,SANM,SANMINA CORP,3672.0
80105610,32.93,32.86,2020-11-16,5818,65066.0,SANM,SANMINA CORP,3672.0
80105610,32.64,32.38,2020-11-17,6624,65066.0,SANM,SANMINA CORP,3672.0
80105610,31.96,32.71,2020-11-18,5989,65066.0,SANM,SANMINA CORP,3672.0
80105610,31.82,31.18,2020-11-19,6908,65066.0,SANM,SANMINA CORP,3672.0
80105610,31.7,31.59,2020-11-20,4757,65066.0,SANM,SANMINA CORP,3672.0
80105610,32.72,32.12,2020-11-23,4282,65066.0,SANM,SANMINA CORP,3672.0
80105610,33.65,33.22,2020-11-24,4944,65066.0,SANM,SANMINA CORP,3672.0
80105610,32.8,33.42,2020-11-25,4960,65066.0,SANM,SANMINA CORP,3672.0
80105610,32.57,32.75,2020-11-27,1899,65066.0,SANM,SANMINA CORP,3672.0
80105610,31.815,32.38,2020-11-30,4252,65066.0,SANM,SANMINA CORP,3672.0
80105610,32.31,32.38,2020-12-01,4255,65066.0,SANM,SANMINA CORP,3672.0
80105610,32.55,32.26,2020-12-02,4527,65066.0,SANM,SANMINA CORP,3672.0
80105610,32.26,32.47,2020-12-03,3643,65066.0,SANM,SANMINA CORP,3672.0
80105610,33.25,32.63,2020-12-04,3768,65066.0,SANM,SANMINA CORP,3672.0
80105610,33.02,33.36,2020-12-07,4321,65066.0,SANM,SANMINA CORP,3672.0
80105610,32.65,32.79,2020-12-08,4344,65066.0,SANM,SANMINA CORP,3672.0
80105610,32.66,32.9,2020-12-09,4370,65066.0,SANM,SANMINA CORP,3672.0
80105610,32.27,32.3,2020-12-10,4173,65066.0,SANM,SANMINA CORP,3672.0
80105610,32.13,31.89,2020-12-11,4338,65066.0,SANM,SANMINA CORP,3672.0
80105610,31.72,32.32,2020-12-14,6901,65066.0,SANM,SANMINA CORP,3672.0
80105610,32.6,32.19,2020-12-15,5102,65066.0,SANM,SANMINA CORP,3672.0
80105610,32.16,32.86,2020-12-16,4151,65066.0,SANM,SANMINA CORP,3672.0
80105610,32.79,32.52,2020-12-17,6734,65066.0,SANM,SANMINA CORP,3672.0
80105610,32.54,32.91,2020-12-18,7089,65066.0,SANM,SANMINA CORP,3672.0
80105610,31.96,31.97,2020-12-21,4708,65066.0,SANM,SANMINA CORP,3672.0
80105610,31.5,32.01,2020-12-22,5172,65066.0,SANM,SANMINA CORP,3672.0
80105610,31.88,31.84,2020-12-23,2792,65066.0,SANM,SANMINA CORP,3672.0
80105610,32.34,32.1,2020-12-24,1871,65066.0,SANM,SANMINA CORP,3672.0
80105610,32.31,32.67,2020-12-28,3614,65066.0,SANM,SANMINA CORP,3672.0
80105610,31.43,33.4793,2020-12-29,3592,65066.0,SANM,SANMINA CORP,3672.0
80105610,31.67,31.41,2020-12-30,2150,65066.0,SANM,SANMINA CORP,3672.0
80105610,31.89,31.66,2020-12-31,2729,64927.0,SANM,SANMINA CORP,3672.0
80105610,31.69,32.3,2021-01-04,3565,64927.0,SANM,SANMINA CORP,3672.0
80105610,32.58,31.64,2021-01-05,4194,64927.0,SANM,SANMINA CORP,3672.0
80105610,34.24,33.08,2021-01-06,5656,64927.0,SANM,SANMINA CORP,3672.0
80105610,34.87,34.43,2021-01-07,3824,64927.0,SANM,SANMINA CORP,3672.0
80105610,34.9,35.0,2021-01-08,5190,64927.0,SANM,SANMINA CORP,3672.0
80105610,35.09,34.42,2021-01-11,3408,64927.0,SANM,SANMINA CORP,3672.0
80105610,35.03,35.42,2021-01-12,3136,64927.0,SANM,SANMINA CORP,3672.0
80105610,34.24,34.91,2021-01-13,4168,64927.0,SANM,SANMINA CORP,3672.0
80105610,34.65,34.38,2021-01-14,3317,64927.0,SANM,SANMINA CORP,3672.0
80105610,34.26,34.15,2021-01-15,3162,64927.0,SANM,SANMINA CORP,3672.0
80105610,34.43,34.18,2021-01-19,4233,64927.0,SANM,SANMINA CORP,3672.0
80105610,34.6,34.76,2021-01-20,3291,64927.0,SANM,SANMINA CORP,3672.0
80105610,34.1,34.76,2021-01-21,2773,64927.0,SANM,SANMINA CORP,3672.0
80105610,34.4,33.77,2021-01-22,3372,64927.0,SANM,SANMINA CORP,3672.0
80105610,34.74,34.49,2021-01-25,4573,64927.0,SANM,SANMINA CORP,3672.0
80105610,33.44,34.89,2021-01-26,4659,64927.0,SANM,SANMINA CORP,3672.0
80105610,31.55,32.71,2021-01-27,6748,64927.0,SANM,SANMINA CORP,3672.0
80105610,31.98,31.77,2021-01-28,6025,64927.0,SANM,SANMINA CORP,3672.0
80105610,31.1,31.84,2021-01-29,7601,64927.0,SANM,SANMINA CORP,3672.0
80105610,32.37,31.19,2021-02-01,4592,64927.0,SANM,SANMINA CORP,3672.0
80105610,32.83,33.09,2021-02-02,5682,64927.0,SANM,SANMINA CORP,3672.0
80105610,33.05,33.5,2021-02-03,7975,64927.0,SANM,SANMINA CORP,3672.0
80105610,34.04,33.42,2021-02-04,7103,64927.0,SANM,SANMINA CORP,3672.0
80105610,34.32,35.08,2021-02-05,5030,64927.0,SANM,SANMINA CORP,3672.0
80105610,35.22,34.75,2021-02-08,4161,64927.0,SANM,SANMINA CORP,3672.0
80105610,35.17,35.04,2021-02-09,4484,64927.0,SANM,SANMINA CORP,3672.0
80105610,34.72,35.15,2021-02-10,3896,64927.0,SANM,SANMINA CORP,3672.0
80105610,35.18,34.92,2021-02-11,4027,64927.0,SANM,SANMINA CORP,3672.0
80105610,34.96,34.65,2021-02-12,5160,64927.0,SANM,SANMINA CORP,3672.0
80105610,35.07,34.96,2021-02-16,4185,64927.0,SANM,SANMINA CORP,3672.0
80105610,34.64,35.07,2021-02-17,4071,64927.0,SANM,SANMINA CORP,3672.0
80105610,34.87,34.94,2021-02-18,6232,64927.0,SANM,SANMINA CORP,3672.0
80105610,34.8,34.77,2021-02-19,5992,64927.0,SANM,SANMINA CORP,3672.0
80105610,35.02,34.62,2021-02-22,4885,64927.0,SANM,SANMINA CORP,3672.0
80105610,35.35,34.69,2021-02-23,6303,64927.0,SANM,SANMINA CORP,3672.0
80105610,35.87,35.67,2021-02-24,5268,64927.0,SANM,SANMINA CORP,3672.0
80105610,35.42,35.66,2021-02-25,5030,64927.0,SANM,SANMINA CORP,3672.0
80105610,35.62,35.5,2021-02-26,6220,64927.0,SANM,SANMINA CORP,3672.0
80105610,36.63,36.4,2021-03-01,5944,64927.0,SANM,SANMINA CORP,3672.0
80105610,36.47,36.72,2021-03-02,3781,64927.0,SANM,SANMINA CORP,3672.0
80105610,36.97,36.67,2021-03-03,4809,64927.0,SANM,SANMINA CORP,3672.0
80105610,37.26,36.91,2021-03-04,8357,64927.0,SANM,SANMINA CORP,3672.0
80105610,38.12,37.6,2021-03-05,8369,64927.0,SANM,SANMINA CORP,3672.0
80105610,38.78,38.26,2021-03-08,5341,64927.0,SANM,SANMINA CORP,3672.0
80105610,39.56,39.01,2021-03-09,5989,64927.0,SANM,SANMINA CORP,3672.0
80105610,39.5,39.88,2021-03-10,4471,64927.0,SANM,SANMINA CORP,3672.0
80105610,39.4,39.82,2021-03-11,4240,64927.0,SANM,SANMINA CORP,3672.0
80105610,39.96,39.29,2021-03-12,4690,64927.0,SANM,SANMINA CORP,3672.0
80105610,40.73,40.07,2021-03-15,3391,64927.0,SANM,SANMINA CORP,3672.0
80105610,41.37,40.78,2021-03-16,5382,64927.0,SANM,SANMINA CORP,3672.0
80105610,42.64,41.08,2021-03-17,6317,64927.0,SANM,SANMINA CORP,3672.0
80105610,41.67,42.48,2021-03-18,8039,64927.0,SANM,SANMINA CORP,3672.0
80105610,41.05,41.46,2021-03-19,4874,64927.0,SANM,SANMINA CORP,3672.0
80105610,41.01,41.23,2021-03-22,4423,64927.0,SANM,SANMINA CORP,3672.0
80105610,39.49,40.64,2021-03-23,6463,64927.0,SANM,SANMINA CORP,3672.0
80105610,40.0,39.92,2021-03-24,7284,64927.0,SANM,SANMINA CORP,3672.0
80105610,40.53,39.89,2021-03-25,5071,64927.0,SANM,SANMINA CORP,3672.0
80105610,42.05,40.97,2021-03-26,6888,64927.0,SANM,SANMINA CORP,3672.0
80105610,40.99,41.45,2021-03-29,5303,64927.0,SANM,SANMINA CORP,3672.0
80105610,41.35,40.83,2021-03-30,3389,64927.0,SANM,SANMINA CORP,3672.0
80105610,41.38,41.19,2021-03-31,3969,64927.0,SANM,SANMINA CORP,3672.0
80105610,42.15,41.52,2021-04-01,3576,65096.0,SANM,SANMINA CORP,3672.0
80105610,42.98,42.47,2021-04-05,3109,65096.0,SANM,SANMINA CORP,3672.0
80105610,42.11,43.05,2021-04-06,5384,65096.0,SANM,SANMINA CORP,3672.0
80105610,41.02,42.03,2021-04-07,6240,65096.0,SANM,SANMINA CORP,3672.0
80105610,41.42,41.25,2021-04-08,5031,65096.0,SANM,SANMINA CORP,3672.0
80105610,41.45,41.56,2021-04-09,2811,65096.0,SANM,SANMINA CORP,3672.0
80105610,41.39,41.62,2021-04-12,3361,65096.0,SANM,SANMINA CORP,3672.0
80105610,41.15,41.39,2021-04-13,5115,65096.0,SANM,SANMINA CORP,3672.0
80105610,41.31,41.03,2021-04-14,4624,65096.0,SANM,SANMINA CORP,3672.0
80105610,41.61,41.46,2021-04-15,2246,65096.0,SANM,SANMINA CORP,3672.0
80105610,41.69,41.67,2021-04-16,5899,65096.0,SANM,SANMINA CORP,3672.0
80105610,41.61,41.95,2021-04-19,5147,65096.0,SANM,SANMINA CORP,3672.0
80105610,41.24,41.64,2021-04-20,9123,65096.0,SANM,SANMINA CORP,3672.0
80105610,41.91,41.25,2021-04-21,3694,65096.0,SANM,SANMINA CORP,3672.0
80105610,41.3,41.86,2021-04-22,3749,65096.0,SANM,SANMINA CORP,3672.0
80105610,41.71,41.43,2021-04-23,4344,65096.0,SANM,SANMINA CORP,3672.0
80105610,41.72,41.9,2021-04-26,6368,65096.0,SANM,SANMINA CORP,3672.0
80105610,41.54,41.72,2021-04-27,4829,65096.0,SANM,SANMINA CORP,3672.0
80105610,41.44,41.83,2021-04-28,4734,65096.0,SANM,SANMINA CORP,3672.0
80105610,41.56,41.96,2021-04-29,4234,65096.0,SANM,SANMINA CORP,3672.0
80105610,40.84,41.35,2021-04-30,5141,65096.0,SANM,SANMINA CORP,3672.0
80105610,41.12,41.21,2021-05-03,4815,65096.0,SANM,SANMINA CORP,3672.0
80105610,40.27,40.43,2021-05-04,7805,65096.0,SANM,SANMINA CORP,3672.0
80105610,41.27,40.67,2021-05-05,6247,65096.0,SANM,SANMINA CORP,3672.0
80105610,41.64,41.37,2021-05-06,5621,65096.0,SANM,SANMINA CORP,3672.0
80105610,42.0,41.68,2021-05-07,4009,65096.0,SANM,SANMINA CORP,3672.0
80105610,41.35,42.02,2021-05-10,4257,65096.0,SANM,SANMINA CORP,3672.0
80105610,41.2,40.68,2021-05-11,4042,65096.0,SANM,SANMINA CORP,3672.0
80105610,39.95,40.72,2021-05-12,4502,65096.0,SANM,SANMINA CORP,3672.0
80105610,41.47,40.2,2021-05-13,4756,65096.0,SANM,SANMINA CORP,3672.0
80105610,42.35,41.84,2021-05-14,3762,65096.0,SANM,SANMINA CORP,3672.0
80105610,42.26,42.06,2021-05-17,3598,65096.0,SANM,SANMINA CORP,3672.0
80105610,41.88,42.43,2021-05-18,4947,65096.0,SANM,SANMINA CORP,3672.0
80105610,42.19,41.31,2021-05-19,4018,65096.0,SANM,SANMINA CORP,3672.0
80105610,42.24,42.06,2021-05-20,4173,65096.0,SANM,SANMINA CORP,3672.0
80105610,42.16,42.62,2021-05-21,3950,65096.0,SANM,SANMINA CORP,3672.0
80105610,42.58,42.44,2021-05-24,4037,65096.0,SANM,SANMINA CORP,3672.0
80105610,41.97,42.84,2021-05-25,4122,65096.0,SANM,SANMINA CORP,3672.0
80105610,42.0,41.92,2021-05-26,4227,65096.0,SANM,SANMINA CORP,3672.0
80105610,42.4,42.32,2021-05-27,2927,65096.0,SANM,SANMINA CORP,3672.0
80105610,42.11,42.61,2021-05-28,4480,65096.0,SANM,SANMINA CORP,3672.0
80105610,42.28,42.44,2021-06-01,4256,65096.0,SANM,SANMINA CORP,3672.0
80105610,42.33,42.5,2021-06-02,5443,65096.0,SANM,SANMINA CORP,3672.0
80105610,42.04,42.1,2021-06-03,6002,65096.0,SANM,SANMINA CORP,3672.0
80105610,42.51,42.25,2021-06-04,3359,65096.0,SANM,SANMINA CORP,3672.0
80105610,42.58,42.7,2021-06-07,4352,65096.0,SANM,SANMINA CORP,3672.0
80105610,42.02,42.64,2021-06-08,6057,65096.0,SANM,SANMINA CORP,3672.0
80105610,41.79,41.97,2021-06-09,4328,65096.0,SANM,SANMINA CORP,3672.0
80105610,41.76,42.01,2021-06-10,3919,65096.0,SANM,SANMINA CORP,3672.0
80105610,42.02,41.99,2021-06-11,2885,65096.0,SANM,SANMINA CORP,3672.0
80105610,40.91,42.01,2021-06-14,4997,65096.0,SANM,SANMINA CORP,3672.0
80105610,40.41,40.9,2021-06-15,3501,65096.0,SANM,SANMINA CORP,3672.0
80105610,40.12,40.35,2021-06-16,4943,65096.0,SANM,SANMINA CORP,3672.0
80105610,40.16,40.01,2021-06-17,6864,65096.0,SANM,SANMINA CORP,3672.0
80105610,38.98,39.31,2021-06-18,9490,65096.0,SANM,SANMINA CORP,3672.0
80105610,38.84,39.58,2021-06-21,5653,65096.0,SANM,SANMINA CORP,3672.0
80105610,38.26,39.02,2021-06-22,5529,65096.0,SANM,SANMINA CORP,3672.0
80105610,38.39,38.26,2021-06-23,4222,65096.0,SANM,SANMINA CORP,3672.0
80105610,39.11,38.7,2021-06-24,3860,65096.0,SANM,SANMINA CORP,3672.0
80105610,38.75,39.1,2021-06-25,4538,65096.0,SANM,SANMINA CORP,3672.0
80105610,39.01,38.86,2021-06-28,4656,65096.0,SANM,SANMINA CORP,3672.0
80105610,38.91,38.9,2021-06-29,2389,65096.0,SANM,SANMINA CORP,3672.0
80105610,38.96,38.84,2021-06-30,2944,65096.0,SANM,SANMINA CORP,3672.0
80105610,39.02,39.06,2021-07-01,5167,65096.0,SANM,SANMINA CORP,3672.0
80105610,38.72,39.1,2021-07-02,3855,65095.0,SANM,SANMINA CORP,3672.0
80105610,38.16,38.66,2021-07-06,4962,65095.0,SANM,SANMINA CORP,3672.0
80105610,38.01,38.16,2021-07-07,5269,65095.0,SANM,SANMINA CORP,3672.0
80105610,37.53,37.38,2021-07-08,4841,65095.0,SANM,SANMINA CORP,3672.0
80105610,38.5,37.86,2021-07-09,3384,65095.0,SANM,SANMINA CORP,3672.0
80105610,38.44,38.32,2021-07-12,2579,65095.0,SANM,SANMINA CORP,3672.0
80105610,38.26,38.18,2021-07-13,4106,65095.0,SANM,SANMINA CORP,3672.0
80105610,38.35,38.52,2021-07-14,4918,65095.0,SANM,SANMINA CORP,3672.0
80105610,38.09,38.22,2021-07-15,3702,65095.0,SANM,SANMINA CORP,3672.0
80105610,37.09,38.28,2021-07-16,2659,65095.0,SANM,SANMINA CORP,3672.0
80105610,36.26,36.55,2021-07-19,4736,65095.0,SANM,SANMINA CORP,3672.0
80105610,36.86,36.46,2021-07-20,4778,65095.0,SANM,SANMINA CORP,3672.0
80105610,37.9,37.08,2021-07-21,4287,65095.0,SANM,SANMINA CORP,3672.0
80105610,36.48,37.73,2021-07-22,3107,65095.0,SANM,SANMINA CORP,3672.0
80105610,36.8,36.69,2021-07-23,3088,65095.0,SANM,SANMINA CORP,3672.0
80105610,37.1,37.15,2021-07-26,3087,65095.0,SANM,SANMINA CORP,3672.0
80105610,36.88,36.85,2021-07-27,2724,65095.0,SANM,SANMINA CORP,3672.0
80105610,37.64,37.09,2021-07-28,3565,65095.0,SANM,SANMINA CORP,3672.0
80105610,38.05,37.76,2021-07-29,3434,65095.0,SANM,SANMINA CORP,3672.0
80105610,38.42,37.94,2021-07-30,2385,65095.0,SANM,SANMINA CORP,3672.0
80105610,38.1,38.48,2021-08-02,4982,65095.0,SANM,SANMINA CORP,3672.0
80105610,38.17,37.89,2021-08-03,5760,65095.0,SANM,SANMINA CORP,3672.0
80105610,37.96,37.87,2021-08-04,3894,65095.0,SANM,SANMINA CORP,3672.0
80105610,38.23,38.13,2021-08-05,3357,65095.0,SANM,SANMINA CORP,3672.0
80105610,38.57,38.38,2021-08-06,2461,65095.0,SANM,SANMINA CORP,3672.0
80105610,38.29,38.48,2021-08-09,3004,65095.0,SANM,SANMINA CORP,3672.0
80105610,38.26,38.41,2021-08-10,2002,65095.0,SANM,SANMINA CORP,3672.0
80105610,38.56,38.62,2021-08-11,2866,65095.0,SANM,SANMINA CORP,3672.0
80105610,38.65,38.36,2021-08-12,2921,65095.0,SANM,SANMINA CORP,3672.0
80105610,38.48,38.53,2021-08-13,2381,65095.0,SANM,SANMINA CORP,3672.0
80105610,38.17,38.23,2021-08-16,2533,65095.0,SANM,SANMINA CORP,3672.0
80105610,37.88,37.83,2021-08-17,4284,65095.0,SANM,SANMINA CORP,3672.0
80105610,37.62,37.79,2021-08-18,4713,65095.0,SANM,SANMINA CORP,3672.0
80105610,36.72,37.27,2021-08-19,5128,65095.0,SANM,SANMINA CORP,3672.0
80105610,37.15,36.56,2021-08-20,3604,65095.0,SANM,SANMINA CORP,3672.0
80105610,37.41,37.39,2021-08-23,5645,65095.0,SANM,SANMINA CORP,3672.0
80105610,37.79,37.46,2021-08-24,3211,65095.0,SANM,SANMINA CORP,3672.0
80105610,38.09,37.88,2021-08-25,2411,65095.0,SANM,SANMINA CORP,3672.0
80105610,38.09,38.12,2021-08-26,2855,65095.0,SANM,SANMINA CORP,3672.0
80105610,39.87,38.06,2021-08-27,4655,65095.0,SANM,SANMINA CORP,3672.0
80105610,39.83,40.0,2021-08-30,3273,65095.0,SANM,SANMINA CORP,3672.0
80105610,39.48,39.74,2021-08-31,4215,65095.0,SANM,SANMINA CORP,3672.0
80105610,39.44,39.51,2021-09-01,3679,65095.0,SANM,SANMINA CORP,3672.0
80105610,39.5,39.47,2021-09-02,2741,65095.0,SANM,SANMINA CORP,3672.0
80105610,39.33,39.52,2021-09-03,3108,65095.0,SANM,SANMINA CORP,3672.0
80105610,39.58,39.44,2021-09-07,4676,65095.0,SANM,SANMINA CORP,3672.0
80105610,39.02,39.55,2021-09-08,4924,65095.0,SANM,SANMINA CORP,3672.0
80105610,39.06,38.92,2021-09-09,4492,65095.0,SANM,SANMINA CORP,3672.0
80105610,39.31,39.19,2021-09-10,4533,65095.0,SANM,SANMINA CORP,3672.0
80105610,39.8,39.62,2021-09-13,5370,65095.0,SANM,SANMINA CORP,3672.0
80105610,39.76,39.98,2021-09-14,5269,65095.0,SANM,SANMINA CORP,3672.0
80105610,39.79,39.94,2021-09-15,5405,65095.0,SANM,SANMINA CORP,3672.0
80105610,39.8,39.85,2021-09-16,4559,65095.0,SANM,SANMINA CORP,3672.0
80105610,38.46,39.64,2021-09-17,7862,65095.0,SANM,SANMINA CORP,3672.0
80105610,37.62,37.74,2021-09-20,5779,65095.0,SANM,SANMINA CORP,3672.0
80105610,37.29,37.97,2021-09-21,4586,65095.0,SANM,SANMINA CORP,3672.0
80105610,38.41,37.62,2021-09-22,4136,65095.0,SANM,SANMINA CORP,3672.0
80105610,39.03,38.52,2021-09-23,3455,65095.0,SANM,SANMINA CORP,3672.0
80105610,39.28,38.95,2021-09-24,2510,65095.0,SANM,SANMINA CORP,3672.0
80105610,39.7,39.26,2021-09-27,3172,65095.0,SANM,SANMINA CORP,3672.0
80105610,39.57,39.62,2021-09-28,4774,65095.0,SANM,SANMINA CORP,3672.0
80105610,39.09,39.57,2021-09-29,3889,65095.0,SANM,SANMINA CORP,3672.0
80105610,38.54,39.31,2021-09-30,3763,65095.0,SANM,SANMINA CORP,3672.0
80105610,39.18,38.64,2021-10-01,3500,64307.0,SANM,SANMINA CORP,3672.0
80105610,38.9,39.05,2021-10-04,3348,64307.0,SANM,SANMINA CORP,3672.0
80105610,39.6,38.88,2021-10-05,2669,64307.0,SANM,SANMINA CORP,3672.0
80105610,39.42,39.19,2021-10-06,3577,64307.0,SANM,SANMINA CORP,3672.0
80105610,39.84,39.81,2021-10-07,3398,64307.0,SANM,SANMINA CORP,3672.0
80105610,39.51,39.88,2021-10-08,2366,64307.0,SANM,SANMINA CORP,3672.0
80105610,39.38,39.52,2021-10-11,3107,64307.0,SANM,SANMINA CORP,3672.0
80105610,39.03,39.31,2021-10-12,4394,64307.0,SANM,SANMINA CORP,3672.0
80105610,38.57,38.98,2021-10-13,2096,64307.0,SANM,SANMINA CORP,3672.0
80105610,39.55,39.07,2021-10-14,2736,64307.0,SANM,SANMINA CORP,3672.0
80105610,39.52,40.19,2021-10-15,3242,64307.0,SANM,SANMINA CORP,3672.0
80105610,39.27,39.19,2021-10-18,2951,64307.0,SANM,SANMINA CORP,3672.0
80105610,38.65,39.48,2021-10-19,4271,64307.0,SANM,SANMINA CORP,3672.0
80105610,38.3,38.79,2021-10-20,4355,64307.0,SANM,SANMINA CORP,3672.0
80105610,38.81,38.23,2021-10-21,3597,64307.0,SANM,SANMINA CORP,3672.0
80105610,37.94,38.75,2021-10-22,2348,64307.0,SANM,SANMINA CORP,3672.0
80105610,38.84,38.16,2021-10-25,3182,64307.0,SANM,SANMINA CORP,3672.0
80105610,38.6,38.98,2021-10-26,3873,64307.0,SANM,SANMINA CORP,3672.0
80105610,37.82,38.41,2021-10-27,2702,64307.0,SANM,SANMINA CORP,3672.0
80105610,37.65,37.68,2021-10-28,4996,64307.0,SANM,SANMINA CORP,3672.0
80105610,37.75,37.62,2021-10-29,4599,64307.0,SANM,SANMINA CORP,3672.0
80105610,38.84,37.74,2021-11-01,3704,64307.0,SANM,SANMINA CORP,3672.0
80105610,39.56,38.83,2021-11-02,4893,64307.0,SANM,SANMINA CORP,3672.0
80105610,41.92,39.6,2021-11-03,5712,64307.0,SANM,SANMINA CORP,3672.0
80105610,41.59,42.0,2021-11-04,4304,64377.0,SANM,SANMINA CORP,3672.0
80105610,43.19,41.775,2021-11-05,5345,64377.0,SANM,SANMINA CORP,3672.0
80105610,42.91,43.32,2021-11-08,5597,64377.0,SANM,SANMINA CORP,3672.0
80105610,39.64,40.4,2021-11-09,10836,64377.0,SANM,SANMINA CORP,3672.0
80105610,39.73,39.47,2021-11-10,7379,64377.0,SANM,SANMINA CORP,3672.0
80105610,39.95,39.77,2021-11-11,5293,64377.0,SANM,SANMINA CORP,3672.0
80105610,40.13,39.95,2021-11-12,5626,64377.0,SANM,SANMINA CORP,3672.0
80105610,40.37,40.41,2021-11-15,6406,64377.0,SANM,SANMINA CORP,3672.0
80105610,39.6,40.24,2021-11-16,6076,64377.0,SANM,SANMINA CORP,3672.0
80105610,39.72,39.46,2021-11-17,4600,64377.0,SANM,SANMINA CORP,3672.0
80105610,39.18,39.76,2021-11-18,5104,64377.0,SANM,SANMINA CORP,3672.0
80105610,38.68,38.95,2021-11-19,6104,64377.0,SANM,SANMINA CORP,3672.0
80105610,39.11,38.97,2021-11-22,6263,64377.0,SANM,SANMINA CORP,3672.0
80105610,39.26,39.04,2021-11-23,4191,64377.0,SANM,SANMINA CORP,3672.0
80105610,38.98,38.88,2021-11-24,4223,64377.0,SANM,SANMINA CORP,3672.0
80105610,37.48,37.88,2021-11-26,3879,64377.0,SANM,SANMINA CORP,3672.0
80105610,37.54,38.0,2021-11-29,5346,64377.0,SANM,SANMINA CORP,3672.0
80105610,36.54,37.2,2021-11-30,6281,64377.0,SANM,SANMINA CORP,3672.0
80105610,36.98,37.15,2021-12-01,8572,64377.0,SANM,SANMINA CORP,3672.0
80105610,37.93,37.11,2021-12-02,4751,64377.0,SANM,SANMINA CORP,3672.0
80105610,37.71,37.94,2021-12-03,5981,64377.0,SANM,SANMINA CORP,3672.0
80105610,38.42,38.07,2021-12-06,8018,64377.0,SANM,SANMINA CORP,3672.0
80105610,39.08,38.11,2021-12-07,8301,64377.0,SANM,SANMINA CORP,3672.0
80105610,38.7,39.09,2021-12-08,5552,64377.0,SANM,SANMINA CORP,3672.0
80105610,38.53,38.29,2021-12-09,5904,64377.0,SANM,SANMINA CORP,3672.0
80105610,38.73,39.06,2021-12-10,4336,64377.0,SANM,SANMINA CORP,3672.0
80105610,38.78,38.67,2021-12-13,4961,64377.0,SANM,SANMINA CORP,3672.0
80105610,38.36,38.58,2021-12-14,6569,64377.0,SANM,SANMINA CORP,3672.0
80105610,38.65,38.48,2021-12-15,6337,64377.0,SANM,SANMINA CORP,3672.0
80105610,39.12,39.01,2021-12-16,7134,64377.0,SANM,SANMINA CORP,3672.0
80105610,38.54,39.1,2021-12-17,6934,64377.0,SANM,SANMINA CORP,3672.0
80105610,38.08,37.96,2021-12-20,7455,64377.0,SANM,SANMINA CORP,3672.0
80105610,39.55,38.36,2021-12-21,6586,64377.0,SANM,SANMINA CORP,3672.0
80105610,40.01,39.54,2021-12-22,6869,64377.0,SANM,SANMINA CORP,3672.0
80105610,40.59,40.31,2021-12-23,5055,64377.0,SANM,SANMINA CORP,3672.0
80105610,41.52,40.63,2021-12-27,6845,64377.0,SANM,SANMINA CORP,3672.0
80105610,41.61,41.64,2021-12-28,6073,64377.0,SANM,SANMINA CORP,3672.0
80105610,42.06,41.61,2021-12-29,5301,64377.0,SANM,SANMINA CORP,3672.0
80105610,41.6,42.15,2021-12-30,4579,64377.0,SANM,SANMINA CORP,3672.0
80105610,41.46,41.66,2021-12-31,3964,63556.0,SANM,SANMINA CORP,3672.0
80105610,42.03,41.13,2022-01-03,4518,63556.0,SANM,SANMINA CORP,3672.0
80105610,42.49,42.3,2022-01-04,6064,63556.0,SANM,SANMINA CORP,3672.0
80105610,41.82,42.49,2022-01-05,5744,63556.0,SANM,SANMINA CORP,3672.0
80105610,41.76,41.9,2022-01-06,5564,63556.0,SANM,SANMINA CORP,3672.0
80105610,40.79,41.81,2022-01-07,4397,63556.0,SANM,SANMINA CORP,3672.0
80105610,40.54,40.81,2022-01-10,4278,63556.0,SANM,SANMINA CORP,3672.0
80105610,40.24,40.56,2022-01-11,7752,63556.0,SANM,SANMINA CORP,3672.0
80105610,40.3,39.92,2022-01-12,6477,63556.0,SANM,SANMINA CORP,3672.0
80105610,40.09,40.6,2022-01-13,5374,63556.0,SANM,SANMINA CORP,3672.0
80105610,40.76,39.61,2022-01-14,5216,63556.0,SANM,SANMINA CORP,3672.0
80105610,39.39,40.21,2022-01-18,6137,63556.0,SANM,SANMINA CORP,3672.0
80105610,38.44,39.34,2022-01-19,7290,63556.0,SANM,SANMINA CORP,3672.0
80105610,37.81,38.58,2022-01-20,7157,63556.0,SANM,SANMINA CORP,3672.0
80105610,37.36,37.65,2022-01-21,7811,63556.0,SANM,SANMINA CORP,3672.0
80105610,37.22,36.92,2022-01-24,10742,63556.0,SANM,SANMINA CORP,3672.0
80105610,36.15,36.71,2022-01-25,10221,63556.0,SANM,SANMINA CORP,3672.0
80105610,36.05,36.74,2022-01-26,7837,63556.0,SANM,SANMINA CORP,3672.0
80105610,35.82,36.47,2022-01-27,8044,63556.0,SANM,SANMINA CORP,3672.0
80105610,36.51,35.79,2022-01-28,8785,63556.0,SANM,SANMINA CORP,3672.0
80105610,37.82,36.8,2022-01-31,10447,63556.0,SANM,SANMINA CORP,3672.0
80105610,40.03,40.82,2022-02-01,13163,63556.0,SANM,SANMINA CORP,3672.0
80105610,40.08,39.1925,2022-02-02,11401,63556.0,SANM,SANMINA CORP,3672.0
80105610,40.3,40.01,2022-02-03,7861,63556.0,SANM,SANMINA CORP,3672.0
80105610,39.07,40.06,2022-02-04,6963,63556.0,SANM,SANMINA CORP,3672.0
80105610,38.17,38.95,2022-02-07,6541,63556.0,SANM,SANMINA CORP,3672.0
80105610,38.38,38.45,2022-02-08,5764,63556.0,SANM,SANMINA CORP,3672.0
80105610,39.22,38.66,2022-02-09,6959,63556.0,SANM,SANMINA CORP,3672.0
80105610,38.84,38.77,2022-02-10,8118,63556.0,SANM,SANMINA CORP,3672.0
80105610,38.5,38.72,2022-02-11,8537,63556.0,SANM,SANMINA CORP,3672.0
80105610,39.41,38.48,2022-02-14,9551,63556.0,SANM,SANMINA CORP,3672.0
80105610,40.27,39.57,2022-02-15,7828,63556.0,SANM,SANMINA CORP,3672.0
80105610,40.52,40.22,2022-02-16,4934,63556.0,SANM,SANMINA CORP,3672.0
80105610,40.03,40.07,2022-02-17,7087,63556.0,SANM,SANMINA CORP,3672.0
80105610,39.95,39.84,2022-02-18,6203,63556.0,SANM,SANMINA CORP,3672.0
80105610,39.55,39.81,2022-02-22,6686,63556.0,SANM,SANMINA CORP,3672.0
80105610,38.07,39.7,2022-02-23,11550,63556.0,SANM,SANMINA CORP,3672.0
80105610,38.52,37.03,2022-02-24,10379,63556.0,SANM,SANMINA CORP,3672.0
80105610,39.66,38.56,2022-02-25,6480,63556.0,SANM,SANMINA CORP,3672.0
80105610,39.78,39.15,2022-02-28,7315,63556.0,SANM,SANMINA CORP,3672.0
80105610,39.34,39.58,2022-03-01,10949,63556.0,SANM,SANMINA CORP,3672.0
80105610,40.3,39.54,2022-03-02,7442,63556.0,SANM,SANMINA CORP,3672.0
80105610,40.43,40.43,2022-03-03,5513,63556.0,SANM,SANMINA CORP,3672.0
80105610,39.88,39.8,2022-03-04,7620,63556.0,SANM,SANMINA CORP,3672.0
80105610,39.06,39.73,2022-03-07,9978,63556.0,SANM,SANMINA CORP,3672.0
80105610,38.98,39.1,2022-03-08,8854,63556.0,SANM,SANMINA CORP,3672.0
80105610,40.01,39.78,2022-03-09,5969,63556.0,SANM,SANMINA CORP,3672.0
80105610,40.03,39.43,2022-03-10,10918,63556.0,SANM,SANMINA CORP,3672.0
80105610,39.93,40.12,2022-03-11,6949,63556.0,SANM,SANMINA CORP,3672.0
80105610,39.69,40.05,2022-03-14,5943,63556.0,SANM,SANMINA CORP,3672.0
80105610,40.0,39.94,2022-03-15,9086,63556.0,SANM,SANMINA CORP,3672.0
80105610,41.31,40.32,2022-03-16,7947,63556.0,SANM,SANMINA CORP,3672.0
80105610,41.64,40.94,2022-03-17,5497,63556.0,SANM,SANMINA CORP,3672.0
80105610,41.94,41.68,2022-03-18,6664,63556.0,SANM,SANMINA CORP,3672.0
80105610,42.75,42.31,2022-03-21,8376,63556.0,SANM,SANMINA CORP,3672.0
80105610,41.89,42.82,2022-03-22,8430,63556.0,SANM,SANMINA CORP,3672.0
80105610,41.38,41.79,2022-03-23,6107,63556.0,SANM,SANMINA CORP,3672.0
80105610,41.68,41.41,2022-03-24,4557,63556.0,SANM,SANMINA CORP,3672.0
80105610,41.95,41.67,2022-03-25,4477,63556.0,SANM,SANMINA CORP,3672.0
80105610,41.25,41.93,2022-03-28,6082,63556.0,SANM,SANMINA CORP,3672.0
80105610,41.66,41.35,2022-03-29,5791,63556.0,SANM,SANMINA CORP,3672.0
80105610,40.61,41.54,2022-03-30,4578,63556.0,SANM,SANMINA CORP,3672.0
80105610,40.42,40.54,2022-03-31,4588,63556.0,SANM,SANMINA CORP,3672.0
80105610,40.81,40.56,2022-04-01,6579,60844.0,SANM,SANMINA CORP,3672.0
80105610,40.41,41.02,2022-04-04,4349,60844.0,SANM,SANMINA CORP,3672.0
80105610,39.48,40.15,2022-04-05,7069,60844.0,SANM,SANMINA CORP,3672.0
80105610,38.58,39.31,2022-04-06,7291,60844.0,SANM,SANMINA CORP,3672.0
80105610,38.5,38.61,2022-04-07,7353,60844.0,SANM,SANMINA CORP,3672.0
80105610,38.37,38.54,2022-04-08,6666,60844.0,SANM,SANMINA CORP,3672.0
80105610,38.2,38.22,2022-04-11,6610,60844.0,SANM,SANMINA CORP,3672.0
80105610,38.82,38.28,2022-04-12,6950,60844.0,SANM,SANMINA CORP,3672.0
80105610,39.59,39.21,2022-04-13,7124,60844.0,SANM,SANMINA CORP,3672.0
80105610,39.2,39.71,2022-04-14,5410,60844.0,SANM,SANMINA CORP,3672.0
80105610,39.59,39.07,2022-04-18,5182,60844.0,SANM,SANMINA CORP,3672.0
80105610,40.35,39.79,2022-04-19,4716,60844.0,SANM,SANMINA CORP,3672.0
80105610,40.83,40.61,2022-04-20,3546,60844.0,SANM,SANMINA CORP,3672.0
80105610,40.47,41.2,2022-04-21,4951,60844.0,SANM,SANMINA CORP,3672.0
80105610,39.63,40.28,2022-04-22,5049,60844.0,SANM,SANMINA CORP,3672.0
80105610,40.19,39.32,2022-04-25,6239,60844.0,SANM,SANMINA CORP,3672.0
80105610,39.68,39.86,2022-04-26,6352,60844.0,SANM,SANMINA CORP,3672.0
80105610,39.94,39.66,2022-04-27,7809,60844.0,SANM,SANMINA CORP,3672.0
80105610,41.64,40.15,2022-04-28,5741,60844.0,SANM,SANMINA CORP,3672.0
80105610,40.89,41.48,2022-04-29,6867,60844.0,SANM,SANMINA CORP,3672.0
80105610,40.96,40.81,2022-05-02,7253,60844.0,SANM,SANMINA CORP,3672.0
80105610,43.25,42.56,2022-05-03,14683,60844.0,SANM,SANMINA CORP,3672.0
80105610,43.23,43.59,2022-05-04,11327,60844.0,SANM,SANMINA CORP,3672.0
80105610,41.47,43.05,2022-05-05,10189,60844.0,SANM,SANMINA CORP,3672.0
80105610,40.79,41.18,2022-05-06,8440,60844.0,SANM,SANMINA CORP,3672.0
80105610,40.45,40.34,2022-05-09,8187,60844.0,SANM,SANMINA CORP,3672.0
80105610,39.9,40.71,2022-05-10,22580,60844.0,SANM,SANMINA CORP,3672.0
80105610,39.49,40.04,2022-05-11,15778,60844.0,SANM,SANMINA CORP,3672.0
80105610,38.84,39.52,2022-05-12,15300,60844.0,SANM,SANMINA CORP,3672.0
80105610,40.36,39.17,2022-05-13,12265,60844.0,SANM,SANMINA CORP,3672.0
80105610,40.71,40.33,2022-05-16,10392,60844.0,SANM,SANMINA CORP,3672.0
80105610,43.57,41.43,2022-05-17,9741,60844.0,SANM,SANMINA CORP,3672.0
80105610,43.5,43.48,2022-05-18,13060,60844.0,SANM,SANMINA CORP,3672.0
80105610,42.8,42.95,2022-05-19,10941,60844.0,SANM,SANMINA CORP,3672.0
80105610,41.18,43.11,2022-05-20,10575,60844.0,SANM,SANMINA CORP,3672.0
80105610,41.86,41.7,2022-05-23,11109,60844.0,SANM,SANMINA CORP,3672.0
80105610,41.53,41.5,2022-05-24,10016,60844.0,SANM,SANMINA CORP,3672.0
80105610,42.12,41.44,2022-05-25,8592,60844.0,SANM,SANMINA CORP,3672.0
80105610,42.95,42.17,2022-05-26,7331,60844.0,SANM,SANMINA CORP,3672.0
80105610,43.91,43.14,2022-05-27,8651,60844.0,SANM,SANMINA CORP,3672.0
80105610,43.89,43.78,2022-05-31,6964,60844.0,SANM,SANMINA CORP,3672.0
80105610,43.7,44.07,2022-06-01,8683,60844.0,SANM,SANMINA CORP,3672.0
80105610,43.95,43.59,2022-06-02,6242,60844.0,SANM,SANMINA CORP,3672.0
80105610,44.71,43.89,2022-06-03,9793,60844.0,SANM,SANMINA CORP,3672.0
80105610,45.2,45.0,2022-06-06,11058,60844.0,SANM,SANMINA CORP,3672.0
80105610,45.44,44.78,2022-06-07,7052,60844.0,SANM,SANMINA CORP,3672.0
80105610,44.47,45.15,2022-06-08,6873,60844.0,SANM,SANMINA CORP,3672.0
80105610,43.96,44.42,2022-06-09,7420,60844.0,SANM,SANMINA CORP,3672.0
80105610,43.21,43.2,2022-06-10,8429,60844.0,SANM,SANMINA CORP,3672.0
80105610,41.52,42.3,2022-06-13,11891,60844.0,SANM,SANMINA CORP,3672.0
80105610,42.66,41.6,2022-06-14,12185,60844.0,SANM,SANMINA CORP,3672.0
80105610,43.22,42.99,2022-06-15,12648,60844.0,SANM,SANMINA CORP,3672.0
80105610,39.19,42.17,2022-06-16,16626,60844.0,SANM,SANMINA CORP,3672.0
80105610,39.46,39.52,2022-06-17,15217,60844.0,SANM,SANMINA CORP,3672.0
80105610,40.03,39.95,2022-06-21,10332,60844.0,SANM,SANMINA CORP,3672.0
80105610,40.2,39.61,2022-06-22,7426,60844.0,SANM,SANMINA CORP,3672.0
80105610,40.61,40.55,2022-06-23,11518,60844.0,SANM,SANMINA CORP,3672.0
80105610,42.38,41.09,2022-06-24,10585,60844.0,SANM,SANMINA CORP,3672.0
80105610,43.18,42.52,2022-06-27,8340,60844.0,SANM,SANMINA CORP,3672.0
80105610,41.6,43.44,2022-06-28,7875,60844.0,SANM,SANMINA CORP,3672.0
80105610,41.04,41.54,2022-06-29,6148,60844.0,SANM,SANMINA CORP,3672.0
80105610,40.73,40.48,2022-06-30,7320,60844.0,SANM,SANMINA CORP,3672.0
80105610,40.66,40.43,2022-07-01,7779,57790.0,SANM,SANMINA CORP,3672.0
80105610,40.3,40.1,2022-07-05,7404,57790.0,SANM,SANMINA CORP,3672.0
80105610,40.13,40.16,2022-07-06,6408,57790.0,SANM,SANMINA CORP,3672.0
80105610,40.4,40.63,2022-07-07,7837,57790.0,SANM,SANMINA CORP,3672.0
80105610,40.9,40.47,2022-07-08,4779,57790.0,SANM,SANMINA CORP,3672.0
80105610,40.9,40.69,2022-07-11,4979,57790.0,SANM,SANMINA CORP,3672.0
80105610,41.07,40.88,2022-07-12,6112,57790.0,SANM,SANMINA CORP,3672.0
80105610,41.28,40.71,2022-07-13,5851,57790.0,SANM,SANMINA CORP,3672.0
80105610,41.06,40.75,2022-07-14,4708,57790.0,SANM,SANMINA CORP,3672.0
80105610,42.13,41.58,2022-07-15,5454,57790.0,SANM,SANMINA CORP,3672.0
80105610,41.59,42.59,2022-07-18,4406,57790.0,SANM,SANMINA CORP,3672.0
80105610,43.33,42.14,2022-07-19,4376,57790.0,SANM,SANMINA CORP,3672.0
80105610,44.07,43.17,2022-07-20,4904,57790.0,SANM,SANMINA CORP,3672.0
80105610,44.36,43.93,2022-07-21,5056,57790.0,SANM,SANMINA CORP,3672.0
80105610,43.28,44.28,2022-07-22,6555,57790.0,SANM,SANMINA CORP,3672.0
80105610,43.41,43.32,2022-07-25,4828,57790.0,SANM,SANMINA CORP,3672.0
80105610,43.9,43.26,2022-07-26,5389,57790.0,SANM,SANMINA CORP,3672.0
80105610,45.18,44.0,2022-07-27,5534,57804.0,SANM,SANMINA CORP,3672.0
80105610,45.75,45.16,2022-07-28,6146,57804.0,SANM,SANMINA CORP,3672.0
80105610,46.05,45.74,2022-07-29,5930,57804.0,SANM,SANMINA CORP,3672.0
80105610,45.68,45.82,2022-08-01,5433,57804.0,SANM,SANMINA CORP,3672.0
80105610,48.67,47.69,2022-08-02,11484,57804.0,SANM,SANMINA CORP,3672.0
80105610,50.0,49.8,2022-08-03,16265,57804.0,SANM,SANMINA CORP,3672.0
80105610,49.79,50.0,2022-08-04,6632,57804.0,SANM,SANMINA CORP,3672.0
80105610,49.9,49.5,2022-08-05,7257,57804.0,SANM,SANMINA CORP,3672.0
80105610,49.32,50.0,2022-08-08,6293,57804.0,SANM,SANMINA CORP,3672.0
80105610,47.64,48.98,2022-08-09,7768,57804.0,SANM,SANMINA CORP,3672.0
80105610,49.23,48.51,2022-08-10,9063,57804.0,SANM,SANMINA CORP,3672.0
80105610,49.34,49.61,2022-08-11,7187,57804.0,SANM,SANMINA CORP,3672.0
80105610,49.98,49.52,2022-08-12,6544,57804.0,SANM,SANMINA CORP,3672.0
80105610,49.86,49.47,2022-08-15,6680,57804.0,SANM,SANMINA CORP,3672.0
80105610,50.68,49.69,2022-08-16,7170,57804.0,SANM,SANMINA CORP,3672.0
80105610,50.12,50.43,2022-08-17,5753,57804.0,SANM,SANMINA CORP,3672.0
80105610,51.96,50.29,2022-08-18,9702,57804.0,SANM,SANMINA CORP,3672.0
80105610,51.01,51.34,2022-08-19,7158,57804.0,SANM,SANMINA CORP,3672.0
80105610,50.5,50.34,2022-08-22,6484,57804.0,SANM,SANMINA CORP,3672.0
80105610,50.33,50.78,2022-08-23,6224,57804.0,SANM,SANMINA CORP,3672.0
80105610,50.26,50.42,2022-08-24,6917,57804.0,SANM,SANMINA CORP,3672.0
80105610,52.08,50.54,2022-08-25,6714,57804.0,SANM,SANMINA CORP,3672.0
80105610,49.99,52.14,2022-08-26,6832,57804.0,SANM,SANMINA CORP,3672.0
80105610,49.73,49.59,2022-08-29,7594,57804.0,SANM,SANMINA CORP,3672.0
80105610,48.96,49.67,2022-08-30,7427,57804.0,SANM,SANMINA CORP,3672.0
80105610,48.52,48.57,2022-08-31,6044,57804.0,SANM,SANMINA CORP,3672.0
80105610,47.32,47.56,2022-09-01,7965,57804.0,SANM,SANMINA CORP,3672.0
80105610,46.98,47.51,2022-09-02,6548,57804.0,SANM,SANMINA CORP,3672.0
80105610,47.02,46.98,2022-09-06,9062,57804.0,SANM,SANMINA CORP,3672.0
80105610,47.79,47.03,2022-09-07,10462,57804.0,SANM,SANMINA CORP,3672.0
80105610,47.78,47.47,2022-09-08,7647,57804.0,SANM,SANMINA CORP,3672.0
80105610,48.7,48.29,2022-09-09,8513,57804.0,SANM,SANMINA CORP,3672.0
80105610,48.92,49.18,2022-09-12,8300,57804.0,SANM,SANMINA CORP,3672.0
80105610,47.26,47.75,2022-09-13,12802,57804.0,SANM,SANMINA CORP,3672.0
80105610,47.33,47.37,2022-09-14,11402,57804.0,SANM,SANMINA CORP,3672.0
80105610,46.97,47.09,2022-09-15,10161,57804.0,SANM,SANMINA CORP,3672.0
80105610,47.27,46.64,2022-09-16,12751,57804.0,SANM,SANMINA CORP,3672.0
80105610,47.59,46.9,2022-09-19,8264,57804.0,SANM,SANMINA CORP,3672.0
80105610,47.14,47.42,2022-09-20,7073,57804.0,SANM,SANMINA CORP,3672.0
80105610,47.1,47.51,2022-09-21,7365,57804.0,SANM,SANMINA CORP,3672.0
80105610,46.63,47.39,2022-09-22,7776,57804.0,SANM,SANMINA CORP,3672.0
80105610,45.34,45.97,2022-09-23,11270,57804.0,SANM,SANMINA CORP,3672.0
80105610,45.6,45.01,2022-09-26,11140,57804.0,SANM,SANMINA CORP,3672.0
80105610,45.6,45.93,2022-09-27,6331,57804.0,SANM,SANMINA CORP,3672.0
80105610,48.23,45.27,2022-09-28,9813,57804.0,SANM,SANMINA CORP,3672.0
80105610,46.46,47.64,2022-09-29,9522,57804.0,SANM,SANMINA CORP,3672.0
80105610,46.08,46.63,2022-09-30,5816,57394.0,SANM,SANMINA CORP,3672.0
80105610,47.29,46.55,2022-10-03,5492,57394.0,SANM,SANMINA CORP,3672.0
80105610,49.18,48.21,2022-10-04,6026,57394.0,SANM,SANMINA CORP,3672.0
80105610,49.66,48.8,2022-10-05,5701,57394.0,SANM,SANMINA CORP,3672.0
80105610,50.45,49.4,2022-10-06,6441,57394.0,SANM,SANMINA CORP,3672.0
80105610,49.7,49.72,2022-10-07,6521,57394.0,SANM,SANMINA CORP,3672.0
80105610,49.58,50.09,2022-10-10,5150,57394.0,SANM,SANMINA CORP,3672.0
80105610,50.18,49.3,2022-10-11,10914,57394.0,SANM,SANMINA CORP,3672.0
80105610,49.48,50.28,2022-10-12,6182,57394.0,SANM,SANMINA CORP,3672.0
80105610,51.54,48.81,2022-10-13,6542,57394.0,SANM,SANMINA CORP,3672.0
80105610,50.23,51.74,2022-10-14,5571,57394.0,SANM,SANMINA CORP,3672.0
80105610,51.67,51.35,2022-10-17,5040,57394.0,SANM,SANMINA CORP,3672.0
80105610,52.84,52.73,2022-10-18,7737,57394.0,SANM,SANMINA CORP,3672.0
80105610,52.52,52.34,2022-10-19,6881,57394.0,SANM,SANMINA CORP,3672.0
80105610,52.75,52.78,2022-10-20,5192,57394.0,SANM,SANMINA CORP,3672.0
80105610,55.32,53.04,2022-10-21,6493,57394.0,SANM,SANMINA CORP,3672.0
80105610,56.2,55.56,2022-10-24,6090,57394.0,SANM,SANMINA CORP,3672.0
80105610,56.92,56.16,2022-10-25,7912,57394.0,SANM,SANMINA CORP,3672.0
80105610,56.47,57.01,2022-10-26,6906,57394.0,SANM,SANMINA CORP,3672.0
80105610,56.38,57.13,2022-10-27,6609,57394.0,SANM,SANMINA CORP,3672.0
80105610,57.24,56.4,2022-10-28,6546,57394.0,SANM,SANMINA CORP,3672.0
80105610,56.05,56.19,2022-10-31,7805,57394.0,SANM,SANMINA CORP,3672.0
80105610,57.34,56.11,2022-11-01,5441,57394.0,SANM,SANMINA CORP,3672.0
80105610,55.99,56.89,2022-11-02,8456,57394.0,SANM,SANMINA CORP,3672.0
80105610,56.33,55.36,2022-11-03,5849,57430.0,SANM,SANMINA CORP,3672.0
80105610,57.49,56.99,2022-11-04,6456,57430.0,SANM,SANMINA CORP,3672.0
80105610,58.97,57.66,2022-11-07,11749,57430.0,SANM,SANMINA CORP,3672.0
80105610,65.45,63.16,2022-11-08,16205,57430.0,SANM,SANMINA CORP,3672.0
80105610,64.5,65.16,2022-11-09,13918,57430.0,SANM,SANMINA CORP,3672.0
80105610,68.46,67.8,2022-11-10,12257,57430.0,SANM,SANMINA CORP,3672.0
80105610,67.61,68.28,2022-11-11,12103,57430.0,SANM,SANMINA CORP,3672.0
80105610,65.8,66.95,2022-11-14,9139,57430.0,SANM,SANMINA CORP,3672.0
80105610,65.92,66.34,2022-11-15,14978,57430.0,SANM,SANMINA CORP,3672.0
80105610,65.93,65.68,2022-11-16,9022,57430.0,SANM,SANMINA CORP,3672.0
80105610,65.48,64.81,2022-11-17,9770,57430.0,SANM,SANMINA CORP,3672.0
80105610,66.1,66.4,2022-11-18,8773,57430.0,SANM,SANMINA CORP,3672.0
80105610,65.99,66.35,2022-11-21,8877,57430.0,SANM,SANMINA CORP,3672.0
80105610,66.6,66.25,2022-11-22,9990,57430.0,SANM,SANMINA CORP,3672.0
80105610,66.38,66.71,2022-11-23,8156,57430.0,SANM,SANMINA CORP,3672.0
80105610,66.56,66.23,2022-11-25,3860,57430.0,SANM,SANMINA CORP,3672.0
80105610,65.4,65.84,2022-11-28,5234,57430.0,SANM,SANMINA CORP,3672.0
80105610,64.93,65.16,2022-11-29,5581,57430.0,SANM,SANMINA CORP,3672.0
80105610,66.09,64.87,2022-11-30,10805,57430.0,SANM,SANMINA CORP,3672.0
80105610,67.36,66.54,2022-12-01,11064,57430.0,SANM,SANMINA CORP,3672.0
80105610,67.4,66.46,2022-12-02,11497,57430.0,SANM,SANMINA CORP,3672.0
80105610,65.03,67.67,2022-12-05,10309,57430.0,SANM,SANMINA CORP,3672.0
80105610,64.22,65.0,2022-12-06,8894,57430.0,SANM,SANMINA CORP,3672.0
80105610,63.87,63.8,2022-12-07,8809,57430.0,SANM,SANMINA CORP,3672.0
80105610,63.5,64.05,2022-12-08,12580,57430.0,SANM,SANMINA CORP,3672.0
80105610,62.48,63.5,2022-12-09,12380,57430.0,SANM,SANMINA CORP,3672.0
80105610,62.66,62.48,2022-12-12,16461,57430.0,SANM,SANMINA CORP,3672.0
80105610,62.43,64.01,2022-12-13,15692,57430.0,SANM,SANMINA CORP,3672.0
80105610,62.23,63.02,2022-12-14,8795,57430.0,SANM,SANMINA CORP,3672.0
80105610,60.29,61.67,2022-12-15,9979,57430.0,SANM,SANMINA CORP,3672.0
80105610,59.18,59.67,2022-12-16,16592,57430.0,SANM,SANMINA CORP,3672.0
80105610,58.58,59.43,2022-12-19,11007,57430.0,SANM,SANMINA CORP,3672.0
80105610,58.7,58.63,2022-12-20,8868,57430.0,SANM,SANMINA CORP,3672.0
80105610,59.49,59.09,2022-12-21,7621,57430.0,SANM,SANMINA CORP,3672.0
80105610,58.08,59.13,2022-12-22,7641,57430.0,SANM,SANMINA CORP,3672.0
80105610,58.35,58.01,2022-12-23,4925,57430.0,SANM,SANMINA CORP,3672.0
80105610,58.34,58.57,2022-12-27,10746,57430.0,SANM,SANMINA CORP,3672.0
80105610,56.13,58.22,2022-12-28,10548,57430.0,SANM,SANMINA CORP,3672.0
80105610,57.79,56.53,2022-12-29,10164,57430.0,SANM,SANMINA CORP,3672.0
80105610,57.29,57.49,2022-12-30,8613,57600.0,SANM,SANMINA CORP,3672.0
80105610,56.77,58.02,2023-01-03,19702,57600.0,SANM,SANMINA CORP,3672.0
80105610,56.16,57.31,2023-01-04,12982,57600.0,SANM,SANMINA CORP,3672.0
80105610,55.32,55.93,2023-01-05,10793,57600.0,SANM,SANMINA CORP,3672.0
80105610,56.67,55.97,2023-01-06,13409,57600.0,SANM,SANMINA CORP,3672.0
80105610,58.94,57.05,2023-01-09,9511,57600.0,SANM,SANMINA CORP,3672.0
80105610,58.8,59.04,2023-01-10,7329,57600.0,SANM,SANMINA CORP,3672.0
80105610,58.61,58.79,2023-01-11,10215,57600.0,SANM,SANMINA CORP,3672.0
80105610,59.38,58.69,2023-01-12,8533,57600.0,SANM,SANMINA CORP,3672.0
80105610,60.95,58.78,2023-01-13,8143,57600.0,SANM,SANMINA CORP,3672.0
80105610,60.94,61.63,2023-01-17,7740,57600.0,SANM,SANMINA CORP,3672.0
80105610,59.58,60.77,2023-01-18,6632,57600.0,SANM,SANMINA CORP,3672.0
80105610,59.66,59.21,2023-01-19,5852,57600.0,SANM,SANMINA CORP,3672.0
80105610,60.59,60.15,2023-01-20,7894,58353.0,SANM,SANMINA CORP,3672.0
80105610,60.12,60.48,2023-01-23,7066,58353.0,SANM,SANMINA CORP,3672.0
80105610,60.63,60.04,2023-01-24,5447,58353.0,SANM,SANMINA CORP,3672.0
80105610,61.09,59.9,2023-01-25,8216,58358.0,SANM,SANMINA CORP,3672.0
80105610,57.7,61.5,2023-01-26,9047,58358.0,SANM,SANMINA CORP,3672.0
80105610,56.28,57.57,2023-01-27,8165,58358.0,SANM,SANMINA CORP,3672.0
80105610,55.54,55.87,2023-01-30,11065,58358.0,SANM,SANMINA CORP,3672.0
80105610,60.93,58.8,2023-01-31,18132,58358.0,SANM,SANMINA CORP,3672.0
80105610,62.7,60.25,2023-02-01,15408,58358.0,SANM,SANMINA CORP,3672.0
80105610,63.54,63.02,2023-02-02,15068,58358.0,SANM,SANMINA CORP,3672.0
80105610,62.77,62.76,2023-02-03,8656,58358.0,SANM,SANMINA CORP,3672.0
80105610,62.72,62.52,2023-02-06,13472,58358.0,SANM,SANMINA CORP,3672.0
80105610,62.91,62.91,2023-02-07,10514,58358.0,SANM,SANMINA CORP,3672.0
80105610,62.06,62.37,2023-02-08,7590,58358.0,SANM,SANMINA CORP,3672.0
80105610,60.95,62.66,2023-02-09,10423,58358.0,SANM,SANMINA CORP,3672.0
80105610,62.4,60.89,2023-02-10,8375,58358.0,SANM,SANMINA CORP,3672.0
80105610,64.8,62.66,2023-02-13,15729,58358.0,SANM,SANMINA CORP,3672.0
80105610,64.36,64.29,2023-02-14,9311,58358.0,SANM,SANMINA CORP,3672.0
80105610,64.38,63.88,2023-02-15,6744,58358.0,SANM,SANMINA CORP,3672.0
80105610,63.92,63.34,2023-02-16,6223,58358.0,SANM,SANMINA CORP,3672.0
80105610,63.53,63.99,2023-02-17,6123,58358.0,SANM,SANMINA CORP,3672.0
80105610,61.21,62.74,2023-02-21,8775,58358.0,SANM,SANMINA CORP,3672.0
80105610,61.16,60.97,2023-02-22,6240,58358.0,SANM,SANMINA CORP,3672.0
80105610,61.32,61.96,2023-02-23,4586,58358.0,SANM,SANMINA CORP,3672.0
80105610,60.91,60.42,2023-02-24,6362,58358.0,SANM,SANMINA CORP,3672.0
80105610,60.96,61.6,2023-02-27,6173,58358.0,SANM,SANMINA CORP,3672.0
80105610,60.46,61.04,2023-02-28,6078,58358.0,SANM,SANMINA CORP,3672.0
80105610,61.01,60.8,2023-03-01,7990,58358.0,SANM,SANMINA CORP,3672.0
80105610,60.0,60.47,2023-03-02,6826,58358.0,SANM,SANMINA CORP,3672.0
80105610,60.4,60.26,2023-03-03,6692,58358.0,SANM,SANMINA CORP,3672.0
80105610,60.41,60.25,2023-03-06,9569,58358.0,SANM,SANMINA CORP,3672.0
80105610,59.97,60.34,2023-03-07,5854,58358.0,SANM,SANMINA CORP,3672.0
80105610,60.42,60.12,2023-03-08,6172,58358.0,SANM,SANMINA CORP,3672.0
80105610,59.65,60.52,2023-03-09,6336,58358.0,SANM,SANMINA CORP,3672.0
80105610,58.24,59.35,2023-03-10,9441,58358.0,SANM,SANMINA CORP,3672.0
80105610,57.29,57.27,2023-03-13,7487,58358.0,SANM,SANMINA CORP,3672.0
80105610,58.81,58.84,2023-03-14,7772,58358.0,SANM,SANMINA CORP,3672.0
80105610,57.19,57.26,2023-03-15,9458,58358.0,SANM,SANMINA CORP,3672.0
80105610,57.86,56.21,2023-03-16,6790,58358.0,SANM,SANMINA CORP,3672.0
80105610,56.74,57.58,2023-03-17,6925,58358.0,SANM,SANMINA CORP,3672.0
80105610,58.04,57.42,2023-03-20,6799,58358.0,SANM,SANMINA CORP,3672.0
80105610,58.61,59.0,2023-03-21,6922,58358.0,SANM,SANMINA CORP,3672.0
80105610,57.34,58.47,2023-03-22,5326,58358.0,SANM,SANMINA CORP,3672.0
80105610,57.31,57.7,2023-03-23,5058,58358.0,SANM,SANMINA CORP,3672.0
80105610,57.17,56.8,2023-03-24,6149,58358.0,SANM,SANMINA CORP,3672.0
80105610,58.17,57.64,2023-03-27,5434,58358.0,SANM,SANMINA CORP,3672.0
80105610,58.07,58.01,2023-03-28,5090,58358.0,SANM,SANMINA CORP,3672.0
80105610,58.97,58.83,2023-03-29,5902,58358.0,SANM,SANMINA CORP,3672.0
80105610,59.59,59.36,2023-03-30,5507,58358.0,SANM,SANMINA CORP,3672.0
80105610,60.99,59.9,2023-03-31,5735,58158.0,SANM,SANMINA CORP,3672.0
80105610,60.04,60.81,2023-04-03,6484,58158.0,SANM,SANMINA CORP,3672.0
80105610,59.25,60.04,2023-04-04,7929,58158.0,SANM,SANMINA CORP,3672.0
80105610,58.02,58.65,2023-04-05,5491,58158.0,SANM,SANMINA CORP,3672.0
80105610,56.32,57.69,2023-04-06,6824,58158.0,SANM,SANMINA CORP,3672.0
80105610,56.8,55.78,2023-04-10,7019,58158.0,SANM,SANMINA CORP,3672.0
80105610,56.52,56.9,2023-04-11,5938,58158.0,SANM,SANMINA CORP,3672.0
80105610,56.52,57.15,2023-04-12,4679,58158.0,SANM,SANMINA CORP,3672.0
80105610,56.92,56.66,2023-04-13,7244,58158.0,SANM,SANMINA CORP,3672.0
80105610,56.31,56.59,2023-04-14,4976,58158.0,SANM,SANMINA CORP,3672.0
80105610,56.17,56.27,2023-04-17,5274,58158.0,SANM,SANMINA CORP,3672.0
80105610,55.8,56.62,2023-04-18,7961,58158.0,SANM,SANMINA CORP,3672.0
80105610,54.93,55.65,2023-04-19,5481,58158.0,SANM,SANMINA CORP,3672.0
80105610,54.49,54.51,2023-04-20,8618,58158.0,SANM,SANMINA CORP,3672.0
80105610,53.96,54.43,2023-04-21,5001,58158.0,SANM,SANMINA CORP,3672.0
80105610,53.55,53.85,2023-04-24,8728,58158.0,SANM,SANMINA CORP,3672.0
80105610,51.64,53.01,2023-04-25,11869,58158.0,SANM,SANMINA CORP,3672.0
80105610,51.73,51.55,2023-04-26,8100,58158.0,SANM,SANMINA CORP,3672.0
80105610,51.67,51.67,2023-04-27,9529,58158.0,SANM,SANMINA CORP,3672.0
80105610,52.26,51.7,2023-04-28,7368,58158.0,SANM,SANMINA CORP,3672.0
80105610,52.16,52.15,2023-05-01,9717,58158.0,SANM,SANMINA CORP,3672.0
80105610,52.1,51.7,2023-05-02,7795,58158.0,SANM,SANMINA CORP,3672.0
80105610,52.4,52.1,2023-05-03,11605,58169.0,SANM,SANMINA CORP,3672.0
80105610,51.53,51.96,2023-05-04,6145,58169.0,SANM,SANMINA CORP,3672.0
80105610,52.65,52.18,2023-05-05,6984,58169.0,SANM,SANMINA CORP,3672.0
80105610,53.33,52.71,2023-05-08,6314,58169.0,SANM,SANMINA CORP,3672.0
80105610,52.85,53.06,2023-05-09,7129,58169.0,SANM,SANMINA CORP,3672.0
80105610,53.35,53.52,2023-05-10,7098,58169.0,SANM,SANMINA CORP,3672.0
80105610,53.55,52.99,2023-05-11,12105,58169.0,SANM,SANMINA CORP,3672.0
80105610,50.5,54.2,2023-05-12,17842,58169.0,SANM,SANMINA CORP,3672.0
80105610,49.72,50.58,2023-05-15,12227,58169.0,SANM,SANMINA CORP,3672.0
80105610,49.47,49.66,2023-05-16,8572,58169.0,SANM,SANMINA CORP,3672.0
80105610,50.85,49.65,2023-05-17,7970,58169.0,SANM,SANMINA CORP,3672.0
80105610,51.45,50.85,2023-05-18,6331,58169.0,SANM,SANMINA CORP,3672.0
80105610,51.22,52.11,2023-05-19,8133,58169.0,SANM,SANMINA CORP,3672.0
80105610,51.37,51.19,2023-05-22,5666,58169.0,SANM,SANMINA CORP,3672.0
80105610,51.93,51.35,2023-05-23,7189,58169.0,SANM,SANMINA CORP,3672.0
80105610,52.44,51.71,2023-05-24,11090,58169.0,SANM,SANMINA CORP,3672.0
80105610,53.76,52.44,2023-05-25,8099,58169.0,SANM,SANMINA CORP,3672.0
80105610,54.82,53.98,2023-05-26,11678,58169.0,SANM,SANMINA CORP,3672.0
80105610,54.32,55.56,2023-05-30,7354,58169.0,SANM,SANMINA CORP,3672.0
80105610,53.04,53.87,2023-05-31,6852,58169.0,SANM,SANMINA CORP,3672.0
80105610,52.45,53.35,2023-06-01,6113,58169.0,SANM,SANMINA CORP,3672.0
80105610,54.16,52.92,2023-06-02,7175,58169.0,SANM,SANMINA CORP,3672.0
80105610,52.96,53.74,2023-06-05,7165,58169.0,SANM,SANMINA CORP,3672.0
80105610,54.07,52.72,2023-06-06,7131,58169.0,SANM,SANMINA CORP,3672.0
80105610,56.13,54.47,2023-06-07,9798,58169.0,SANM,SANMINA CORP,3672.0
80105610,55.33,55.93,2023-06-08,5442,58169.0,SANM,SANMINA CORP,3672.0
80105610,55.41,55.49,2023-06-09,5080,58169.0,SANM,SANMINA CORP,3672.0
80105610,56.49,55.53,2023-06-12,6587,58169.0,SANM,SANMINA CORP,3672.0
80105610,57.52,56.81,2023-06-13,11778,58169.0,SANM,SANMINA CORP,3672.0
80105610,58.01,57.52,2023-06-14,10455,58169.0,SANM,SANMINA CORP,3672.0
80105610,59.19,57.93,2023-06-15,9808,58169.0,SANM,SANMINA CORP,3672.0
80105610,58.5,59.87,2023-06-16,10007,58169.0,SANM,SANMINA CORP,3672.0
80105610,58.94,58.37,2023-06-20,6729,58169.0,SANM,SANMINA CORP,3672.0
80105610,58.62,58.56,2023-06-21,7536,58169.0,SANM,SANMINA CORP,3672.0
80105610,57.96,58.48,2023-06-22,7057,58169.0,SANM,SANMINA CORP,3672.0
80105610,56.81,57.38,2023-06-23,7043,58169.0,SANM,SANMINA CORP,3672.0
80105610,57.25,56.93,2023-06-26,6093,58169.0,SANM,SANMINA CORP,3672.0
80105610,58.09,57.25,2023-06-27,5385,58169.0,SANM,SANMINA CORP,3672.0
80105610,58.68,57.68,2023-06-28,7409,58169.0,SANM,SANMINA CORP,3672.0
80105610,59.87,59.32,2023-06-29,6323,58169.0,SANM,SANMINA CORP,3672.0
80105610,60.27,60.47,2023-06-30,4677,57227.0,SANM,SANMINA CORP,3672.0
80105610,60.2,60.17,2023-07-03,2765,57227.0,SANM,SANMINA CORP,3672.0
80105610,60.18,60.12,2023-07-05,7874,57227.0,SANM,SANMINA CORP,3672.0
80105610,59.61,59.5,2023-07-06,5246,57227.0,SANM,SANMINA CORP,3672.0
80105610,60.53,59.84,2023-07-07,5843,57227.0,SANM,SANMINA CORP,3672.0
80105610,61.64,60.46,2023-07-10,5230,57227.0,SANM,SANMINA CORP,3672.0
80105610,62.35,61.76,2023-07-11,7253,57227.0,SANM,SANMINA CORP,3672.0
80105610,63.25,63.0,2023-07-12,10697,57227.0,SANM,SANMINA CORP,3672.0
80105610,64.36,63.35,2023-07-13,7861,57227.0,SANM,SANMINA CORP,3672.0
80105610,60.67,63.97,2023-07-14,9631,57227.0,SANM,SANMINA CORP,3672.0
80105610,60.57,60.44,2023-07-17,7874,57227.0,SANM,SANMINA CORP,3672.0
80105610,61.14,60.57,2023-07-18,5385,57227.0,SANM,SANMINA CORP,3672.0
80105610,60.33,61.36,2023-07-19,7334,57227.0,SANM,SANMINA CORP,3672.0
80105610,58.04,60.19,2023-07-20,12825,57227.0,SANM,SANMINA CORP,3672.0
80105610,57.78,58.46,2023-07-21,7970,57227.0,SANM,SANMINA CORP,3672.0
80105610,58.9,57.77,2023-07-24,6650,57227.0,SANM,SANMINA CORP,3672.0
80105610,59.86,58.75,2023-07-25,7650,57227.0,SANM,SANMINA CORP,3672.0
80105610,59.47,59.45,2023-07-26,5029,57227.0,SANM,SANMINA CORP,3672.0
80105610,59.88,60.26,2023-07-27,6058,57227.0,SANM,SANMINA CORP,3672.0
80105610,59.89,60.33,2023-07-28,6986,57227.0,SANM,SANMINA CORP,3672.0
80105610,61.46,60.13,2023-07-31,10737,57227.0,SANM,SANMINA CORP,3672.0
80105610,57.67,58.94,2023-08-01,19282,57227.0,SANM,SANMINA CORP,3672.0
80105610,55.23,57.25,2023-08-02,11952,57227.0,SANM,SANMINA CORP,3672.0
80105610,54.88,54.77,2023-08-03,10632,57227.0,SANM,SANMINA CORP,3672.0
80105610,55.21,54.53,2023-08-04,7479,57227.0,SANM,SANMINA CORP,3672.0
80105610,55.22,55.41,2023-08-07,6481,57227.0,SANM,SANMINA CORP,3672.0
80105610,54.88,54.9,2023-08-08,9325,57227.0,SANM,SANMINA CORP,3672.0
80105610,55.37,54.85,2023-08-09,8363,57227.0,SANM,SANMINA CORP,3672.0
80105610,55.11,55.51,2023-08-10,7253,57227.0,SANM,SANMINA CORP,3672.0
80105610,55.14,55.05,2023-08-11,8180,57227.0,SANM,SANMINA CORP,3672.0
80105610,55.15,54.91,2023-08-14,6496,57227.0,SANM,SANMINA CORP,3672.0
80105610,54.96,54.68,2023-08-15,6540,57227.0,SANM,SANMINA CORP,3672.0
80105610,53.78,54.72,2023-08-16,7178,57227.0,SANM,SANMINA CORP,3672.0
80105610,54.28,54.14,2023-08-17,5472,57227.0,SANM,SANMINA CORP,3672.0
80105610,54.06,53.81,2023-08-18,7974,57227.0,SANM,SANMINA CORP,3672.0
80105610,54.25,54.15,2023-08-21,6486,57227.0,SANM,SANMINA CORP,3672.0
80105610,55.3,54.71,2023-08-22,7539,57227.0,SANM,SANMINA CORP,3672.0
80105610,55.66,55.26,2023-08-23,5394,57227.0,SANM,SANMINA CORP,3672.0
80105610,54.49,55.65,2023-08-24,5586,57227.0,SANM,SANMINA CORP,3672.0
80105610,54.99,54.78,2023-08-25,5020,57227.0,SANM,SANMINA CORP,3672.0
80105610,56.0,55.44,2023-08-28,5282,57227.0,SANM,SANMINA CORP,3672.0
80105610,56.19,55.97,2023-08-29,5410,57227.0,SANM,SANMINA CORP,3672.0
80105610,55.51,55.98,2023-08-30,6307,57227.0,SANM,SANMINA CORP,3672.0
80105610,55.7,55.6,2023-08-31,4586,57227.0,SANM,SANMINA CORP,3672.0
80105610,56.03,56.27,2023-09-01,6740,57227.0,SANM,SANMINA CORP,3672.0
80105610,54.3,55.65,2023-09-05,9265,57227.0,SANM,SANMINA CORP,3672.0
80105610,54.25,54.34,2023-09-06,7333,57227.0,SANM,SANMINA CORP,3672.0
80105610,53.16,53.92,2023-09-07,8614,57227.0,SANM,SANMINA CORP,3672.0
80105610,52.88,53.16,2023-09-08,6945,57227.0,SANM,SANMINA CORP,3672.0
80105610,53.21,53.11,2023-09-11,7633,57227.0,SANM,SANMINA CORP,3672.0
80105610,52.29,53.05,2023-09-12,9791,57227.0,SANM,SANMINA CORP,3672.0
80105610,52.26,52.26,2023-09-13,8966,57227.0,SANM,SANMINA CORP,3672.0
80105610,53.2,52.72,2023-09-14,8066,57227.0,SANM,SANMINA CORP,3672.0
80105610,52.21,53.11,2023-09-15,8667,57227.0,SANM,SANMINA CORP,3672.0
80105610,52.25,52.36,2023-09-18,6169,57227.0,SANM,SANMINA CORP,3672.0
80105610,53.01,52.34,2023-09-19,6052,57227.0,SANM,SANMINA CORP,3672.0
80105610,52.66,53.01,2023-09-20,8001,57227.0,SANM,SANMINA CORP,3672.0
80105610,52.75,52.28,2023-09-21,6761,57227.0,SANM,SANMINA CORP,3672.0
80105610,52.66,52.77,2023-09-22,4825,57227.0,SANM,SANMINA CORP,3672.0
80105610,52.85,52.47,2023-09-25,4989,57227.0,SANM,SANMINA CORP,3672.0
80105610,52.05,52.5,2023-09-26,4605,57227.0,SANM,SANMINA CORP,3672.0
80105610,52.97,52.18,2023-09-27,4737,57227.0,SANM,SANMINA CORP,3672.0
80105610,54.94,52.98,2023-09-28,6030,57227.0,SANM,SANMINA CORP,3672.0
80105610,54.28,55.11,2023-09-29,6233,56833.0,SANM,SANMINA CORP,3672.0
80105610,54.19,54.05,2023-10-02,7713,56833.0,SANM,SANMINA CORP,3672.0
80105610,53.8,53.91,2023-10-03,5648,56833.0,SANM,SANMINA CORP,3672.0
80105610,53.03,53.8,2023-10-04,6907,56833.0,SANM,SANMINA CORP,3672.0
80105610,52.86,52.84,2023-10-05,7426,56833.0,SANM,SANMINA CORP,3672.0
80105610,53.15,52.75,2023-10-06,6204,56833.0,SANM,SANMINA CORP,3672.0
80105610,53.97,52.96,2023-10-09,5599,56833.0,SANM,SANMINA CORP,3672.0
80105610,53.79,54.07,2023-10-10,5098,56833.0,SANM,SANMINA CORP,3672.0
80105610,54.48,53.96,2023-10-11,4085,56833.0,SANM,SANMINA CORP,3672.0
80105610,54.07,54.72,2023-10-12,5470,56833.0,SANM,SANMINA CORP,3672.0
80105610,52.81,53.87,2023-10-13,7377,56833.0,SANM,SANMINA CORP,3672.0
80105610,53.2,53.14,2023-10-16,6187,56833.0,SANM,SANMINA CORP,3672.0
80105610,52.64,52.66,2023-10-17,7863,56833.0,SANM,SANMINA CORP,3672.0
80105610,51.99,52.45,2023-10-18,8254,56833.0,SANM,SANMINA CORP,3672.0
80105610,51.06,52.35,2023-10-19,7879,56833.0,SANM,SANMINA CORP,3672.0
80105610,50.49,51.15,2023-10-20,8172,56833.0,SANM,SANMINA CORP,3672.0
80105610,50.31,50.1,2023-10-23,8977,56833.0,SANM,SANMINA CORP,3672.0
80105610,51.17,50.67,2023-10-24,6231,56833.0,SANM,SANMINA CORP,3672.0
80105610,50.0,50.63,2023-10-25,5644,56833.0,SANM,SANMINA CORP,3672.0
80105610,50.93,50.24,2023-10-26,7651,56833.0,SANM,SANMINA CORP,3672.0
80105610,50.74,51.05,2023-10-27,5616,56833.0,SANM,SANMINA CORP,3672.0
80105610,50.3,51.23,2023-10-30,7149,56833.0,SANM,SANMINA CORP,3672.0
80105610,50.87,50.36,2023-10-31,6675,56833.0,SANM,SANMINA CORP,3672.0
80105610,51.3,50.41,2023-11-01,11409,56833.0,SANM,SANMINA CORP,3672.0
80105610,52.16,52.32,2023-11-02,6535,56833.0,SANM,SANMINA CORP,3672.0
80105610,53.36,53.09,2023-11-03,6588,56833.0,SANM,SANMINA CORP,3672.0
80105610,52.81,53.36,2023-11-06,9249,56833.0,SANM,SANMINA CORP,3672.0
80105610,45.24,46.0,2023-11-07,20644,56833.0,SANM,SANMINA CORP,3672.0
80105610,47.13,45.72,2023-11-08,14064,56833.0,SANM,SANMINA CORP,3672.0
80105610,46.69,47.69,2023-11-09,9637,56839.0,SANM,SANMINA CORP,3672.0
80105610,47.72,46.8,2023-11-10,8058,56839.0,SANM,SANMINA CORP,3672.0
80105610,47.67,47.39,2023-11-13,8339,56839.0,SANM,SANMINA CORP,3672.0
80105610,49.81,48.94,2023-11-14,11841,56839.0,SANM,SANMINA CORP,3672.0
80105610,50.1,49.77,2023-11-15,8790,56839.0,SANM,SANMINA CORP,3672.0
80105610,48.67,50.02,2023-11-16,9518,56839.0,SANM,SANMINA CORP,3672.0
80105610,49.78,49.13,2023-11-17,9613,56839.0,SANM,SANMINA CORP,3672.0
80105610,50.18,49.71,2023-11-20,7900,56839.0,SANM,SANMINA CORP,3672.0
80105610,49.29,49.87,2023-11-21,8880,56839.0,SANM,SANMINA CORP,3672.0
80105610,49.75,49.76,2023-11-22,9371,56839.0,SANM,SANMINA CORP,3672.0
80105610,49.87,49.67,2023-11-24,3106,56839.0,SANM,SANMINA CORP,3672.0
80105610,49.86,49.56,2023-11-27,7045,56839.0,SANM,SANMINA CORP,3672.0
80105610,49.64,49.6,2023-11-28,8950,56839.0,SANM,SANMINA CORP,3672.0
80105610,49.87,49.89,2023-11-29,10311,56839.0,SANM,SANMINA CORP,3672.0
80105610,50.11,50.15,2023-11-30,10440,56839.0,SANM,SANMINA CORP,3672.0
80105610,50.38,50.1,2023-12-01,10028,56839.0,SANM,SANMINA CORP,3672.0
80105610,50.28,50.25,2023-12-04,9512,56839.0,SANM,SANMINA CORP,3672.0
80105610,49.78,50.17,2023-12-05,10815,56839.0,SANM,SANMINA CORP,3672.0
80105610,48.99,49.98,2023-12-06,10132,56839.0,SANM,SANMINA CORP,3672.0
80105610,49.29,49.23,2023-12-07,8376,56839.0,SANM,SANMINA CORP,3672.0
80105610,49.8,49.29,2023-12-08,6770,56839.0,SANM,SANMINA CORP,3672.0
80105610,50.58,49.93,2023-12-11,6752,56839.0,SANM,SANMINA CORP,3672.0
80105610,49.94,50.44,2023-12-12,8340,56839.0,SANM,SANMINA CORP,3672.0
80105610,51.47,49.93,2023-12-13,8580,56839.0,SANM,SANMINA CORP,3672.0
80105610,53.01,52.13,2023-12-14,8975,56839.0,SANM,SANMINA CORP,3672.0
80105610,51.49,53.25,2023-12-15,9802,56839.0,SANM,SANMINA CORP,3672.0
80105610,52.0,51.89,2023-12-18,8608,56839.0,SANM,SANMINA CORP,3672.0
80105610,52.4,52.4,2023-12-19,6569,56839.0,SANM,SANMINA CORP,3672.0
80105610,51.83,52.48,2023-12-20,7966,56839.0,SANM,SANMINA CORP,3672.0
80105610,51.91,52.21,2023-12-21,5747,56839.0,SANM,SANMINA CORP,3672.0
80105610,52.47,52.37,2023-12-22,6531,56839.0,SANM,SANMINA CORP,3672.0
80105610,52.72,52.71,2023-12-26,6109,56839.0,SANM,SANMINA CORP,3672.0
80105610,52.11,52.91,2023-12-27,4647,56839.0,SANM,SANMINA CORP,3672.0
80105610,52.21,51.83,2023-12-28,4842,56839.0,SANM,SANMINA CORP,3672.0
80105610,51.37,52.25,2023-12-29,7546,56839.0,SANM,SANMINA CORP,3672.0
