cusip,prc,openprc,date,numtrd,shrout,htick,hcomnam,hsiccd
82880610,51.49,53.36,2009-01-02,,232516.0,SPG,SIMON PROPERTY GROUP INC NEW,6798.0
82880610,50.66,50.85,2009-01-05,,232516.0,SPG,SIMON PROPERTY GROUP INC NEW,6798.0
82880610,53.43,51.98,2009-01-06,,232516.0,SPG,SIMON PROPERTY GROUP INC NEW,6798.0
82880610,51.17,52.5,2009-01-07,,232516.0,SPG,SIMON PROPERTY GROUP INC NEW,6798.0
82880610,50.35,50.0,2009-01-08,,232516.0,SPG,SIMON PROPERTY GROUP INC NEW,6798.0
82880610,46.93,50.04,2009-01-09,,232516.0,SPG,SIMON PROPERTY GROUP INC NEW,6798.0
82880610,43.73,46.43,2009-01-12,,232516.0,SPG,SIMON PROPERTY GROUP INC NEW,6798.0
82880610,45.46,42.74,2009-01-13,,232516.0,SPG,SIMON PROPERTY GROUP INC NEW,6798.0
82880610,42.59,43.23,2009-01-14,,232516.0,SPG,SIMON PROPERTY GROUP INC NEW,6798.0
82880610,44.6,42.48,2009-01-15,,232516.0,SPG,SIMON PROPERTY GROUP INC NEW,6798.0
82880610,45.62,45.4,2009-01-16,,232516.0,SPG,SIMON PROPERTY GROUP INC NEW,6798.0
82880610,41.13,44.93,2009-01-20,,232516.0,SPG,SIMON PROPERTY GROUP INC NEW,6798.0
82880610,46.4,42.81,2009-01-21,,232516.0,SPG,SIMON PROPERTY GROUP INC NEW,6798.0
82880610,43.17,44.61,2009-01-22,,232516.0,SPG,SIMON PROPERTY GROUP INC NEW,6798.0
82880610,44.74,40.64,2009-01-23,,232516.0,SPG,SIMON PROPERTY GROUP INC NEW,6798.0
82880610,43.99,45.55,2009-01-26,,232516.0,SPG,SIMON PROPERTY GROUP INC NEW,6798.0
82880610,43.8,44.27,2009-01-27,,232516.0,SPG,SIMON PROPERTY GROUP INC NEW,6798.0
82880610,48.97,45.45,2009-01-28,,232516.0,SPG,SIMON PROPERTY GROUP INC NEW,6798.0
82880610,44.44,47.35,2009-01-29,,232516.0,SPG,SIMON PROPERTY GROUP INC NEW,6798.0
82880610,42.98,45.86,2009-01-30,,232516.0,SPG,SIMON PROPERTY GROUP INC NEW,6798.0
82880610,43.82,41.84,2009-02-02,,232516.0,SPG,SIMON PROPERTY GROUP INC NEW,6798.0
82880610,42.97,43.93,2009-02-03,,232516.0,SPG,SIMON PROPERTY GROUP INC NEW,6798.0
82880610,42.99,43.02,2009-02-04,,232516.0,SPG,SIMON PROPERTY GROUP INC NEW,6798.0
82880610,43.23,42.15,2009-02-05,,232516.0,SPG,SIMON PROPERTY GROUP INC NEW,6798.0
82880610,45.86,43.57,2009-02-06,,232516.0,SPG,SIMON PROPERTY GROUP INC NEW,6798.0
82880610,46.86,45.19,2009-02-09,,232516.0,SPG,SIMON PROPERTY GROUP INC NEW,6798.0
82880610,41.9,45.68,2009-02-10,,232516.0,SPG,SIMON PROPERTY GROUP INC NEW,6798.0
82880610,42.98,41.96,2009-02-11,,232516.0,SPG,SIMON PROPERTY GROUP INC NEW,6798.0
82880610,41.24,41.58,2009-02-12,,232516.0,SPG,SIMON PROPERTY GROUP INC NEW,6798.0
82880610,38.05,40.69,2009-02-13,,232516.0,SPG,SIMON PROPERTY GROUP INC NEW,6798.0
82880610,35.15,36.27,2009-02-17,,232516.0,SPG,SIMON PROPERTY GROUP INC NEW,6798.0
82880610,35.94,36.44,2009-02-18,,232516.0,SPG,SIMON PROPERTY GROUP INC NEW,6798.0
82880610,34.48,36.41,2009-02-19,,232516.0,SPG,SIMON PROPERTY GROUP INC NEW,6798.0
82880610,36.22,32.74,2009-02-20,,232516.0,SPG,SIMON PROPERTY GROUP INC NEW,6798.0
82880610,32.75,36.81,2009-02-23,,232516.0,SPG,SIMON PROPERTY GROUP INC NEW,6798.0
82880610,35.34,32.69,2009-02-24,,232516.0,SPG,SIMON PROPERTY GROUP INC NEW,6798.0
82880610,34.58,34.34,2009-02-25,,232516.0,SPG,SIMON PROPERTY GROUP INC NEW,6798.0
82880610,33.42,35.4,2009-02-26,,232516.0,SPG,SIMON PROPERTY GROUP INC NEW,6798.0
82880610,33.1,32.2,2009-02-27,,231303.0,SPG,SIMON PROPERTY GROUP INC NEW,6798.0
82880610,29.96,32.0,2009-03-02,,231303.0,SPG,SIMON PROPERTY GROUP INC NEW,6798.0
82880610,29.89,30.61,2009-03-03,,231303.0,SPG,SIMON PROPERTY GROUP INC NEW,6798.0
82880610,29.36,31.37,2009-03-04,,231303.0,SPG,SIMON PROPERTY GROUP INC NEW,6798.0
82880610,27.76,28.3,2009-03-05,,231303.0,SPG,SIMON PROPERTY GROUP INC NEW,6798.0
82880610,26.19,28.1,2009-03-06,,231303.0,SPG,SIMON PROPERTY GROUP INC NEW,6798.0
82880610,28.7,25.07,2009-03-09,,231303.0,SPG,SIMON PROPERTY GROUP INC NEW,6798.0
82880610,33.55,29.3,2009-03-10,,231303.0,SPG,SIMON PROPERTY GROUP INC NEW,6798.0
82880610,32.4,34.28,2009-03-11,,231303.0,SPG,SIMON PROPERTY GROUP INC NEW,6798.0
82880610,35.65,31.61,2009-03-12,,231303.0,SPG,SIMON PROPERTY GROUP INC NEW,6798.0
82880610,34.73,35.9,2009-03-13,,231303.0,SPG,SIMON PROPERTY GROUP INC NEW,6798.0
82880610,31.5,35.06,2009-03-16,,231303.0,SPG,SIMON PROPERTY GROUP INC NEW,6798.0
82880610,33.83,31.98,2009-03-17,,231303.0,SPG,SIMON PROPERTY GROUP INC NEW,6798.0
82880610,35.38,33.51,2009-03-18,,231303.0,SPG,SIMON PROPERTY GROUP INC NEW,6798.0
82880610,34.38,35.95,2009-03-19,,231303.0,SPG,SIMON PROPERTY GROUP INC NEW,6798.0
82880610,32.8,32.1,2009-03-20,,231303.0,SPG,SIMON PROPERTY GROUP INC NEW,6798.0
82880610,39.1,34.08,2009-03-23,,231303.0,SPG,SIMON PROPERTY GROUP INC NEW,6798.0
82880610,35.2,38.12,2009-03-24,,231303.0,SPG,SIMON PROPERTY GROUP INC NEW,6798.0
82880610,34.95,35.97,2009-03-25,,231303.0,SPG,SIMON PROPERTY GROUP INC NEW,6798.0
82880610,36.78,35.57,2009-03-26,,231303.0,SPG,SIMON PROPERTY GROUP INC NEW,6798.0
82880610,33.65,35.46,2009-03-27,,231303.0,SPG,SIMON PROPERTY GROUP INC NEW,6798.0
82880610,30.86,32.45,2009-03-30,,231303.0,SPG,SIMON PROPERTY GROUP INC NEW,6798.0
82880610,34.64,31.31,2009-03-31,,254833.0,SPG,SIMON PROPERTY GROUP INC NEW,6798.0
82880610,33.25,33.71,2009-04-01,,254833.0,SPG,SIMON PROPERTY GROUP INC NEW,6798.0
82880610,36.97,34.5,2009-04-02,,254833.0,SPG,SIMON PROPERTY GROUP INC NEW,6798.0
82880610,41.3,36.28,2009-04-03,,254833.0,SPG,SIMON PROPERTY GROUP INC NEW,6798.0
82880610,40.32,39.95,2009-04-06,,254833.0,SPG,SIMON PROPERTY GROUP INC NEW,6798.0
82880610,35.9,39.01,2009-04-07,,254833.0,SPG,SIMON PROPERTY GROUP INC NEW,6798.0
82880610,36.93,36.53,2009-04-08,,254833.0,SPG,SIMON PROPERTY GROUP INC NEW,6798.0
82880610,42.99,38.56,2009-04-09,,254833.0,SPG,SIMON PROPERTY GROUP INC NEW,6798.0
82880610,42.65,42.1,2009-04-13,,254833.0,SPG,SIMON PROPERTY GROUP INC NEW,6798.0
82880610,38.57,41.04,2009-04-14,,254833.0,SPG,SIMON PROPERTY GROUP INC NEW,6798.0
82880610,44.0,39.18,2009-04-15,,254833.0,SPG,SIMON PROPERTY GROUP INC NEW,6798.0
82880610,47.25,43.85,2009-04-16,,254833.0,SPG,SIMON PROPERTY GROUP INC NEW,6798.0
82880610,49.34,47.25,2009-04-17,,254833.0,SPG,SIMON PROPERTY GROUP INC NEW,6798.0
82880610,43.42,47.74,2009-04-20,,254833.0,SPG,SIMON PROPERTY GROUP INC NEW,6798.0
82880610,49.0,42.14,2009-04-21,,254833.0,SPG,SIMON PROPERTY GROUP INC NEW,6798.0
82880610,45.86,47.79,2009-04-22,,254833.0,SPG,SIMON PROPERTY GROUP INC NEW,6798.0
82880610,48.41,46.53,2009-04-23,,254833.0,SPG,SIMON PROPERTY GROUP INC NEW,6798.0
82880610,50.65,47.75,2009-04-24,,254833.0,SPG,SIMON PROPERTY GROUP INC NEW,6798.0
82880610,45.74,48.66,2009-04-27,,254833.0,SPG,SIMON PROPERTY GROUP INC NEW,6798.0
82880610,47.17,44.67,2009-04-28,,254833.0,SPG,SIMON PROPERTY GROUP INC NEW,6798.0
82880610,49.69,47.89,2009-04-29,,254833.0,SPG,SIMON PROPERTY GROUP INC NEW,6798.0
82880610,51.6,50.35,2009-04-30,,255210.0,SPG,SIMON PROPERTY GROUP INC NEW,6798.0
82880610,47.46,50.02,2009-05-01,,255210.0,SPG,SIMON PROPERTY GROUP INC NEW,6798.0
82880610,51.88,48.37,2009-05-04,,255210.0,SPG,SIMON PROPERTY GROUP INC NEW,6798.0
82880610,50.12,51.24,2009-05-05,,255210.0,SPG,SIMON PROPERTY GROUP INC NEW,6798.0
82880610,54.84,51.38,2009-05-06,,255210.0,SPG,SIMON PROPERTY GROUP INC NEW,6798.0
82880610,52.05,52.75,2009-05-07,,255210.0,SPG,SIMON PROPERTY GROUP INC NEW,6798.0
82880610,53.93,53.35,2009-05-08,,255210.0,SPG,SIMON PROPERTY GROUP INC NEW,6798.0
82880610,51.98,52.29,2009-05-11,,255210.0,SPG,SIMON PROPERTY GROUP INC NEW,6798.0
82880610,51.41,52.71,2009-05-12,,255210.0,SPG,SIMON PROPERTY GROUP INC NEW,6798.0
82880610,48.08,49.62,2009-05-13,,255210.0,SPG,SIMON PROPERTY GROUP INC NEW,6798.0
82880610,50.05,48.07,2009-05-14,,255210.0,SPG,SIMON PROPERTY GROUP INC NEW,6798.0
82880610,46.92,49.11,2009-05-15,,255210.0,SPG,SIMON PROPERTY GROUP INC NEW,6798.0
82880610,51.49,47.57,2009-05-18,,255210.0,SPG,SIMON PROPERTY GROUP INC NEW,6798.0
82880610,50.49,51.03,2009-05-19,,255210.0,SPG,SIMON PROPERTY GROUP INC NEW,6798.0
82880610,49.96,51.52,2009-05-20,,255210.0,SPG,SIMON PROPERTY GROUP INC NEW,6798.0
82880610,49.6,48.95,2009-05-21,,255210.0,SPG,SIMON PROPERTY GROUP INC NEW,6798.0
82880610,48.45,49.56,2009-05-22,,255210.0,SPG,SIMON PROPERTY GROUP INC NEW,6798.0
82880610,51.32,48.44,2009-05-26,,255210.0,SPG,SIMON PROPERTY GROUP INC NEW,6798.0
82880610,49.97,51.44,2009-05-27,,255210.0,SPG,SIMON PROPERTY GROUP INC NEW,6798.0
82880610,51.79,50.28,2009-05-28,,255210.0,SPG,SIMON PROPERTY GROUP INC NEW,6798.0
82880610,53.47,52.01,2009-05-29,,278221.0,SPG,SIMON PROPERTY GROUP INC NEW,6798.0
82880610,56.39,54.26,2009-06-01,,278221.0,SPG,SIMON PROPERTY GROUP INC NEW,6798.0
82880610,54.24,56.1,2009-06-02,,278221.0,SPG,SIMON PROPERTY GROUP INC NEW,6798.0
82880610,53.99,54.02,2009-06-03,,278221.0,SPG,SIMON PROPERTY GROUP INC NEW,6798.0
82880610,54.59,54.31,2009-06-04,,278221.0,SPG,SIMON PROPERTY GROUP INC NEW,6798.0
82880610,53.51,55.49,2009-06-05,,278221.0,SPG,SIMON PROPERTY GROUP INC NEW,6798.0
82880610,53.87,53.1,2009-06-08,,278221.0,SPG,SIMON PROPERTY GROUP INC NEW,6798.0
82880610,53.37,54.27,2009-06-09,,278221.0,SPG,SIMON PROPERTY GROUP INC NEW,6798.0
82880610,52.6,53.84,2009-06-10,,278221.0,SPG,SIMON PROPERTY GROUP INC NEW,6798.0
82880610,52.14,52.87,2009-06-11,,278221.0,SPG,SIMON PROPERTY GROUP INC NEW,6798.0
82880610,54.13,52.7,2009-06-12,,278221.0,SPG,SIMON PROPERTY GROUP INC NEW,6798.0
82880610,51.92,53.53,2009-06-15,,278221.0,SPG,SIMON PROPERTY GROUP INC NEW,6798.0
82880610,51.35,52.33,2009-06-16,,278221.0,SPG,SIMON PROPERTY GROUP INC NEW,6798.0
82880610,50.34,51.12,2009-06-17,,278221.0,SPG,SIMON PROPERTY GROUP INC NEW,6798.0
82880610,51.22,50.37,2009-06-18,,278221.0,SPG,SIMON PROPERTY GROUP INC NEW,6798.0
82880610,52.92,52.26,2009-06-19,,278221.0,SPG,SIMON PROPERTY GROUP INC NEW,6798.0
82880610,49.12,51.68,2009-06-22,,278221.0,SPG,SIMON PROPERTY GROUP INC NEW,6798.0
82880610,49.95,49.67,2009-06-23,,278221.0,SPG,SIMON PROPERTY GROUP INC NEW,6798.0
82880610,50.58,50.39,2009-06-24,,278221.0,SPG,SIMON PROPERTY GROUP INC NEW,6798.0
82880610,51.53,50.15,2009-06-25,,278221.0,SPG,SIMON PROPERTY GROUP INC NEW,6798.0
82880610,51.92,51.28,2009-06-26,,278221.0,SPG,SIMON PROPERTY GROUP INC NEW,6798.0
82880610,51.42,51.93,2009-06-29,,278221.0,SPG,SIMON PROPERTY GROUP INC NEW,6798.0
82880610,51.43,51.4,2009-06-30,,280935.0,SPG,SIMON PROPERTY GROUP INC NEW,6798.0
82880610,51.35,51.72,2009-07-01,,280935.0,SPG,SIMON PROPERTY GROUP INC NEW,6798.0
82880610,48.32,50.54,2009-07-02,,280935.0,SPG,SIMON PROPERTY GROUP INC NEW,6798.0
82880610,50.05,48.25,2009-07-06,,280935.0,SPG,SIMON PROPERTY GROUP INC NEW,6798.0
82880610,47.56,49.84,2009-07-07,,280935.0,SPG,SIMON PROPERTY GROUP INC NEW,6798.0
82880610,47.57,48.0,2009-07-08,,280935.0,SPG,SIMON PROPERTY GROUP INC NEW,6798.0
82880610,46.41,48.0,2009-07-09,,280935.0,SPG,SIMON PROPERTY GROUP INC NEW,6798.0
82880610,46.24,46.01,2009-07-10,,280935.0,SPG,SIMON PROPERTY GROUP INC NEW,6798.0
82880610,48.69,46.77,2009-07-13,,280935.0,SPG,SIMON PROPERTY GROUP INC NEW,6798.0
82880610,49.72,48.55,2009-07-14,,280935.0,SPG,SIMON PROPERTY GROUP INC NEW,6798.0
82880610,50.7,50.41,2009-07-15,,280935.0,SPG,SIMON PROPERTY GROUP INC NEW,6798.0
82880610,51.58,50.49,2009-07-16,,280935.0,SPG,SIMON PROPERTY GROUP INC NEW,6798.0
82880610,49.96,51.19,2009-07-17,,280935.0,SPG,SIMON PROPERTY GROUP INC NEW,6798.0
82880610,51.94,50.25,2009-07-20,,280935.0,SPG,SIMON PROPERTY GROUP INC NEW,6798.0
82880610,51.81,52.55,2009-07-21,,280935.0,SPG,SIMON PROPERTY GROUP INC NEW,6798.0
82880610,52.21,51.24,2009-07-22,,280935.0,SPG,SIMON PROPERTY GROUP INC NEW,6798.0
82880610,53.98,52.24,2009-07-23,,280935.0,SPG,SIMON PROPERTY GROUP INC NEW,6798.0
82880610,53.67,53.43,2009-07-24,,280935.0,SPG,SIMON PROPERTY GROUP INC NEW,6798.0
82880610,55.05,53.59,2009-07-27,,280935.0,SPG,SIMON PROPERTY GROUP INC NEW,6798.0
82880610,54.57,54.63,2009-07-28,,280935.0,SPG,SIMON PROPERTY GROUP INC NEW,6798.0
82880610,54.09,54.11,2009-07-29,,280935.0,SPG,SIMON PROPERTY GROUP INC NEW,6798.0
82880610,56.13,54.76,2009-07-30,,280935.0,SPG,SIMON PROPERTY GROUP INC NEW,6798.0
82880610,55.72,55.25,2009-07-31,,281072.0,SPG,SIMON PROPERTY GROUP INC NEW,6798.0
82880610,57.0,56.83,2009-08-03,,281072.0,SPG,SIMON PROPERTY GROUP INC NEW,6798.0
82880610,60.91,56.36,2009-08-04,,281072.0,SPG,SIMON PROPERTY GROUP INC NEW,6798.0
82880610,62.99,60.15,2009-08-05,,281072.0,SPG,SIMON PROPERTY GROUP INC NEW,6798.0
82880610,62.9,63.4,2009-08-06,,281072.0,SPG,SIMON PROPERTY GROUP INC NEW,6798.0
82880610,66.67,63.82,2009-08-07,,281072.0,SPG,SIMON PROPERTY GROUP INC NEW,6798.0
82880610,64.5,66.41,2009-08-10,,281072.0,SPG,SIMON PROPERTY GROUP INC NEW,6798.0
82880610,62.44,63.85,2009-08-11,,281072.0,SPG,SIMON PROPERTY GROUP INC NEW,6798.0
82880610,63.1,62.1,2009-08-12,,281072.0,SPG,SIMON PROPERTY GROUP INC NEW,6798.0
82880610,63.23,63.24,2009-08-13,,281072.0,SPG,SIMON PROPERTY GROUP INC NEW,6798.0
82880610,62.69,62.82,2009-08-14,,281072.0,SPG,SIMON PROPERTY GROUP INC NEW,6798.0
82880610,58.12,60.87,2009-08-17,,281072.0,SPG,SIMON PROPERTY GROUP INC NEW,6798.0
82880610,59.3,58.48,2009-08-18,,281072.0,SPG,SIMON PROPERTY GROUP INC NEW,6798.0
82880610,58.39,57.68,2009-08-19,,281072.0,SPG,SIMON PROPERTY GROUP INC NEW,6798.0
82880610,61.04,58.64,2009-08-20,,281072.0,SPG,SIMON PROPERTY GROUP INC NEW,6798.0
82880610,62.21,62.01,2009-08-21,,281072.0,SPG,SIMON PROPERTY GROUP INC NEW,6798.0
82880610,61.31,62.32,2009-08-24,,281072.0,SPG,SIMON PROPERTY GROUP INC NEW,6798.0
82880610,62.18,61.92,2009-08-25,,281072.0,SPG,SIMON PROPERTY GROUP INC NEW,6798.0
82880610,63.35,62.09,2009-08-26,,281072.0,SPG,SIMON PROPERTY GROUP INC NEW,6798.0
82880610,63.87,62.99,2009-08-27,,281072.0,SPG,SIMON PROPERTY GROUP INC NEW,6798.0
82880610,64.77,64.34,2009-08-28,,281072.0,SPG,SIMON PROPERTY GROUP INC NEW,6798.0
82880610,63.62,63.94,2009-08-31,,281165.0,SPG,SIMON PROPERTY GROUP INC NEW,6798.0
82880610,60.17,63.18,2009-09-01,,281165.0,SPG,SIMON PROPERTY GROUP INC NEW,6798.0
82880610,58.88,59.62,2009-09-02,,281165.0,SPG,SIMON PROPERTY GROUP INC NEW,6798.0
82880610,59.79,59.99,2009-09-03,,281165.0,SPG,SIMON PROPERTY GROUP INC NEW,6798.0
82880610,61.16,59.87,2009-09-04,,281165.0,SPG,SIMON PROPERTY GROUP INC NEW,6798.0
82880610,64.52,61.96,2009-09-08,,281165.0,SPG,SIMON PROPERTY GROUP INC NEW,6798.0
82880610,66.04,64.44,2009-09-09,,281165.0,SPG,SIMON PROPERTY GROUP INC NEW,6798.0
82880610,67.43,65.56,2009-09-10,,281165.0,SPG,SIMON PROPERTY GROUP INC NEW,6798.0
82880610,67.33,67.77,2009-09-11,,281165.0,SPG,SIMON PROPERTY GROUP INC NEW,6798.0
82880610,69.12,66.84,2009-09-14,,281165.0,SPG,SIMON PROPERTY GROUP INC NEW,6798.0
82880610,70.25,69.63,2009-09-15,,281165.0,SPG,SIMON PROPERTY GROUP INC NEW,6798.0
82880610,73.36,70.7,2009-09-16,,281165.0,SPG,SIMON PROPERTY GROUP INC NEW,6798.0
82880610,72.85,73.13,2009-09-17,,281165.0,SPG,SIMON PROPERTY GROUP INC NEW,6798.0
82880610,73.97,73.08,2009-09-18,,281165.0,SPG,SIMON PROPERTY GROUP INC NEW,6798.0
82880610,71.79,72.8,2009-09-21,,281165.0,SPG,SIMON PROPERTY GROUP INC NEW,6798.0
82880610,73.41,72.44,2009-09-22,,281165.0,SPG,SIMON PROPERTY GROUP INC NEW,6798.0
82880610,69.98,73.5,2009-09-23,,281165.0,SPG,SIMON PROPERTY GROUP INC NEW,6798.0
82880610,67.29,70.02,2009-09-24,,281165.0,SPG,SIMON PROPERTY GROUP INC NEW,6798.0
82880610,68.03,66.97,2009-09-25,,281165.0,SPG,SIMON PROPERTY GROUP INC NEW,6798.0
82880610,71.65,68.86,2009-09-28,,281165.0,SPG,SIMON PROPERTY GROUP INC NEW,6798.0
82880610,69.32,71.67,2009-09-29,,281165.0,SPG,SIMON PROPERTY GROUP INC NEW,6798.0
82880610,69.43,69.85,2009-09-30,,281168.0,SPG,SIMON PROPERTY GROUP INC NEW,6798.0
82880610,66.07,68.57,2009-10-01,,281168.0,SPG,SIMON PROPERTY GROUP INC NEW,6798.0
82880610,66.03,65.1,2009-10-02,,281168.0,SPG,SIMON PROPERTY GROUP INC NEW,6798.0
82880610,67.61,66.22,2009-10-05,,281168.0,SPG,SIMON PROPERTY GROUP INC NEW,6798.0
82880610,68.26,68.34,2009-10-06,,281168.0,SPG,SIMON PROPERTY GROUP INC NEW,6798.0
82880610,68.07,67.88,2009-10-07,,281168.0,SPG,SIMON PROPERTY GROUP INC NEW,6798.0
82880610,68.88,68.39,2009-10-08,,281168.0,SPG,SIMON PROPERTY GROUP INC NEW,6798.0
82880610,69.4,68.58,2009-10-09,,281168.0,SPG,SIMON PROPERTY GROUP INC NEW,6798.0
82880610,69.07,69.62,2009-10-12,,281168.0,SPG,SIMON PROPERTY GROUP INC NEW,6798.0
82880610,67.35,68.62,2009-10-13,,281168.0,SPG,SIMON PROPERTY GROUP INC NEW,6798.0
82880610,70.39,68.04,2009-10-14,,281168.0,SPG,SIMON PROPERTY GROUP INC NEW,6798.0
82880610,70.06,69.8,2009-10-15,,281168.0,SPG,SIMON PROPERTY GROUP INC NEW,6798.0
82880610,67.46,69.31,2009-10-16,,281168.0,SPG,SIMON PROPERTY GROUP INC NEW,6798.0
82880610,69.18,67.72,2009-10-19,,281168.0,SPG,SIMON PROPERTY GROUP INC NEW,6798.0
82880610,68.52,68.97,2009-10-20,,281168.0,SPG,SIMON PROPERTY GROUP INC NEW,6798.0
82880610,68.2,68.44,2009-10-21,,281168.0,SPG,SIMON PROPERTY GROUP INC NEW,6798.0
82880610,69.99,67.98,2009-10-22,,281168.0,SPG,SIMON PROPERTY GROUP INC NEW,6798.0
82880610,68.84,70.26,2009-10-23,,281168.0,SPG,SIMON PROPERTY GROUP INC NEW,6798.0
82880610,68.8,68.97,2009-10-26,,281168.0,SPG,SIMON PROPERTY GROUP INC NEW,6798.0
82880610,67.35,68.54,2009-10-27,,281168.0,SPG,SIMON PROPERTY GROUP INC NEW,6798.0
82880610,64.4,66.99,2009-10-28,,281168.0,SPG,SIMON PROPERTY GROUP INC NEW,6798.0
82880610,68.17,65.45,2009-10-29,,281168.0,SPG,SIMON PROPERTY GROUP INC NEW,6798.0
82880610,67.89,67.62,2009-10-30,,283309.0,SPG,SIMON PROPERTY GROUP INC NEW,6798.0
82880610,68.37,68.26,2009-11-02,,283309.0,SPG,SIMON PROPERTY GROUP INC NEW,6798.0
82880610,69.11,67.57,2009-11-03,,283309.0,SPG,SIMON PROPERTY GROUP INC NEW,6798.0
82880610,67.56,69.74,2009-11-04,,283309.0,SPG,SIMON PROPERTY GROUP INC NEW,6798.0
82880610,69.35,67.94,2009-11-05,,283309.0,SPG,SIMON PROPERTY GROUP INC NEW,6798.0
82880610,68.22,68.59,2009-11-06,,283309.0,SPG,SIMON PROPERTY GROUP INC NEW,6798.0
82880610,71.72,69.16,2009-11-09,,283309.0,SPG,SIMON PROPERTY GROUP INC NEW,6798.0
82880610,70.63,71.38,2009-11-10,,283309.0,SPG,SIMON PROPERTY GROUP INC NEW,6798.0
82880610,72.66,71.38,2009-11-11,,283309.0,SPG,SIMON PROPERTY GROUP INC NEW,6798.0
82880610,71.71,72.21,2009-11-12,,283309.0,SPG,SIMON PROPERTY GROUP INC NEW,6798.0
82880610,72.29,71.73,2009-11-13,,283309.0,SPG,SIMON PROPERTY GROUP INC NEW,6798.0
82880610,73.67,72.98,2009-11-16,,283309.0,SPG,SIMON PROPERTY GROUP INC NEW,6798.0
82880610,72.18,73.23,2009-11-17,,283309.0,SPG,SIMON PROPERTY GROUP INC NEW,6798.0
82880610,75.58,72.41,2009-11-18,,283309.0,SPG,SIMON PROPERTY GROUP INC NEW,6798.0
82880610,73.91,75.12,2009-11-19,,283309.0,SPG,SIMON PROPERTY GROUP INC NEW,6798.0
82880610,72.56,73.53,2009-11-20,,283309.0,SPG,SIMON PROPERTY GROUP INC NEW,6798.0
82880610,74.27,74.0,2009-11-23,,283309.0,SPG,SIMON PROPERTY GROUP INC NEW,6798.0
82880610,72.17,74.32,2009-11-24,,283309.0,SPG,SIMON PROPERTY GROUP INC NEW,6798.0
82880610,72.22,72.27,2009-11-25,,283309.0,SPG,SIMON PROPERTY GROUP INC NEW,6798.0
82880610,69.73,70.33,2009-11-27,,283309.0,SPG,SIMON PROPERTY GROUP INC NEW,6798.0
82880610,72.66,70.06,2009-11-30,,283624.0,SPG,SIMON PROPERTY GROUP INC NEW,6798.0
82880610,73.83,73.3,2009-12-01,,283624.0,SPG,SIMON PROPERTY GROUP INC NEW,6798.0
82880610,75.12,73.86,2009-12-02,,283624.0,SPG,SIMON PROPERTY GROUP INC NEW,6798.0
82880610,74.18,74.85,2009-12-03,,283624.0,SPG,SIMON PROPERTY GROUP INC NEW,6798.0
82880610,75.8,75.28,2009-12-04,,283624.0,SPG,SIMON PROPERTY GROUP INC NEW,6798.0
82880610,73.9,75.21,2009-12-07,,283624.0,SPG,SIMON PROPERTY GROUP INC NEW,6798.0
82880610,74.68,73.76,2009-12-08,,283624.0,SPG,SIMON PROPERTY GROUP INC NEW,6798.0
82880610,75.08,74.69,2009-12-09,,283624.0,SPG,SIMON PROPERTY GROUP INC NEW,6798.0
82880610,75.54,75.14,2009-12-10,,283624.0,SPG,SIMON PROPERTY GROUP INC NEW,6798.0
82880610,76.75,75.71,2009-12-11,,283624.0,SPG,SIMON PROPERTY GROUP INC NEW,6798.0
82880610,77.85,77.2,2009-12-14,,283624.0,SPG,SIMON PROPERTY GROUP INC NEW,6798.0
82880610,76.82,77.15,2009-12-15,,283624.0,SPG,SIMON PROPERTY GROUP INC NEW,6798.0
82880610,76.82,76.91,2009-12-16,,283624.0,SPG,SIMON PROPERTY GROUP INC NEW,6798.0
82880610,76.71,76.35,2009-12-17,,283624.0,SPG,SIMON PROPERTY GROUP INC NEW,6798.0
82880610,77.78,76.86,2009-12-18,,283624.0,SPG,SIMON PROPERTY GROUP INC NEW,6798.0
82880610,79.4,77.89,2009-12-21,,283624.0,SPG,SIMON PROPERTY GROUP INC NEW,6798.0
82880610,79.85,79.2,2009-12-22,,283624.0,SPG,SIMON PROPERTY GROUP INC NEW,6798.0
82880610,81.16,79.89,2009-12-23,,283624.0,SPG,SIMON PROPERTY GROUP INC NEW,6798.0
82880610,82.74,81.55,2009-12-24,,283624.0,SPG,SIMON PROPERTY GROUP INC NEW,6798.0
82880610,83.04,82.91,2009-12-28,,283624.0,SPG,SIMON PROPERTY GROUP INC NEW,6798.0
82880610,82.04,83.23,2009-12-29,,283624.0,SPG,SIMON PROPERTY GROUP INC NEW,6798.0
82880610,81.47,81.83,2009-12-30,,283624.0,SPG,SIMON PROPERTY GROUP INC NEW,6798.0
82880610,79.8,81.66,2009-12-31,,283708.0,SPG,SIMON PROPERTY GROUP INC NEW,6798.0
82880610,78.92,80.49,2010-01-04,,283708.0,SPG,SIMON PROPERTY GROUP INC NEW,6798.0
82880610,78.38,79.01,2010-01-05,,283708.0,SPG,SIMON PROPERTY GROUP INC NEW,6798.0
82880610,77.5,78.12,2010-01-06,,283708.0,SPG,SIMON PROPERTY GROUP INC NEW,6798.0
82880610,78.51,77.63,2010-01-07,,283708.0,SPG,SIMON PROPERTY GROUP INC NEW,6798.0
82880610,76.63,78.25,2010-01-08,,283708.0,SPG,SIMON PROPERTY GROUP INC NEW,6798.0
82880610,76.7,76.99,2010-01-11,,283708.0,SPG,SIMON PROPERTY GROUP INC NEW,6798.0
82880610,75.19,76.2,2010-01-12,,283708.0,SPG,SIMON PROPERTY GROUP INC NEW,6798.0
82880610,75.95,75.11,2010-01-13,,283708.0,SPG,SIMON PROPERTY GROUP INC NEW,6798.0
82880610,76.29,75.62,2010-01-14,,283708.0,SPG,SIMON PROPERTY GROUP INC NEW,6798.0
82880610,74.89,75.8,2010-01-15,,283708.0,SPG,SIMON PROPERTY GROUP INC NEW,6798.0
82880610,76.66,74.76,2010-01-19,,283708.0,SPG,SIMON PROPERTY GROUP INC NEW,6798.0
82880610,74.88,75.9,2010-01-20,,283708.0,SPG,SIMON PROPERTY GROUP INC NEW,6798.0
82880610,72.51,74.92,2010-01-21,,283708.0,SPG,SIMON PROPERTY GROUP INC NEW,6798.0
82880610,70.59,72.52,2010-01-22,,283708.0,SPG,SIMON PROPERTY GROUP INC NEW,6798.0
82880610,72.1,71.42,2010-01-25,,283708.0,SPG,SIMON PROPERTY GROUP INC NEW,6798.0
82880610,71.81,71.66,2010-01-26,,283708.0,SPG,SIMON PROPERTY GROUP INC NEW,6798.0
82880610,72.4,71.86,2010-01-27,,283708.0,SPG,SIMON PROPERTY GROUP INC NEW,6798.0
82880610,72.08,72.85,2010-01-28,,283708.0,SPG,SIMON PROPERTY GROUP INC NEW,6798.0
82880610,72.0,72.3,2010-01-29,,285752.0,SPG,SIMON PROPERTY GROUP INC NEW,6798.0
82880610,73.57,72.37,2010-02-01,,285752.0,SPG,SIMON PROPERTY GROUP INC NEW,6798.0
82880610,74.47,73.82,2010-02-02,,285752.0,SPG,SIMON PROPERTY GROUP INC NEW,6798.0
82880610,72.8,74.13,2010-02-03,,285752.0,SPG,SIMON PROPERTY GROUP INC NEW,6798.0
82880610,69.45,72.5,2010-02-04,,285752.0,SPG,SIMON PROPERTY GROUP INC NEW,6798.0
82880610,73.36,70.26,2010-02-05,,285752.0,SPG,SIMON PROPERTY GROUP INC NEW,6798.0
82880610,70.72,72.95,2010-02-08,,285752.0,SPG,SIMON PROPERTY GROUP INC NEW,6798.0
82880610,70.59,71.43,2010-02-09,,285752.0,SPG,SIMON PROPERTY GROUP INC NEW,6798.0
82880610,70.27,70.48,2010-02-10,,285752.0,SPG,SIMON PROPERTY GROUP INC NEW,6798.0
82880610,71.27,69.51,2010-02-11,,285752.0,SPG,SIMON PROPERTY GROUP INC NEW,6798.0
82880610,72.0,70.56,2010-02-12,,285752.0,SPG,SIMON PROPERTY GROUP INC NEW,6798.0
82880610,74.82,72.94,2010-02-16,,285752.0,SPG,SIMON PROPERTY GROUP INC NEW,6798.0
82880610,75.85,74.84,2010-02-17,,285752.0,SPG,SIMON PROPERTY GROUP INC NEW,6798.0
82880610,77.22,75.48,2010-02-18,,285752.0,SPG,SIMON PROPERTY GROUP INC NEW,6798.0
82880610,77.72,76.95,2010-02-19,,285752.0,SPG,SIMON PROPERTY GROUP INC NEW,6798.0
82880610,78.64,77.91,2010-02-22,,285752.0,SPG,SIMON PROPERTY GROUP INC NEW,6798.0
82880610,77.91,78.06,2010-02-23,,285752.0,SPG,SIMON PROPERTY GROUP INC NEW,6798.0
82880610,77.53,77.99,2010-02-24,,285752.0,SPG,SIMON PROPERTY GROUP INC NEW,6798.0
82880610,78.51,77.2,2010-02-25,,285752.0,SPG,SIMON PROPERTY GROUP INC NEW,6798.0
82880610,78.29,78.32,2010-02-26,,289977.0,SPG,SIMON PROPERTY GROUP INC NEW,6798.0
82880610,78.4,78.9,2010-03-01,,289977.0,SPG,SIMON PROPERTY GROUP INC NEW,6798.0
82880610,78.01,78.65,2010-03-02,,289977.0,SPG,SIMON PROPERTY GROUP INC NEW,6798.0
82880610,77.46,77.94,2010-03-03,,289977.0,SPG,SIMON PROPERTY GROUP INC NEW,6798.0
82880610,77.61,77.8,2010-03-04,,289977.0,SPG,SIMON PROPERTY GROUP INC NEW,6798.0
82880610,79.43,77.94,2010-03-05,,289977.0,SPG,SIMON PROPERTY GROUP INC NEW,6798.0
82880610,79.79,79.42,2010-03-08,,289977.0,SPG,SIMON PROPERTY GROUP INC NEW,6798.0
82880610,80.82,79.52,2010-03-09,,289977.0,SPG,SIMON PROPERTY GROUP INC NEW,6798.0
82880610,80.77,81.14,2010-03-10,,289977.0,SPG,SIMON PROPERTY GROUP INC NEW,6798.0
82880610,80.94,80.5,2010-03-11,,289977.0,SPG,SIMON PROPERTY GROUP INC NEW,6798.0
82880610,82.08,81.33,2010-03-12,,289977.0,SPG,SIMON PROPERTY GROUP INC NEW,6798.0
82880610,81.88,81.68,2010-03-15,,289977.0,SPG,SIMON PROPERTY GROUP INC NEW,6798.0
82880610,84.18,81.99,2010-03-16,,289977.0,SPG,SIMON PROPERTY GROUP INC NEW,6798.0
82880610,85.65,84.4,2010-03-17,,289977.0,SPG,SIMON PROPERTY GROUP INC NEW,6798.0
82880610,84.56,85.67,2010-03-18,,289977.0,SPG,SIMON PROPERTY GROUP INC NEW,6798.0
82880610,83.54,84.87,2010-03-19,,289977.0,SPG,SIMON PROPERTY GROUP INC NEW,6798.0
82880610,84.97,83.06,2010-03-22,,289977.0,SPG,SIMON PROPERTY GROUP INC NEW,6798.0
82880610,84.43,84.96,2010-03-23,,289977.0,SPG,SIMON PROPERTY GROUP INC NEW,6798.0
82880610,84.51,84.16,2010-03-24,,289977.0,SPG,SIMON PROPERTY GROUP INC NEW,6798.0
82880610,85.53,85.2,2010-03-25,,289977.0,SPG,SIMON PROPERTY GROUP INC NEW,6798.0
82880610,85.01,85.92,2010-03-26,,289977.0,SPG,SIMON PROPERTY GROUP INC NEW,6798.0
82880610,85.15,85.21,2010-03-29,,289977.0,SPG,SIMON PROPERTY GROUP INC NEW,6798.0
82880610,85.16,84.92,2010-03-30,,289977.0,SPG,SIMON PROPERTY GROUP INC NEW,6798.0
82880610,83.9,84.6,2010-03-31,,285898.0,SPG,SIMON PROPERTY GROUP INC NEW,6798.0
82880610,84.47,84.23,2010-04-01,,285898.0,SPG,SIMON PROPERTY GROUP INC NEW,6798.0
82880610,86.14,84.98,2010-04-05,,285898.0,SPG,SIMON PROPERTY GROUP INC NEW,6798.0
82880610,87.71,85.78,2010-04-06,,285898.0,SPG,SIMON PROPERTY GROUP INC NEW,6798.0
82880610,84.53,87.37,2010-04-07,,285898.0,SPG,SIMON PROPERTY GROUP INC NEW,6798.0
82880610,84.73,84.29,2010-04-08,,285898.0,SPG,SIMON PROPERTY GROUP INC NEW,6798.0
82880610,86.09,85.005,2010-04-09,,285898.0,SPG,SIMON PROPERTY GROUP INC NEW,6798.0
82880610,85.03,86.04,2010-04-12,,285898.0,SPG,SIMON PROPERTY GROUP INC NEW,6798.0
82880610,88.18,85.02,2010-04-13,,285898.0,SPG,SIMON PROPERTY GROUP INC NEW,6798.0
82880610,87.95,88.31,2010-04-14,,285898.0,SPG,SIMON PROPERTY GROUP INC NEW,6798.0
82880610,85.03,87.49,2010-04-15,,285898.0,SPG,SIMON PROPERTY GROUP INC NEW,6798.0
82880610,82.27,84.85,2010-04-16,,285898.0,SPG,SIMON PROPERTY GROUP INC NEW,6798.0
82880610,82.9,81.72,2010-04-19,,285898.0,SPG,SIMON PROPERTY GROUP INC NEW,6798.0
82880610,84.66,83.51,2010-04-20,,285898.0,SPG,SIMON PROPERTY GROUP INC NEW,6798.0
82880610,86.99,84.59,2010-04-21,,285898.0,SPG,SIMON PROPERTY GROUP INC NEW,6798.0
82880610,88.39,86.1,2010-04-22,,285898.0,SPG,SIMON PROPERTY GROUP INC NEW,6798.0
82880610,89.56,88.71,2010-04-23,,285898.0,SPG,SIMON PROPERTY GROUP INC NEW,6798.0
82880610,90.59,89.57,2010-04-26,,285898.0,SPG,SIMON PROPERTY GROUP INC NEW,6798.0
82880610,87.48,89.95,2010-04-27,,285898.0,SPG,SIMON PROPERTY GROUP INC NEW,6798.0
82880610,87.63,88.34,2010-04-28,,285898.0,SPG,SIMON PROPERTY GROUP INC NEW,6798.0
82880610,92.42,88.47,2010-04-29,,285898.0,SPG,SIMON PROPERTY GROUP INC NEW,6798.0
82880610,89.02,91.61,2010-04-30,,292690.0,SPG,SIMON PROPERTY GROUP INC NEW,6798.0
82880610,92.78,89.92,2010-05-03,,292690.0,SPG,SIMON PROPERTY GROUP INC NEW,6798.0
82880610,90.09,91.96,2010-05-04,,292690.0,SPG,SIMON PROPERTY GROUP INC NEW,6798.0
82880610,88.48,89.51,2010-05-05,,292690.0,SPG,SIMON PROPERTY GROUP INC NEW,6798.0
82880610,84.88,87.97,2010-05-06,,292690.0,SPG,SIMON PROPERTY GROUP INC NEW,6798.0
82880610,85.68,85.22,2010-05-07,,292690.0,SPG,SIMON PROPERTY GROUP INC NEW,6798.0
82880610,90.33,88.77,2010-05-10,,292690.0,SPG,SIMON PROPERTY GROUP INC NEW,6798.0
82880610,90.62,89.3,2010-05-11,,292690.0,SPG,SIMON PROPERTY GROUP INC NEW,6798.0
82880610,91.31,90.8,2010-05-12,,292690.0,SPG,SIMON PROPERTY GROUP INC NEW,6798.0
82880610,89.69,91.16,2010-05-13,,292690.0,SPG,SIMON PROPERTY GROUP INC NEW,6798.0
82880610,86.7,88.78,2010-05-14,,292690.0,SPG,SIMON PROPERTY GROUP INC NEW,6798.0
82880610,86.69,87.0,2010-05-17,,292690.0,SPG,SIMON PROPERTY GROUP INC NEW,6798.0
82880610,84.17,87.81,2010-05-18,,292690.0,SPG,SIMON PROPERTY GROUP INC NEW,6798.0
82880610,83.29,83.53,2010-05-19,,292690.0,SPG,SIMON PROPERTY GROUP INC NEW,6798.0
82880610,81.09,81.6,2010-05-20,,292690.0,SPG,SIMON PROPERTY GROUP INC NEW,6798.0
82880610,84.04,79.77,2010-05-21,,292690.0,SPG,SIMON PROPERTY GROUP INC NEW,6798.0
82880610,81.75,84.35,2010-05-24,,292690.0,SPG,SIMON PROPERTY GROUP INC NEW,6798.0
82880610,82.66,80.62,2010-05-25,,292690.0,SPG,SIMON PROPERTY GROUP INC NEW,6798.0
82880610,81.98,83.82,2010-05-26,,292690.0,SPG,SIMON PROPERTY GROUP INC NEW,6798.0
82880610,86.43,83.79,2010-05-27,,292690.0,SPG,SIMON PROPERTY GROUP INC NEW,6798.0
82880610,85.03,86.47,2010-05-28,,292718.0,SPG,SIMON PROPERTY GROUP INC NEW,6798.0
82880610,84.81,84.14,2010-06-01,,292718.0,SPG,SIMON PROPERTY GROUP INC NEW,6798.0
82880610,86.59,85.36,2010-06-02,,292718.0,SPG,SIMON PROPERTY GROUP INC NEW,6798.0
82880610,86.13,86.43,2010-06-03,,292718.0,SPG,SIMON PROPERTY GROUP INC NEW,6798.0
82880610,81.5,84.35,2010-06-04,,292718.0,SPG,SIMON PROPERTY GROUP INC NEW,6798.0
82880610,80.97,82.0,2010-06-07,,292718.0,SPG,SIMON PROPERTY GROUP INC NEW,6798.0
82880610,82.17,81.61,2010-06-08,,292718.0,SPG,SIMON PROPERTY GROUP INC NEW,6798.0
82880610,82.19,82.92,2010-06-09,,292718.0,SPG,SIMON PROPERTY GROUP INC NEW,6798.0
82880610,85.82,83.32,2010-06-10,,292718.0,SPG,SIMON PROPERTY GROUP INC NEW,6798.0
82880610,87.08,84.68,2010-06-11,,292718.0,SPG,SIMON PROPERTY GROUP INC NEW,6798.0
82880610,88.41,87.76,2010-06-14,,292718.0,SPG,SIMON PROPERTY GROUP INC NEW,6798.0
82880610,90.46,88.54,2010-06-15,,292718.0,SPG,SIMON PROPERTY GROUP INC NEW,6798.0
82880610,89.45,89.89,2010-06-16,,292718.0,SPG,SIMON PROPERTY GROUP INC NEW,6798.0
82880610,88.99,89.66,2010-06-17,,292718.0,SPG,SIMON PROPERTY GROUP INC NEW,6798.0
82880610,89.41,89.3,2010-06-18,,292718.0,SPG,SIMON PROPERTY GROUP INC NEW,6798.0
82880610,88.86,90.56,2010-06-21,,292718.0,SPG,SIMON PROPERTY GROUP INC NEW,6798.0
82880610,85.59,89.2,2010-06-22,,292718.0,SPG,SIMON PROPERTY GROUP INC NEW,6798.0
82880610,86.14,85.56,2010-06-23,,292718.0,SPG,SIMON PROPERTY GROUP INC NEW,6798.0
82880610,83.97,85.43,2010-06-24,,292718.0,SPG,SIMON PROPERTY GROUP INC NEW,6798.0
82880610,86.52,84.89,2010-06-25,,292718.0,SPG,SIMON PROPERTY GROUP INC NEW,6798.0
82880610,84.97,86.78,2010-06-28,,292718.0,SPG,SIMON PROPERTY GROUP INC NEW,6798.0
82880610,81.82,83.73,2010-06-29,,292718.0,SPG,SIMON PROPERTY GROUP INC NEW,6798.0
82880610,80.75,81.83,2010-06-30,,292814.0,SPG,SIMON PROPERTY GROUP INC NEW,6798.0
82880610,81.05,80.92,2010-07-01,,292814.0,SPG,SIMON PROPERTY GROUP INC NEW,6798.0
82880610,79.08,81.63,2010-07-02,,292814.0,SPG,SIMON PROPERTY GROUP INC NEW,6798.0
82880610,77.28,80.71,2010-07-06,,292814.0,SPG,SIMON PROPERTY GROUP INC NEW,6798.0
82880610,81.24,77.8,2010-07-07,,292814.0,SPG,SIMON PROPERTY GROUP INC NEW,6798.0
82880610,81.71,82.24,2010-07-08,,292814.0,SPG,SIMON PROPERTY GROUP INC NEW,6798.0
82880610,82.66,81.86,2010-07-09,,292814.0,SPG,SIMON PROPERTY GROUP INC NEW,6798.0
82880610,82.96,82.58,2010-07-12,,292814.0,SPG,SIMON PROPERTY GROUP INC NEW,6798.0
82880610,85.07,84.11,2010-07-13,,292814.0,SPG,SIMON PROPERTY GROUP INC NEW,6798.0
82880610,84.57,84.4,2010-07-14,,292814.0,SPG,SIMON PROPERTY GROUP INC NEW,6798.0
82880610,84.89,84.42,2010-07-15,,292814.0,SPG,SIMON PROPERTY GROUP INC NEW,6798.0
82880610,82.23,84.54,2010-07-16,,292814.0,SPG,SIMON PROPERTY GROUP INC NEW,6798.0
82880610,83.36,82.59,2010-07-19,,292814.0,SPG,SIMON PROPERTY GROUP INC NEW,6798.0
82880610,84.38,82.04,2010-07-20,,292814.0,SPG,SIMON PROPERTY GROUP INC NEW,6798.0
82880610,82.36,85.45,2010-07-21,,292814.0,SPG,SIMON PROPERTY GROUP INC NEW,6798.0
82880610,86.33,83.74,2010-07-22,,292814.0,SPG,SIMON PROPERTY GROUP INC NEW,6798.0
82880610,87.31,85.62,2010-07-23,,292814.0,SPG,SIMON PROPERTY GROUP INC NEW,6798.0
82880610,89.07,87.02,2010-07-26,,292814.0,SPG,SIMON PROPERTY GROUP INC NEW,6798.0
82880610,89.28,89.25,2010-07-27,,292814.0,SPG,SIMON PROPERTY GROUP INC NEW,6798.0
82880610,89.13,89.02,2010-07-28,,292814.0,SPG,SIMON PROPERTY GROUP INC NEW,6798.0
82880610,87.93,89.645,2010-07-29,,292814.0,SPG,SIMON PROPERTY GROUP INC NEW,6798.0
82880610,89.22,87.74,2010-07-30,,292814.0,SPG,SIMON PROPERTY GROUP INC NEW,6798.0
82880610,93.53,90.93,2010-08-02,,292814.0,SPG,SIMON PROPERTY GROUP INC NEW,6798.0
82880610,93.16,93.16,2010-08-03,,292814.0,SPG,SIMON PROPERTY GROUP INC NEW,6798.0
82880610,94.45,93.22,2010-08-04,,292814.0,SPG,SIMON PROPERTY GROUP INC NEW,6798.0
82880610,93.13,93.61,2010-08-05,,292814.0,SPG,SIMON PROPERTY GROUP INC NEW,6798.0
82880610,92.84,92.2,2010-08-06,,292814.0,SPG,SIMON PROPERTY GROUP INC NEW,6798.0
82880610,93.67,93.55,2010-08-09,,292814.0,SPG,SIMON PROPERTY GROUP INC NEW,6798.0
82880610,92.57,92.58,2010-08-10,,292814.0,SPG,SIMON PROPERTY GROUP INC NEW,6798.0
82880610,90.64,90.86,2010-08-11,,292814.0,SPG,SIMON PROPERTY GROUP INC NEW,6798.0
82880610,89.63,89.51,2010-08-12,,292814.0,SPG,SIMON PROPERTY GROUP INC NEW,6798.0
82880610,89.26,88.57,2010-08-13,,292814.0,SPG,SIMON PROPERTY GROUP INC NEW,6798.0
82880610,89.4,88.89,2010-08-16,,292814.0,SPG,SIMON PROPERTY GROUP INC NEW,6798.0
82880610,91.71,90.265,2010-08-17,,292814.0,SPG,SIMON PROPERTY GROUP INC NEW,6798.0
82880610,91.86,91.92,2010-08-18,,292814.0,SPG,SIMON PROPERTY GROUP INC NEW,6798.0
82880610,89.39,91.54,2010-08-19,,292814.0,SPG,SIMON PROPERTY GROUP INC NEW,6798.0
82880610,88.97,89.0,2010-08-20,,292814.0,SPG,SIMON PROPERTY GROUP INC NEW,6798.0
82880610,88.03,89.37,2010-08-23,,292814.0,SPG,SIMON PROPERTY GROUP INC NEW,6798.0
82880610,88.25,86.92,2010-08-24,,292814.0,SPG,SIMON PROPERTY GROUP INC NEW,6798.0
82880610,89.43,87.38,2010-08-25,,292814.0,SPG,SIMON PROPERTY GROUP INC NEW,6798.0
82880610,88.9,89.94,2010-08-26,,292814.0,SPG,SIMON PROPERTY GROUP INC NEW,6798.0
82880610,90.52,89.36,2010-08-27,,292814.0,SPG,SIMON PROPERTY GROUP INC NEW,6798.0
82880610,89.77,89.94,2010-08-30,,292814.0,SPG,SIMON PROPERTY GROUP INC NEW,6798.0
82880610,90.45,89.55,2010-08-31,,292820.0,SPG,SIMON PROPERTY GROUP INC NEW,6798.0
82880610,93.56,92.07,2010-09-01,,292820.0,SPG,SIMON PROPERTY GROUP INC NEW,6798.0
82880610,95.36,93.79,2010-09-02,,292820.0,SPG,SIMON PROPERTY GROUP INC NEW,6798.0
82880610,96.48,96.61,2010-09-03,,292820.0,SPG,SIMON PROPERTY GROUP INC NEW,6798.0
82880610,94.53,95.35,2010-09-07,,292820.0,SPG,SIMON PROPERTY GROUP INC NEW,6798.0
82880610,94.91,94.86,2010-09-08,,292820.0,SPG,SIMON PROPERTY GROUP INC NEW,6798.0
82880610,94.22,96.43,2010-09-09,,292820.0,SPG,SIMON PROPERTY GROUP INC NEW,6798.0
82880610,94.85,94.63,2010-09-10,,292820.0,SPG,SIMON PROPERTY GROUP INC NEW,6798.0
82880610,94.98,94.82,2010-09-13,,292820.0,SPG,SIMON PROPERTY GROUP INC NEW,6798.0
82880610,94.34,94.54,2010-09-14,,292820.0,SPG,SIMON PROPERTY GROUP INC NEW,6798.0
82880610,95.42,93.98,2010-09-15,,292820.0,SPG,SIMON PROPERTY GROUP INC NEW,6798.0
82880610,94.59,95.31,2010-09-16,,292820.0,SPG,SIMON PROPERTY GROUP INC NEW,6798.0
82880610,95.32,94.85,2010-09-17,,292820.0,SPG,SIMON PROPERTY GROUP INC NEW,6798.0
82880610,97.24,95.89,2010-09-20,,292820.0,SPG,SIMON PROPERTY GROUP INC NEW,6798.0
82880610,96.28,97.65,2010-09-21,,292820.0,SPG,SIMON PROPERTY GROUP INC NEW,6798.0
82880610,95.3,96.21,2010-09-22,,292820.0,SPG,SIMON PROPERTY GROUP INC NEW,6798.0
82880610,92.78,94.66,2010-09-23,,292820.0,SPG,SIMON PROPERTY GROUP INC NEW,6798.0
82880610,95.24,93.83,2010-09-24,,292820.0,SPG,SIMON PROPERTY GROUP INC NEW,6798.0
82880610,93.84,95.03,2010-09-27,,292820.0,SPG,SIMON PROPERTY GROUP INC NEW,6798.0
82880610,93.87,93.91,2010-09-28,,292820.0,SPG,SIMON PROPERTY GROUP INC NEW,6798.0
82880610,93.04,93.5,2010-09-29,,292820.0,SPG,SIMON PROPERTY GROUP INC NEW,6798.0
82880610,92.74,93.93,2010-09-30,,292859.0,SPG,SIMON PROPERTY GROUP INC NEW,6798.0
82880610,93.59,93.47,2010-10-01,,292859.0,SPG,SIMON PROPERTY GROUP INC NEW,6798.0
82880610,94.32,93.41,2010-10-04,,292859.0,SPG,SIMON PROPERTY GROUP INC NEW,6798.0
82880610,95.62,95.32,2010-10-05,,292859.0,SPG,SIMON PROPERTY GROUP INC NEW,6798.0
82880610,95.46,95.11,2010-10-06,,292859.0,SPG,SIMON PROPERTY GROUP INC NEW,6798.0
82880610,95.68,95.84,2010-10-07,,292859.0,SPG,SIMON PROPERTY GROUP INC NEW,6798.0
82880610,95.56,95.45,2010-10-08,,292859.0,SPG,SIMON PROPERTY GROUP INC NEW,6798.0
82880610,95.73,95.68,2010-10-11,,292859.0,SPG,SIMON PROPERTY GROUP INC NEW,6798.0
82880610,96.44,95.26,2010-10-12,,292859.0,SPG,SIMON PROPERTY GROUP INC NEW,6798.0
82880610,97.14,97.22,2010-10-13,,292859.0,SPG,SIMON PROPERTY GROUP INC NEW,6798.0
82880610,96.74,96.99,2010-10-14,,292859.0,SPG,SIMON PROPERTY GROUP INC NEW,6798.0
82880610,97.48,97.82,2010-10-15,,292859.0,SPG,SIMON PROPERTY GROUP INC NEW,6798.0
82880610,98.22,97.64,2010-10-18,,292859.0,SPG,SIMON PROPERTY GROUP INC NEW,6798.0
82880610,96.12,97.25,2010-10-19,,292859.0,SPG,SIMON PROPERTY GROUP INC NEW,6798.0
82880610,98.2,96.35,2010-10-20,,292859.0,SPG,SIMON PROPERTY GROUP INC NEW,6798.0
82880610,97.97,98.48,2010-10-21,,292859.0,SPG,SIMON PROPERTY GROUP INC NEW,6798.0
82880610,97.69,98.11,2010-10-22,,292859.0,SPG,SIMON PROPERTY GROUP INC NEW,6798.0
82880610,97.9,98.55,2010-10-25,,292859.0,SPG,SIMON PROPERTY GROUP INC NEW,6798.0
82880610,97.17,97.1,2010-10-26,,292859.0,SPG,SIMON PROPERTY GROUP INC NEW,6798.0
82880610,96.78,96.6,2010-10-27,,292859.0,SPG,SIMON PROPERTY GROUP INC NEW,6798.0
82880610,96.4,97.46,2010-10-28,,292859.0,SPG,SIMON PROPERTY GROUP INC NEW,6798.0
82880610,96.02,96.37,2010-10-29,,292902.0,SPG,SIMON PROPERTY GROUP INC NEW,6798.0
82880610,98.62,97.01,2010-11-01,,292902.0,SPG,SIMON PROPERTY GROUP INC NEW,6798.0
82880610,100.57,99.48,2010-11-02,,292902.0,SPG,SIMON PROPERTY GROUP INC NEW,6798.0
82880610,100.88,100.57,2010-11-03,,292902.0,SPG,SIMON PROPERTY GROUP INC NEW,6798.0
82880610,103.84,101.88,2010-11-04,,292902.0,SPG,SIMON PROPERTY GROUP INC NEW,6798.0
82880610,105.77,104.26,2010-11-05,,292902.0,SPG,SIMON PROPERTY GROUP INC NEW,6798.0
82880610,106.25,106.45,2010-11-08,,292902.0,SPG,SIMON PROPERTY GROUP INC NEW,6798.0
82880610,101.18,106.41,2010-11-09,,292902.0,SPG,SIMON PROPERTY GROUP INC NEW,6798.0
82880610,103.14,101.5,2010-11-10,,292902.0,SPG,SIMON PROPERTY GROUP INC NEW,6798.0
82880610,101.46,102.54,2010-11-11,,292902.0,SPG,SIMON PROPERTY GROUP INC NEW,6798.0
82880610,100.4,100.09,2010-11-12,,292902.0,SPG,SIMON PROPERTY GROUP INC NEW,6798.0
82880610,99.73,100.75,2010-11-15,,292902.0,SPG,SIMON PROPERTY GROUP INC NEW,6798.0
82880610,96.14,99.26,2010-11-16,,292902.0,SPG,SIMON PROPERTY GROUP INC NEW,6798.0
82880610,96.94,96.43,2010-11-17,,292902.0,SPG,SIMON PROPERTY GROUP INC NEW,6798.0
82880610,97.95,98.4,2010-11-18,,292902.0,SPG,SIMON PROPERTY GROUP INC NEW,6798.0
82880610,98.17,97.65,2010-11-19,,292902.0,SPG,SIMON PROPERTY GROUP INC NEW,6798.0
82880610,98.58,97.77,2010-11-22,,292902.0,SPG,SIMON PROPERTY GROUP INC NEW,6798.0
82880610,97.57,97.03,2010-11-23,,292902.0,SPG,SIMON PROPERTY GROUP INC NEW,6798.0
82880610,100.27,98.37,2010-11-24,,292902.0,SPG,SIMON PROPERTY GROUP INC NEW,6798.0
82880610,98.84,99.42,2010-11-26,,292902.0,SPG,SIMON PROPERTY GROUP INC NEW,6798.0
82880610,98.73,98.13,2010-11-29,,292902.0,SPG,SIMON PROPERTY GROUP INC NEW,6798.0
82880610,98.5,97.24,2010-11-30,,292926.0,SPG,SIMON PROPERTY GROUP INC NEW,6798.0
82880610,99.84,99.94,2010-12-01,,292926.0,SPG,SIMON PROPERTY GROUP INC NEW,6798.0
82880610,101.93,100.16,2010-12-02,,292926.0,SPG,SIMON PROPERTY GROUP INC NEW,6798.0
82880610,102.08,101.23,2010-12-03,,292926.0,SPG,SIMON PROPERTY GROUP INC NEW,6798.0
82880610,101.9,101.58,2010-12-06,,292926.0,SPG,SIMON PROPERTY GROUP INC NEW,6798.0
82880610,101.5,102.71,2010-12-07,,292926.0,SPG,SIMON PROPERTY GROUP INC NEW,6798.0
82880610,99.83,101.61,2010-12-08,,292926.0,SPG,SIMON PROPERTY GROUP INC NEW,6798.0
82880610,98.43,100.25,2010-12-09,,292926.0,SPG,SIMON PROPERTY GROUP INC NEW,6798.0
82880610,98.95,98.84,2010-12-10,,292926.0,SPG,SIMON PROPERTY GROUP INC NEW,6798.0
82880610,98.93,99.18,2010-12-13,,292926.0,SPG,SIMON PROPERTY GROUP INC NEW,6798.0
82880610,97.67,98.81,2010-12-14,,292926.0,SPG,SIMON PROPERTY GROUP INC NEW,6798.0
82880610,95.28,97.28,2010-12-15,,292926.0,SPG,SIMON PROPERTY GROUP INC NEW,6798.0
82880610,94.71,95.34,2010-12-16,,292926.0,SPG,SIMON PROPERTY GROUP INC NEW,6798.0
82880610,95.43,94.74,2010-12-17,,292926.0,SPG,SIMON PROPERTY GROUP INC NEW,6798.0
82880610,96.89,95.43,2010-12-20,,292926.0,SPG,SIMON PROPERTY GROUP INC NEW,6798.0
82880610,98.62,97.49,2010-12-21,,292926.0,SPG,SIMON PROPERTY GROUP INC NEW,6798.0
82880610,98.64,98.51,2010-12-22,,292926.0,SPG,SIMON PROPERTY GROUP INC NEW,6798.0
82880610,97.78,98.45,2010-12-23,,292926.0,SPG,SIMON PROPERTY GROUP INC NEW,6798.0
82880610,99.49,97.47,2010-12-27,,292926.0,SPG,SIMON PROPERTY GROUP INC NEW,6798.0
82880610,98.96,99.54,2010-12-28,,292926.0,SPG,SIMON PROPERTY GROUP INC NEW,6798.0
82880610,100.26,99.66,2010-12-29,,292926.0,SPG,SIMON PROPERTY GROUP INC NEW,6798.0
82880610,99.66,99.82,2010-12-30,,292926.0,SPG,SIMON PROPERTY GROUP INC NEW,6798.0
82880610,99.49,99.5,2010-12-31,,292950.0,SPG,SIMON PROPERTY GROUP INC NEW,6798.0
82880610,100.93,100.21,2011-01-03,,292950.0,SPG,SIMON PROPERTY GROUP INC NEW,6798.0
82880610,97.94,100.77,2011-01-04,,292950.0,SPG,SIMON PROPERTY GROUP INC NEW,6798.0
82880610,98.25,97.7,2011-01-05,,292950.0,SPG,SIMON PROPERTY GROUP INC NEW,6798.0
82880610,95.35,98.45,2011-01-06,,292950.0,SPG,SIMON PROPERTY GROUP INC NEW,6798.0
82880610,96.95,95.89,2011-01-07,,292950.0,SPG,SIMON PROPERTY GROUP INC NEW,6798.0
82880610,97.54,96.53,2011-01-10,,292950.0,SPG,SIMON PROPERTY GROUP INC NEW,6798.0
82880610,97.57,98.13,2011-01-11,,292950.0,SPG,SIMON PROPERTY GROUP INC NEW,6798.0
82880610,97.71,98.32,2011-01-12,,292950.0,SPG,SIMON PROPERTY GROUP INC NEW,6798.0
82880610,98.15,97.55,2011-01-13,,292950.0,SPG,SIMON PROPERTY GROUP INC NEW,6798.0
82880610,98.94,98.1,2011-01-14,,292950.0,SPG,SIMON PROPERTY GROUP INC NEW,6798.0
82880610,99.79,98.86,2011-01-18,,292950.0,SPG,SIMON PROPERTY GROUP INC NEW,6798.0
82880610,98.73,99.91,2011-01-19,,292950.0,SPG,SIMON PROPERTY GROUP INC NEW,6798.0
82880610,98.78,98.7,2011-01-20,,292950.0,SPG,SIMON PROPERTY GROUP INC NEW,6798.0
82880610,99.53,99.2,2011-01-21,,292950.0,SPG,SIMON PROPERTY GROUP INC NEW,6798.0
82880610,99.75,99.9,2011-01-24,,292950.0,SPG,SIMON PROPERTY GROUP INC NEW,6798.0
82880610,100.56,99.58,2011-01-25,,292950.0,SPG,SIMON PROPERTY GROUP INC NEW,6798.0
82880610,100.71,100.72,2011-01-26,,292950.0,SPG,SIMON PROPERTY GROUP INC NEW,6798.0
82880610,101.35,101.12,2011-01-27,,292950.0,SPG,SIMON PROPERTY GROUP INC NEW,6798.0
82880610,99.97,101.59,2011-01-28,,292950.0,SPG,SIMON PROPERTY GROUP INC NEW,6798.0
82880610,101.45,100.08,2011-01-31,,292950.0,SPG,SIMON PROPERTY GROUP INC NEW,6798.0
82880610,102.47,102.03,2011-02-01,,292950.0,SPG,SIMON PROPERTY GROUP INC NEW,6798.0
82880610,102.87,102.34,2011-02-02,,292950.0,SPG,SIMON PROPERTY GROUP INC NEW,6798.0
82880610,104.7,102.62,2011-02-03,,292950.0,SPG,SIMON PROPERTY GROUP INC NEW,6798.0
82880610,103.47,104.24,2011-02-04,,292950.0,SPG,SIMON PROPERTY GROUP INC NEW,6798.0
82880610,105.03,103.73,2011-02-07,,292950.0,SPG,SIMON PROPERTY GROUP INC NEW,6798.0
82880610,106.27,105.28,2011-02-08,,292950.0,SPG,SIMON PROPERTY GROUP INC NEW,6798.0
82880610,106.26,105.84,2011-02-09,,292950.0,SPG,SIMON PROPERTY GROUP INC NEW,6798.0
82880610,106.41,105.33,2011-02-10,,292950.0,SPG,SIMON PROPERTY GROUP INC NEW,6798.0
82880610,107.16,106.3,2011-02-11,,292950.0,SPG,SIMON PROPERTY GROUP INC NEW,6798.0
82880610,107.03,107.45,2011-02-14,,292950.0,SPG,SIMON PROPERTY GROUP INC NEW,6798.0
82880610,106.85,106.45,2011-02-15,,292950.0,SPG,SIMON PROPERTY GROUP INC NEW,6798.0
82880610,107.81,107.46,2011-02-16,,292950.0,SPG,SIMON PROPERTY GROUP INC NEW,6798.0
82880610,108.13,107.54,2011-02-17,,292950.0,SPG,SIMON PROPERTY GROUP INC NEW,6798.0
82880610,107.94,108.51,2011-02-18,,292950.0,SPG,SIMON PROPERTY GROUP INC NEW,6798.0
82880610,107.88,106.88,2011-02-22,,292950.0,SPG,SIMON PROPERTY GROUP INC NEW,6798.0
82880610,106.98,107.6,2011-02-23,,292950.0,SPG,SIMON PROPERTY GROUP INC NEW,6798.0
82880610,105.64,106.96,2011-02-24,,292950.0,SPG,SIMON PROPERTY GROUP INC NEW,6798.0
82880610,106.98,106.17,2011-02-25,,292950.0,SPG,SIMON PROPERTY GROUP INC NEW,6798.0
82880610,110.04,107.27,2011-02-28,,292963.0,SPG,SIMON PROPERTY GROUP INC NEW,6798.0
82880610,107.04,110.32,2011-03-01,,292963.0,SPG,SIMON PROPERTY GROUP INC NEW,6798.0
82880610,105.43,107.05,2011-03-02,,292963.0,SPG,SIMON PROPERTY GROUP INC NEW,6798.0
82880610,107.38,106.67,2011-03-03,,292963.0,SPG,SIMON PROPERTY GROUP INC NEW,6798.0
82880610,106.65,107.06,2011-03-04,,292963.0,SPG,SIMON PROPERTY GROUP INC NEW,6798.0
82880610,105.95,107.14,2011-03-07,,292963.0,SPG,SIMON PROPERTY GROUP INC NEW,6798.0
82880610,107.23,106.34,2011-03-08,,292963.0,SPG,SIMON PROPERTY GROUP INC NEW,6798.0
82880610,106.52,106.88,2011-03-09,,292963.0,SPG,SIMON PROPERTY GROUP INC NEW,6798.0
82880610,105.39,105.58,2011-03-10,,292963.0,SPG,SIMON PROPERTY GROUP INC NEW,6798.0
82880610,106.86,105.46,2011-03-11,,292963.0,SPG,SIMON PROPERTY GROUP INC NEW,6798.0
82880610,105.63,106.07,2011-03-14,,292963.0,SPG,SIMON PROPERTY GROUP INC NEW,6798.0
82880610,104.88,102.66,2011-03-15,,292963.0,SPG,SIMON PROPERTY GROUP INC NEW,6798.0
82880610,102.91,104.61,2011-03-16,,292963.0,SPG,SIMON PROPERTY GROUP INC NEW,6798.0
82880610,103.24,104.39,2011-03-17,,292963.0,SPG,SIMON PROPERTY GROUP INC NEW,6798.0
82880610,103.88,104.58,2011-03-18,,292963.0,SPG,SIMON PROPERTY GROUP INC NEW,6798.0
82880610,105.3,105.19,2011-03-21,,292963.0,SPG,SIMON PROPERTY GROUP INC NEW,6798.0
82880610,104.91,105.16,2011-03-22,,292963.0,SPG,SIMON PROPERTY GROUP INC NEW,6798.0
82880610,102.88,104.66,2011-03-23,,292963.0,SPG,SIMON PROPERTY GROUP INC NEW,6798.0
82880610,103.68,103.37,2011-03-24,,292963.0,SPG,SIMON PROPERTY GROUP INC NEW,6798.0
82880610,104.64,103.74,2011-03-25,,292963.0,SPG,SIMON PROPERTY GROUP INC NEW,6798.0
82880610,105.14,104.76,2011-03-28,,292963.0,SPG,SIMON PROPERTY GROUP INC NEW,6798.0
82880610,105.93,105.22,2011-03-29,,292963.0,SPG,SIMON PROPERTY GROUP INC NEW,6798.0
82880610,106.68,106.32,2011-03-30,,292963.0,SPG,SIMON PROPERTY GROUP INC NEW,6798.0
82880610,107.16,106.23,2011-03-31,,292963.0,SPG,SIMON PROPERTY GROUP INC NEW,6798.0
82880610,107.11,107.51,2011-04-01,,292963.0,SPG,SIMON PROPERTY GROUP INC NEW,6798.0
82880610,106.95,107.32,2011-04-04,,292963.0,SPG,SIMON PROPERTY GROUP INC NEW,6798.0
82880610,107.15,106.75,2011-04-05,,292963.0,SPG,SIMON PROPERTY GROUP INC NEW,6798.0
82880610,107.32,107.41,2011-04-06,,292963.0,SPG,SIMON PROPERTY GROUP INC NEW,6798.0
82880610,106.37,106.88,2011-04-07,,292963.0,SPG,SIMON PROPERTY GROUP INC NEW,6798.0
82880610,105.65,107.01,2011-04-08,,292963.0,SPG,SIMON PROPERTY GROUP INC NEW,6798.0
82880610,105.75,105.65,2011-04-11,,292963.0,SPG,SIMON PROPERTY GROUP INC NEW,6798.0
82880610,104.76,105.27,2011-04-12,,292963.0,SPG,SIMON PROPERTY GROUP INC NEW,6798.0
82880610,105.05,105.0,2011-04-13,,292963.0,SPG,SIMON PROPERTY GROUP INC NEW,6798.0
82880610,107.45,104.68,2011-04-14,,292963.0,SPG,SIMON PROPERTY GROUP INC NEW,6798.0
82880610,108.73,107.6,2011-04-15,,292963.0,SPG,SIMON PROPERTY GROUP INC NEW,6798.0
82880610,108.05,108.18,2011-04-18,,292963.0,SPG,SIMON PROPERTY GROUP INC NEW,6798.0
82880610,108.37,108.07,2011-04-19,,292963.0,SPG,SIMON PROPERTY GROUP INC NEW,6798.0
82880610,109.62,109.64,2011-04-20,,292963.0,SPG,SIMON PROPERTY GROUP INC NEW,6798.0
82880610,110.47,110.0,2011-04-21,,292963.0,SPG,SIMON PROPERTY GROUP INC NEW,6798.0
82880610,111.73,110.48,2011-04-25,,292963.0,SPG,SIMON PROPERTY GROUP INC NEW,6798.0
82880610,112.02,112.05,2011-04-26,,292963.0,SPG,SIMON PROPERTY GROUP INC NEW,6798.0
82880610,113.46,112.46,2011-04-27,,292963.0,SPG,SIMON PROPERTY GROUP INC NEW,6798.0
82880610,114.95,113.41,2011-04-28,,292963.0,SPG,SIMON PROPERTY GROUP INC NEW,6798.0
82880610,114.54,115.1,2011-04-29,,293308.0,SPG,SIMON PROPERTY GROUP INC NEW,6798.0
82880610,115.66,115.1,2011-05-02,,293308.0,SPG,SIMON PROPERTY GROUP INC NEW,6798.0
82880610,116.07,116.0,2011-05-03,,293308.0,SPG,SIMON PROPERTY GROUP INC NEW,6798.0
82880610,115.59,115.83,2011-05-04,,293308.0,SPG,SIMON PROPERTY GROUP INC NEW,6798.0
82880610,115.24,114.97,2011-05-05,,293308.0,SPG,SIMON PROPERTY GROUP INC NEW,6798.0
82880610,114.91,116.46,2011-05-06,,293308.0,SPG,SIMON PROPERTY GROUP INC NEW,6798.0
82880610,115.75,115.04,2011-05-09,,293308.0,SPG,SIMON PROPERTY GROUP INC NEW,6798.0
82880610,117.4,116.13,2011-05-10,,293308.0,SPG,SIMON PROPERTY GROUP INC NEW,6798.0
82880610,116.7,117.03,2011-05-11,,293308.0,SPG,SIMON PROPERTY GROUP INC NEW,6798.0
82880610,116.95,116.12,2011-05-12,,293308.0,SPG,SIMON PROPERTY GROUP INC NEW,6798.0
82880610,115.27,116.67,2011-05-13,,293308.0,SPG,SIMON PROPERTY GROUP INC NEW,6798.0
82880610,115.84,115.28,2011-05-16,,293308.0,SPG,SIMON PROPERTY GROUP INC NEW,6798.0
82880610,115.56,115.57,2011-05-17,,293308.0,SPG,SIMON PROPERTY GROUP INC NEW,6798.0
82880610,116.65,115.54,2011-05-18,,293308.0,SPG,SIMON PROPERTY GROUP INC NEW,6798.0
82880610,116.24,117.13,2011-05-19,,293308.0,SPG,SIMON PROPERTY GROUP INC NEW,6798.0
82880610,114.39,116.03,2011-05-20,,293308.0,SPG,SIMON PROPERTY GROUP INC NEW,6798.0
82880610,113.0,113.13,2011-05-23,,293308.0,SPG,SIMON PROPERTY GROUP INC NEW,6798.0
82880610,113.98,113.22,2011-05-24,,293308.0,SPG,SIMON PROPERTY GROUP INC NEW,6798.0
82880610,114.47,113.76,2011-05-25,,293308.0,SPG,SIMON PROPERTY GROUP INC NEW,6798.0
82880610,115.69,114.04,2011-05-26,,293308.0,SPG,SIMON PROPERTY GROUP INC NEW,6798.0
82880610,116.25,116.06,2011-05-27,,293308.0,SPG,SIMON PROPERTY GROUP INC NEW,6798.0
82880610,118.06,117.21,2011-05-31,,293358.0,SPG,SIMON PROPERTY GROUP INC NEW,6798.0
82880610,115.21,117.98,2011-06-01,,293358.0,SPG,SIMON PROPERTY GROUP INC NEW,6798.0
82880610,114.43,115.19,2011-06-02,,293358.0,SPG,SIMON PROPERTY GROUP INC NEW,6798.0
82880610,115.33,113.08,2011-06-03,,293358.0,SPG,SIMON PROPERTY GROUP INC NEW,6798.0
82880610,113.9,115.18,2011-06-06,,293358.0,SPG,SIMON PROPERTY GROUP INC NEW,6798.0
82880610,114.99,114.35,2011-06-07,,293358.0,SPG,SIMON PROPERTY GROUP INC NEW,6798.0
82880610,114.87,114.57,2011-06-08,,293358.0,SPG,SIMON PROPERTY GROUP INC NEW,6798.0
82880610,113.59,115.19,2011-06-09,,293358.0,SPG,SIMON PROPERTY GROUP INC NEW,6798.0
82880610,110.89,113.05,2011-06-10,,293358.0,SPG,SIMON PROPERTY GROUP INC NEW,6798.0
82880610,111.63,110.99,2011-06-13,,293358.0,SPG,SIMON PROPERTY GROUP INC NEW,6798.0
82880610,113.39,112.95,2011-06-14,,293358.0,SPG,SIMON PROPERTY GROUP INC NEW,6798.0
82880610,111.38,112.49,2011-06-15,,293358.0,SPG,SIMON PROPERTY GROUP INC NEW,6798.0
82880610,112.54,111.11,2011-06-16,,293358.0,SPG,SIMON PROPERTY GROUP INC NEW,6798.0
82880610,114.0,113.64,2011-06-17,,293358.0,SPG,SIMON PROPERTY GROUP INC NEW,6798.0
82880610,115.06,113.46,2011-06-20,,293358.0,SPG,SIMON PROPERTY GROUP INC NEW,6798.0
82880610,114.96,115.74,2011-06-21,,293358.0,SPG,SIMON PROPERTY GROUP INC NEW,6798.0
82880610,114.22,114.46,2011-06-22,,293358.0,SPG,SIMON PROPERTY GROUP INC NEW,6798.0
82880610,111.98,112.73,2011-06-23,,293358.0,SPG,SIMON PROPERTY GROUP INC NEW,6798.0
82880610,112.44,111.98,2011-06-24,,293358.0,SPG,SIMON PROPERTY GROUP INC NEW,6798.0
82880610,113.76,112.83,2011-06-27,,293358.0,SPG,SIMON PROPERTY GROUP INC NEW,6798.0
82880610,114.04,114.1,2011-06-28,,293358.0,SPG,SIMON PROPERTY GROUP INC NEW,6798.0
82880610,115.74,114.58,2011-06-29,,293358.0,SPG,SIMON PROPERTY GROUP INC NEW,6798.0
82880610,116.23,115.86,2011-06-30,,293383.0,SPG,SIMON PROPERTY GROUP INC NEW,6798.0
82880610,118.57,115.98,2011-07-01,,293383.0,SPG,SIMON PROPERTY GROUP INC NEW,6798.0
82880610,119.24,118.55,2011-07-05,,293383.0,SPG,SIMON PROPERTY GROUP INC NEW,6798.0
82880610,120.23,118.75,2011-07-06,,293383.0,SPG,SIMON PROPERTY GROUP INC NEW,6798.0
82880610,121.58,121.08,2011-07-07,,293383.0,SPG,SIMON PROPERTY GROUP INC NEW,6798.0
82880610,121.17,120.3,2011-07-08,,293383.0,SPG,SIMON PROPERTY GROUP INC NEW,6798.0
82880610,119.16,119.86,2011-07-11,,293383.0,SPG,SIMON PROPERTY GROUP INC NEW,6798.0
82880610,119.25,118.6,2011-07-12,,293383.0,SPG,SIMON PROPERTY GROUP INC NEW,6798.0
82880610,118.18,119.61,2011-07-13,,293383.0,SPG,SIMON PROPERTY GROUP INC NEW,6798.0
82880610,117.52,118.68,2011-07-14,,293383.0,SPG,SIMON PROPERTY GROUP INC NEW,6798.0
82880610,118.79,117.89,2011-07-15,,293383.0,SPG,SIMON PROPERTY GROUP INC NEW,6798.0
82880610,117.86,118.58,2011-07-18,,293383.0,SPG,SIMON PROPERTY GROUP INC NEW,6798.0
82880610,120.23,118.33,2011-07-19,,293383.0,SPG,SIMON PROPERTY GROUP INC NEW,6798.0
82880610,120.5,120.99,2011-07-20,,293383.0,SPG,SIMON PROPERTY GROUP INC NEW,6798.0
82880610,121.27,121.28,2011-07-21,,293383.0,SPG,SIMON PROPERTY GROUP INC NEW,6798.0
82880610,121.85,121.4,2011-07-22,,293383.0,SPG,SIMON PROPERTY GROUP INC NEW,6798.0
82880610,120.47,120.3,2011-07-25,,293383.0,SPG,SIMON PROPERTY GROUP INC NEW,6798.0
82880610,122.39,120.76,2011-07-26,,293383.0,SPG,SIMON PROPERTY GROUP INC NEW,6798.0
82880610,119.21,121.83,2011-07-27,,293383.0,SPG,SIMON PROPERTY GROUP INC NEW,6798.0
82880610,120.64,119.48,2011-07-28,,293383.0,SPG,SIMON PROPERTY GROUP INC NEW,6798.0
82880610,120.51,119.61,2011-07-29,,293594.0,SPG,SIMON PROPERTY GROUP INC NEW,6798.0
82880610,119.74,121.82,2011-08-01,,293594.0,SPG,SIMON PROPERTY GROUP INC NEW,6798.0
82880610,115.79,118.89,2011-08-02,,293594.0,SPG,SIMON PROPERTY GROUP INC NEW,6798.0
82880610,115.41,115.72,2011-08-03,,293594.0,SPG,SIMON PROPERTY GROUP INC NEW,6798.0
82880610,110.9,114.01,2011-08-04,,293594.0,SPG,SIMON PROPERTY GROUP INC NEW,6798.0
82880610,108.84,112.31,2011-08-05,,293594.0,SPG,SIMON PROPERTY GROUP INC NEW,6798.0
82880610,99.74,105.78,2011-08-08,,293594.0,SPG,SIMON PROPERTY GROUP INC NEW,6798.0
82880610,111.08,101.22,2011-08-09,,293594.0,SPG,SIMON PROPERTY GROUP INC NEW,6798.0
82880610,107.89,107.98,2011-08-10,,293594.0,SPG,SIMON PROPERTY GROUP INC NEW,6798.0
82880610,114.53,108.19,2011-08-11,,293594.0,SPG,SIMON PROPERTY GROUP INC NEW,6798.0
82880610,114.26,115.2,2011-08-12,,293594.0,SPG,SIMON PROPERTY GROUP INC NEW,6798.0
82880610,116.03,114.73,2011-08-15,,293594.0,SPG,SIMON PROPERTY GROUP INC NEW,6798.0
82880610,117.25,114.02,2011-08-16,,293594.0,SPG,SIMON PROPERTY GROUP INC NEW,6798.0
82880610,117.58,118.06,2011-08-17,,293594.0,SPG,SIMON PROPERTY GROUP INC NEW,6798.0
82880610,112.71,114.19,2011-08-18,,293594.0,SPG,SIMON PROPERTY GROUP INC NEW,6798.0
82880610,110.26,111.57,2011-08-19,,293594.0,SPG,SIMON PROPERTY GROUP INC NEW,6798.0
82880610,110.47,112.65,2011-08-22,,293594.0,SPG,SIMON PROPERTY GROUP INC NEW,6798.0
82880610,113.66,110.6,2011-08-23,,293594.0,SPG,SIMON PROPERTY GROUP INC NEW,6798.0
82880610,115.45,113.28,2011-08-24,,293594.0,SPG,SIMON PROPERTY GROUP INC NEW,6798.0
82880610,113.34,116.17,2011-08-25,,293594.0,SPG,SIMON PROPERTY GROUP INC NEW,6798.0
82880610,115.16,112.79,2011-08-26,,293594.0,SPG,SIMON PROPERTY GROUP INC NEW,6798.0
82880610,117.22,116.67,2011-08-29,,293594.0,SPG,SIMON PROPERTY GROUP INC NEW,6798.0
82880610,116.33,116.79,2011-08-30,,293594.0,SPG,SIMON PROPERTY GROUP INC NEW,6798.0
82880610,117.5,116.97,2011-08-31,,293586.0,SPG,SIMON PROPERTY GROUP INC NEW,6798.0
82880610,117.46,117.87,2011-09-01,,293586.0,SPG,SIMON PROPERTY GROUP INC NEW,6798.0
82880610,114.59,114.77,2011-09-02,,293586.0,SPG,SIMON PROPERTY GROUP INC NEW,6798.0
82880610,116.14,111.55,2011-09-06,,293586.0,SPG,SIMON PROPERTY GROUP INC NEW,6798.0
82880610,119.38,118.2,2011-09-07,,293586.0,SPG,SIMON PROPERTY GROUP INC NEW,6798.0
82880610,118.71,118.82,2011-09-08,,293586.0,SPG,SIMON PROPERTY GROUP INC NEW,6798.0
82880610,115.84,117.16,2011-09-09,,293586.0,SPG,SIMON PROPERTY GROUP INC NEW,6798.0
82880610,116.06,114.06,2011-09-12,,293586.0,SPG,SIMON PROPERTY GROUP INC NEW,6798.0
82880610,116.35,116.31,2011-09-13,,293586.0,SPG,SIMON PROPERTY GROUP INC NEW,6798.0
82880610,116.5,117.04,2011-09-14,,293586.0,SPG,SIMON PROPERTY GROUP INC NEW,6798.0
82880610,119.08,117.38,2011-09-15,,293586.0,SPG,SIMON PROPERTY GROUP INC NEW,6798.0
82880610,120.7,119.33,2011-09-16,,293586.0,SPG,SIMON PROPERTY GROUP INC NEW,6798.0
82880610,118.83,118.65,2011-09-19,,293586.0,SPG,SIMON PROPERTY GROUP INC NEW,6798.0
82880610,119.58,119.41,2011-09-20,,293586.0,SPG,SIMON PROPERTY GROUP INC NEW,6798.0
82880610,112.5,119.91,2011-09-21,,293586.0,SPG,SIMON PROPERTY GROUP INC NEW,6798.0
82880610,110.82,110.05,2011-09-22,,293586.0,SPG,SIMON PROPERTY GROUP INC NEW,6798.0
82880610,112.71,109.8,2011-09-23,,293586.0,SPG,SIMON PROPERTY GROUP INC NEW,6798.0
82880610,113.5,113.03,2011-09-26,,293586.0,SPG,SIMON PROPERTY GROUP INC NEW,6798.0
82880610,113.6,115.33,2011-09-27,,293586.0,SPG,SIMON PROPERTY GROUP INC NEW,6798.0
82880610,111.27,113.86,2011-09-28,,293586.0,SPG,SIMON PROPERTY GROUP INC NEW,6798.0
82880610,112.58,113.28,2011-09-29,,293586.0,SPG,SIMON PROPERTY GROUP INC NEW,6798.0
82880610,109.98,111.19,2011-09-30,,293795.0,SPG,SIMON PROPERTY GROUP INC NEW,6798.0
82880610,106.5,109.06,2011-10-03,,293795.0,SPG,SIMON PROPERTY GROUP INC NEW,6798.0
82880610,110.79,105.09,2011-10-04,,293795.0,SPG,SIMON PROPERTY GROUP INC NEW,6798.0
82880610,109.4,110.34,2011-10-05,,293795.0,SPG,SIMON PROPERTY GROUP INC NEW,6798.0
82880610,112.56,109.23,2011-10-06,,293795.0,SPG,SIMON PROPERTY GROUP INC NEW,6798.0
82880610,109.5,113.14,2011-10-07,,293795.0,SPG,SIMON PROPERTY GROUP INC NEW,6798.0
82880610,114.6,111.8,2011-10-10,,293795.0,SPG,SIMON PROPERTY GROUP INC NEW,6798.0
82880610,112.84,113.74,2011-10-11,,293795.0,SPG,SIMON PROPERTY GROUP INC NEW,6798.0
82880610,115.23,113.62,2011-10-12,,293795.0,SPG,SIMON PROPERTY GROUP INC NEW,6798.0
82880610,113.19,114.28,2011-10-13,,293795.0,SPG,SIMON PROPERTY GROUP INC NEW,6798.0
82880610,115.89,114.41,2011-10-14,,293795.0,SPG,SIMON PROPERTY GROUP INC NEW,6798.0
82880610,112.94,115.4,2011-10-17,,293795.0,SPG,SIMON PROPERTY GROUP INC NEW,6798.0
82880610,117.21,113.34,2011-10-18,,293795.0,SPG,SIMON PROPERTY GROUP INC NEW,6798.0
82880610,115.56,117.19,2011-10-19,,293795.0,SPG,SIMON PROPERTY GROUP INC NEW,6798.0
82880610,116.74,115.38,2011-10-20,,293795.0,SPG,SIMON PROPERTY GROUP INC NEW,6798.0
82880610,120.7,118.28,2011-10-21,,293795.0,SPG,SIMON PROPERTY GROUP INC NEW,6798.0
82880610,122.87,120.62,2011-10-24,,293795.0,SPG,SIMON PROPERTY GROUP INC NEW,6798.0
82880610,121.11,122.02,2011-10-25,,293795.0,SPG,SIMON PROPERTY GROUP INC NEW,6798.0
82880610,123.59,121.77,2011-10-26,,293795.0,SPG,SIMON PROPERTY GROUP INC NEW,6798.0
82880610,129.10001,125.98,2011-10-27,,293795.0,SPG,SIMON PROPERTY GROUP INC NEW,6798.0
82880610,129.42999,127.48,2011-10-28,,293795.0,SPG,SIMON PROPERTY GROUP INC NEW,6798.0
82880610,128.44,127.63,2011-10-31,,293795.0,SPG,SIMON PROPERTY GROUP INC NEW,6798.0
82880610,125.35,125.13,2011-11-01,,293795.0,SPG,SIMON PROPERTY GROUP INC NEW,6798.0
82880610,127.68,127.47,2011-11-02,,293795.0,SPG,SIMON PROPERTY GROUP INC NEW,6798.0
82880610,129.39999,128.38,2011-11-03,,293795.0,SPG,SIMON PROPERTY GROUP INC NEW,6798.0
82880610,128.84,128.42999,2011-11-04,,293795.0,SPG,SIMON PROPERTY GROUP INC NEW,6798.0
82880610,129.78999,128.95,2011-11-07,,293795.0,SPG,SIMON PROPERTY GROUP INC NEW,6798.0
82880610,130.8,130.25999,2011-11-08,,293795.0,SPG,SIMON PROPERTY GROUP INC NEW,6798.0
82880610,125.19,128.34,2011-11-09,,293795.0,SPG,SIMON PROPERTY GROUP INC NEW,6798.0
82880610,125.84,127.07,2011-11-10,,293795.0,SPG,SIMON PROPERTY GROUP INC NEW,6798.0
82880610,127.97,127.63,2011-11-11,,293795.0,SPG,SIMON PROPERTY GROUP INC NEW,6798.0
82880610,124.99,126.43,2011-11-14,,293795.0,SPG,SIMON PROPERTY GROUP INC NEW,6798.0
82880610,126.28,124.75,2011-11-15,,293795.0,SPG,SIMON PROPERTY GROUP INC NEW,6798.0
82880610,123.85,125.3,2011-11-16,,293795.0,SPG,SIMON PROPERTY GROUP INC NEW,6798.0
82880610,122.11,123.58,2011-11-17,,293795.0,SPG,SIMON PROPERTY GROUP INC NEW,6798.0
82880610,123.21,122.93,2011-11-18,,293795.0,SPG,SIMON PROPERTY GROUP INC NEW,6798.0
82880610,119.5,120.47,2011-11-21,,293795.0,SPG,SIMON PROPERTY GROUP INC NEW,6798.0
82880610,119.1,119.15,2011-11-22,,293795.0,SPG,SIMON PROPERTY GROUP INC NEW,6798.0
82880610,115.78,117.79,2011-11-23,,293795.0,SPG,SIMON PROPERTY GROUP INC NEW,6798.0
82880610,116.33,115.63,2011-11-25,,293795.0,SPG,SIMON PROPERTY GROUP INC NEW,6798.0
82880610,118.55,119.83,2011-11-28,,293795.0,SPG,SIMON PROPERTY GROUP INC NEW,6798.0
82880610,119.18,118.94,2011-11-29,,293795.0,SPG,SIMON PROPERTY GROUP INC NEW,6798.0
82880610,124.34,122.91,2011-11-30,,293787.0,SPG,SIMON PROPERTY GROUP INC NEW,6798.0
82880610,123.0,123.83,2011-12-01,,293787.0,SPG,SIMON PROPERTY GROUP INC NEW,6798.0
82880610,122.8,124.28,2011-12-02,,293787.0,SPG,SIMON PROPERTY GROUP INC NEW,6798.0
82880610,122.97,124.21,2011-12-05,,293787.0,SPG,SIMON PROPERTY GROUP INC NEW,6798.0
82880610,122.84,122.93,2011-12-06,,293787.0,SPG,SIMON PROPERTY GROUP INC NEW,6798.0
82880610,124.3,122.12,2011-12-07,,293787.0,SPG,SIMON PROPERTY GROUP INC NEW,6798.0
82880610,121.5,123.26,2011-12-08,,293787.0,SPG,SIMON PROPERTY GROUP INC NEW,6798.0
82880610,124.3,122.24,2011-12-09,,293787.0,SPG,SIMON PROPERTY GROUP INC NEW,6798.0
82880610,121.75,123.23,2011-12-12,,293787.0,SPG,SIMON PROPERTY GROUP INC NEW,6798.0
82880610,120.54,122.55,2011-12-13,,293787.0,SPG,SIMON PROPERTY GROUP INC NEW,6798.0
82880610,120.51,120.1,2011-12-14,,293787.0,SPG,SIMON PROPERTY GROUP INC NEW,6798.0
82880610,122.25,121.65,2011-12-15,,293787.0,SPG,SIMON PROPERTY GROUP INC NEW,6798.0
82880610,123.34,123.45,2011-12-16,,293787.0,SPG,SIMON PROPERTY GROUP INC NEW,6798.0
82880610,123.26,124.01,2011-12-19,,293787.0,SPG,SIMON PROPERTY GROUP INC NEW,6798.0
82880610,127.28,124.94,2011-12-20,,293787.0,SPG,SIMON PROPERTY GROUP INC NEW,6798.0
82880610,127.64,126.9,2011-12-21,,293787.0,SPG,SIMON PROPERTY GROUP INC NEW,6798.0
82880610,129.06,128.12,2011-12-22,,293787.0,SPG,SIMON PROPERTY GROUP INC NEW,6798.0
82880610,130.25999,129.39999,2011-12-23,,293787.0,SPG,SIMON PROPERTY GROUP INC NEW,6798.0
82880610,131.0,130.34,2011-12-27,,293787.0,SPG,SIMON PROPERTY GROUP INC NEW,6798.0
82880610,129.03,131.52,2011-12-28,,293787.0,SPG,SIMON PROPERTY GROUP INC NEW,6798.0
82880610,129.83,129.03,2011-12-29,,293787.0,SPG,SIMON PROPERTY GROUP INC NEW,6798.0
82880610,128.94,130.22,2011-12-30,,293842.0,SPG,SIMON PROPERTY GROUP INC NEW,6798.0
82880610,129.38,131.2,2012-01-03,,293842.0,SPG,SIMON PROPERTY GROUP INC NEW,6798.0
82880610,127.14,128.39999,2012-01-04,,293842.0,SPG,SIMON PROPERTY GROUP INC NEW,6798.0
82880610,127.81,126.86,2012-01-05,,293842.0,SPG,SIMON PROPERTY GROUP INC NEW,6798.0
82880610,126.82,127.79,2012-01-06,,293842.0,SPG,SIMON PROPERTY GROUP INC NEW,6798.0
82880610,126.72,126.42,2012-01-09,,293842.0,SPG,SIMON PROPERTY GROUP INC NEW,6798.0
82880610,127.48,127.82,2012-01-10,,293842.0,SPG,SIMON PROPERTY GROUP INC NEW,6798.0
82880610,128.03999,126.78,2012-01-11,,293842.0,SPG,SIMON PROPERTY GROUP INC NEW,6798.0
82880610,127.01,128.64999,2012-01-12,,293842.0,SPG,SIMON PROPERTY GROUP INC NEW,6798.0
82880610,126.92,125.79,2012-01-13,,293842.0,SPG,SIMON PROPERTY GROUP INC NEW,6798.0
82880610,128.2,127.0,2012-01-17,,293842.0,SPG,SIMON PROPERTY GROUP INC NEW,6798.0
82880610,128.48,128.28999,2012-01-18,,293842.0,SPG,SIMON PROPERTY GROUP INC NEW,6798.0
82880610,131.22,128.77,2012-01-19,,293842.0,SPG,SIMON PROPERTY GROUP INC NEW,6798.0
82880610,131.66,131.36,2012-01-20,,293842.0,SPG,SIMON PROPERTY GROUP INC NEW,6798.0
82880610,131.63,131.64,2012-01-23,,293842.0,SPG,SIMON PROPERTY GROUP INC NEW,6798.0
82880610,133.74001,131.08,2012-01-24,,293842.0,SPG,SIMON PROPERTY GROUP INC NEW,6798.0
82880610,135.8,133.3,2012-01-25,,293842.0,SPG,SIMON PROPERTY GROUP INC NEW,6798.0
82880610,136.53,136.28999,2012-01-26,,293842.0,SPG,SIMON PROPERTY GROUP INC NEW,6798.0
82880610,136.69,136.23,2012-01-27,,293842.0,SPG,SIMON PROPERTY GROUP INC NEW,6798.0
82880610,135.50999,135.7,2012-01-30,,293842.0,SPG,SIMON PROPERTY GROUP INC NEW,6798.0
82880610,135.86,135.94,2012-01-31,,293857.0,SPG,SIMON PROPERTY GROUP INC NEW,6798.0
82880610,136.5,136.81,2012-02-01,,293857.0,SPG,SIMON PROPERTY GROUP INC NEW,6798.0
82880610,137.45,136.53999,2012-02-02,,293857.0,SPG,SIMON PROPERTY GROUP INC NEW,6798.0
82880610,138.73,138.95,2012-02-03,,293857.0,SPG,SIMON PROPERTY GROUP INC NEW,6798.0
82880610,137.52,138.45,2012-02-06,,293857.0,SPG,SIMON PROPERTY GROUP INC NEW,6798.0
82880610,137.48,137.22,2012-02-07,,293857.0,SPG,SIMON PROPERTY GROUP INC NEW,6798.0
82880610,137.64,137.31,2012-02-08,,293857.0,SPG,SIMON PROPERTY GROUP INC NEW,6798.0
82880610,137.89999,137.56,2012-02-09,,293857.0,SPG,SIMON PROPERTY GROUP INC NEW,6798.0
82880610,136.75999,136.41,2012-02-10,,293857.0,SPG,SIMON PROPERTY GROUP INC NEW,6798.0
82880610,136.88,137.38,2012-02-13,,293857.0,SPG,SIMON PROPERTY GROUP INC NEW,6798.0
82880610,135.78,136.46001,2012-02-14,,293857.0,SPG,SIMON PROPERTY GROUP INC NEW,6798.0
82880610,136.07001,136.28,2012-02-15,,293857.0,SPG,SIMON PROPERTY GROUP INC NEW,6798.0
82880610,137.92999,136.07001,2012-02-16,,293857.0,SPG,SIMON PROPERTY GROUP INC NEW,6798.0
82880610,137.75999,138.19,2012-02-17,,293857.0,SPG,SIMON PROPERTY GROUP INC NEW,6798.0
82880610,135.81,138.10001,2012-02-21,,293857.0,SPG,SIMON PROPERTY GROUP INC NEW,6798.0
82880610,134.89999,135.57001,2012-02-22,,293857.0,SPG,SIMON PROPERTY GROUP INC NEW,6798.0
82880610,135.77,135.0,2012-02-23,,293857.0,SPG,SIMON PROPERTY GROUP INC NEW,6798.0
82880610,136.66,136.2,2012-02-24,,293857.0,SPG,SIMON PROPERTY GROUP INC NEW,6798.0
82880610,136.82001,135.42,2012-02-27,,293857.0,SPG,SIMON PROPERTY GROUP INC NEW,6798.0
82880610,136.3,137.05,2012-02-28,,293857.0,SPG,SIMON PROPERTY GROUP INC NEW,6798.0
82880610,135.48,136.67,2012-02-29,,297741.0,SPG,SIMON PROPERTY GROUP INC NEW,6798.0
82880610,136.39999,135.78,2012-03-01,,297741.0,SPG,SIMON PROPERTY GROUP INC NEW,6798.0
82880610,137.25,136.60001,2012-03-02,,297741.0,SPG,SIMON PROPERTY GROUP INC NEW,6798.0
82880610,138.41,137.27,2012-03-05,,297741.0,SPG,SIMON PROPERTY GROUP INC NEW,6798.0
82880610,136.74001,137.34,2012-03-06,,297741.0,SPG,SIMON PROPERTY GROUP INC NEW,6798.0
82880610,138.22,137.72,2012-03-07,,297741.0,SPG,SIMON PROPERTY GROUP INC NEW,6798.0
82880610,138.24001,137.74001,2012-03-08,,297741.0,SPG,SIMON PROPERTY GROUP INC NEW,6798.0
82880610,136.45,137.05,2012-03-09,,297741.0,SPG,SIMON PROPERTY GROUP INC NEW,6798.0
82880610,139.14999,136.92999,2012-03-12,,297741.0,SPG,SIMON PROPERTY GROUP INC NEW,6798.0
82880610,140.95,140.42999,2012-03-13,,297741.0,SPG,SIMON PROPERTY GROUP INC NEW,6798.0
82880610,141.12,141.11,2012-03-14,,297741.0,SPG,SIMON PROPERTY GROUP INC NEW,6798.0
82880610,141.2,141.53,2012-03-15,,297741.0,SPG,SIMON PROPERTY GROUP INC NEW,6798.0
82880610,141.89999,141.49001,2012-03-16,,297741.0,SPG,SIMON PROPERTY GROUP INC NEW,6798.0
82880610,143.58,141.64999,2012-03-19,,297741.0,SPG,SIMON PROPERTY GROUP INC NEW,6798.0
82880610,143.5,142.71001,2012-03-20,,297741.0,SPG,SIMON PROPERTY GROUP INC NEW,6798.0
82880610,144.22,143.63,2012-03-21,,297741.0,SPG,SIMON PROPERTY GROUP INC NEW,6798.0
82880610,142.77,143.27,2012-03-22,,297741.0,SPG,SIMON PROPERTY GROUP INC NEW,6798.0
82880610,143.62,143.19,2012-03-23,,297741.0,SPG,SIMON PROPERTY GROUP INC NEW,6798.0
82880610,144.53999,144.89,2012-03-26,,297741.0,SPG,SIMON PROPERTY GROUP INC NEW,6798.0
82880610,144.62,144.82001,2012-03-27,,297741.0,SPG,SIMON PROPERTY GROUP INC NEW,6798.0
82880610,144.28,143.99001,2012-03-28,,297741.0,SPG,SIMON PROPERTY GROUP INC NEW,6798.0
82880610,144.73,143.7,2012-03-29,,297741.0,SPG,SIMON PROPERTY GROUP INC NEW,6798.0
82880610,145.67999,145.64999,2012-03-30,,303041.0,SPG,SIMON PROPERTY GROUP INC NEW,6798.0
82880610,146.94,145.84,2012-04-02,,303041.0,SPG,SIMON PROPERTY GROUP INC NEW,6798.0
82880610,146.60001,146.48,2012-04-03,,303041.0,SPG,SIMON PROPERTY GROUP INC NEW,6798.0
82880610,145.66,145.3,2012-04-04,,303041.0,SPG,SIMON PROPERTY GROUP INC NEW,6798.0
82880610,145.78999,145.39999,2012-04-05,,303041.0,SPG,SIMON PROPERTY GROUP INC NEW,6798.0
82880610,144.64999,143.98,2012-04-09,,303041.0,SPG,SIMON PROPERTY GROUP INC NEW,6798.0
82880610,141.73,144.78999,2012-04-10,,303041.0,SPG,SIMON PROPERTY GROUP INC NEW,6798.0
82880610,143.36,143.03999,2012-04-11,,303041.0,SPG,SIMON PROPERTY GROUP INC NEW,6798.0
82880610,145.73,143.52,2012-04-12,,303041.0,SPG,SIMON PROPERTY GROUP INC NEW,6798.0
82880610,144.74001,145.25,2012-04-13,,303041.0,SPG,SIMON PROPERTY GROUP INC NEW,6798.0
82880610,148.64,145.5,2012-04-16,,303041.0,SPG,SIMON PROPERTY GROUP INC NEW,6798.0
82880610,149.52,149.11,2012-04-17,,303041.0,SPG,SIMON PROPERTY GROUP INC NEW,6798.0
82880610,149.02,148.81,2012-04-18,,303041.0,SPG,SIMON PROPERTY GROUP INC NEW,6798.0
82880610,148.06,149.24001,2012-04-19,,303041.0,SPG,SIMON PROPERTY GROUP INC NEW,6798.0
82880610,150.11,148.11,2012-04-20,,303041.0,SPG,SIMON PROPERTY GROUP INC NEW,6798.0
82880610,148.62,148.92,2012-04-23,,303041.0,SPG,SIMON PROPERTY GROUP INC NEW,6798.0
82880610,150.87,148.92999,2012-04-24,,303041.0,SPG,SIMON PROPERTY GROUP INC NEW,6798.0
82880610,152.67999,152.17,2012-04-25,,303041.0,SPG,SIMON PROPERTY GROUP INC NEW,6798.0
82880610,152.19,152.64,2012-04-26,,303041.0,SPG,SIMON PROPERTY GROUP INC NEW,6798.0
82880610,155.33,154.21001,2012-04-27,,303041.0,SPG,SIMON PROPERTY GROUP INC NEW,6798.0
82880610,155.60001,155.44,2012-04-30,,303097.0,SPG,SIMON PROPERTY GROUP INC NEW,6798.0
82880610,157.58,155.60001,2012-05-01,,303097.0,SPG,SIMON PROPERTY GROUP INC NEW,6798.0
82880610,156.99001,157.08,2012-05-02,,303097.0,SPG,SIMON PROPERTY GROUP INC NEW,6798.0
82880610,155.50999,157.03999,2012-05-03,,303097.0,SPG,SIMON PROPERTY GROUP INC NEW,6798.0
82880610,154.19,155.00999,2012-05-04,,303097.0,SPG,SIMON PROPERTY GROUP INC NEW,6798.0
82880610,155.07001,153.38,2012-05-07,,303097.0,SPG,SIMON PROPERTY GROUP INC NEW,6798.0
82880610,155.41,154.24001,2012-05-08,,303097.0,SPG,SIMON PROPERTY GROUP INC NEW,6798.0
82880610,154.72,154.06,2012-05-09,,303097.0,SPG,SIMON PROPERTY GROUP INC NEW,6798.0
82880610,154.92999,156.07001,2012-05-10,,303097.0,SPG,SIMON PROPERTY GROUP INC NEW,6798.0
82880610,156.08,154.55,2012-05-11,,303097.0,SPG,SIMON PROPERTY GROUP INC NEW,6798.0
82880610,154.46001,155.02,2012-05-14,,303097.0,SPG,SIMON PROPERTY GROUP INC NEW,6798.0
82880610,153.27,153.98,2012-05-15,,303097.0,SPG,SIMON PROPERTY GROUP INC NEW,6798.0
82880610,150.34,154.2,2012-05-16,,303097.0,SPG,SIMON PROPERTY GROUP INC NEW,6798.0
82880610,146.3,150.10001,2012-05-17,,303097.0,SPG,SIMON PROPERTY GROUP INC NEW,6798.0
82880610,144.34,146.69,2012-05-18,,303097.0,SPG,SIMON PROPERTY GROUP INC NEW,6798.0
82880610,147.47,144.73,2012-05-21,,303097.0,SPG,SIMON PROPERTY GROUP INC NEW,6798.0
82880610,147.78,147.78999,2012-05-22,,303097.0,SPG,SIMON PROPERTY GROUP INC NEW,6798.0
82880610,147.91,147.08,2012-05-23,,303097.0,SPG,SIMON PROPERTY GROUP INC NEW,6798.0
82880610,149.03,148.3,2012-05-24,,303097.0,SPG,SIMON PROPERTY GROUP INC NEW,6798.0
82880610,148.12,148.87,2012-05-25,,303097.0,SPG,SIMON PROPERTY GROUP INC NEW,6798.0
82880610,150.16,148.59,2012-05-29,,303097.0,SPG,SIMON PROPERTY GROUP INC NEW,6798.0
82880610,146.17999,149.07001,2012-05-30,,303097.0,SPG,SIMON PROPERTY GROUP INC NEW,6798.0
82880610,147.52,146.17999,2012-05-31,,303089.0,SPG,SIMON PROPERTY GROUP INC NEW,6798.0
82880610,143.50999,144.63,2012-06-01,,303089.0,SPG,SIMON PROPERTY GROUP INC NEW,6798.0
82880610,143.33,143.81,2012-06-04,,303089.0,SPG,SIMON PROPERTY GROUP INC NEW,6798.0
82880610,146.16,142.92,2012-06-05,,303089.0,SPG,SIMON PROPERTY GROUP INC NEW,6798.0
82880610,149.12,147.73,2012-06-06,,303089.0,SPG,SIMON PROPERTY GROUP INC NEW,6798.0
82880610,148.78999,148.46001,2012-06-07,,303089.0,SPG,SIMON PROPERTY GROUP INC NEW,6798.0
82880610,150.61,148.74001,2012-06-08,,303089.0,SPG,SIMON PROPERTY GROUP INC NEW,6798.0
82880610,147.72,151.63,2012-06-11,,303089.0,SPG,SIMON PROPERTY GROUP INC NEW,6798.0
82880610,149.03,146.87,2012-06-12,,303089.0,SPG,SIMON PROPERTY GROUP INC NEW,6798.0
82880610,147.32001,148.28999,2012-06-13,,303089.0,SPG,SIMON PROPERTY GROUP INC NEW,6798.0
82880610,148.25,147.67999,2012-06-14,,303089.0,SPG,SIMON PROPERTY GROUP INC NEW,6798.0
82880610,149.14999,149.23,2012-06-15,,303089.0,SPG,SIMON PROPERTY GROUP INC NEW,6798.0
82880610,149.31,148.72,2012-06-18,,303089.0,SPG,SIMON PROPERTY GROUP INC NEW,6798.0
82880610,151.25,149.87,2012-06-19,,303089.0,SPG,SIMON PROPERTY GROUP INC NEW,6798.0
82880610,152.28,151.46001,2012-06-20,,303089.0,SPG,SIMON PROPERTY GROUP INC NEW,6798.0
82880610,149.50999,152.87,2012-06-21,,303089.0,SPG,SIMON PROPERTY GROUP INC NEW,6798.0
82880610,150.17999,150.63,2012-06-22,,303089.0,SPG,SIMON PROPERTY GROUP INC NEW,6798.0
82880610,149.92,149.35001,2012-06-25,,303089.0,SPG,SIMON PROPERTY GROUP INC NEW,6798.0
82880610,150.47,149.87,2012-06-26,,303089.0,SPG,SIMON PROPERTY GROUP INC NEW,6798.0
82880610,150.99001,150.64,2012-06-27,,303089.0,SPG,SIMON PROPERTY GROUP INC NEW,6798.0
82880610,151.7,150.25999,2012-06-28,,303089.0,SPG,SIMON PROPERTY GROUP INC NEW,6798.0
82880610,155.66,154.74001,2012-06-29,,303307.0,SPG,SIMON PROPERTY GROUP INC NEW,6798.0
82880610,158.08,156.66,2012-07-02,,303307.0,SPG,SIMON PROPERTY GROUP INC NEW,6798.0
82880610,158.50999,158.17999,2012-07-03,,303307.0,SPG,SIMON PROPERTY GROUP INC NEW,6798.0
82880610,156.84,158.09,2012-07-05,,303307.0,SPG,SIMON PROPERTY GROUP INC NEW,6798.0
82880610,157.39999,155.53,2012-07-06,,303307.0,SPG,SIMON PROPERTY GROUP INC NEW,6798.0
82880610,158.56,157.05,2012-07-09,,303307.0,SPG,SIMON PROPERTY GROUP INC NEW,6798.0
82880610,156.74001,158.98,2012-07-10,,303307.0,SPG,SIMON PROPERTY GROUP INC NEW,6798.0
82880610,157.10001,156.82001,2012-07-11,,303307.0,SPG,SIMON PROPERTY GROUP INC NEW,6798.0
82880610,156.92,156.28,2012-07-12,,303307.0,SPG,SIMON PROPERTY GROUP INC NEW,6798.0
82880610,158.56,156.89,2012-07-13,,303307.0,SPG,SIMON PROPERTY GROUP INC NEW,6798.0
82880610,158.52,159.71001,2012-07-16,,303307.0,SPG,SIMON PROPERTY GROUP INC NEW,6798.0
82880610,159.84,159.45,2012-07-17,,303307.0,SPG,SIMON PROPERTY GROUP INC NEW,6798.0
82880610,159.25999,159.27,2012-07-18,,303307.0,SPG,SIMON PROPERTY GROUP INC NEW,6798.0
82880610,158.13,159.21001,2012-07-19,,303307.0,SPG,SIMON PROPERTY GROUP INC NEW,6798.0
82880610,156.97,156.82001,2012-07-20,,303307.0,SPG,SIMON PROPERTY GROUP INC NEW,6798.0
82880610,155.94,155.33,2012-07-23,,303307.0,SPG,SIMON PROPERTY GROUP INC NEW,6798.0
82880610,157.60001,156.25,2012-07-24,,303307.0,SPG,SIMON PROPERTY GROUP INC NEW,6798.0
82880610,156.34,158.94,2012-07-25,,303307.0,SPG,SIMON PROPERTY GROUP INC NEW,6798.0
82880610,159.0,158.41,2012-07-26,,303307.0,SPG,SIMON PROPERTY GROUP INC NEW,6798.0
82880610,160.48,159.66,2012-07-27,,303307.0,SPG,SIMON PROPERTY GROUP INC NEW,6798.0
82880610,161.09,160.48,2012-07-30,,303307.0,SPG,SIMON PROPERTY GROUP INC NEW,6798.0
82880610,160.49001,161.5,2012-07-31,,303332.0,SPG,SIMON PROPERTY GROUP INC NEW,6798.0
82880610,161.17999,161.49001,2012-08-01,,303332.0,SPG,SIMON PROPERTY GROUP INC NEW,6798.0
82880610,161.41,160.31,2012-08-02,,303332.0,SPG,SIMON PROPERTY GROUP INC NEW,6798.0
82880610,163.03,163.67999,2012-08-03,,303332.0,SPG,SIMON PROPERTY GROUP INC NEW,6798.0
82880610,161.78,163.50999,2012-08-06,,303332.0,SPG,SIMON PROPERTY GROUP INC NEW,6798.0
82880610,159.39,162.28999,2012-08-07,,303332.0,SPG,SIMON PROPERTY GROUP INC NEW,6798.0
82880610,158.48,158.86,2012-08-08,,303332.0,SPG,SIMON PROPERTY GROUP INC NEW,6798.0
82880610,157.05,158.48,2012-08-09,,303332.0,SPG,SIMON PROPERTY GROUP INC NEW,6798.0
82880610,157.7,156.64,2012-08-10,,303332.0,SPG,SIMON PROPERTY GROUP INC NEW,6798.0
82880610,157.17,157.49001,2012-08-13,,303332.0,SPG,SIMON PROPERTY GROUP INC NEW,6798.0
82880610,157.55,157.2,2012-08-14,,303332.0,SPG,SIMON PROPERTY GROUP INC NEW,6798.0
82880610,157.72,156.98,2012-08-15,,303332.0,SPG,SIMON PROPERTY GROUP INC NEW,6798.0
82880610,159.71001,157.39,2012-08-16,,303332.0,SPG,SIMON PROPERTY GROUP INC NEW,6798.0
82880610,159.85001,159.72,2012-08-17,,303332.0,SPG,SIMON PROPERTY GROUP INC NEW,6798.0
82880610,159.07001,159.95,2012-08-20,,303332.0,SPG,SIMON PROPERTY GROUP INC NEW,6798.0
82880610,158.50999,159.14999,2012-08-21,,303332.0,SPG,SIMON PROPERTY GROUP INC NEW,6798.0
82880610,158.7,158.5,2012-08-22,,303332.0,SPG,SIMON PROPERTY GROUP INC NEW,6798.0
82880610,156.46001,158.63,2012-08-23,,303332.0,SPG,SIMON PROPERTY GROUP INC NEW,6798.0
82880610,157.12,156.17999,2012-08-24,,303332.0,SPG,SIMON PROPERTY GROUP INC NEW,6798.0
82880610,158.73,157.38,2012-08-27,,303332.0,SPG,SIMON PROPERTY GROUP INC NEW,6798.0
82880610,158.59,158.16,2012-08-28,,303332.0,SPG,SIMON PROPERTY GROUP INC NEW,6798.0
82880610,157.81,158.8,2012-08-29,,303332.0,SPG,SIMON PROPERTY GROUP INC NEW,6798.0
82880610,157.41,157.36,2012-08-30,,303332.0,SPG,SIMON PROPERTY GROUP INC NEW,6798.0
82880610,158.7,157.81,2012-08-31,,303332.0,SPG,SIMON PROPERTY GROUP INC NEW,6798.0
82880610,158.75,158.7,2012-09-04,,303332.0,SPG,SIMON PROPERTY GROUP INC NEW,6798.0
82880610,157.95,159.02,2012-09-05,,303332.0,SPG,SIMON PROPERTY GROUP INC NEW,6798.0
82880610,158.85001,158.53,2012-09-06,,303332.0,SPG,SIMON PROPERTY GROUP INC NEW,6798.0
82880610,159.05,159.28,2012-09-07,,303332.0,SPG,SIMON PROPERTY GROUP INC NEW,6798.0
82880610,156.21001,159.61,2012-09-10,,303332.0,SPG,SIMON PROPERTY GROUP INC NEW,6798.0
82880610,157.74001,156.42,2012-09-11,,303332.0,SPG,SIMON PROPERTY GROUP INC NEW,6798.0
82880610,158.59,157.91,2012-09-12,,303332.0,SPG,SIMON PROPERTY GROUP INC NEW,6798.0
82880610,161.66,158.27,2012-09-13,,303332.0,SPG,SIMON PROPERTY GROUP INC NEW,6798.0
82880610,162.7,161.92,2012-09-14,,303332.0,SPG,SIMON PROPERTY GROUP INC NEW,6798.0
82880610,163.53,162.8,2012-09-17,,303332.0,SPG,SIMON PROPERTY GROUP INC NEW,6798.0
82880610,161.7,163.09,2012-09-18,,303332.0,SPG,SIMON PROPERTY GROUP INC NEW,6798.0
82880610,160.67,161.67999,2012-09-19,,303332.0,SPG,SIMON PROPERTY GROUP INC NEW,6798.0
82880610,155.89,156.0,2012-09-20,,303332.0,SPG,SIMON PROPERTY GROUP INC NEW,6798.0
82880610,156.19,156.38,2012-09-21,,303332.0,SPG,SIMON PROPERTY GROUP INC NEW,6798.0
82880610,155.32001,156.0,2012-09-24,,303332.0,SPG,SIMON PROPERTY GROUP INC NEW,6798.0
82880610,152.39,155.98,2012-09-25,,303332.0,SPG,SIMON PROPERTY GROUP INC NEW,6798.0
82880610,151.14,152.08,2012-09-26,,303332.0,SPG,SIMON PROPERTY GROUP INC NEW,6798.0
82880610,151.94,151.92999,2012-09-27,,303332.0,SPG,SIMON PROPERTY GROUP INC NEW,6798.0
82880610,151.81,151.16,2012-09-28,,309199.0,SPG,SIMON PROPERTY GROUP INC NEW,6798.0
82880610,151.19,152.21001,2012-10-01,,309199.0,SPG,SIMON PROPERTY GROUP INC NEW,6798.0
82880610,152.25,151.66,2012-10-02,,309199.0,SPG,SIMON PROPERTY GROUP INC NEW,6798.0
82880610,152.92,152.50999,2012-10-03,,309199.0,SPG,SIMON PROPERTY GROUP INC NEW,6798.0
82880610,152.59,153.58,2012-10-04,,309199.0,SPG,SIMON PROPERTY GROUP INC NEW,6798.0
82880610,152.71001,153.24001,2012-10-05,,309199.0,SPG,SIMON PROPERTY GROUP INC NEW,6798.0
82880610,152.87,152.67999,2012-10-08,,309199.0,SPG,SIMON PROPERTY GROUP INC NEW,6798.0
82880610,152.24001,153.19,2012-10-09,,309199.0,SPG,SIMON PROPERTY GROUP INC NEW,6798.0
82880610,153.03999,152.2,2012-10-10,,309199.0,SPG,SIMON PROPERTY GROUP INC NEW,6798.0
82880610,153.05,153.74001,2012-10-11,,309199.0,SPG,SIMON PROPERTY GROUP INC NEW,6798.0
82880610,152.39,153.07001,2012-10-12,,309199.0,SPG,SIMON PROPERTY GROUP INC NEW,6798.0
82880610,153.12,152.67,2012-10-15,,309199.0,SPG,SIMON PROPERTY GROUP INC NEW,6798.0
82880610,153.98,154.25,2012-10-16,,309199.0,SPG,SIMON PROPERTY GROUP INC NEW,6798.0
82880610,152.85001,153.25999,2012-10-17,,309199.0,SPG,SIMON PROPERTY GROUP INC NEW,6798.0
82880610,154.8,152.8,2012-10-18,,309199.0,SPG,SIMON PROPERTY GROUP INC NEW,6798.0
82880610,153.53999,154.28999,2012-10-19,,309199.0,SPG,SIMON PROPERTY GROUP INC NEW,6798.0
82880610,152.94,152.25999,2012-10-22,,309199.0,SPG,SIMON PROPERTY GROUP INC NEW,6798.0
82880610,151.02,151.05,2012-10-23,,309199.0,SPG,SIMON PROPERTY GROUP INC NEW,6798.0
82880610,151.17,151.03999,2012-10-24,,309199.0,SPG,SIMON PROPERTY GROUP INC NEW,6798.0
82880610,151.46001,151.89999,2012-10-25,,309199.0,SPG,SIMON PROPERTY GROUP INC NEW,6798.0
82880610,150.3,151.47,2012-10-26,,309199.0,SPG,SIMON PROPERTY GROUP INC NEW,6798.0
82880610,152.21001,151.64,2012-10-31,,313104.0,SPG,SIMON PROPERTY GROUP INC NEW,6798.0
82880610,152.55,152.16,2012-11-01,,313104.0,SPG,SIMON PROPERTY GROUP INC NEW,6798.0
82880610,155.75,154.45,2012-11-02,,313104.0,SPG,SIMON PROPERTY GROUP INC NEW,6798.0
82880610,154.73,154.42,2012-11-05,,313104.0,SPG,SIMON PROPERTY GROUP INC NEW,6798.0
82880610,155.49001,155.0,2012-11-06,,313104.0,SPG,SIMON PROPERTY GROUP INC NEW,6798.0
82880610,155.7,154.77,2012-11-07,,313104.0,SPG,SIMON PROPERTY GROUP INC NEW,6798.0
82880610,154.16,155.36,2012-11-08,,313104.0,SPG,SIMON PROPERTY GROUP INC NEW,6798.0
82880610,152.0,153.03,2012-11-09,,313104.0,SPG,SIMON PROPERTY GROUP INC NEW,6798.0
82880610,152.13,152.31,2012-11-12,,313104.0,SPG,SIMON PROPERTY GROUP INC NEW,6798.0
82880610,151.81,151.44,2012-11-13,,313104.0,SPG,SIMON PROPERTY GROUP INC NEW,6798.0
82880610,148.14999,151.57001,2012-11-14,,313104.0,SPG,SIMON PROPERTY GROUP INC NEW,6798.0
82880610,146.73,148.28999,2012-11-15,,313104.0,SPG,SIMON PROPERTY GROUP INC NEW,6798.0
82880610,146.92,146.7,2012-11-16,,313104.0,SPG,SIMON PROPERTY GROUP INC NEW,6798.0
82880610,148.95,148.36,2012-11-19,,313104.0,SPG,SIMON PROPERTY GROUP INC NEW,6798.0
82880610,150.38,149.17999,2012-11-20,,313104.0,SPG,SIMON PROPERTY GROUP INC NEW,6798.0
82880610,150.21001,150.49001,2012-11-21,,313104.0,SPG,SIMON PROPERTY GROUP INC NEW,6798.0
82880610,151.62,150.78,2012-11-23,,313104.0,SPG,SIMON PROPERTY GROUP INC NEW,6798.0
82880610,152.14999,150.83,2012-11-26,,313104.0,SPG,SIMON PROPERTY GROUP INC NEW,6798.0
82880610,151.02,151.47,2012-11-27,,313104.0,SPG,SIMON PROPERTY GROUP INC NEW,6798.0
82880610,150.24001,150.74001,2012-11-28,,313104.0,SPG,SIMON PROPERTY GROUP INC NEW,6798.0
82880610,151.25,150.71001,2012-11-29,,313104.0,SPG,SIMON PROPERTY GROUP INC NEW,6798.0
82880610,152.13,151.74001,2012-11-30,,309341.0,SPG,SIMON PROPERTY GROUP INC NEW,6798.0
82880610,152.83,152.57001,2012-12-03,,309341.0,SPG,SIMON PROPERTY GROUP INC NEW,6798.0
82880610,152.55,152.50999,2012-12-04,,309341.0,SPG,SIMON PROPERTY GROUP INC NEW,6798.0
82880610,152.27,152.84,2012-12-05,,309341.0,SPG,SIMON PROPERTY GROUP INC NEW,6798.0
82880610,154.41,153.28,2012-12-06,,309341.0,SPG,SIMON PROPERTY GROUP INC NEW,6798.0
82880610,155.64999,155.0,2012-12-07,,309341.0,SPG,SIMON PROPERTY GROUP INC NEW,6798.0
82880610,156.03999,155.71001,2012-12-10,,309341.0,SPG,SIMON PROPERTY GROUP INC NEW,6798.0
82880610,156.72,158.97,2012-12-11,,309341.0,SPG,SIMON PROPERTY GROUP INC NEW,6798.0
82880610,156.39999,156.58,2012-12-12,,309341.0,SPG,SIMON PROPERTY GROUP INC NEW,6798.0
82880610,153.99001,154.19,2012-12-13,,309341.0,SPG,SIMON PROPERTY GROUP INC NEW,6798.0
82880610,154.05,154.28,2012-12-14,,309341.0,SPG,SIMON PROPERTY GROUP INC NEW,6798.0
82880610,155.47,155.61,2012-12-17,,309341.0,SPG,SIMON PROPERTY GROUP INC NEW,6798.0
82880610,156.83,155.58,2012-12-18,,309341.0,SPG,SIMON PROPERTY GROUP INC NEW,6798.0
82880610,156.39,156.82001,2012-12-19,,309341.0,SPG,SIMON PROPERTY GROUP INC NEW,6798.0
82880610,158.07001,156.39999,2012-12-20,,309341.0,SPG,SIMON PROPERTY GROUP INC NEW,6798.0
82880610,157.8,156.73,2012-12-21,,309341.0,SPG,SIMON PROPERTY GROUP INC NEW,6798.0
82880610,157.94,157.83,2012-12-24,,309341.0,SPG,SIMON PROPERTY GROUP INC NEW,6798.0
82880610,156.96001,158.24001,2012-12-26,,309341.0,SPG,SIMON PROPERTY GROUP INC NEW,6798.0
82880610,157.92999,156.89,2012-12-27,,309341.0,SPG,SIMON PROPERTY GROUP INC NEW,6798.0
82880610,156.02,156.82001,2012-12-28,,309341.0,SPG,SIMON PROPERTY GROUP INC NEW,6798.0
82880610,158.09,155.73,2012-12-31,,309372.0,SPG,SIMON PROPERTY GROUP INC NEW,6798.0
82880610,159.8,160.19,2013-01-02,,309372.0,SPG,SIMON PROPERTY GROUP INC NEW,6798.0
82880610,158.52,160.16,2013-01-03,,309372.0,SPG,SIMON PROPERTY GROUP INC NEW,6798.0
82880610,158.59,158.64999,2013-01-04,,309372.0,SPG,SIMON PROPERTY GROUP INC NEW,6798.0
82880610,159.72,158.12,2013-01-07,,309372.0,SPG,SIMON PROPERTY GROUP INC NEW,6798.0
82880610,159.14,159.8,2013-01-08,,309372.0,SPG,SIMON PROPERTY GROUP INC NEW,6798.0
82880610,159.92,159.52,2013-01-09,,309372.0,SPG,SIMON PROPERTY GROUP INC NEW,6798.0
82880610,159.89999,160.12,2013-01-10,,309372.0,SPG,SIMON PROPERTY GROUP INC NEW,6798.0
82880610,159.98,159.89999,2013-01-11,,309372.0,SPG,SIMON PROPERTY GROUP INC NEW,6798.0
82880610,159.44,159.97,2013-01-14,,309372.0,SPG,SIMON PROPERTY GROUP INC NEW,6798.0
82880610,160.19,158.99001,2013-01-15,,309372.0,SPG,SIMON PROPERTY GROUP INC NEW,6798.0
82880610,159.72,159.55,2013-01-16,,309372.0,SPG,SIMON PROPERTY GROUP INC NEW,6798.0
82880610,159.89999,160.49001,2013-01-17,,309372.0,SPG,SIMON PROPERTY GROUP INC NEW,6798.0
82880610,159.89,159.71001,2013-01-18,,309372.0,SPG,SIMON PROPERTY GROUP INC NEW,6798.0
82880610,160.95,159.87,2013-01-22,,309372.0,SPG,SIMON PROPERTY GROUP INC NEW,6798.0
82880610,161.5,160.59,2013-01-23,,309372.0,SPG,SIMON PROPERTY GROUP INC NEW,6798.0
82880610,162.16,161.89,2013-01-24,,309372.0,SPG,SIMON PROPERTY GROUP INC NEW,6798.0
82880610,162.35001,162.47,2013-01-25,,309372.0,SPG,SIMON PROPERTY GROUP INC NEW,6798.0
82880610,162.71001,163.69,2013-01-28,,309372.0,SPG,SIMON PROPERTY GROUP INC NEW,6798.0
82880610,162.78999,162.44,2013-01-29,,309372.0,SPG,SIMON PROPERTY GROUP INC NEW,6798.0
82880610,161.38,162.36,2013-01-30,,309372.0,SPG,SIMON PROPERTY GROUP INC NEW,6798.0
82880610,160.17999,161.22,2013-01-31,,309899.0,SPG,SIMON PROPERTY GROUP INC NEW,6798.0
82880610,161.97,161.3,2013-02-01,,309899.0,SPG,SIMON PROPERTY GROUP INC NEW,6798.0
82880610,162.50999,161.2,2013-02-04,,309899.0,SPG,SIMON PROPERTY GROUP INC NEW,6798.0
82880610,161.75999,163.53999,2013-02-05,,309899.0,SPG,SIMON PROPERTY GROUP INC NEW,6798.0
82880610,161.7,160.86,2013-02-06,,309899.0,SPG,SIMON PROPERTY GROUP INC NEW,6798.0
82880610,160.78999,161.89999,2013-02-07,,309899.0,SPG,SIMON PROPERTY GROUP INC NEW,6798.0
82880610,162.75999,161.06,2013-02-08,,309899.0,SPG,SIMON PROPERTY GROUP INC NEW,6798.0
82880610,163.5,162.85001,2013-02-11,,309899.0,SPG,SIMON PROPERTY GROUP INC NEW,6798.0
82880610,162.97,162.42999,2013-02-12,,309899.0,SPG,SIMON PROPERTY GROUP INC NEW,6798.0
82880610,162.05,163.14999,2013-02-13,,309899.0,SPG,SIMON PROPERTY GROUP INC NEW,6798.0
82880610,160.57001,161.7,2013-02-14,,309899.0,SPG,SIMON PROPERTY GROUP INC NEW,6798.0
82880610,159.89999,159.84,2013-02-15,,309899.0,SPG,SIMON PROPERTY GROUP INC NEW,6798.0
82880610,160.5,159.86,2013-02-19,,309899.0,SPG,SIMON PROPERTY GROUP INC NEW,6798.0
82880610,159.52,160.12,2013-02-20,,309899.0,SPG,SIMON PROPERTY GROUP INC NEW,6798.0
82880610,158.02,159.05,2013-02-21,,309899.0,SPG,SIMON PROPERTY GROUP INC NEW,6798.0
82880610,159.72,158.34,2013-02-22,,309899.0,SPG,SIMON PROPERTY GROUP INC NEW,6798.0
82880610,157.37,160.66,2013-02-25,,309899.0,SPG,SIMON PROPERTY GROUP INC NEW,6798.0
82880610,157.88,157.82001,2013-02-26,,309899.0,SPG,SIMON PROPERTY GROUP INC NEW,6798.0
82880610,159.2,157.89999,2013-02-27,,309899.0,SPG,SIMON PROPERTY GROUP INC NEW,6798.0
82880610,158.86,159.39999,2013-02-28,,309902.0,SPG,SIMON PROPERTY GROUP INC NEW,6798.0
82880610,159.99001,158.58,2013-03-01,,309902.0,SPG,SIMON PROPERTY GROUP INC NEW,6798.0
82880610,161.46001,159.87,2013-03-04,,309902.0,SPG,SIMON PROPERTY GROUP INC NEW,6798.0
82880610,162.61,162.05,2013-03-05,,309902.0,SPG,SIMON PROPERTY GROUP INC NEW,6798.0
82880610,161.92,163.42,2013-03-06,,309902.0,SPG,SIMON PROPERTY GROUP INC NEW,6798.0
82880610,160.08,162.06,2013-03-07,,309902.0,SPG,SIMON PROPERTY GROUP INC NEW,6798.0
82880610,160.0,160.33,2013-03-08,,309902.0,SPG,SIMON PROPERTY GROUP INC NEW,6798.0
82880610,161.0,159.99001,2013-03-11,,309902.0,SPG,SIMON PROPERTY GROUP INC NEW,6798.0
82880610,159.52,160.72,2013-03-12,,309902.0,SPG,SIMON PROPERTY GROUP INC NEW,6798.0
82880610,159.3,159.89,2013-03-13,,309902.0,SPG,SIMON PROPERTY GROUP INC NEW,6798.0
82880610,159.88,159.24001,2013-03-14,,309902.0,SPG,SIMON PROPERTY GROUP INC NEW,6798.0
82880610,159.60001,159.21001,2013-03-15,,309902.0,SPG,SIMON PROPERTY GROUP INC NEW,6798.0
82880610,158.73,158.48,2013-03-18,,309902.0,SPG,SIMON PROPERTY GROUP INC NEW,6798.0
82880610,157.10001,158.7,2013-03-19,,309902.0,SPG,SIMON PROPERTY GROUP INC NEW,6798.0
82880610,158.47,157.95,2013-03-20,,309902.0,SPG,SIMON PROPERTY GROUP INC NEW,6798.0
82880610,158.06,158.0,2013-03-21,,309902.0,SPG,SIMON PROPERTY GROUP INC NEW,6798.0
82880610,159.14,158.46001,2013-03-22,,309902.0,SPG,SIMON PROPERTY GROUP INC NEW,6798.0
82880610,159.36,160.2,2013-03-25,,309902.0,SPG,SIMON PROPERTY GROUP INC NEW,6798.0
82880610,159.33,160.28,2013-03-26,,309902.0,SPG,SIMON PROPERTY GROUP INC NEW,6798.0
82880610,159.2,158.47,2013-03-27,,309902.0,SPG,SIMON PROPERTY GROUP INC NEW,6798.0
82880610,158.56,159.2,2013-03-28,,310036.0,SPG,SIMON PROPERTY GROUP INC NEW,6798.0
82880610,159.32001,158.58,2013-04-01,,310036.0,SPG,SIMON PROPERTY GROUP INC NEW,6798.0
82880610,160.97,160.21001,2013-04-02,,310036.0,SPG,SIMON PROPERTY GROUP INC NEW,6798.0
82880610,162.0,161.73,2013-04-03,,310036.0,SPG,SIMON PROPERTY GROUP INC NEW,6798.0
82880610,163.60001,162.0,2013-04-04,,310036.0,SPG,SIMON PROPERTY GROUP INC NEW,6798.0
82880610,166.23,162.39,2013-04-05,,310036.0,SPG,SIMON PROPERTY GROUP INC NEW,6798.0
82880610,169.10001,165.57001,2013-04-08,,310036.0,SPG,SIMON PROPERTY GROUP INC NEW,6798.0
82880610,169.11,169.3,2013-04-09,,310036.0,SPG,SIMON PROPERTY GROUP INC NEW,6798.0
82880610,170.77,168.77,2013-04-10,,310036.0,SPG,SIMON PROPERTY GROUP INC NEW,6798.0
82880610,174.27,171.08,2013-04-11,,310036.0,SPG,SIMON PROPERTY GROUP INC NEW,6798.0
82880610,173.66,173.91,2013-04-12,,310036.0,SPG,SIMON PROPERTY GROUP INC NEW,6798.0
82880610,170.44,172.35001,2013-04-15,,310036.0,SPG,SIMON PROPERTY GROUP INC NEW,6798.0
82880610,174.48,171.27,2013-04-16,,310036.0,SPG,SIMON PROPERTY GROUP INC NEW,6798.0
82880610,172.8,173.60001,2013-04-17,,310036.0,SPG,SIMON PROPERTY GROUP INC NEW,6798.0
82880610,172.91,173.07001,2013-04-18,,310036.0,SPG,SIMON PROPERTY GROUP INC NEW,6798.0
82880610,176.11,173.25,2013-04-19,,310036.0,SPG,SIMON PROPERTY GROUP INC NEW,6798.0
82880610,175.5,176.41,2013-04-22,,310036.0,SPG,SIMON PROPERTY GROUP INC NEW,6798.0
82880610,176.03999,176.28,2013-04-23,,310036.0,SPG,SIMON PROPERTY GROUP INC NEW,6798.0
82880610,176.84,176.25,2013-04-24,,310036.0,SPG,SIMON PROPERTY GROUP INC NEW,6798.0
82880610,176.00999,176.7,2013-04-25,,310036.0,SPG,SIMON PROPERTY GROUP INC NEW,6798.0
82880610,175.62,175.48,2013-04-26,,310036.0,SPG,SIMON PROPERTY GROUP INC NEW,6798.0
82880610,175.99001,176.28999,2013-04-29,,310036.0,SPG,SIMON PROPERTY GROUP INC NEW,6798.0
82880610,178.07001,176.3,2013-04-30,,310036.0,SPG,SIMON PROPERTY GROUP INC NEW,6798.0
82880610,176.57001,177.85001,2013-05-01,,310036.0,SPG,SIMON PROPERTY GROUP INC NEW,6798.0
82880610,178.03,177.17999,2013-05-02,,310036.0,SPG,SIMON PROPERTY GROUP INC NEW,6798.0
82880610,179.44,179.08,2013-05-03,,310036.0,SPG,SIMON PROPERTY GROUP INC NEW,6798.0
82880610,179.37,179.28999,2013-05-06,,310036.0,SPG,SIMON PROPERTY GROUP INC NEW,6798.0
82880610,178.87,179.28,2013-05-07,,310036.0,SPG,SIMON PROPERTY GROUP INC NEW,6798.0
82880610,180.34,178.82001,2013-05-08,,310036.0,SPG,SIMON PROPERTY GROUP INC NEW,6798.0
82880610,178.89999,180.75,2013-05-09,,310036.0,SPG,SIMON PROPERTY GROUP INC NEW,6798.0
82880610,179.37,179.16,2013-05-10,,310036.0,SPG,SIMON PROPERTY GROUP INC NEW,6798.0
82880610,179.96001,179.37,2013-05-13,,310036.0,SPG,SIMON PROPERTY GROUP INC NEW,6798.0
82880610,179.23,180.57001,2013-05-14,,310036.0,SPG,SIMON PROPERTY GROUP INC NEW,6798.0
82880610,179.62,178.24001,2013-05-15,,310036.0,SPG,SIMON PROPERTY GROUP INC NEW,6798.0
82880610,177.56,178.88,2013-05-16,,310036.0,SPG,SIMON PROPERTY GROUP INC NEW,6798.0
82880610,179.85001,178.35001,2013-05-17,,310036.0,SPG,SIMON PROPERTY GROUP INC NEW,6798.0
82880610,178.96001,179.56,2013-05-20,,310036.0,SPG,SIMON PROPERTY GROUP INC NEW,6798.0
82880610,180.23,179.10001,2013-05-21,,310036.0,SPG,SIMON PROPERTY GROUP INC NEW,6798.0
82880610,176.03999,179.23,2013-05-22,,310036.0,SPG,SIMON PROPERTY GROUP INC NEW,6798.0
82880610,173.59,175.13,2013-05-23,,310036.0,SPG,SIMON PROPERTY GROUP INC NEW,6798.0
82880610,174.47,171.99001,2013-05-24,,310036.0,SPG,SIMON PROPERTY GROUP INC NEW,6798.0
82880610,175.44,176.39999,2013-05-28,,310036.0,SPG,SIMON PROPERTY GROUP INC NEW,6798.0
82880610,171.87,174.19,2013-05-29,,310036.0,SPG,SIMON PROPERTY GROUP INC NEW,6798.0
82880610,170.0,172.17999,2013-05-30,,310036.0,SPG,SIMON PROPERTY GROUP INC NEW,6798.0
82880610,166.44,169.23,2013-05-31,,310048.0,SPG,SIMON PROPERTY GROUP INC NEW,6798.0
82880610,166.67999,166.33,2013-06-03,,310048.0,SPG,SIMON PROPERTY GROUP INC NEW,6798.0
82880610,165.66,166.92,2013-06-04,,310048.0,SPG,SIMON PROPERTY GROUP INC NEW,6798.0
82880610,163.92,165.03999,2013-06-05,,310048.0,SPG,SIMON PROPERTY GROUP INC NEW,6798.0
82880610,166.56,163.69,2013-06-06,,310048.0,SPG,SIMON PROPERTY GROUP INC NEW,6798.0
82880610,167.25999,167.49001,2013-06-07,,310048.0,SPG,SIMON PROPERTY GROUP INC NEW,6798.0
82880610,165.27,167.3,2013-06-10,,310048.0,SPG,SIMON PROPERTY GROUP INC NEW,6798.0
82880610,162.22,163.83,2013-06-11,,310048.0,SPG,SIMON PROPERTY GROUP INC NEW,6798.0
82880610,159.67,163.14,2013-06-12,,310048.0,SPG,SIMON PROPERTY GROUP INC NEW,6798.0
82880610,165.10001,159.8,2013-06-13,,310048.0,SPG,SIMON PROPERTY GROUP INC NEW,6798.0
82880610,166.05,165.10001,2013-06-14,,310048.0,SPG,SIMON PROPERTY GROUP INC NEW,6798.0
82880610,168.5,167.22,2013-06-17,,310048.0,SPG,SIMON PROPERTY GROUP INC NEW,6798.0
82880610,167.3,168.36,2013-06-18,,310048.0,SPG,SIMON PROPERTY GROUP INC NEW,6798.0
82880610,162.52,167.41,2013-06-19,,310048.0,SPG,SIMON PROPERTY GROUP INC NEW,6798.0
82880610,154.58,160.81,2013-06-20,,310048.0,SPG,SIMON PROPERTY GROUP INC NEW,6798.0
82880610,156.58,155.81,2013-06-21,,310048.0,SPG,SIMON PROPERTY GROUP INC NEW,6798.0
82880610,154.98,154.84,2013-06-24,,310048.0,SPG,SIMON PROPERTY GROUP INC NEW,6798.0
82880610,156.83,156.21001,2013-06-25,,310048.0,SPG,SIMON PROPERTY GROUP INC NEW,6798.0
82880610,158.27,158.25,2013-06-26,,310048.0,SPG,SIMON PROPERTY GROUP INC NEW,6798.0
82880610,160.67999,159.19,2013-06-27,,310048.0,SPG,SIMON PROPERTY GROUP INC NEW,6798.0
82880610,157.92,161.12,2013-06-28,,310304.0,SPG,SIMON PROPERTY GROUP INC NEW,6798.0
82880610,157.64999,159.2,2013-07-01,,310304.0,SPG,SIMON PROPERTY GROUP INC NEW,6798.0
82880610,162.63,157.66,2013-07-02,,310304.0,SPG,SIMON PROPERTY GROUP INC NEW,6798.0
82880610,158.98,161.03999,2013-07-03,,310304.0,SPG,SIMON PROPERTY GROUP INC NEW,6798.0
82880610,159.47,159.0,2013-07-05,,310304.0,SPG,SIMON PROPERTY GROUP INC NEW,6798.0
82880610,159.22,159.86,2013-07-08,,310304.0,SPG,SIMON PROPERTY GROUP INC NEW,6798.0
82880610,161.72,160.46001,2013-07-09,,310304.0,SPG,SIMON PROPERTY GROUP INC NEW,6798.0
82880610,160.8,161.72,2013-07-10,,310304.0,SPG,SIMON PROPERTY GROUP INC NEW,6798.0
82880610,164.07001,163.94,2013-07-11,,310304.0,SPG,SIMON PROPERTY GROUP INC NEW,6798.0
82880610,163.0,164.39999,2013-07-12,,310304.0,SPG,SIMON PROPERTY GROUP INC NEW,6798.0
82880610,162.89999,162.60001,2013-07-15,,310304.0,SPG,SIMON PROPERTY GROUP INC NEW,6798.0
82880610,163.0,162.92,2013-07-16,,310304.0,SPG,SIMON PROPERTY GROUP INC NEW,6798.0
82880610,162.8,163.25,2013-07-17,,310304.0,SPG,SIMON PROPERTY GROUP INC NEW,6798.0
82880610,164.72,162.71001,2013-07-18,,310304.0,SPG,SIMON PROPERTY GROUP INC NEW,6798.0
82880610,164.96001,164.42,2013-07-19,,310304.0,SPG,SIMON PROPERTY GROUP INC NEW,6798.0
82880610,166.05,165.05,2013-07-22,,310304.0,SPG,SIMON PROPERTY GROUP INC NEW,6798.0
82880610,165.98,166.89,2013-07-23,,310304.0,SPG,SIMON PROPERTY GROUP INC NEW,6798.0
82880610,164.41,165.94,2013-07-24,,310304.0,SPG,SIMON PROPERTY GROUP INC NEW,6798.0
82880610,163.78999,163.5,2013-07-25,,310304.0,SPG,SIMON PROPERTY GROUP INC NEW,6798.0
82880610,164.53999,163.37,2013-07-26,,310304.0,SPG,SIMON PROPERTY GROUP INC NEW,6798.0
82880610,163.05,165.44,2013-07-29,,310304.0,SPG,SIMON PROPERTY GROUP INC NEW,6798.0
82880610,161.72,164.14,2013-07-30,,310304.0,SPG,SIMON PROPERTY GROUP INC NEW,6798.0
82880610,160.06,162.0,2013-07-31,,313978.0,SPG,SIMON PROPERTY GROUP INC NEW,6798.0
82880610,158.97,160.83,2013-08-01,,313978.0,SPG,SIMON PROPERTY GROUP INC NEW,6798.0
82880610,157.61,159.06,2013-08-02,,313978.0,SPG,SIMON PROPERTY GROUP INC NEW,6798.0
82880610,156.91,157.56,2013-08-05,,313978.0,SPG,SIMON PROPERTY GROUP INC NEW,6798.0
82880610,156.35001,156.23,2013-08-06,,313978.0,SPG,SIMON PROPERTY GROUP INC NEW,6798.0
82880610,156.86,156.11,2013-08-07,,313978.0,SPG,SIMON PROPERTY GROUP INC NEW,6798.0
82880610,156.35001,157.24001,2013-08-08,,313978.0,SPG,SIMON PROPERTY GROUP INC NEW,6798.0
82880610,157.95,156.41,2013-08-09,,313978.0,SPG,SIMON PROPERTY GROUP INC NEW,6798.0
82880610,157.28999,157.59,2013-08-12,,313978.0,SPG,SIMON PROPERTY GROUP INC NEW,6798.0
82880610,155.2,157.45,2013-08-13,,313978.0,SPG,SIMON PROPERTY GROUP INC NEW,6798.0
82880610,152.67,154.47,2013-08-14,,313978.0,SPG,SIMON PROPERTY GROUP INC NEW,6798.0
82880610,149.69,151.41,2013-08-15,,313978.0,SPG,SIMON PROPERTY GROUP INC NEW,6798.0
82880610,145.3,149.17999,2013-08-16,,313978.0,SPG,SIMON PROPERTY GROUP INC NEW,6798.0
82880610,143.22,144.69,2013-08-19,,313978.0,SPG,SIMON PROPERTY GROUP INC NEW,6798.0
82880610,145.92999,143.74001,2013-08-20,,313978.0,SPG,SIMON PROPERTY GROUP INC NEW,6798.0
82880610,144.95,145.53,2013-08-21,,313978.0,SPG,SIMON PROPERTY GROUP INC NEW,6798.0
82880610,146.36,145.35001,2013-08-22,,313978.0,SPG,SIMON PROPERTY GROUP INC NEW,6798.0
82880610,147.5,149.44,2013-08-23,,313978.0,SPG,SIMON PROPERTY GROUP INC NEW,6798.0
82880610,147.13,147.71001,2013-08-26,,313978.0,SPG,SIMON PROPERTY GROUP INC NEW,6798.0
82880610,145.74001,146.24001,2013-08-27,,313978.0,SPG,SIMON PROPERTY GROUP INC NEW,6798.0
82880610,145.27,146.05,2013-08-28,,313978.0,SPG,SIMON PROPERTY GROUP INC NEW,6798.0
82880610,146.34,144.56,2013-08-29,,313978.0,SPG,SIMON PROPERTY GROUP INC NEW,6798.0
82880610,145.63,146.59,2013-08-30,,310323.0,SPG,SIMON PROPERTY GROUP INC NEW,6798.0
82880610,144.44,146.24001,2013-09-03,,310323.0,SPG,SIMON PROPERTY GROUP INC NEW,6798.0
82880610,144.57001,144.28999,2013-09-04,,310323.0,SPG,SIMON PROPERTY GROUP INC NEW,6798.0
82880610,142.53999,144.56,2013-09-05,,310323.0,SPG,SIMON PROPERTY GROUP INC NEW,6798.0
82880610,144.94,144.53999,2013-09-06,,310323.0,SPG,SIMON PROPERTY GROUP INC NEW,6798.0
82880610,148.44,145.53999,2013-09-09,,310323.0,SPG,SIMON PROPERTY GROUP INC NEW,6798.0
82880610,148.73,149.33,2013-09-10,,310323.0,SPG,SIMON PROPERTY GROUP INC NEW,6798.0
82880610,149.12,148.52,2013-09-11,,310323.0,SPG,SIMON PROPERTY GROUP INC NEW,6798.0
82880610,148.3,149.14,2013-09-12,,310323.0,SPG,SIMON PROPERTY GROUP INC NEW,6798.0
82880610,148.52,148.57001,2013-09-13,,310323.0,SPG,SIMON PROPERTY GROUP INC NEW,6798.0
82880610,151.71001,151.53999,2013-09-16,,310323.0,SPG,SIMON PROPERTY GROUP INC NEW,6798.0
82880610,151.42999,151.41,2013-09-17,,310323.0,SPG,SIMON PROPERTY GROUP INC NEW,6798.0
82880610,154.46001,151.00999,2013-09-18,,310323.0,SPG,SIMON PROPERTY GROUP INC NEW,6798.0
82880610,154.52,155.21001,2013-09-19,,310323.0,SPG,SIMON PROPERTY GROUP INC NEW,6798.0
82880610,151.0,154.52,2013-09-20,,310323.0,SPG,SIMON PROPERTY GROUP INC NEW,6798.0
82880610,151.28999,150.77,2013-09-23,,310323.0,SPG,SIMON PROPERTY GROUP INC NEW,6798.0
82880610,150.0,150.73,2013-09-24,,310323.0,SPG,SIMON PROPERTY GROUP INC NEW,6798.0
82880610,150.24001,150.10001,2013-09-25,,310323.0,SPG,SIMON PROPERTY GROUP INC NEW,6798.0
82880610,151.27,150.2,2013-09-26,,310323.0,SPG,SIMON PROPERTY GROUP INC NEW,6798.0
82880610,150.10001,150.67999,2013-09-27,,310323.0,SPG,SIMON PROPERTY GROUP INC NEW,6798.0
82880610,148.23,148.86,2013-09-30,,310323.0,SPG,SIMON PROPERTY GROUP INC NEW,6798.0
82880610,149.53999,148.42999,2013-10-01,,310323.0,SPG,SIMON PROPERTY GROUP INC NEW,6798.0
82880610,151.59,148.71001,2013-10-02,,310323.0,SPG,SIMON PROPERTY GROUP INC NEW,6798.0
82880610,148.78,150.72,2013-10-03,,310323.0,SPG,SIMON PROPERTY GROUP INC NEW,6798.0
82880610,149.17,148.96001,2013-10-04,,310323.0,SPG,SIMON PROPERTY GROUP INC NEW,6798.0
82880610,151.06,147.71001,2013-10-07,,310323.0,SPG,SIMON PROPERTY GROUP INC NEW,6798.0
82880610,149.03999,150.98,2013-10-08,,310323.0,SPG,SIMON PROPERTY GROUP INC NEW,6798.0
82880610,149.25999,149.78,2013-10-09,,310323.0,SPG,SIMON PROPERTY GROUP INC NEW,6798.0
82880610,152.75,150.10001,2013-10-10,,310323.0,SPG,SIMON PROPERTY GROUP INC NEW,6798.0
82880610,153.99001,152.12,2013-10-11,,310323.0,SPG,SIMON PROPERTY GROUP INC NEW,6798.0
82880610,154.32001,152.97,2013-10-14,,310323.0,SPG,SIMON PROPERTY GROUP INC NEW,6798.0
82880610,153.92999,153.87,2013-10-15,,310323.0,SPG,SIMON PROPERTY GROUP INC NEW,6798.0
82880610,157.17999,154.39999,2013-10-16,,310323.0,SPG,SIMON PROPERTY GROUP INC NEW,6798.0
82880610,158.60001,156.88,2013-10-17,,310323.0,SPG,SIMON PROPERTY GROUP INC NEW,6798.0
82880610,158.00999,159.44,2013-10-18,,310323.0,SPG,SIMON PROPERTY GROUP INC NEW,6798.0
82880610,156.77,157.86,2013-10-21,,310323.0,SPG,SIMON PROPERTY GROUP INC NEW,6798.0
82880610,159.75,157.57001,2013-10-22,,310323.0,SPG,SIMON PROPERTY GROUP INC NEW,6798.0
82880610,158.8,158.89,2013-10-23,,310323.0,SPG,SIMON PROPERTY GROUP INC NEW,6798.0
82880610,160.5,158.85001,2013-10-24,,310323.0,SPG,SIMON PROPERTY GROUP INC NEW,6798.0
82880610,159.7,161.12,2013-10-25,,310323.0,SPG,SIMON PROPERTY GROUP INC NEW,6798.0
82880610,157.55,159.89999,2013-10-28,,310323.0,SPG,SIMON PROPERTY GROUP INC NEW,6798.0
82880610,156.67999,157.55,2013-10-29,,310323.0,SPG,SIMON PROPERTY GROUP INC NEW,6798.0
82880610,155.86,156.05,2013-10-30,,310323.0,SPG,SIMON PROPERTY GROUP INC NEW,6798.0
82880610,154.55,155.96001,2013-10-31,,310333.0,SPG,SIMON PROPERTY GROUP INC NEW,6798.0
82880610,156.60001,155.31,2013-11-01,,310333.0,SPG,SIMON PROPERTY GROUP INC NEW,6798.0
82880610,157.12,156.88,2013-11-04,,310333.0,SPG,SIMON PROPERTY GROUP INC NEW,6798.0
82880610,155.21001,155.86,2013-11-05,,310333.0,SPG,SIMON PROPERTY GROUP INC NEW,6798.0
82880610,156.16,155.99001,2013-11-06,,310333.0,SPG,SIMON PROPERTY GROUP INC NEW,6798.0
82880610,155.32001,156.84,2013-11-07,,310333.0,SPG,SIMON PROPERTY GROUP INC NEW,6798.0
82880610,153.00999,154.28999,2013-11-08,,310333.0,SPG,SIMON PROPERTY GROUP INC NEW,6798.0
82880610,152.48,153.22,2013-11-11,,310333.0,SPG,SIMON PROPERTY GROUP INC NEW,6798.0
82880610,149.8,151.82001,2013-11-12,,310333.0,SPG,SIMON PROPERTY GROUP INC NEW,6798.0
82880610,149.67999,148.14999,2013-11-13,,310333.0,SPG,SIMON PROPERTY GROUP INC NEW,6798.0
82880610,152.06,149.5,2013-11-14,,310333.0,SPG,SIMON PROPERTY GROUP INC NEW,6798.0
82880610,153.53,151.50999,2013-11-15,,310333.0,SPG,SIMON PROPERTY GROUP INC NEW,6798.0
82880610,152.44,153.53999,2013-11-18,,310333.0,SPG,SIMON PROPERTY GROUP INC NEW,6798.0
82880610,152.12,152.21001,2013-11-19,,310333.0,SPG,SIMON PROPERTY GROUP INC NEW,6798.0
82880610,150.05,152.17999,2013-11-20,,310333.0,SPG,SIMON PROPERTY GROUP INC NEW,6798.0
82880610,150.69,150.28999,2013-11-21,,310333.0,SPG,SIMON PROPERTY GROUP INC NEW,6798.0
82880610,149.58,151.00999,2013-11-22,,310333.0,SPG,SIMON PROPERTY GROUP INC NEW,6798.0
82880610,148.84,150.16,2013-11-25,,310333.0,SPG,SIMON PROPERTY GROUP INC NEW,6798.0
82880610,150.13,149.02,2013-11-26,,310333.0,SPG,SIMON PROPERTY GROUP INC NEW,6798.0
82880610,151.73,150.48,2013-11-27,,310333.0,SPG,SIMON PROPERTY GROUP INC NEW,6798.0
82880610,149.85001,152.02,2013-11-29,,310334.0,SPG,SIMON PROPERTY GROUP INC NEW,6798.0
82880610,148.84,151.14,2013-12-02,,310334.0,SPG,SIMON PROPERTY GROUP INC NEW,6798.0
82880610,148.87,148.39,2013-12-03,,310334.0,SPG,SIMON PROPERTY GROUP INC NEW,6798.0
82880610,149.36,147.63,2013-12-04,,310334.0,SPG,SIMON PROPERTY GROUP INC NEW,6798.0
82880610,150.8,148.91,2013-12-05,,310334.0,SPG,SIMON PROPERTY GROUP INC NEW,6798.0
82880610,152.75,152.03999,2013-12-06,,310334.0,SPG,SIMON PROPERTY GROUP INC NEW,6798.0
82880610,153.74001,153.0,2013-12-09,,310334.0,SPG,SIMON PROPERTY GROUP INC NEW,6798.0
82880610,153.12,153.95,2013-12-10,,310334.0,SPG,SIMON PROPERTY GROUP INC NEW,6798.0
82880610,150.44,153.37,2013-12-11,,310334.0,SPG,SIMON PROPERTY GROUP INC NEW,6798.0
82880610,148.37,150.5,2013-12-12,,310334.0,SPG,SIMON PROPERTY GROUP INC NEW,6798.0
82880610,151.63,151.83,2013-12-13,,310334.0,SPG,SIMON PROPERTY GROUP INC NEW,6798.0
82880610,152.28,151.55,2013-12-16,,310334.0,SPG,SIMON PROPERTY GROUP INC NEW,6798.0
82880610,152.60001,152.00999,2013-12-17,,310334.0,SPG,SIMON PROPERTY GROUP INC NEW,6798.0
82880610,155.07001,152.33,2013-12-18,,310334.0,SPG,SIMON PROPERTY GROUP INC NEW,6798.0
82880610,154.0,154.89999,2013-12-19,,310334.0,SPG,SIMON PROPERTY GROUP INC NEW,6798.0
82880610,154.71001,153.67999,2013-12-20,,310334.0,SPG,SIMON PROPERTY GROUP INC NEW,6798.0
82880610,153.96001,155.48,2013-12-23,,310334.0,SPG,SIMON PROPERTY GROUP INC NEW,6798.0
82880610,154.12,154.38,2013-12-24,,310334.0,SPG,SIMON PROPERTY GROUP INC NEW,6798.0
82880610,154.23,154.32001,2013-12-26,,310334.0,SPG,SIMON PROPERTY GROUP INC NEW,6798.0
82880610,153.22,153.25,2013-12-27,,310334.0,SPG,SIMON PROPERTY GROUP INC NEW,6798.0
82880610,153.39999,153.52,2013-12-30,,310334.0,SPG,SIMON PROPERTY GROUP INC NEW,6798.0
82880610,152.16,153.42999,2013-12-31,,310539.0,SPG,SIMON PROPERTY GROUP INC NEW,6798.0
82880610,152.09,152.39,2014-01-02,,310539.0,SPG,SIMON PROPERTY GROUP INC NEW,6798.0
82880610,153.95,152.14,2014-01-03,,310539.0,SPG,SIMON PROPERTY GROUP INC NEW,6798.0
82880610,154.99001,154.03,2014-01-06,,310539.0,SPG,SIMON PROPERTY GROUP INC NEW,6798.0
82880610,154.88,154.99001,2014-01-07,,310539.0,SPG,SIMON PROPERTY GROUP INC NEW,6798.0
82880610,154.35001,154.78999,2014-01-08,,310539.0,SPG,SIMON PROPERTY GROUP INC NEW,6798.0
82880610,154.2,154.28,2014-01-09,,310539.0,SPG,SIMON PROPERTY GROUP INC NEW,6798.0
82880610,155.7,155.21001,2014-01-10,,310539.0,SPG,SIMON PROPERTY GROUP INC NEW,6798.0
82880610,155.17,154.64999,2014-01-13,,310539.0,SPG,SIMON PROPERTY GROUP INC NEW,6798.0
82880610,156.24001,155.16,2014-01-14,,310539.0,SPG,SIMON PROPERTY GROUP INC NEW,6798.0
82880610,157.17999,156.24001,2014-01-15,,310539.0,SPG,SIMON PROPERTY GROUP INC NEW,6798.0
82880610,157.39999,156.56,2014-01-16,,310539.0,SPG,SIMON PROPERTY GROUP INC NEW,6798.0
82880610,156.71001,157.36,2014-01-17,,310539.0,SPG,SIMON PROPERTY GROUP INC NEW,6798.0
82880610,157.91,157.17,2014-01-21,,310539.0,SPG,SIMON PROPERTY GROUP INC NEW,6798.0
82880610,157.46001,158.22,2014-01-22,,310539.0,SPG,SIMON PROPERTY GROUP INC NEW,6798.0
82880610,156.13,156.71001,2014-01-23,,310539.0,SPG,SIMON PROPERTY GROUP INC NEW,6798.0
82880610,153.19,155.69,2014-01-24,,310539.0,SPG,SIMON PROPERTY GROUP INC NEW,6798.0
82880610,151.92999,153.31,2014-01-27,,310539.0,SPG,SIMON PROPERTY GROUP INC NEW,6798.0
82880610,152.05,152.03,2014-01-28,,310539.0,SPG,SIMON PROPERTY GROUP INC NEW,6798.0
82880610,150.62,151.08,2014-01-29,,310539.0,SPG,SIMON PROPERTY GROUP INC NEW,6798.0
82880610,152.95,151.42999,2014-01-30,,310539.0,SPG,SIMON PROPERTY GROUP INC NEW,6798.0
82880610,154.84,153.00999,2014-01-31,,310539.0,SPG,SIMON PROPERTY GROUP INC NEW,6798.0
82880610,151.17999,154.10001,2014-02-03,,310539.0,SPG,SIMON PROPERTY GROUP INC NEW,6798.0
82880610,153.41,151.44,2014-02-04,,310539.0,SPG,SIMON PROPERTY GROUP INC NEW,6798.0
82880610,153.92999,153.0,2014-02-05,,310539.0,SPG,SIMON PROPERTY GROUP INC NEW,6798.0
82880610,155.32001,153.91,2014-02-06,,310539.0,SPG,SIMON PROPERTY GROUP INC NEW,6798.0
82880610,156.97,156.02,2014-02-07,,310539.0,SPG,SIMON PROPERTY GROUP INC NEW,6798.0
82880610,158.34,157.44,2014-02-10,,310539.0,SPG,SIMON PROPERTY GROUP INC NEW,6798.0
82880610,159.2,158.09,2014-02-11,,310539.0,SPG,SIMON PROPERTY GROUP INC NEW,6798.0
82880610,157.94,157.66,2014-02-12,,310539.0,SPG,SIMON PROPERTY GROUP INC NEW,6798.0
82880610,158.73,157.31,2014-02-13,,310539.0,SPG,SIMON PROPERTY GROUP INC NEW,6798.0
82880610,160.19,158.47,2014-02-14,,310539.0,SPG,SIMON PROPERTY GROUP INC NEW,6798.0
82880610,160.27,160.27,2014-02-18,,310539.0,SPG,SIMON PROPERTY GROUP INC NEW,6798.0
82880610,160.17999,159.60001,2014-02-19,,310539.0,SPG,SIMON PROPERTY GROUP INC NEW,6798.0
82880610,159.92,160.03999,2014-02-20,,310539.0,SPG,SIMON PROPERTY GROUP INC NEW,6798.0
82880610,159.56,159.64,2014-02-21,,310539.0,SPG,SIMON PROPERTY GROUP INC NEW,6798.0
82880610,159.91,159.75,2014-02-24,,310539.0,SPG,SIMON PROPERTY GROUP INC NEW,6798.0
82880610,159.36,159.99001,2014-02-25,,310539.0,SPG,SIMON PROPERTY GROUP INC NEW,6798.0
82880610,161.06,160.52,2014-02-26,,310539.0,SPG,SIMON PROPERTY GROUP INC NEW,6798.0
82880610,160.38,161.25,2014-02-27,,310539.0,SPG,SIMON PROPERTY GROUP INC NEW,6798.0
82880610,161.28999,160.31,2014-02-28,,314251.0,SPG,SIMON PROPERTY GROUP INC NEW,6798.0
82880610,161.94,160.57001,2014-03-03,,314251.0,SPG,SIMON PROPERTY GROUP INC NEW,6798.0
82880610,164.36,163.7,2014-03-04,,314251.0,SPG,SIMON PROPERTY GROUP INC NEW,6798.0
82880610,164.11,164.38,2014-03-05,,314251.0,SPG,SIMON PROPERTY GROUP INC NEW,6798.0
82880610,163.57001,164.92999,2014-03-06,,314251.0,SPG,SIMON PROPERTY GROUP INC NEW,6798.0
82880610,161.71001,163.32001,2014-03-07,,314251.0,SPG,SIMON PROPERTY GROUP INC NEW,6798.0
82880610,160.89999,161.55,2014-03-10,,314251.0,SPG,SIMON PROPERTY GROUP INC NEW,6798.0
82880610,162.08,161.37,2014-03-11,,314251.0,SPG,SIMON PROPERTY GROUP INC NEW,6798.0
82880610,162.27,161.39999,2014-03-12,,314251.0,SPG,SIMON PROPERTY GROUP INC NEW,6798.0
82880610,161.74001,162.77,2014-03-13,,314251.0,SPG,SIMON PROPERTY GROUP INC NEW,6798.0
82880610,161.07001,161.46001,2014-03-14,,314251.0,SPG,SIMON PROPERTY GROUP INC NEW,6798.0
82880610,162.72,161.75999,2014-03-17,,314251.0,SPG,SIMON PROPERTY GROUP INC NEW,6798.0
82880610,163.47,162.67,2014-03-18,,314251.0,SPG,SIMON PROPERTY GROUP INC NEW,6798.0
82880610,159.64,163.17999,2014-03-19,,314251.0,SPG,SIMON PROPERTY GROUP INC NEW,6798.0
82880610,160.33,159.91,2014-03-20,,314251.0,SPG,SIMON PROPERTY GROUP INC NEW,6798.0
82880610,161.28,161.48,2014-03-21,,314251.0,SPG,SIMON PROPERTY GROUP INC NEW,6798.0
82880610,160.33,161.2,2014-03-24,,314251.0,SPG,SIMON PROPERTY GROUP INC NEW,6798.0
82880610,161.91,161.48,2014-03-25,,314251.0,SPG,SIMON PROPERTY GROUP INC NEW,6798.0
82880610,159.50999,162.36,2014-03-26,,314251.0,SPG,SIMON PROPERTY GROUP INC NEW,6798.0
82880610,161.38,159.37,2014-03-27,,314251.0,SPG,SIMON PROPERTY GROUP INC NEW,6798.0
82880610,163.86,162.17999,2014-03-28,,314251.0,SPG,SIMON PROPERTY GROUP INC NEW,6798.0
82880610,164.0,164.08,2014-03-31,,310609.0,SPG,SIMON PROPERTY GROUP INC NEW,6798.0
82880610,164.92,163.86,2014-04-01,,310609.0,SPG,SIMON PROPERTY GROUP INC NEW,6798.0
82880610,164.47,164.5,2014-04-02,,310609.0,SPG,SIMON PROPERTY GROUP INC NEW,6798.0
82880610,164.39,165.19,2014-04-03,,310609.0,SPG,SIMON PROPERTY GROUP INC NEW,6798.0
82880610,165.39,164.8,2014-04-04,,310609.0,SPG,SIMON PROPERTY GROUP INC NEW,6798.0
82880610,167.08,165.92999,2014-04-07,,310609.0,SPG,SIMON PROPERTY GROUP INC NEW,6798.0
82880610,167.31,166.73,2014-04-08,,310609.0,SPG,SIMON PROPERTY GROUP INC NEW,6798.0
82880610,167.42999,167.35001,2014-04-09,,310609.0,SPG,SIMON PROPERTY GROUP INC NEW,6798.0
82880610,167.06,167.42,2014-04-10,,310609.0,SPG,SIMON PROPERTY GROUP INC NEW,6798.0
82880610,166.38,166.12,2014-04-11,,310609.0,SPG,SIMON PROPERTY GROUP INC NEW,6798.0
82880610,168.08,167.10001,2014-04-14,,310609.0,SPG,SIMON PROPERTY GROUP INC NEW,6798.0
82880610,169.95,168.32001,2014-04-15,,310609.0,SPG,SIMON PROPERTY GROUP INC NEW,6798.0
82880610,171.59,170.81,2014-04-16,,310609.0,SPG,SIMON PROPERTY GROUP INC NEW,6798.0
82880610,169.86,170.89,2014-04-17,,310609.0,SPG,SIMON PROPERTY GROUP INC NEW,6798.0
82880610,170.64,170.31,2014-04-21,,310609.0,SPG,SIMON PROPERTY GROUP INC NEW,6798.0
82880610,170.64,171.0,2014-04-22,,310609.0,SPG,SIMON PROPERTY GROUP INC NEW,6798.0
82880610,170.75999,170.64999,2014-04-23,,310609.0,SPG,SIMON PROPERTY GROUP INC NEW,6798.0
82880610,171.13,171.00999,2014-04-24,,310609.0,SPG,SIMON PROPERTY GROUP INC NEW,6798.0
82880610,170.56,171.19,2014-04-25,,310609.0,SPG,SIMON PROPERTY GROUP INC NEW,6798.0
82880610,171.34,171.06,2014-04-28,,310609.0,SPG,SIMON PROPERTY GROUP INC NEW,6798.0
82880610,172.22,171.5,2014-04-29,,310609.0,SPG,SIMON PROPERTY GROUP INC NEW,6798.0
82880610,173.2,172.25,2014-04-30,,310659.0,SPG,SIMON PROPERTY GROUP INC NEW,6798.0
82880610,173.64999,173.09,2014-05-01,,310659.0,SPG,SIMON PROPERTY GROUP INC NEW,6798.0
82880610,173.07001,173.14,2014-05-02,,310659.0,SPG,SIMON PROPERTY GROUP INC NEW,6798.0
82880610,174.05,172.14,2014-05-05,,310659.0,SPG,SIMON PROPERTY GROUP INC NEW,6798.0
82880610,173.39999,173.2,2014-05-06,,310659.0,SPG,SIMON PROPERTY GROUP INC NEW,6798.0
82880610,175.73,174.61,2014-05-07,,310659.0,SPG,SIMON PROPERTY GROUP INC NEW,6798.0
82880610,176.05,175.94,2014-05-08,,310659.0,SPG,SIMON PROPERTY GROUP INC NEW,6798.0
82880610,175.64999,175.7,2014-05-09,,310659.0,SPG,SIMON PROPERTY GROUP INC NEW,6798.0
82880610,176.05,176.13,2014-05-12,,310659.0,SPG,SIMON PROPERTY GROUP INC NEW,6798.0
82880610,174.59,176.45,2014-05-13,,310659.0,SPG,SIMON PROPERTY GROUP INC NEW,6798.0
82880610,174.27,173.58,2014-05-14,,310659.0,SPG,SIMON PROPERTY GROUP INC NEW,6798.0
82880610,174.88,174.05,2014-05-15,,310659.0,SPG,SIMON PROPERTY GROUP INC NEW,6798.0
82880610,176.13,174.49001,2014-05-16,,310659.0,SPG,SIMON PROPERTY GROUP INC NEW,6798.0
82880610,175.50999,175.64,2014-05-19,,310659.0,SPG,SIMON PROPERTY GROUP INC NEW,6798.0
82880610,175.33,175.50999,2014-05-20,,310659.0,SPG,SIMON PROPERTY GROUP INC NEW,6798.0
82880610,174.39999,176.49001,2014-05-21,,310659.0,SPG,SIMON PROPERTY GROUP INC NEW,6798.0
82880610,174.02,174.53,2014-05-22,,310659.0,SPG,SIMON PROPERTY GROUP INC NEW,6798.0
82880610,175.25999,174.59,2014-05-23,,310659.0,SPG,SIMON PROPERTY GROUP INC NEW,6798.0
82880610,176.55,175.74001,2014-05-27,,310659.0,SPG,SIMON PROPERTY GROUP INC NEW,6798.0
82880610,175.94,176.23,2014-05-28,,310659.0,SPG,SIMON PROPERTY GROUP INC NEW,6798.0
82880610,165.28999,165.78,2014-05-29,,310659.0,SPG,SIMON PROPERTY GROUP INC NEW,6798.0
82880610,166.46001,164.92,2014-05-30,,310651.0,SPG,SIMON PROPERTY GROUP INC NEW,6798.0
82880610,166.8,166.33,2014-06-02,,310651.0,SPG,SIMON PROPERTY GROUP INC NEW,6798.0
82880610,165.87,166.89999,2014-06-03,,310651.0,SPG,SIMON PROPERTY GROUP INC NEW,6798.0
82880610,166.77,165.8,2014-06-04,,310651.0,SPG,SIMON PROPERTY GROUP INC NEW,6798.0
82880610,169.84,166.60001,2014-06-05,,310651.0,SPG,SIMON PROPERTY GROUP INC NEW,6798.0
82880610,169.67999,170.25,2014-06-06,,310651.0,SPG,SIMON PROPERTY GROUP INC NEW,6798.0
82880610,167.0,169.22,2014-06-09,,310651.0,SPG,SIMON PROPERTY GROUP INC NEW,6798.0
82880610,165.67999,166.71001,2014-06-10,,310651.0,SPG,SIMON PROPERTY GROUP INC NEW,6798.0
82880610,164.69,165.67,2014-06-11,,310651.0,SPG,SIMON PROPERTY GROUP INC NEW,6798.0
82880610,163.89,164.72,2014-06-12,,310651.0,SPG,SIMON PROPERTY GROUP INC NEW,6798.0
82880610,164.14,163.97,2014-06-13,,310651.0,SPG,SIMON PROPERTY GROUP INC NEW,6798.0
82880610,163.50999,164.0,2014-06-16,,310651.0,SPG,SIMON PROPERTY GROUP INC NEW,6798.0
82880610,164.78999,163.31,2014-06-17,,310651.0,SPG,SIMON PROPERTY GROUP INC NEW,6798.0
82880610,166.5,164.35001,2014-06-18,,310651.0,SPG,SIMON PROPERTY GROUP INC NEW,6798.0
82880610,167.27,166.13,2014-06-19,,310651.0,SPG,SIMON PROPERTY GROUP INC NEW,6798.0
82880610,167.42999,167.98,2014-06-20,,310651.0,SPG,SIMON PROPERTY GROUP INC NEW,6798.0
82880610,166.66,167.17,2014-06-23,,310651.0,SPG,SIMON PROPERTY GROUP INC NEW,6798.0
82880610,166.37,166.25,2014-06-24,,310651.0,SPG,SIMON PROPERTY GROUP INC NEW,6798.0
82880610,166.03999,165.77,2014-06-25,,310651.0,SPG,SIMON PROPERTY GROUP INC NEW,6798.0
82880610,165.78999,166.41,2014-06-26,,310651.0,SPG,SIMON PROPERTY GROUP INC NEW,6798.0
82880610,167.06,165.21001,2014-06-27,,310651.0,SPG,SIMON PROPERTY GROUP INC NEW,6798.0
82880610,166.28,166.96001,2014-06-30,,310651.0,SPG,SIMON PROPERTY GROUP INC NEW,6798.0
82880610,166.88,166.87,2014-07-01,,310651.0,SPG,SIMON PROPERTY GROUP INC NEW,6798.0
82880610,166.74001,166.7,2014-07-02,,310651.0,SPG,SIMON PROPERTY GROUP INC NEW,6798.0
82880610,166.13,166.67999,2014-07-03,,310651.0,SPG,SIMON PROPERTY GROUP INC NEW,6798.0
82880610,166.48,166.13,2014-07-07,,310651.0,SPG,SIMON PROPERTY GROUP INC NEW,6798.0
82880610,166.71001,165.95,2014-07-08,,310651.0,SPG,SIMON PROPERTY GROUP INC NEW,6798.0
82880610,167.66,165.96001,2014-07-09,,310651.0,SPG,SIMON PROPERTY GROUP INC NEW,6798.0
82880610,168.22,166.53,2014-07-10,,310651.0,SPG,SIMON PROPERTY GROUP INC NEW,6798.0
82880610,168.99001,167.97,2014-07-11,,310651.0,SPG,SIMON PROPERTY GROUP INC NEW,6798.0
82880610,169.41,169.10001,2014-07-14,,310651.0,SPG,SIMON PROPERTY GROUP INC NEW,6798.0
82880610,170.27,169.45,2014-07-15,,310651.0,SPG,SIMON PROPERTY GROUP INC NEW,6798.0
82880610,170.86,170.25,2014-07-16,,310651.0,SPG,SIMON PROPERTY GROUP INC NEW,6798.0
82880610,169.61,170.19,2014-07-17,,310651.0,SPG,SIMON PROPERTY GROUP INC NEW,6798.0
82880610,171.03,170.28999,2014-07-18,,310651.0,SPG,SIMON PROPERTY GROUP INC NEW,6798.0
82880610,170.41,170.8,2014-07-21,,310651.0,SPG,SIMON PROPERTY GROUP INC NEW,6798.0
82880610,171.33,170.03,2014-07-22,,310651.0,SPG,SIMON PROPERTY GROUP INC NEW,6798.0
82880610,170.42,171.35001,2014-07-23,,310651.0,SPG,SIMON PROPERTY GROUP INC NEW,6798.0
82880610,171.31,170.88,2014-07-24,,310651.0,SPG,SIMON PROPERTY GROUP INC NEW,6798.0
82880610,168.97,170.69,2014-07-25,,310651.0,SPG,SIMON PROPERTY GROUP INC NEW,6798.0
82880610,170.47,169.0,2014-07-28,,310651.0,SPG,SIMON PROPERTY GROUP INC NEW,6798.0
82880610,170.10001,170.21001,2014-07-29,,310651.0,SPG,SIMON PROPERTY GROUP INC NEW,6798.0
82880610,170.16,170.09,2014-07-30,,310651.0,SPG,SIMON PROPERTY GROUP INC NEW,6798.0
82880610,168.19,169.24001,2014-07-31,,314341.0,SPG,SIMON PROPERTY GROUP INC NEW,6798.0
82880610,167.67,166.13,2014-08-01,,314341.0,SPG,SIMON PROPERTY GROUP INC NEW,6798.0
82880610,168.38,168.14,2014-08-04,,314341.0,SPG,SIMON PROPERTY GROUP INC NEW,6798.0
82880610,166.36,168.2,2014-08-05,,314341.0,SPG,SIMON PROPERTY GROUP INC NEW,6798.0
82880610,165.3,166.03,2014-08-06,,314341.0,SPG,SIMON PROPERTY GROUP INC NEW,6798.0
82880610,165.27,165.58,2014-08-07,,314341.0,SPG,SIMON PROPERTY GROUP INC NEW,6798.0
82880610,166.28,166.22,2014-08-08,,314341.0,SPG,SIMON PROPERTY GROUP INC NEW,6798.0
82880610,168.03999,166.63,2014-08-11,,314341.0,SPG,SIMON PROPERTY GROUP INC NEW,6798.0
82880610,167.13,168.05,2014-08-12,,314341.0,SPG,SIMON PROPERTY GROUP INC NEW,6798.0
82880610,168.52,166.45,2014-08-13,,314341.0,SPG,SIMON PROPERTY GROUP INC NEW,6798.0
82880610,168.25,169.13,2014-08-14,,314341.0,SPG,SIMON PROPERTY GROUP INC NEW,6798.0
82880610,168.85001,169.09,2014-08-15,,314341.0,SPG,SIMON PROPERTY GROUP INC NEW,6798.0
82880610,170.24001,169.09,2014-08-18,,314341.0,SPG,SIMON PROPERTY GROUP INC NEW,6798.0
82880610,169.87,170.2,2014-08-19,,314341.0,SPG,SIMON PROPERTY GROUP INC NEW,6798.0
82880610,170.52,169.8,2014-08-20,,314341.0,SPG,SIMON PROPERTY GROUP INC NEW,6798.0
82880610,170.46001,170.96001,2014-08-21,,314341.0,SPG,SIMON PROPERTY GROUP INC NEW,6798.0
82880610,169.42,170.19,2014-08-22,,314341.0,SPG,SIMON PROPERTY GROUP INC NEW,6798.0
82880610,169.21001,169.89999,2014-08-25,,314341.0,SPG,SIMON PROPERTY GROUP INC NEW,6798.0
82880610,169.25,168.87,2014-08-26,,314341.0,SPG,SIMON PROPERTY GROUP INC NEW,6798.0
82880610,169.50999,169.25,2014-08-27,,314341.0,SPG,SIMON PROPERTY GROUP INC NEW,6798.0
82880610,168.98,169.08,2014-08-28,,314341.0,SPG,SIMON PROPERTY GROUP INC NEW,6798.0
82880610,170.03,169.60001,2014-08-29,,310765.0,SPG,SIMON PROPERTY GROUP INC NEW,6798.0
82880610,170.12,170.62,2014-09-02,,310765.0,SPG,SIMON PROPERTY GROUP INC NEW,6798.0
82880610,170.78999,170.53,2014-09-03,,310765.0,SPG,SIMON PROPERTY GROUP INC NEW,6798.0
82880610,170.3,170.75999,2014-09-04,,310765.0,SPG,SIMON PROPERTY GROUP INC NEW,6798.0
82880610,173.17999,170.81,2014-09-05,,310765.0,SPG,SIMON PROPERTY GROUP INC NEW,6798.0
82880610,172.39,172.86,2014-09-08,,310765.0,SPG,SIMON PROPERTY GROUP INC NEW,6798.0
82880610,172.44,172.05,2014-09-09,,310765.0,SPG,SIMON PROPERTY GROUP INC NEW,6798.0
82880610,170.42999,172.11,2014-09-10,,310765.0,SPG,SIMON PROPERTY GROUP INC NEW,6798.0
82880610,169.92,170.3,2014-09-11,,310765.0,SPG,SIMON PROPERTY GROUP INC NEW,6798.0
82880610,165.5,169.49001,2014-09-12,,310765.0,SPG,SIMON PROPERTY GROUP INC NEW,6798.0
82880610,165.53999,165.52,2014-09-15,,310765.0,SPG,SIMON PROPERTY GROUP INC NEW,6798.0
82880610,167.22,165.94,2014-09-16,,310765.0,SPG,SIMON PROPERTY GROUP INC NEW,6798.0
82880610,167.50999,166.5,2014-09-17,,310765.0,SPG,SIMON PROPERTY GROUP INC NEW,6798.0
82880610,166.02,168.17,2014-09-18,,310765.0,SPG,SIMON PROPERTY GROUP INC NEW,6798.0
82880610,165.74001,166.49001,2014-09-19,,310765.0,SPG,SIMON PROPERTY GROUP INC NEW,6798.0
82880610,165.14,165.75,2014-09-22,,310765.0,SPG,SIMON PROPERTY GROUP INC NEW,6798.0
82880610,164.34,165.25,2014-09-23,,310765.0,SPG,SIMON PROPERTY GROUP INC NEW,6798.0
82880610,163.60001,164.10001,2014-09-24,,310765.0,SPG,SIMON PROPERTY GROUP INC NEW,6798.0
82880610,162.71001,163.55,2014-09-25,,310765.0,SPG,SIMON PROPERTY GROUP INC NEW,6798.0
82880610,164.66,162.89,2014-09-26,,310765.0,SPG,SIMON PROPERTY GROUP INC NEW,6798.0
82880610,164.42,163.89,2014-09-29,,310765.0,SPG,SIMON PROPERTY GROUP INC NEW,6798.0
82880610,164.42,164.7,2014-09-30,,310765.0,SPG,SIMON PROPERTY GROUP INC NEW,6798.0
82880610,164.91,164.28999,2014-10-01,,310765.0,SPG,SIMON PROPERTY GROUP INC NEW,6798.0
82880610,164.49001,164.71001,2014-10-02,,310765.0,SPG,SIMON PROPERTY GROUP INC NEW,6798.0
82880610,165.81,164.64999,2014-10-03,,310765.0,SPG,SIMON PROPERTY GROUP INC NEW,6798.0
82880610,166.10001,165.95,2014-10-06,,310765.0,SPG,SIMON PROPERTY GROUP INC NEW,6798.0
82880610,164.38,165.21001,2014-10-07,,310765.0,SPG,SIMON PROPERTY GROUP INC NEW,6798.0
82880610,168.09,164.78,2014-10-08,,310765.0,SPG,SIMON PROPERTY GROUP INC NEW,6798.0
82880610,168.66,168.2,2014-10-09,,310765.0,SPG,SIMON PROPERTY GROUP INC NEW,6798.0
82880610,168.42999,169.58,2014-10-10,,310765.0,SPG,SIMON PROPERTY GROUP INC NEW,6798.0
82880610,167.47,168.41,2014-10-13,,310765.0,SPG,SIMON PROPERTY GROUP INC NEW,6798.0
82880610,169.67999,168.17999,2014-10-14,,310765.0,SPG,SIMON PROPERTY GROUP INC NEW,6798.0
82880610,165.96001,169.2,2014-10-15,,310765.0,SPG,SIMON PROPERTY GROUP INC NEW,6798.0
82880610,166.27,164.75999,2014-10-16,,310765.0,SPG,SIMON PROPERTY GROUP INC NEW,6798.0
82880610,168.42,166.92,2014-10-17,,310765.0,SPG,SIMON PROPERTY GROUP INC NEW,6798.0
82880610,170.35001,168.67,2014-10-20,,310765.0,SPG,SIMON PROPERTY GROUP INC NEW,6798.0
82880610,172.03,170.37,2014-10-21,,310765.0,SPG,SIMON PROPERTY GROUP INC NEW,6798.0
82880610,171.44,172.34,2014-10-22,,310765.0,SPG,SIMON PROPERTY GROUP INC NEW,6798.0
82880610,172.44,172.32001,2014-10-23,,310765.0,SPG,SIMON PROPERTY GROUP INC NEW,6798.0
82880610,172.86,172.8,2014-10-24,,310765.0,SPG,SIMON PROPERTY GROUP INC NEW,6798.0
82880610,174.19,172.88,2014-10-27,,310765.0,SPG,SIMON PROPERTY GROUP INC NEW,6798.0
82880610,177.02,174.7,2014-10-28,,310765.0,SPG,SIMON PROPERTY GROUP INC NEW,6798.0
82880610,175.98,176.59,2014-10-29,,310765.0,SPG,SIMON PROPERTY GROUP INC NEW,6798.0
82880610,176.89,175.50999,2014-10-30,,310765.0,SPG,SIMON PROPERTY GROUP INC NEW,6798.0
82880610,179.21001,178.67,2014-10-31,,314315.0,SPG,SIMON PROPERTY GROUP INC NEW,6798.0
82880610,182.42,179.8,2014-11-03,,314315.0,SPG,SIMON PROPERTY GROUP INC NEW,6798.0
82880610,183.03,182.0,2014-11-04,,314315.0,SPG,SIMON PROPERTY GROUP INC NEW,6798.0
82880610,181.64,183.75999,2014-11-05,,314315.0,SPG,SIMON PROPERTY GROUP INC NEW,6798.0
82880610,180.08,181.67,2014-11-06,,314315.0,SPG,SIMON PROPERTY GROUP INC NEW,6798.0
82880610,179.44,180.81,2014-11-07,,314315.0,SPG,SIMON PROPERTY GROUP INC NEW,6798.0
82880610,182.27,179.11,2014-11-10,,314315.0,SPG,SIMON PROPERTY GROUP INC NEW,6798.0
82880610,180.61,181.59,2014-11-11,,314315.0,SPG,SIMON PROPERTY GROUP INC NEW,6798.0
82880610,178.32001,180.5,2014-11-12,,314315.0,SPG,SIMON PROPERTY GROUP INC NEW,6798.0
82880610,179.56,178.33,2014-11-13,,314315.0,SPG,SIMON PROPERTY GROUP INC NEW,6798.0
82880610,178.03,179.14,2014-11-14,,314315.0,SPG,SIMON PROPERTY GROUP INC NEW,6798.0
82880610,178.48,178.11,2014-11-17,,314315.0,SPG,SIMON PROPERTY GROUP INC NEW,6798.0
82880610,179.19,178.87,2014-11-18,,314315.0,SPG,SIMON PROPERTY GROUP INC NEW,6798.0
82880610,176.37,180.38,2014-11-19,,314315.0,SPG,SIMON PROPERTY GROUP INC NEW,6798.0
82880610,178.87,176.42999,2014-11-20,,314315.0,SPG,SIMON PROPERTY GROUP INC NEW,6798.0
82880610,178.45,180.0,2014-11-21,,314315.0,SPG,SIMON PROPERTY GROUP INC NEW,6798.0
82880610,178.58,178.21001,2014-11-24,,314315.0,SPG,SIMON PROPERTY GROUP INC NEW,6798.0
82880610,179.00999,178.58,2014-11-25,,314315.0,SPG,SIMON PROPERTY GROUP INC NEW,6798.0
82880610,180.69,179.49001,2014-11-26,,314315.0,SPG,SIMON PROPERTY GROUP INC NEW,6798.0
82880610,180.8,181.46001,2014-11-28,,310774.0,SPG,SIMON PROPERTY GROUP INC NEW,6798.0
82880610,180.38,180.38,2014-12-01,,310774.0,SPG,SIMON PROPERTY GROUP INC NEW,6798.0
82880610,181.85001,180.64999,2014-12-02,,310774.0,SPG,SIMON PROPERTY GROUP INC NEW,6798.0
82880610,181.60001,181.89,2014-12-03,,310774.0,SPG,SIMON PROPERTY GROUP INC NEW,6798.0
82880610,182.05,181.78999,2014-12-04,,310774.0,SPG,SIMON PROPERTY GROUP INC NEW,6798.0
82880610,180.83,181.28999,2014-12-05,,310774.0,SPG,SIMON PROPERTY GROUP INC NEW,6798.0
82880610,182.86,181.21001,2014-12-08,,310774.0,SPG,SIMON PROPERTY GROUP INC NEW,6798.0
82880610,182.23,180.97,2014-12-09,,310774.0,SPG,SIMON PROPERTY GROUP INC NEW,6798.0
82880610,182.71001,182.16,2014-12-10,,310774.0,SPG,SIMON PROPERTY GROUP INC NEW,6798.0
82880610,182.86,183.27,2014-12-11,,310774.0,SPG,SIMON PROPERTY GROUP INC NEW,6798.0
82880610,180.44,181.67,2014-12-12,,310774.0,SPG,SIMON PROPERTY GROUP INC NEW,6798.0
82880610,180.32001,181.0,2014-12-15,,310774.0,SPG,SIMON PROPERTY GROUP INC NEW,6798.0
82880610,179.14999,180.13,2014-12-16,,310774.0,SPG,SIMON PROPERTY GROUP INC NEW,6798.0
82880610,182.98,180.0,2014-12-17,,310774.0,SPG,SIMON PROPERTY GROUP INC NEW,6798.0
82880610,185.47,184.28999,2014-12-18,,310774.0,SPG,SIMON PROPERTY GROUP INC NEW,6798.0
82880610,183.53,185.66,2014-12-19,,310774.0,SPG,SIMON PROPERTY GROUP INC NEW,6798.0
82880610,187.46001,185.03,2014-12-22,,310774.0,SPG,SIMON PROPERTY GROUP INC NEW,6798.0
82880610,186.34,187.62,2014-12-23,,310774.0,SPG,SIMON PROPERTY GROUP INC NEW,6798.0
82880610,185.12,186.60001,2014-12-24,,310774.0,SPG,SIMON PROPERTY GROUP INC NEW,6798.0
82880610,184.63,185.37,2014-12-26,,310774.0,SPG,SIMON PROPERTY GROUP INC NEW,6798.0
82880610,186.50999,184.84,2014-12-29,,310774.0,SPG,SIMON PROPERTY GROUP INC NEW,6798.0
82880610,185.55,185.99001,2014-12-30,,310774.0,SPG,SIMON PROPERTY GROUP INC NEW,6798.0
82880610,182.11,186.19,2014-12-31,,310782.0,SPG,SIMON PROPERTY GROUP INC NEW,6798.0
82880610,185.34,183.14999,2015-01-02,,310782.0,SPG,SIMON PROPERTY GROUP INC NEW,6798.0
82880610,186.10001,185.55,2015-01-05,,310782.0,SPG,SIMON PROPERTY GROUP INC NEW,6798.0
82880610,191.28,187.19,2015-01-06,,310782.0,SPG,SIMON PROPERTY GROUP INC NEW,6798.0
82880610,194.8,191.95,2015-01-07,,310782.0,SPG,SIMON PROPERTY GROUP INC NEW,6798.0
82880610,194.52,195.2,2015-01-08,,310782.0,SPG,SIMON PROPERTY GROUP INC NEW,6798.0
82880610,196.57001,194.96001,2015-01-09,,310782.0,SPG,SIMON PROPERTY GROUP INC NEW,6798.0
82880610,196.75999,196.88,2015-01-12,,310782.0,SPG,SIMON PROPERTY GROUP INC NEW,6798.0
82880610,196.89,196.81,2015-01-13,,310782.0,SPG,SIMON PROPERTY GROUP INC NEW,6798.0
82880610,198.63,195.86,2015-01-14,,310782.0,SPG,SIMON PROPERTY GROUP INC NEW,6798.0
82880610,200.07001,199.16,2015-01-15,,310782.0,SPG,SIMON PROPERTY GROUP INC NEW,6798.0
82880610,200.8,200.42,2015-01-16,,310782.0,SPG,SIMON PROPERTY GROUP INC NEW,6798.0
82880610,199.63,201.3,2015-01-20,,310782.0,SPG,SIMON PROPERTY GROUP INC NEW,6798.0
82880610,200.22,199.07001,2015-01-21,,310782.0,SPG,SIMON PROPERTY GROUP INC NEW,6798.0
82880610,204.03,201.00999,2015-01-22,,310782.0,SPG,SIMON PROPERTY GROUP INC NEW,6798.0
82880610,203.11,204.62,2015-01-23,,310782.0,SPG,SIMON PROPERTY GROUP INC NEW,6798.0
82880610,205.16,202.63,2015-01-26,,310782.0,SPG,SIMON PROPERTY GROUP INC NEW,6798.0
82880610,204.67999,204.38,2015-01-27,,310782.0,SPG,SIMON PROPERTY GROUP INC NEW,6798.0
82880610,203.50999,205.8,2015-01-28,,310782.0,SPG,SIMON PROPERTY GROUP INC NEW,6798.0
82880610,204.75999,203.17,2015-01-29,,310782.0,SPG,SIMON PROPERTY GROUP INC NEW,6798.0
82880610,198.66,202.47,2015-01-30,,310782.0,SPG,SIMON PROPERTY GROUP INC NEW,6798.0
82880610,199.41,199.03999,2015-02-02,,310782.0,SPG,SIMON PROPERTY GROUP INC NEW,6798.0
82880610,200.09,200.14,2015-02-03,,310782.0,SPG,SIMON PROPERTY GROUP INC NEW,6798.0
82880610,201.83,200.09,2015-02-04,,310782.0,SPG,SIMON PROPERTY GROUP INC NEW,6798.0
82880610,203.22,202.17999,2015-02-05,,310782.0,SPG,SIMON PROPERTY GROUP INC NEW,6798.0
82880610,195.08,201.75,2015-02-06,,310782.0,SPG,SIMON PROPERTY GROUP INC NEW,6798.0
82880610,194.11,195.64,2015-02-09,,310782.0,SPG,SIMON PROPERTY GROUP INC NEW,6798.0
82880610,194.75,195.0,2015-02-10,,310782.0,SPG,SIMON PROPERTY GROUP INC NEW,6798.0
82880610,192.42,194.17,2015-02-11,,310782.0,SPG,SIMON PROPERTY GROUP INC NEW,6798.0
82880610,194.72,192.92,2015-02-12,,310782.0,SPG,SIMON PROPERTY GROUP INC NEW,6798.0
82880610,193.11,193.85001,2015-02-13,,310782.0,SPG,SIMON PROPERTY GROUP INC NEW,6798.0
82880610,192.81,192.92999,2015-02-17,,310782.0,SPG,SIMON PROPERTY GROUP INC NEW,6798.0
82880610,194.28,192.88,2015-02-18,,310782.0,SPG,SIMON PROPERTY GROUP INC NEW,6798.0
82880610,189.81,193.31,2015-02-19,,310782.0,SPG,SIMON PROPERTY GROUP INC NEW,6798.0
82880610,191.81,189.33,2015-02-20,,310782.0,SPG,SIMON PROPERTY GROUP INC NEW,6798.0
82880610,193.61,192.19,2015-02-23,,310782.0,SPG,SIMON PROPERTY GROUP INC NEW,6798.0
82880610,190.06,192.85001,2015-02-24,,310782.0,SPG,SIMON PROPERTY GROUP INC NEW,6798.0
82880610,190.48,190.12,2015-02-25,,310782.0,SPG,SIMON PROPERTY GROUP INC NEW,6798.0
82880610,187.14,190.03,2015-02-26,,310782.0,SPG,SIMON PROPERTY GROUP INC NEW,6798.0
82880610,190.36,187.89,2015-02-27,,314382.0,SPG,SIMON PROPERTY GROUP INC NEW,6798.0
82880610,190.03999,190.49001,2015-03-02,,314382.0,SPG,SIMON PROPERTY GROUP INC NEW,6798.0
82880610,189.61,189.28999,2015-03-03,,314382.0,SPG,SIMON PROPERTY GROUP INC NEW,6798.0
82880610,187.56,189.5,2015-03-04,,314382.0,SPG,SIMON PROPERTY GROUP INC NEW,6798.0
82880610,187.13,188.12,2015-03-05,,314382.0,SPG,SIMON PROPERTY GROUP INC NEW,6798.0
82880610,180.58,183.96001,2015-03-06,,314382.0,SPG,SIMON PROPERTY GROUP INC NEW,6798.0
82880610,180.44,181.82001,2015-03-09,,314382.0,SPG,SIMON PROPERTY GROUP INC NEW,6798.0
82880610,179.92,180.03,2015-03-10,,314382.0,SPG,SIMON PROPERTY GROUP INC NEW,6798.0
82880610,179.35001,179.69,2015-03-11,,314382.0,SPG,SIMON PROPERTY GROUP INC NEW,6798.0
82880610,183.60001,180.14999,2015-03-12,,314382.0,SPG,SIMON PROPERTY GROUP INC NEW,6798.0
82880610,183.98,183.34,2015-03-13,,314382.0,SPG,SIMON PROPERTY GROUP INC NEW,6798.0
82880610,187.07001,185.14999,2015-03-16,,314382.0,SPG,SIMON PROPERTY GROUP INC NEW,6798.0
82880610,186.13,186.17,2015-03-17,,314382.0,SPG,SIMON PROPERTY GROUP INC NEW,6798.0
82880610,191.5,186.0,2015-03-18,,314382.0,SPG,SIMON PROPERTY GROUP INC NEW,6798.0
82880610,192.10001,190.84,2015-03-19,,314382.0,SPG,SIMON PROPERTY GROUP INC NEW,6798.0
82880610,197.34,194.09,2015-03-20,,314382.0,SPG,SIMON PROPERTY GROUP INC NEW,6798.0
82880610,197.53999,197.32001,2015-03-23,,314382.0,SPG,SIMON PROPERTY GROUP INC NEW,6798.0
82880610,196.83,197.48,2015-03-24,,314382.0,SPG,SIMON PROPERTY GROUP INC NEW,6798.0
82880610,194.14999,197.36,2015-03-25,,314382.0,SPG,SIMON PROPERTY GROUP INC NEW,6798.0
82880610,192.64999,192.69,2015-03-26,,314382.0,SPG,SIMON PROPERTY GROUP INC NEW,6798.0
82880610,194.25999,192.38,2015-03-27,,314382.0,SPG,SIMON PROPERTY GROUP INC NEW,6798.0
82880610,196.97,194.8,2015-03-30,,314382.0,SPG,SIMON PROPERTY GROUP INC NEW,6798.0
82880610,195.64,196.5,2015-03-31,,314382.0,SPG,SIMON PROPERTY GROUP INC NEW,6798.0
82880610,197.99001,195.82001,2015-04-01,,314382.0,SPG,SIMON PROPERTY GROUP INC NEW,6798.0
82880610,199.36,200.0,2015-04-02,,314382.0,SPG,SIMON PROPERTY GROUP INC NEW,6798.0
82880610,200.8,199.88,2015-04-06,,314382.0,SPG,SIMON PROPERTY GROUP INC NEW,6798.0
82880610,198.28999,200.25999,2015-04-07,,314382.0,SPG,SIMON PROPERTY GROUP INC NEW,6798.0
82880610,197.46001,198.13,2015-04-08,,314382.0,SPG,SIMON PROPERTY GROUP INC NEW,6798.0
82880610,193.13,196.87,2015-04-09,,314382.0,SPG,SIMON PROPERTY GROUP INC NEW,6798.0
82880610,191.27,193.99001,2015-04-10,,314382.0,SPG,SIMON PROPERTY GROUP INC NEW,6798.0
82880610,190.33,191.64999,2015-04-13,,314382.0,SPG,SIMON PROPERTY GROUP INC NEW,6798.0
82880610,191.42,191.17,2015-04-14,,314382.0,SPG,SIMON PROPERTY GROUP INC NEW,6798.0
82880610,190.03999,191.49001,2015-04-15,,314382.0,SPG,SIMON PROPERTY GROUP INC NEW,6798.0
82880610,190.10001,189.06,2015-04-16,,314382.0,SPG,SIMON PROPERTY GROUP INC NEW,6798.0
82880610,188.25999,189.41,2015-04-17,,314382.0,SPG,SIMON PROPERTY GROUP INC NEW,6798.0
82880610,188.60001,188.45,2015-04-20,,314382.0,SPG,SIMON PROPERTY GROUP INC NEW,6798.0
82880610,188.83,188.5,2015-04-21,,314382.0,SPG,SIMON PROPERTY GROUP INC NEW,6798.0
82880610,189.11,188.83,2015-04-22,,314382.0,SPG,SIMON PROPERTY GROUP INC NEW,6798.0
82880610,189.06,189.09,2015-04-23,,314382.0,SPG,SIMON PROPERTY GROUP INC NEW,6798.0
82880610,188.71001,189.17,2015-04-24,,314382.0,SPG,SIMON PROPERTY GROUP INC NEW,6798.0
82880610,189.88,189.74001,2015-04-27,,314382.0,SPG,SIMON PROPERTY GROUP INC NEW,6798.0
82880610,188.25,189.09,2015-04-28,,314382.0,SPG,SIMON PROPERTY GROUP INC NEW,6798.0
82880610,183.10001,185.89,2015-04-29,,314382.0,SPG,SIMON PROPERTY GROUP INC NEW,6798.0
82880610,181.49001,182.25999,2015-04-30,,314804.0,SPG,SIMON PROPERTY GROUP INC NEW,6798.0
82880610,184.17,181.75999,2015-05-01,,314804.0,SPG,SIMON PROPERTY GROUP INC NEW,6798.0
82880610,183.37,184.91,2015-05-04,,314804.0,SPG,SIMON PROPERTY GROUP INC NEW,6798.0
82880610,180.46001,183.8,2015-05-05,,314804.0,SPG,SIMON PROPERTY GROUP INC NEW,6798.0
82880610,181.61,180.35001,2015-05-06,,314804.0,SPG,SIMON PROPERTY GROUP INC NEW,6798.0
82880610,183.14999,181.61,2015-05-07,,314804.0,SPG,SIMON PROPERTY GROUP INC NEW,6798.0
82880610,187.64999,185.67,2015-05-08,,314804.0,SPG,SIMON PROPERTY GROUP INC NEW,6798.0
82880610,184.17,187.03,2015-05-11,,314804.0,SPG,SIMON PROPERTY GROUP INC NEW,6798.0
82880610,184.42999,182.71001,2015-05-12,,314804.0,SPG,SIMON PROPERTY GROUP INC NEW,6798.0
82880610,181.34,184.28999,2015-05-13,,314804.0,SPG,SIMON PROPERTY GROUP INC NEW,6798.0
82880610,184.75999,182.38,2015-05-14,,314804.0,SPG,SIMON PROPERTY GROUP INC NEW,6798.0
82880610,185.61,185.44,2015-05-15,,314804.0,SPG,SIMON PROPERTY GROUP INC NEW,6798.0
82880610,184.78,184.57001,2015-05-18,,314804.0,SPG,SIMON PROPERTY GROUP INC NEW,6798.0
82880610,184.03,183.99001,2015-05-19,,314804.0,SPG,SIMON PROPERTY GROUP INC NEW,6798.0
82880610,183.59,185.2,2015-05-20,,314804.0,SPG,SIMON PROPERTY GROUP INC NEW,6798.0
82880610,183.53999,184.21001,2015-05-21,,314804.0,SPG,SIMON PROPERTY GROUP INC NEW,6798.0
82880610,183.62,182.86,2015-05-22,,314804.0,SPG,SIMON PROPERTY GROUP INC NEW,6798.0
82880610,182.08,183.44,2015-05-26,,314804.0,SPG,SIMON PROPERTY GROUP INC NEW,6798.0
82880610,184.14,182.98,2015-05-27,,314804.0,SPG,SIMON PROPERTY GROUP INC NEW,6798.0
82880610,183.82001,183.53999,2015-05-28,,314804.0,SPG,SIMON PROPERTY GROUP INC NEW,6798.0
82880610,181.39999,184.13,2015-05-29,,311261.0,SPG,SIMON PROPERTY GROUP INC NEW,6798.0
82880610,183.39,181.64,2015-06-01,,311261.0,SPG,SIMON PROPERTY GROUP INC NEW,6798.0
82880610,182.14999,183.25,2015-06-02,,311261.0,SPG,SIMON PROPERTY GROUP INC NEW,6798.0
82880610,178.92999,182.2,2015-06-03,,311261.0,SPG,SIMON PROPERTY GROUP INC NEW,6798.0
82880610,179.03,178.49001,2015-06-04,,311261.0,SPG,SIMON PROPERTY GROUP INC NEW,6798.0
82880610,176.61,177.24001,2015-06-05,,311261.0,SPG,SIMON PROPERTY GROUP INC NEW,6798.0
82880610,175.61,176.59,2015-06-08,,311261.0,SPG,SIMON PROPERTY GROUP INC NEW,6798.0
82880610,174.58,175.84,2015-06-09,,311261.0,SPG,SIMON PROPERTY GROUP INC NEW,6798.0
82880610,176.35001,175.02,2015-06-10,,311261.0,SPG,SIMON PROPERTY GROUP INC NEW,6798.0
82880610,177.25,177.05,2015-06-11,,311261.0,SPG,SIMON PROPERTY GROUP INC NEW,6798.0
82880610,176.87,176.87,2015-06-12,,311261.0,SPG,SIMON PROPERTY GROUP INC NEW,6798.0
82880610,175.8,176.37,2015-06-15,,311261.0,SPG,SIMON PROPERTY GROUP INC NEW,6798.0
82880610,177.25999,175.92999,2015-06-16,,311261.0,SPG,SIMON PROPERTY GROUP INC NEW,6798.0
82880610,179.57001,177.32001,2015-06-17,,311261.0,SPG,SIMON PROPERTY GROUP INC NEW,6798.0
82880610,181.89,180.0,2015-06-18,,311261.0,SPG,SIMON PROPERTY GROUP INC NEW,6798.0
82880610,179.48,181.63,2015-06-19,,311261.0,SPG,SIMON PROPERTY GROUP INC NEW,6798.0
82880610,176.53,179.91,2015-06-22,,311261.0,SPG,SIMON PROPERTY GROUP INC NEW,6798.0
82880610,175.24001,176.87,2015-06-23,,311261.0,SPG,SIMON PROPERTY GROUP INC NEW,6798.0
82880610,173.89999,175.53999,2015-06-24,,311261.0,SPG,SIMON PROPERTY GROUP INC NEW,6798.0
82880610,172.36,174.03999,2015-06-25,,311261.0,SPG,SIMON PROPERTY GROUP INC NEW,6798.0
82880610,173.91,172.67,2015-06-26,,311261.0,SPG,SIMON PROPERTY GROUP INC NEW,6798.0
82880610,171.0,173.71001,2015-06-29,,311261.0,SPG,SIMON PROPERTY GROUP INC NEW,6798.0
82880610,173.02,172.33,2015-06-30,,311261.0,SPG,SIMON PROPERTY GROUP INC NEW,6798.0
82880610,174.75999,171.87,2015-07-01,,311261.0,SPG,SIMON PROPERTY GROUP INC NEW,6798.0
82880610,174.72,176.02,2015-07-02,,311261.0,SPG,SIMON PROPERTY GROUP INC NEW,6798.0
82880610,175.78,173.86,2015-07-06,,311261.0,SPG,SIMON PROPERTY GROUP INC NEW,6798.0
82880610,178.72,176.45,2015-07-07,,311261.0,SPG,SIMON PROPERTY GROUP INC NEW,6798.0
82880610,178.34,177.28,2015-07-08,,311261.0,SPG,SIMON PROPERTY GROUP INC NEW,6798.0
82880610,178.12,179.16,2015-07-09,,311261.0,SPG,SIMON PROPERTY GROUP INC NEW,6798.0
82880610,178.84,179.19,2015-07-10,,311261.0,SPG,SIMON PROPERTY GROUP INC NEW,6798.0
82880610,179.31,180.03999,2015-07-13,,311261.0,SPG,SIMON PROPERTY GROUP INC NEW,6798.0
82880610,179.99001,179.53,2015-07-14,,311261.0,SPG,SIMON PROPERTY GROUP INC NEW,6798.0
82880610,181.41,179.66,2015-07-15,,311261.0,SPG,SIMON PROPERTY GROUP INC NEW,6798.0
82880610,183.42999,182.22,2015-07-16,,311261.0,SPG,SIMON PROPERTY GROUP INC NEW,6798.0
82880610,183.06,182.82001,2015-07-17,,311261.0,SPG,SIMON PROPERTY GROUP INC NEW,6798.0
82880610,182.92999,183.28,2015-07-20,,311261.0,SPG,SIMON PROPERTY GROUP INC NEW,6798.0
82880610,181.75999,183.03,2015-07-21,,311261.0,SPG,SIMON PROPERTY GROUP INC NEW,6798.0
82880610,182.38,181.99001,2015-07-22,,311261.0,SPG,SIMON PROPERTY GROUP INC NEW,6798.0
82880610,181.38,182.23,2015-07-23,,311261.0,SPG,SIMON PROPERTY GROUP INC NEW,6798.0
82880610,184.64999,183.50999,2015-07-24,,311261.0,SPG,SIMON PROPERTY GROUP INC NEW,6798.0
82880610,185.77,184.75999,2015-07-27,,311261.0,SPG,SIMON PROPERTY GROUP INC NEW,6798.0
82880610,186.36,186.33,2015-07-28,,311261.0,SPG,SIMON PROPERTY GROUP INC NEW,6798.0
82880610,186.47,186.49001,2015-07-29,,311261.0,SPG,SIMON PROPERTY GROUP INC NEW,6798.0
82880610,186.14,185.78999,2015-07-30,,311261.0,SPG,SIMON PROPERTY GROUP INC NEW,6798.0
82880610,187.22,188.08501,2015-07-31,,314807.0,SPG,SIMON PROPERTY GROUP INC NEW,6798.0
82880610,188.39,187.14999,2015-08-03,,314807.0,SPG,SIMON PROPERTY GROUP INC NEW,6798.0
82880610,188.55,188.61,2015-08-04,,314807.0,SPG,SIMON PROPERTY GROUP INC NEW,6798.0
82880610,188.7,189.21001,2015-08-05,,314807.0,SPG,SIMON PROPERTY GROUP INC NEW,6798.0
82880610,189.89999,188.49001,2015-08-06,,314807.0,SPG,SIMON PROPERTY GROUP INC NEW,6798.0
82880610,191.69,189.98,2015-08-07,,314807.0,SPG,SIMON PROPERTY GROUP INC NEW,6798.0
82880610,189.16,192.75,2015-08-10,,314807.0,SPG,SIMON PROPERTY GROUP INC NEW,6798.0
82880610,191.55,189.16,2015-08-11,,314807.0,SPG,SIMON PROPERTY GROUP INC NEW,6798.0
82880610,192.02,191.17,2015-08-12,,314807.0,SPG,SIMON PROPERTY GROUP INC NEW,6798.0
82880610,190.75,189.07001,2015-08-13,,314807.0,SPG,SIMON PROPERTY GROUP INC NEW,6798.0
82880610,191.67999,190.69,2015-08-14,,314807.0,SPG,SIMON PROPERTY GROUP INC NEW,6798.0
82880610,193.53999,191.82001,2015-08-17,,314807.0,SPG,SIMON PROPERTY GROUP INC NEW,6798.0
82880610,194.78,193.10001,2015-08-18,,314807.0,SPG,SIMON PROPERTY GROUP INC NEW,6798.0
82880610,193.19,193.64,2015-08-19,,314807.0,SPG,SIMON PROPERTY GROUP INC NEW,6798.0
82880610,192.21001,192.39,2015-08-20,,314807.0,SPG,SIMON PROPERTY GROUP INC NEW,6798.0
82880610,189.97,192.24001,2015-08-21,,314807.0,SPG,SIMON PROPERTY GROUP INC NEW,6798.0
82880610,182.07001,183.77,2015-08-24,,314807.0,SPG,SIMON PROPERTY GROUP INC NEW,6798.0
82880610,177.09,191.69,2015-08-25,,314807.0,SPG,SIMON PROPERTY GROUP INC NEW,6798.0
82880610,181.97,180.0,2015-08-26,,314807.0,SPG,SIMON PROPERTY GROUP INC NEW,6798.0
82880610,185.73,183.49001,2015-08-27,,314807.0,SPG,SIMON PROPERTY GROUP INC NEW,6798.0
82880610,184.32001,185.27,2015-08-28,,314807.0,SPG,SIMON PROPERTY GROUP INC NEW,6798.0
82880610,179.32001,184.17,2015-08-31,,309410.0,SPG,SIMON PROPERTY GROUP INC NEW,6798.0
82880610,175.00999,176.64,2015-09-01,,309410.0,SPG,SIMON PROPERTY GROUP INC NEW,6798.0
82880610,177.13,177.2,2015-09-02,,309410.0,SPG,SIMON PROPERTY GROUP INC NEW,6798.0
82880610,177.92,177.78,2015-09-03,,309410.0,SPG,SIMON PROPERTY GROUP INC NEW,6798.0
82880610,174.92,175.91,2015-09-04,,309410.0,SPG,SIMON PROPERTY GROUP INC NEW,6798.0
82880610,177.53999,177.17999,2015-09-08,,309410.0,SPG,SIMON PROPERTY GROUP INC NEW,6798.0
82880610,174.60001,178.87,2015-09-09,,309410.0,SPG,SIMON PROPERTY GROUP INC NEW,6798.0
82880610,175.06,174.45,2015-09-10,,309410.0,SPG,SIMON PROPERTY GROUP INC NEW,6798.0
82880610,179.14,174.89999,2015-09-11,,309410.0,SPG,SIMON PROPERTY GROUP INC NEW,6798.0
82880610,178.94,179.53,2015-09-14,,309410.0,SPG,SIMON PROPERTY GROUP INC NEW,6798.0
82880610,181.08,179.21001,2015-09-15,,309410.0,SPG,SIMON PROPERTY GROUP INC NEW,6798.0
82880610,183.42,180.89999,2015-09-16,,309410.0,SPG,SIMON PROPERTY GROUP INC NEW,6798.0
82880610,184.88,183.32001,2015-09-17,,309410.0,SPG,SIMON PROPERTY GROUP INC NEW,6798.0
82880610,184.0,182.69,2015-09-18,,309410.0,SPG,SIMON PROPERTY GROUP INC NEW,6798.0
82880610,185.78999,184.28999,2015-09-21,,309410.0,SPG,SIMON PROPERTY GROUP INC NEW,6798.0
82880610,183.24001,184.42,2015-09-22,,309410.0,SPG,SIMON PROPERTY GROUP INC NEW,6798.0
82880610,183.5,183.0,2015-09-23,,309410.0,SPG,SIMON PROPERTY GROUP INC NEW,6798.0
82880610,181.23,183.22,2015-09-24,,309410.0,SPG,SIMON PROPERTY GROUP INC NEW,6798.0
82880610,182.78999,182.83,2015-09-25,,309410.0,SPG,SIMON PROPERTY GROUP INC NEW,6798.0
82880610,180.16,182.17,2015-09-28,,309410.0,SPG,SIMON PROPERTY GROUP INC NEW,6798.0
82880610,182.42999,180.53999,2015-09-29,,309410.0,SPG,SIMON PROPERTY GROUP INC NEW,6798.0
82880610,183.72,183.63,2015-09-30,,309410.0,SPG,SIMON PROPERTY GROUP INC NEW,6798.0
82880610,185.89999,184.67999,2015-10-01,,309410.0,SPG,SIMON PROPERTY GROUP INC NEW,6798.0
82880610,187.48,185.34,2015-10-02,,309410.0,SPG,SIMON PROPERTY GROUP INC NEW,6798.0
82880610,191.81,188.39999,2015-10-05,,309410.0,SPG,SIMON PROPERTY GROUP INC NEW,6798.0
82880610,191.73,192.07001,2015-10-06,,309410.0,SPG,SIMON PROPERTY GROUP INC NEW,6798.0
82880610,194.22,192.42999,2015-10-07,,309410.0,SPG,SIMON PROPERTY GROUP INC NEW,6798.0
82880610,194.95,193.81,2015-10-08,,309410.0,SPG,SIMON PROPERTY GROUP INC NEW,6798.0
82880610,195.08,194.75999,2015-10-09,,309410.0,SPG,SIMON PROPERTY GROUP INC NEW,6798.0
82880610,196.64,194.98,2015-10-12,,309410.0,SPG,SIMON PROPERTY GROUP INC NEW,6798.0
82880610,194.96001,196.19,2015-10-13,,309410.0,SPG,SIMON PROPERTY GROUP INC NEW,6798.0
82880610,194.10001,195.39999,2015-10-14,,309410.0,SPG,SIMON PROPERTY GROUP INC NEW,6798.0
82880610,197.59,195.11,2015-10-15,,309410.0,SPG,SIMON PROPERTY GROUP INC NEW,6798.0
82880610,198.60001,197.99001,2015-10-16,,309410.0,SPG,SIMON PROPERTY GROUP INC NEW,6798.0
82880610,202.59,198.48,2015-10-19,,309410.0,SPG,SIMON PROPERTY GROUP INC NEW,6798.0
82880610,202.14,201.96001,2015-10-20,,309410.0,SPG,SIMON PROPERTY GROUP INC NEW,6798.0
82880610,203.24001,203.24001,2015-10-21,,309410.0,SPG,SIMON PROPERTY GROUP INC NEW,6798.0
82880610,204.83,203.78999,2015-10-22,,309410.0,SPG,SIMON PROPERTY GROUP INC NEW,6798.0
82880610,203.03999,204.08,2015-10-23,,309410.0,SPG,SIMON PROPERTY GROUP INC NEW,6798.0
82880610,203.37,203.10001,2015-10-26,,309410.0,SPG,SIMON PROPERTY GROUP INC NEW,6798.0
82880610,206.19,202.78999,2015-10-27,,309410.0,SPG,SIMON PROPERTY GROUP INC NEW,6798.0
82880610,205.71001,206.53,2015-10-28,,309410.0,SPG,SIMON PROPERTY GROUP INC NEW,6798.0
82880610,204.39,205.73,2015-10-29,,309410.0,SPG,SIMON PROPERTY GROUP INC NEW,6798.0
82880610,201.46001,204.78999,2015-10-30,,314804.0,SPG,SIMON PROPERTY GROUP INC NEW,6798.0
82880610,205.77,201.59,2015-11-02,,314804.0,SPG,SIMON PROPERTY GROUP INC NEW,6798.0
82880610,203.89999,205.14999,2015-11-03,,314804.0,SPG,SIMON PROPERTY GROUP INC NEW,6798.0
82880610,203.74001,204.27,2015-11-04,,314804.0,SPG,SIMON PROPERTY GROUP INC NEW,6798.0
82880610,203.0,203.25,2015-11-05,,314804.0,SPG,SIMON PROPERTY GROUP INC NEW,6798.0
82880610,194.89999,200.5,2015-11-06,,314804.0,SPG,SIMON PROPERTY GROUP INC NEW,6798.0
82880610,191.50999,194.67,2015-11-09,,314804.0,SPG,SIMON PROPERTY GROUP INC NEW,6798.0
82880610,194.46001,192.17,2015-11-10,,314804.0,SPG,SIMON PROPERTY GROUP INC NEW,6798.0
82880610,193.56,194.96001,2015-11-11,,314804.0,SPG,SIMON PROPERTY GROUP INC NEW,6798.0
82880610,191.08,191.8,2015-11-12,,314804.0,SPG,SIMON PROPERTY GROUP INC NEW,6798.0
82880610,186.34,191.08,2015-11-13,,314804.0,SPG,SIMON PROPERTY GROUP INC NEW,6798.0
82880610,187.64,185.39,2015-11-16,,314804.0,SPG,SIMON PROPERTY GROUP INC NEW,6798.0
82880610,186.83,187.25999,2015-11-17,,314804.0,SPG,SIMON PROPERTY GROUP INC NEW,6798.0
82880610,190.24001,187.24001,2015-11-18,,314804.0,SPG,SIMON PROPERTY GROUP INC NEW,6798.0
82880610,191.03999,190.71001,2015-11-19,,314804.0,SPG,SIMON PROPERTY GROUP INC NEW,6798.0
82880610,192.23,192.41,2015-11-20,,314804.0,SPG,SIMON PROPERTY GROUP INC NEW,6798.0
82880610,191.09,192.33,2015-11-23,,314804.0,SPG,SIMON PROPERTY GROUP INC NEW,6798.0
82880610,187.24001,190.0,2015-11-24,,314804.0,SPG,SIMON PROPERTY GROUP INC NEW,6798.0
82880610,188.49001,188.13,2015-11-25,,314804.0,SPG,SIMON PROPERTY GROUP INC NEW,6798.0
82880610,190.0,188.2,2015-11-27,,314804.0,SPG,SIMON PROPERTY GROUP INC NEW,6798.0
82880610,186.24001,191.0,2015-11-30,,309418.0,SPG,SIMON PROPERTY GROUP INC NEW,6798.0
82880610,188.66,187.03999,2015-12-01,,309418.0,SPG,SIMON PROPERTY GROUP INC NEW,6798.0
82880610,183.02,188.52,2015-12-02,,309418.0,SPG,SIMON PROPERTY GROUP INC NEW,6798.0
82880610,181.69,182.69,2015-12-03,,309418.0,SPG,SIMON PROPERTY GROUP INC NEW,6798.0
82880610,187.36,183.24001,2015-12-04,,309418.0,SPG,SIMON PROPERTY GROUP INC NEW,6798.0
82880610,187.83,186.63,2015-12-07,,309418.0,SPG,SIMON PROPERTY GROUP INC NEW,6798.0
82880610,187.96001,187.67,2015-12-08,,309418.0,SPG,SIMON PROPERTY GROUP INC NEW,6798.0
82880610,187.25,187.16,2015-12-09,,309418.0,SPG,SIMON PROPERTY GROUP INC NEW,6798.0
82880610,185.03,187.41,2015-12-10,,309418.0,SPG,SIMON PROPERTY GROUP INC NEW,6798.0
82880610,184.60001,183.99001,2015-12-11,,309418.0,SPG,SIMON PROPERTY GROUP INC NEW,6798.0
82880610,185.97,184.0,2015-12-14,,309418.0,SPG,SIMON PROPERTY GROUP INC NEW,6798.0
82880610,189.7,187.52,2015-12-15,,309418.0,SPG,SIMON PROPERTY GROUP INC NEW,6798.0
82880610,193.34,190.50999,2015-12-16,,309418.0,SPG,SIMON PROPERTY GROUP INC NEW,6798.0
82880610,193.47,193.24001,2015-12-17,,309418.0,SPG,SIMON PROPERTY GROUP INC NEW,6798.0
82880610,190.52,192.95,2015-12-18,,309418.0,SPG,SIMON PROPERTY GROUP INC NEW,6798.0
82880610,191.84,192.25999,2015-12-21,,309418.0,SPG,SIMON PROPERTY GROUP INC NEW,6798.0
82880610,192.60001,192.53,2015-12-22,,309418.0,SPG,SIMON PROPERTY GROUP INC NEW,6798.0
82880610,194.03,193.37,2015-12-23,,309418.0,SPG,SIMON PROPERTY GROUP INC NEW,6798.0
82880610,194.35001,193.61,2015-12-24,,309418.0,SPG,SIMON PROPERTY GROUP INC NEW,6798.0
82880610,194.08,193.88,2015-12-28,,309418.0,SPG,SIMON PROPERTY GROUP INC NEW,6798.0
82880610,195.78999,195.36,2015-12-29,,309418.0,SPG,SIMON PROPERTY GROUP INC NEW,6798.0
82880610,195.16,195.72,2015-12-30,,309418.0,SPG,SIMON PROPERTY GROUP INC NEW,6798.0
82880610,194.44,195.27,2015-12-31,,309418.0,SPG,SIMON PROPERTY GROUP INC NEW,6798.0
82880610,192.34,192.31,2016-01-04,,309418.0,SPG,SIMON PROPERTY GROUP INC NEW,6798.0
82880610,196.17,193.0,2016-01-05,,309418.0,SPG,SIMON PROPERTY GROUP INC NEW,6798.0
82880610,195.69,194.69,2016-01-06,,309418.0,SPG,SIMON PROPERTY GROUP INC NEW,6798.0
82880610,191.56,192.92,2016-01-07,,309418.0,SPG,SIMON PROPERTY GROUP INC NEW,6798.0
82880610,186.10001,191.75,2016-01-08,,309418.0,SPG,SIMON PROPERTY GROUP INC NEW,6798.0
82880610,186.71001,187.22,2016-01-11,,309418.0,SPG,SIMON PROPERTY GROUP INC NEW,6798.0
82880610,185.53999,187.46001,2016-01-12,,309418.0,SPG,SIMON PROPERTY GROUP INC NEW,6798.0
82880610,184.27,185.78999,2016-01-13,,309418.0,SPG,SIMON PROPERTY GROUP INC NEW,6798.0
82880610,185.66,184.71001,2016-01-14,,309418.0,SPG,SIMON PROPERTY GROUP INC NEW,6798.0
82880610,184.17,182.34,2016-01-15,,309418.0,SPG,SIMON PROPERTY GROUP INC NEW,6798.0
82880610,186.39999,186.0,2016-01-19,,309418.0,SPG,SIMON PROPERTY GROUP INC NEW,6798.0
82880610,180.64,184.82001,2016-01-20,,309418.0,SPG,SIMON PROPERTY GROUP INC NEW,6798.0
82880610,182.7,182.75999,2016-01-21,,309418.0,SPG,SIMON PROPERTY GROUP INC NEW,6798.0
82880610,187.32001,185.10001,2016-01-22,,309418.0,SPG,SIMON PROPERTY GROUP INC NEW,6798.0
82880610,185.14999,187.37,2016-01-25,,309418.0,SPG,SIMON PROPERTY GROUP INC NEW,6798.0
82880610,190.14,185.62,2016-01-26,,309418.0,SPG,SIMON PROPERTY GROUP INC NEW,6798.0
82880610,186.03999,189.5,2016-01-27,,309418.0,SPG,SIMON PROPERTY GROUP INC NEW,6798.0
82880610,186.78999,187.11,2016-01-28,,309418.0,SPG,SIMON PROPERTY GROUP INC NEW,6798.0
82880610,186.28,189.23,2016-01-29,,309410.0,SPG,SIMON PROPERTY GROUP INC NEW,6798.0
82880610,187.92999,185.58,2016-02-01,,309410.0,SPG,SIMON PROPERTY GROUP INC NEW,6798.0
82880610,186.11,188.09,2016-02-02,,309410.0,SPG,SIMON PROPERTY GROUP INC NEW,6798.0
82880610,188.3,187.21001,2016-02-03,,309410.0,SPG,SIMON PROPERTY GROUP INC NEW,6798.0
82880610,187.58,187.96001,2016-02-04,,309410.0,SPG,SIMON PROPERTY GROUP INC NEW,6798.0
82880610,183.98,186.23,2016-02-05,,309410.0,SPG,SIMON PROPERTY GROUP INC NEW,6798.0
82880610,182.48,184.55,2016-02-08,,309410.0,SPG,SIMON PROPERTY GROUP INC NEW,6798.0
82880610,178.92999,179.95,2016-02-09,,309410.0,SPG,SIMON PROPERTY GROUP INC NEW,6798.0
82880610,181.21001,177.81,2016-02-10,,309410.0,SPG,SIMON PROPERTY GROUP INC NEW,6798.0
82880610,181.49001,178.53,2016-02-11,,309410.0,SPG,SIMON PROPERTY GROUP INC NEW,6798.0
82880610,183.53,183.42,2016-02-12,,309410.0,SPG,SIMON PROPERTY GROUP INC NEW,6798.0
82880610,186.35001,185.64999,2016-02-16,,309410.0,SPG,SIMON PROPERTY GROUP INC NEW,6798.0
82880610,187.11,187.97,2016-02-17,,309410.0,SPG,SIMON PROPERTY GROUP INC NEW,6798.0
82880610,189.25999,186.52,2016-02-18,,309410.0,SPG,SIMON PROPERTY GROUP INC NEW,6798.0
82880610,189.45,187.98,2016-02-19,,309410.0,SPG,SIMON PROPERTY GROUP INC NEW,6798.0
82880610,189.42999,190.69,2016-02-22,,309410.0,SPG,SIMON PROPERTY GROUP INC NEW,6798.0
82880610,189.67999,189.36,2016-02-23,,309410.0,SPG,SIMON PROPERTY GROUP INC NEW,6798.0
82880610,189.17,188.96001,2016-02-24,,309410.0,SPG,SIMON PROPERTY GROUP INC NEW,6798.0
82880610,191.94,190.67,2016-02-25,,309410.0,SPG,SIMON PROPERTY GROUP INC NEW,6798.0
82880610,190.39999,192.03,2016-02-26,,309410.0,SPG,SIMON PROPERTY GROUP INC NEW,6798.0
82880610,189.73,190.78999,2016-02-29,,314807.0,SPG,SIMON PROPERTY GROUP INC NEW,6798.0
82880610,194.56,190.77,2016-03-01,,314807.0,SPG,SIMON PROPERTY GROUP INC NEW,6798.0
82880610,195.28999,194.38,2016-03-02,,314807.0,SPG,SIMON PROPERTY GROUP INC NEW,6798.0
82880610,197.41,196.27,2016-03-03,,314807.0,SPG,SIMON PROPERTY GROUP INC NEW,6798.0
82880610,198.52,197.27,2016-03-04,,314807.0,SPG,SIMON PROPERTY GROUP INC NEW,6798.0
82880610,199.64999,198.06,2016-03-07,,314807.0,SPG,SIMON PROPERTY GROUP INC NEW,6798.0
82880610,197.69,198.32001,2016-03-08,,314807.0,SPG,SIMON PROPERTY GROUP INC NEW,6798.0
82880610,197.77,198.14,2016-03-09,,314807.0,SPG,SIMON PROPERTY GROUP INC NEW,6798.0
82880610,198.02,198.87,2016-03-10,,314807.0,SPG,SIMON PROPERTY GROUP INC NEW,6798.0
82880610,201.31,200.52,2016-03-11,,314807.0,SPG,SIMON PROPERTY GROUP INC NEW,6798.0
82880610,199.09,200.25999,2016-03-14,,314807.0,SPG,SIMON PROPERTY GROUP INC NEW,6798.0
82880610,199.64,198.38,2016-03-15,,314807.0,SPG,SIMON PROPERTY GROUP INC NEW,6798.0
82880610,200.53999,198.75999,2016-03-16,,314807.0,SPG,SIMON PROPERTY GROUP INC NEW,6798.0
82880610,205.13,200.78999,2016-03-17,,314807.0,SPG,SIMON PROPERTY GROUP INC NEW,6798.0
82880610,204.96001,205.05,2016-03-18,,314807.0,SPG,SIMON PROPERTY GROUP INC NEW,6798.0
82880610,203.0,205.58,2016-03-21,,314807.0,SPG,SIMON PROPERTY GROUP INC NEW,6798.0
82880610,202.37,202.56,2016-03-22,,314807.0,SPG,SIMON PROPERTY GROUP INC NEW,6798.0
82880610,201.5,201.08,2016-03-23,,314807.0,SPG,SIMON PROPERTY GROUP INC NEW,6798.0
82880610,201.44,200.37,2016-03-24,,314807.0,SPG,SIMON PROPERTY GROUP INC NEW,6798.0
82880610,203.07001,201.94,2016-03-28,,314807.0,SPG,SIMON PROPERTY GROUP INC NEW,6798.0
82880610,206.94,203.82001,2016-03-29,,314807.0,SPG,SIMON PROPERTY GROUP INC NEW,6798.0
82880610,205.73,207.38,2016-03-30,,314807.0,SPG,SIMON PROPERTY GROUP INC NEW,6798.0
82880610,207.69,206.24001,2016-03-31,,314807.0,SPG,SIMON PROPERTY GROUP INC NEW,6798.0
82880610,209.10001,207.5,2016-04-01,,314807.0,SPG,SIMON PROPERTY GROUP INC NEW,6798.0
82880610,208.75999,209.42999,2016-04-04,,314807.0,SPG,SIMON PROPERTY GROUP INC NEW,6798.0
82880610,207.05,207.97,2016-04-05,,314807.0,SPG,SIMON PROPERTY GROUP INC NEW,6798.0
82880610,208.66,206.42999,2016-04-06,,314807.0,SPG,SIMON PROPERTY GROUP INC NEW,6798.0
82880610,206.78999,208.52,2016-04-07,,314807.0,SPG,SIMON PROPERTY GROUP INC NEW,6798.0
82880610,207.10001,207.32001,2016-04-08,,314807.0,SPG,SIMON PROPERTY GROUP INC NEW,6798.0
82880610,206.67999,207.99001,2016-04-11,,314807.0,SPG,SIMON PROPERTY GROUP INC NEW,6798.0
82880610,208.11,207.28,2016-04-12,,314807.0,SPG,SIMON PROPERTY GROUP INC NEW,6798.0
82880610,207.64,209.14999,2016-04-13,,314807.0,SPG,SIMON PROPERTY GROUP INC NEW,6798.0
82880610,207.95,207.72,2016-04-14,,314807.0,SPG,SIMON PROPERTY GROUP INC NEW,6798.0
82880610,207.87,207.75999,2016-04-15,,314807.0,SPG,SIMON PROPERTY GROUP INC NEW,6798.0
82880610,209.07001,208.14,2016-04-18,,314807.0,SPG,SIMON PROPERTY GROUP INC NEW,6798.0
82880610,208.25999,209.42,2016-04-19,,314807.0,SPG,SIMON PROPERTY GROUP INC NEW,6798.0
82880610,203.72,206.5,2016-04-20,,314807.0,SPG,SIMON PROPERTY GROUP INC NEW,6798.0
82880610,199.28999,203.56,2016-04-21,,314807.0,SPG,SIMON PROPERTY GROUP INC NEW,6798.0
82880610,202.14,199.78999,2016-04-22,,314807.0,SPG,SIMON PROPERTY GROUP INC NEW,6798.0
82880610,203.67,201.64999,2016-04-25,,314807.0,SPG,SIMON PROPERTY GROUP INC NEW,6798.0
82880610,203.95,204.41,2016-04-26,,314807.0,SPG,SIMON PROPERTY GROUP INC NEW,6798.0
82880610,204.57001,204.72,2016-04-27,,314807.0,SPG,SIMON PROPERTY GROUP INC NEW,6798.0
82880610,203.66,202.97,2016-04-28,,314807.0,SPG,SIMON PROPERTY GROUP INC NEW,6798.0
82880610,201.17,203.0,2016-04-29,,314807.0,SPG,SIMON PROPERTY GROUP INC NEW,6798.0
82880610,204.52,202.78,2016-05-02,,314807.0,SPG,SIMON PROPERTY GROUP INC NEW,6798.0
82880610,204.96001,203.27,2016-05-03,,314807.0,SPG,SIMON PROPERTY GROUP INC NEW,6798.0
82880610,207.62,203.27,2016-05-04,,314807.0,SPG,SIMON PROPERTY GROUP INC NEW,6798.0
82880610,208.44,206.62,2016-05-05,,314807.0,SPG,SIMON PROPERTY GROUP INC NEW,6798.0
82880610,210.82001,208.25,2016-05-06,,314807.0,SPG,SIMON PROPERTY GROUP INC NEW,6798.0
82880610,213.03999,210.7,2016-05-09,,314807.0,SPG,SIMON PROPERTY GROUP INC NEW,6798.0
82880610,213.92,213.69,2016-05-10,,314807.0,SPG,SIMON PROPERTY GROUP INC NEW,6798.0
82880610,203.24001,213.42999,2016-05-11,,314807.0,SPG,SIMON PROPERTY GROUP INC NEW,6798.0
82880610,204.03999,204.00999,2016-05-12,,314807.0,SPG,SIMON PROPERTY GROUP INC NEW,6798.0
82880610,196.49001,200.8,2016-05-13,,314807.0,SPG,SIMON PROPERTY GROUP INC NEW,6798.0
82880610,199.38,196.53,2016-05-16,,314807.0,SPG,SIMON PROPERTY GROUP INC NEW,6798.0
82880610,195.47,198.14999,2016-05-17,,314807.0,SPG,SIMON PROPERTY GROUP INC NEW,6798.0
82880610,193.49001,194.64,2016-05-18,,314807.0,SPG,SIMON PROPERTY GROUP INC NEW,6798.0
82880610,193.85001,191.97,2016-05-19,,314807.0,SPG,SIMON PROPERTY GROUP INC NEW,6798.0
82880610,195.13,194.92,2016-05-20,,314807.0,SPG,SIMON PROPERTY GROUP INC NEW,6798.0
82880610,195.75,195.45,2016-05-23,,314807.0,SPG,SIMON PROPERTY GROUP INC NEW,6798.0
82880610,197.63,196.88,2016-05-24,,314807.0,SPG,SIMON PROPERTY GROUP INC NEW,6798.0
82880610,196.09,197.94,2016-05-25,,314807.0,SPG,SIMON PROPERTY GROUP INC NEW,6798.0
82880610,197.13,196.28999,2016-05-26,,314807.0,SPG,SIMON PROPERTY GROUP INC NEW,6798.0
82880610,197.77,197.19,2016-05-27,,314807.0,SPG,SIMON PROPERTY GROUP INC NEW,6798.0
82880610,197.64,198.75,2016-05-31,,309409.0,SPG,SIMON PROPERTY GROUP INC NEW,6798.0
82880610,198.25999,196.59,2016-06-01,,309409.0,SPG,SIMON PROPERTY GROUP INC NEW,6798.0
82880610,197.39999,197.25999,2016-06-02,,309409.0,SPG,SIMON PROPERTY GROUP INC NEW,6798.0
82880610,199.49001,198.64999,2016-06-03,,309409.0,SPG,SIMON PROPERTY GROUP INC NEW,6798.0
82880610,198.67,199.92999,2016-06-06,,309409.0,SPG,SIMON PROPERTY GROUP INC NEW,6798.0
82880610,199.50999,198.67,2016-06-07,,309409.0,SPG,SIMON PROPERTY GROUP INC NEW,6798.0
82880610,201.45,199.36,2016-06-08,,309409.0,SPG,SIMON PROPERTY GROUP INC NEW,6798.0
82880610,201.64999,201.3,2016-06-09,,309409.0,SPG,SIMON PROPERTY GROUP INC NEW,6798.0
82880610,200.25999,200.77,2016-06-10,,309409.0,SPG,SIMON PROPERTY GROUP INC NEW,6798.0
82880610,201.73,200.82001,2016-06-13,,309409.0,SPG,SIMON PROPERTY GROUP INC NEW,6798.0
82880610,202.82001,201.41,2016-06-14,,309409.0,SPG,SIMON PROPERTY GROUP INC NEW,6798.0
82880610,204.22,203.17,2016-06-15,,309409.0,SPG,SIMON PROPERTY GROUP INC NEW,6798.0
82880610,206.21001,203.73,2016-06-16,,309409.0,SPG,SIMON PROPERTY GROUP INC NEW,6798.0
82880610,205.89,206.08,2016-06-17,,309409.0,SPG,SIMON PROPERTY GROUP INC NEW,6798.0
82880610,206.96001,207.91,2016-06-20,,309409.0,SPG,SIMON PROPERTY GROUP INC NEW,6798.0
82880610,208.42999,207.27,2016-06-21,,309409.0,SPG,SIMON PROPERTY GROUP INC NEW,6798.0
82880610,208.59,209.00999,2016-06-22,,309409.0,SPG,SIMON PROPERTY GROUP INC NEW,6798.0
82880610,209.09,209.78,2016-06-23,,309409.0,SPG,SIMON PROPERTY GROUP INC NEW,6798.0
82880610,206.5,204.58,2016-06-24,,309409.0,SPG,SIMON PROPERTY GROUP INC NEW,6798.0
82880610,207.95,205.44,2016-06-27,,309409.0,SPG,SIMON PROPERTY GROUP INC NEW,6798.0
82880610,213.09,209.21001,2016-06-28,,309409.0,SPG,SIMON PROPERTY GROUP INC NEW,6798.0
82880610,214.92999,213.89999,2016-06-29,,309409.0,SPG,SIMON PROPERTY GROUP INC NEW,6798.0
82880610,216.89999,215.73,2016-06-30,,309409.0,SPG,SIMON PROPERTY GROUP INC NEW,6798.0
82880610,217.14,217.53,2016-07-01,,309409.0,SPG,SIMON PROPERTY GROUP INC NEW,6798.0
82880610,220.23,217.34,2016-07-05,,309409.0,SPG,SIMON PROPERTY GROUP INC NEW,6798.0
82880610,217.53999,219.67999,2016-07-06,,309409.0,SPG,SIMON PROPERTY GROUP INC NEW,6798.0
82880610,215.59,217.03999,2016-07-07,,309409.0,SPG,SIMON PROPERTY GROUP INC NEW,6798.0
82880610,219.56,216.78999,2016-07-08,,309409.0,SPG,SIMON PROPERTY GROUP INC NEW,6798.0
82880610,221.74001,219.8,2016-07-11,,309409.0,SPG,SIMON PROPERTY GROUP INC NEW,6798.0
82880610,221.46001,221.33,2016-07-12,,309409.0,SPG,SIMON PROPERTY GROUP INC NEW,6798.0
82880610,224.24001,221.77,2016-07-13,,309409.0,SPG,SIMON PROPERTY GROUP INC NEW,6798.0
82880610,222.17,224.23,2016-07-14,,309409.0,SPG,SIMON PROPERTY GROUP INC NEW,6798.0
82880610,222.94,222.63,2016-07-15,,309409.0,SPG,SIMON PROPERTY GROUP INC NEW,6798.0
82880610,222.28,223.05,2016-07-18,,309409.0,SPG,SIMON PROPERTY GROUP INC NEW,6798.0
82880610,223.03,222.60001,2016-07-19,,309409.0,SPG,SIMON PROPERTY GROUP INC NEW,6798.0
82880610,223.24001,223.44,2016-07-20,,309409.0,SPG,SIMON PROPERTY GROUP INC NEW,6798.0
82880610,224.2,222.74001,2016-07-21,,309409.0,SPG,SIMON PROPERTY GROUP INC NEW,6798.0
82880610,225.3,223.89,2016-07-22,,309409.0,SPG,SIMON PROPERTY GROUP INC NEW,6798.0
82880610,224.48,225.85001,2016-07-25,,309409.0,SPG,SIMON PROPERTY GROUP INC NEW,6798.0
82880610,224.5,224.50999,2016-07-26,,309409.0,SPG,SIMON PROPERTY GROUP INC NEW,6798.0
82880610,221.7,225.14999,2016-07-27,,309409.0,SPG,SIMON PROPERTY GROUP INC NEW,6798.0
82880610,224.07001,221.81,2016-07-28,,309409.0,SPG,SIMON PROPERTY GROUP INC NEW,6798.0
82880610,227.03999,223.92999,2016-07-29,,319570.0,SPG,SIMON PROPERTY GROUP INC NEW,6798.0
82880610,227.60001,226.86,2016-08-01,,319570.0,SPG,SIMON PROPERTY GROUP INC NEW,6798.0
82880610,223.61,226.58,2016-08-02,,319570.0,SPG,SIMON PROPERTY GROUP INC NEW,6798.0
82880610,222.31,222.2,2016-08-03,,319570.0,SPG,SIMON PROPERTY GROUP INC NEW,6798.0
82880610,219.62,222.55,2016-08-04,,319570.0,SPG,SIMON PROPERTY GROUP INC NEW,6798.0
82880610,219.71001,220.12,2016-08-05,,319570.0,SPG,SIMON PROPERTY GROUP INC NEW,6798.0
82880610,219.97,219.69,2016-08-08,,319570.0,SPG,SIMON PROPERTY GROUP INC NEW,6798.0
82880610,220.63,220.0,2016-08-09,,319570.0,SPG,SIMON PROPERTY GROUP INC NEW,6798.0
82880610,218.98,219.88,2016-08-10,,319570.0,SPG,SIMON PROPERTY GROUP INC NEW,6798.0
82880610,214.55,219.03999,2016-08-11,,319570.0,SPG,SIMON PROPERTY GROUP INC NEW,6798.0
82880610,215.22,214.85001,2016-08-12,,319570.0,SPG,SIMON PROPERTY GROUP INC NEW,6798.0
82880610,214.08,214.35001,2016-08-15,,319570.0,SPG,SIMON PROPERTY GROUP INC NEW,6798.0
82880610,211.57001,213.83,2016-08-16,,319570.0,SPG,SIMON PROPERTY GROUP INC NEW,6798.0
82880610,213.97,211.57001,2016-08-17,,319570.0,SPG,SIMON PROPERTY GROUP INC NEW,6798.0
82880610,214.35001,213.49001,2016-08-18,,319570.0,SPG,SIMON PROPERTY GROUP INC NEW,6798.0
82880610,211.89999,213.53999,2016-08-19,,319570.0,SPG,SIMON PROPERTY GROUP INC NEW,6798.0
82880610,212.49001,212.35001,2016-08-22,,319570.0,SPG,SIMON PROPERTY GROUP INC NEW,6798.0
82880610,211.97,213.37,2016-08-23,,319570.0,SPG,SIMON PROPERTY GROUP INC NEW,6798.0
82880610,214.24001,212.27,2016-08-24,,319570.0,SPG,SIMON PROPERTY GROUP INC NEW,6798.0
82880610,215.55,214.39,2016-08-25,,319570.0,SPG,SIMON PROPERTY GROUP INC NEW,6798.0
82880610,213.75999,216.16,2016-08-26,,319570.0,SPG,SIMON PROPERTY GROUP INC NEW,6798.0
82880610,215.69,213.75999,2016-08-29,,319570.0,SPG,SIMON PROPERTY GROUP INC NEW,6798.0
82880610,215.89999,216.03999,2016-08-30,,319570.0,SPG,SIMON PROPERTY GROUP INC NEW,6798.0
82880610,215.47,215.49001,2016-08-31,,314224.0,SPG,SIMON PROPERTY GROUP INC NEW,6798.0
82880610,216.02,214.89,2016-09-01,,314224.0,SPG,SIMON PROPERTY GROUP INC NEW,6798.0
82880610,216.69,216.92,2016-09-02,,314224.0,SPG,SIMON PROPERTY GROUP INC NEW,6798.0
82880610,218.16,217.12,2016-09-06,,314224.0,SPG,SIMON PROPERTY GROUP INC NEW,6798.0
82880610,218.95,218.11,2016-09-07,,314224.0,SPG,SIMON PROPERTY GROUP INC NEW,6798.0
82880610,217.09,217.98,2016-09-08,,314224.0,SPG,SIMON PROPERTY GROUP INC NEW,6798.0
82880610,209.89999,215.31,2016-09-09,,314224.0,SPG,SIMON PROPERTY GROUP INC NEW,6798.0
82880610,212.28,209.21001,2016-09-12,,314224.0,SPG,SIMON PROPERTY GROUP INC NEW,6798.0
82880610,206.92,211.05,2016-09-13,,314224.0,SPG,SIMON PROPERTY GROUP INC NEW,6798.0
82880610,207.78,207.55,2016-09-14,,314224.0,SPG,SIMON PROPERTY GROUP INC NEW,6798.0
82880610,207.91,207.3,2016-09-15,,314224.0,SPG,SIMON PROPERTY GROUP INC NEW,6798.0
82880610,208.73,207.35001,2016-09-16,,314224.0,SPG,SIMON PROPERTY GROUP INC NEW,6798.0
82880610,209.59,209.89999,2016-09-19,,314224.0,SPG,SIMON PROPERTY GROUP INC NEW,6798.0
82880610,208.69,210.7,2016-09-20,,314224.0,SPG,SIMON PROPERTY GROUP INC NEW,6798.0
82880610,210.87,208.56,2016-09-21,,314224.0,SPG,SIMON PROPERTY GROUP INC NEW,6798.0
82880610,213.49001,212.02,2016-09-22,,314224.0,SPG,SIMON PROPERTY GROUP INC NEW,6798.0
82880610,213.49001,213.06,2016-09-23,,314224.0,SPG,SIMON PROPERTY GROUP INC NEW,6798.0
82880610,214.75999,213.17999,2016-09-26,,314224.0,SPG,SIMON PROPERTY GROUP INC NEW,6798.0
82880610,212.92999,215.56,2016-09-27,,314224.0,SPG,SIMON PROPERTY GROUP INC NEW,6798.0
82880610,212.61,212.99001,2016-09-28,,314224.0,SPG,SIMON PROPERTY GROUP INC NEW,6798.0
82880610,207.58,211.71001,2016-09-29,,314224.0,SPG,SIMON PROPERTY GROUP INC NEW,6798.0
82880610,207.00999,209.34,2016-09-30,,314224.0,SPG,SIMON PROPERTY GROUP INC NEW,6798.0
82880610,201.84,206.28999,2016-10-03,,314224.0,SPG,SIMON PROPERTY GROUP INC NEW,6798.0
82880610,198.87,201.53,2016-10-04,,314224.0,SPG,SIMON PROPERTY GROUP INC NEW,6798.0
82880610,195.72,199.36,2016-10-05,,314224.0,SPG,SIMON PROPERTY GROUP INC NEW,6798.0
82880610,196.48,195.36,2016-10-06,,314224.0,SPG,SIMON PROPERTY GROUP INC NEW,6798.0
82880610,196.81,197.64,2016-10-07,,314224.0,SPG,SIMON PROPERTY GROUP INC NEW,6798.0
82880610,197.5,196.97,2016-10-10,,314224.0,SPG,SIMON PROPERTY GROUP INC NEW,6798.0
82880610,195.55,197.5,2016-10-11,,314224.0,SPG,SIMON PROPERTY GROUP INC NEW,6798.0
82880610,198.92,196.08,2016-10-12,,314224.0,SPG,SIMON PROPERTY GROUP INC NEW,6798.0
82880610,198.78999,197.83,2016-10-13,,314224.0,SPG,SIMON PROPERTY GROUP INC NEW,6798.0
82880610,196.99001,199.05,2016-10-14,,314224.0,SPG,SIMON PROPERTY GROUP INC NEW,6798.0
82880610,197.49001,197.25,2016-10-17,,314224.0,SPG,SIMON PROPERTY GROUP INC NEW,6798.0
82880610,198.44,198.44,2016-10-18,,314224.0,SPG,SIMON PROPERTY GROUP INC NEW,6798.0
82880610,198.46001,198.33,2016-10-19,,314224.0,SPG,SIMON PROPERTY GROUP INC NEW,6798.0
82880610,197.25999,199.0,2016-10-20,,314224.0,SPG,SIMON PROPERTY GROUP INC NEW,6798.0
82880610,196.55,195.78999,2016-10-21,,314224.0,SPG,SIMON PROPERTY GROUP INC NEW,6798.0
82880610,197.00999,197.67999,2016-10-24,,314224.0,SPG,SIMON PROPERTY GROUP INC NEW,6798.0
82880610,197.27,196.34,2016-10-25,,314224.0,SPG,SIMON PROPERTY GROUP INC NEW,6798.0
82880610,188.38,195.11,2016-10-26,,314224.0,SPG,SIMON PROPERTY GROUP INC NEW,6798.0
82880610,183.23,188.14999,2016-10-27,,314224.0,SPG,SIMON PROPERTY GROUP INC NEW,6798.0
82880610,182.88,184.23,2016-10-28,,314224.0,SPG,SIMON PROPERTY GROUP INC NEW,6798.0
82880610,185.96001,184.27,2016-10-31,,319577.0,SPG,SIMON PROPERTY GROUP INC NEW,6798.0
82880610,183.25,184.99001,2016-11-01,,319577.0,SPG,SIMON PROPERTY GROUP INC NEW,6798.0
82880610,179.67999,183.61,2016-11-02,,319577.0,SPG,SIMON PROPERTY GROUP INC NEW,6798.0
82880610,179.33,179.61,2016-11-03,,319577.0,SPG,SIMON PROPERTY GROUP INC NEW,6798.0
82880610,180.28,180.12,2016-11-04,,319577.0,SPG,SIMON PROPERTY GROUP INC NEW,6798.0
82880610,181.92999,182.98,2016-11-07,,319577.0,SPG,SIMON PROPERTY GROUP INC NEW,6798.0
82880610,183.25,182.31,2016-11-08,,319577.0,SPG,SIMON PROPERTY GROUP INC NEW,6798.0
82880610,180.78,180.14,2016-11-09,,319577.0,SPG,SIMON PROPERTY GROUP INC NEW,6798.0
82880610,182.28999,181.32001,2016-11-10,,319577.0,SPG,SIMON PROPERTY GROUP INC NEW,6798.0
82880610,182.61,182.25,2016-11-11,,319577.0,SPG,SIMON PROPERTY GROUP INC NEW,6798.0
82880610,185.59,181.28,2016-11-14,,319577.0,SPG,SIMON PROPERTY GROUP INC NEW,6798.0
82880610,184.23,186.42999,2016-11-15,,319577.0,SPG,SIMON PROPERTY GROUP INC NEW,6798.0
82880610,182.94,184.60001,2016-11-16,,319577.0,SPG,SIMON PROPERTY GROUP INC NEW,6798.0
82880610,180.67999,182.75999,2016-11-17,,319577.0,SPG,SIMON PROPERTY GROUP INC NEW,6798.0
82880610,180.83,180.56,2016-11-18,,319577.0,SPG,SIMON PROPERTY GROUP INC NEW,6798.0
82880610,179.67999,181.17999,2016-11-21,,319577.0,SPG,SIMON PROPERTY GROUP INC NEW,6798.0
82880610,181.58,180.60001,2016-11-22,,319577.0,SPG,SIMON PROPERTY GROUP INC NEW,6798.0
82880610,180.75999,180.2,2016-11-23,,319577.0,SPG,SIMON PROPERTY GROUP INC NEW,6798.0
82880610,181.3,181.74001,2016-11-25,,319577.0,SPG,SIMON PROPERTY GROUP INC NEW,6798.0
82880610,181.33,180.64,2016-11-28,,319577.0,SPG,SIMON PROPERTY GROUP INC NEW,6798.0
82880610,182.3,181.95,2016-11-29,,319577.0,SPG,SIMON PROPERTY GROUP INC NEW,6798.0
82880610,179.64999,180.38,2016-11-30,,314230.0,SPG,SIMON PROPERTY GROUP INC NEW,6798.0
82880610,176.82001,178.92,2016-12-01,,314230.0,SPG,SIMON PROPERTY GROUP INC NEW,6798.0
82880610,179.36,177.57001,2016-12-02,,314230.0,SPG,SIMON PROPERTY GROUP INC NEW,6798.0
82880610,180.75999,179.50999,2016-12-05,,314230.0,SPG,SIMON PROPERTY GROUP INC NEW,6798.0
82880610,180.11,180.78,2016-12-06,,314230.0,SPG,SIMON PROPERTY GROUP INC NEW,6798.0
82880610,183.75,180.7,2016-12-07,,314230.0,SPG,SIMON PROPERTY GROUP INC NEW,6798.0
82880610,183.66,182.39999,2016-12-08,,314230.0,SPG,SIMON PROPERTY GROUP INC NEW,6798.0
82880610,183.42999,183.75,2016-12-09,,314230.0,SPG,SIMON PROPERTY GROUP INC NEW,6798.0
82880610,186.12,182.97,2016-12-12,,314230.0,SPG,SIMON PROPERTY GROUP INC NEW,6798.0
82880610,187.42999,186.91,2016-12-13,,314230.0,SPG,SIMON PROPERTY GROUP INC NEW,6798.0
82880610,181.28,187.16,2016-12-14,,314230.0,SPG,SIMON PROPERTY GROUP INC NEW,6798.0
82880610,180.0,181.39,2016-12-15,,314230.0,SPG,SIMON PROPERTY GROUP INC NEW,6798.0
82880610,181.28999,181.45,2016-12-16,,314230.0,SPG,SIMON PROPERTY GROUP INC NEW,6798.0
82880610,182.63,182.53999,2016-12-19,,314230.0,SPG,SIMON PROPERTY GROUP INC NEW,6798.0
82880610,182.98,182.57001,2016-12-20,,314230.0,SPG,SIMON PROPERTY GROUP INC NEW,6798.0
82880610,178.17,183.28,2016-12-21,,314230.0,SPG,SIMON PROPERTY GROUP INC NEW,6798.0
82880610,176.24001,178.0,2016-12-22,,314230.0,SPG,SIMON PROPERTY GROUP INC NEW,6798.0
82880610,175.95,176.89999,2016-12-23,,314230.0,SPG,SIMON PROPERTY GROUP INC NEW,6798.0
82880610,175.96001,175.96001,2016-12-27,,314230.0,SPG,SIMON PROPERTY GROUP INC NEW,6798.0
82880610,174.2,176.41,2016-12-28,,314230.0,SPG,SIMON PROPERTY GROUP INC NEW,6798.0
82880610,175.98,174.78,2016-12-29,,314230.0,SPG,SIMON PROPERTY GROUP INC NEW,6798.0
82880610,177.67,176.61,2016-12-30,,314230.0,SPG,SIMON PROPERTY GROUP INC NEW,6798.0
82880610,182.62,179.09,2017-01-03,,314230.0,SPG,SIMON PROPERTY GROUP INC NEW,6798.0
82880610,184.08,182.91,2017-01-04,,314230.0,SPG,SIMON PROPERTY GROUP INC NEW,6798.0
82880610,184.39999,179.685,2017-01-05,,314230.0,SPG,SIMON PROPERTY GROUP INC NEW,6798.0
82880610,186.83,183.55,2017-01-06,,314230.0,SPG,SIMON PROPERTY GROUP INC NEW,6798.0
82880610,185.91,186.49001,2017-01-09,,314230.0,SPG,SIMON PROPERTY GROUP INC NEW,6798.0
82880610,184.19,185.12,2017-01-10,,314230.0,SPG,SIMON PROPERTY GROUP INC NEW,6798.0
82880610,181.99001,183.7,2017-01-11,,314230.0,SPG,SIMON PROPERTY GROUP INC NEW,6798.0
82880610,183.09,181.61,2017-01-12,,314230.0,SPG,SIMON PROPERTY GROUP INC NEW,6798.0
82880610,184.00999,182.87,2017-01-13,,314230.0,SPG,SIMON PROPERTY GROUP INC NEW,6798.0
82880610,185.33,184.37,2017-01-17,,314230.0,SPG,SIMON PROPERTY GROUP INC NEW,6798.0
82880610,186.57001,185.0,2017-01-18,,314230.0,SPG,SIMON PROPERTY GROUP INC NEW,6798.0
82880610,182.92,185.52,2017-01-19,,314230.0,SPG,SIMON PROPERTY GROUP INC NEW,6798.0
82880610,184.53,182.83,2017-01-20,,314230.0,SPG,SIMON PROPERTY GROUP INC NEW,6798.0
82880610,185.0,184.38,2017-01-23,,314230.0,SPG,SIMON PROPERTY GROUP INC NEW,6798.0
82880610,184.14,185.19,2017-01-24,,314230.0,SPG,SIMON PROPERTY GROUP INC NEW,6798.0
82880610,182.39999,183.89999,2017-01-25,,314230.0,SPG,SIMON PROPERTY GROUP INC NEW,6798.0
82880610,182.09,182.91,2017-01-26,,314230.0,SPG,SIMON PROPERTY GROUP INC NEW,6798.0
82880610,179.50999,182.57001,2017-01-27,,314230.0,SPG,SIMON PROPERTY GROUP INC NEW,6798.0
82880610,177.74001,179.96001,2017-01-30,,314230.0,SPG,SIMON PROPERTY GROUP INC NEW,6798.0
82880610,183.77,179.00999,2017-01-31,,314230.0,SPG,SIMON PROPERTY GROUP INC NEW,6798.0
82880610,181.53,185.38,2017-02-01,,314230.0,SPG,SIMON PROPERTY GROUP INC NEW,6798.0
82880610,182.96001,181.31,2017-02-02,,314230.0,SPG,SIMON PROPERTY GROUP INC NEW,6798.0
82880610,185.33,184.10001,2017-02-03,,314230.0,SPG,SIMON PROPERTY GROUP INC NEW,6798.0
82880610,182.07001,184.24001,2017-02-06,,314230.0,SPG,SIMON PROPERTY GROUP INC NEW,6798.0
82880610,179.06,182.13,2017-02-07,,314230.0,SPG,SIMON PROPERTY GROUP INC NEW,6798.0
82880610,180.62,179.25999,2017-02-08,,314230.0,SPG,SIMON PROPERTY GROUP INC NEW,6798.0
82880610,181.99001,181.00999,2017-02-09,,314230.0,SPG,SIMON PROPERTY GROUP INC NEW,6798.0
82880610,182.10001,180.37,2017-02-10,,314230.0,SPG,SIMON PROPERTY GROUP INC NEW,6798.0
82880610,181.67,182.83,2017-02-13,,314230.0,SPG,SIMON PROPERTY GROUP INC NEW,6798.0
82880610,180.94,181.08,2017-02-14,,314230.0,SPG,SIMON PROPERTY GROUP INC NEW,6798.0
82880610,178.53999,180.42999,2017-02-15,,314230.0,SPG,SIMON PROPERTY GROUP INC NEW,6798.0
82880610,179.17999,178.88,2017-02-16,,314230.0,SPG,SIMON PROPERTY GROUP INC NEW,6798.0
82880610,181.09,179.36,2017-02-17,,314230.0,SPG,SIMON PROPERTY GROUP INC NEW,6798.0
82880610,185.16,181.53,2017-02-21,,314230.0,SPG,SIMON PROPERTY GROUP INC NEW,6798.0
82880610,184.7,184.83,2017-02-22,,314230.0,SPG,SIMON PROPERTY GROUP INC NEW,6798.0
82880610,184.99001,184.7,2017-02-23,,314230.0,SPG,SIMON PROPERTY GROUP INC NEW,6798.0
82880610,184.28999,184.69,2017-02-24,,314230.0,SPG,SIMON PROPERTY GROUP INC NEW,6798.0
82880610,186.33,185.03999,2017-02-27,,314230.0,SPG,SIMON PROPERTY GROUP INC NEW,6798.0
82880610,184.39999,185.67,2017-02-28,,319824.0,SPG,SIMON PROPERTY GROUP INC NEW,6798.0
82880610,182.52,184.27,2017-03-01,,319824.0,SPG,SIMON PROPERTY GROUP INC NEW,6798.0
82880610,181.14,181.99001,2017-03-02,,319824.0,SPG,SIMON PROPERTY GROUP INC NEW,6798.0
82880610,179.39999,181.50999,2017-03-03,,319824.0,SPG,SIMON PROPERTY GROUP INC NEW,6798.0
82880610,178.8,178.73,2017-03-06,,319824.0,SPG,SIMON PROPERTY GROUP INC NEW,6798.0
82880610,177.28999,178.49001,2017-03-07,,319824.0,SPG,SIMON PROPERTY GROUP INC NEW,6798.0
82880610,174.69,176.53999,2017-03-08,,319824.0,SPG,SIMON PROPERTY GROUP INC NEW,6798.0
82880610,169.32001,174.66,2017-03-09,,319824.0,SPG,SIMON PROPERTY GROUP INC NEW,6798.0
82880610,168.17,170.55,2017-03-10,,319824.0,SPG,SIMON PROPERTY GROUP INC NEW,6798.0
82880610,168.69,169.0,2017-03-13,,319824.0,SPG,SIMON PROPERTY GROUP INC NEW,6798.0
82880610,167.23,168.11,2017-03-14,,319824.0,SPG,SIMON PROPERTY GROUP INC NEW,6798.0
82880610,170.0,168.00999,2017-03-15,,319824.0,SPG,SIMON PROPERTY GROUP INC NEW,6798.0
82880610,169.39999,170.0,2017-03-16,,319824.0,SPG,SIMON PROPERTY GROUP INC NEW,6798.0
82880610,168.02,168.92999,2017-03-17,,319824.0,SPG,SIMON PROPERTY GROUP INC NEW,6798.0
82880610,168.11,168.45,2017-03-20,,319824.0,SPG,SIMON PROPERTY GROUP INC NEW,6798.0
82880610,168.96001,168.57001,2017-03-21,,319824.0,SPG,SIMON PROPERTY GROUP INC NEW,6798.0
82880610,165.39999,168.71001,2017-03-22,,319824.0,SPG,SIMON PROPERTY GROUP INC NEW,6798.0
82880610,167.56,165.60001,2017-03-23,,319824.0,SPG,SIMON PROPERTY GROUP INC NEW,6798.0
82880610,167.95,167.89999,2017-03-24,,319824.0,SPG,SIMON PROPERTY GROUP INC NEW,6798.0
82880610,166.14999,166.92,2017-03-27,,319824.0,SPG,SIMON PROPERTY GROUP INC NEW,6798.0
82880610,168.05,166.14999,2017-03-28,,319824.0,SPG,SIMON PROPERTY GROUP INC NEW,6798.0
82880610,169.86,167.82001,2017-03-29,,319824.0,SPG,SIMON PROPERTY GROUP INC NEW,6798.0
82880610,170.03999,169.17999,2017-03-30,,319824.0,SPG,SIMON PROPERTY GROUP INC NEW,6798.0
82880610,172.03,170.36,2017-03-31,,319824.0,SPG,SIMON PROPERTY GROUP INC NEW,6798.0
82880610,174.06,172.28,2017-04-03,,319824.0,SPG,SIMON PROPERTY GROUP INC NEW,6798.0
82880610,170.56,174.05,2017-04-04,,319824.0,SPG,SIMON PROPERTY GROUP INC NEW,6798.0
82880610,170.28999,171.0,2017-04-05,,319824.0,SPG,SIMON PROPERTY GROUP INC NEW,6798.0
82880610,169.8,170.08,2017-04-06,,319824.0,SPG,SIMON PROPERTY GROUP INC NEW,6798.0
82880610,169.81,169.62,2017-04-07,,319824.0,SPG,SIMON PROPERTY GROUP INC NEW,6798.0
82880610,171.49001,169.67,2017-04-10,,319824.0,SPG,SIMON PROPERTY GROUP INC NEW,6798.0
82880610,173.35001,171.41,2017-04-11,,319824.0,SPG,SIMON PROPERTY GROUP INC NEW,6798.0
82880610,173.28,172.82001,2017-04-12,,319824.0,SPG,SIMON PROPERTY GROUP INC NEW,6798.0
82880610,173.84,173.32001,2017-04-13,,319824.0,SPG,SIMON PROPERTY GROUP INC NEW,6798.0
82880610,174.57001,174.37,2017-04-17,,319824.0,SPG,SIMON PROPERTY GROUP INC NEW,6798.0
82880610,174.73,173.82001,2017-04-18,,319824.0,SPG,SIMON PROPERTY GROUP INC NEW,6798.0
82880610,174.42999,174.39999,2017-04-19,,319824.0,SPG,SIMON PROPERTY GROUP INC NEW,6798.0
82880610,174.73,174.75999,2017-04-20,,319824.0,SPG,SIMON PROPERTY GROUP INC NEW,6798.0
82880610,171.98,174.60001,2017-04-21,,319824.0,SPG,SIMON PROPERTY GROUP INC NEW,6798.0
82880610,168.94,173.02,2017-04-24,,319824.0,SPG,SIMON PROPERTY GROUP INC NEW,6798.0
82880610,168.03999,169.32001,2017-04-25,,319824.0,SPG,SIMON PROPERTY GROUP INC NEW,6798.0
82880610,165.03999,167.62,2017-04-26,,319824.0,SPG,SIMON PROPERTY GROUP INC NEW,6798.0
82880610,167.87,167.5,2017-04-27,,319824.0,SPG,SIMON PROPERTY GROUP INC NEW,6798.0
82880610,165.25999,167.64999,2017-04-28,,319823.0,SPG,SIMON PROPERTY GROUP INC NEW,6798.0
82880610,168.61,166.22,2017-05-01,,319823.0,SPG,SIMON PROPERTY GROUP INC NEW,6798.0
82880610,168.78999,168.75,2017-05-02,,319823.0,SPG,SIMON PROPERTY GROUP INC NEW,6798.0
82880610,165.59,169.46001,2017-05-03,,319823.0,SPG,SIMON PROPERTY GROUP INC NEW,6798.0
82880610,165.42,164.61,2017-05-04,,319823.0,SPG,SIMON PROPERTY GROUP INC NEW,6798.0
82880610,164.52,165.45,2017-05-05,,319823.0,SPG,SIMON PROPERTY GROUP INC NEW,6798.0
82880610,162.84,164.84,2017-05-08,,319823.0,SPG,SIMON PROPERTY GROUP INC NEW,6798.0
82880610,162.46001,163.0,2017-05-09,,319823.0,SPG,SIMON PROPERTY GROUP INC NEW,6798.0
82880610,165.64999,162.37,2017-05-10,,319823.0,SPG,SIMON PROPERTY GROUP INC NEW,6798.0
82880610,161.78,163.31,2017-05-11,,319823.0,SPG,SIMON PROPERTY GROUP INC NEW,6798.0
82880610,157.48,161.45,2017-05-12,,319823.0,SPG,SIMON PROPERTY GROUP INC NEW,6798.0
82880610,156.16,155.72,2017-05-15,,319823.0,SPG,SIMON PROPERTY GROUP INC NEW,6798.0
82880610,154.13,156.16,2017-05-16,,319823.0,SPG,SIMON PROPERTY GROUP INC NEW,6798.0
82880610,154.25999,153.92999,2017-05-17,,319823.0,SPG,SIMON PROPERTY GROUP INC NEW,6798.0
82880610,154.00999,153.69,2017-05-18,,319823.0,SPG,SIMON PROPERTY GROUP INC NEW,6798.0
82880610,157.87,154.23,2017-05-19,,319823.0,SPG,SIMON PROPERTY GROUP INC NEW,6798.0
82880610,157.60001,158.39,2017-05-22,,319823.0,SPG,SIMON PROPERTY GROUP INC NEW,6798.0
82880610,157.25,157.60001,2017-05-23,,319823.0,SPG,SIMON PROPERTY GROUP INC NEW,6798.0
82880610,159.78,157.37,2017-05-24,,319823.0,SPG,SIMON PROPERTY GROUP INC NEW,6798.0
82880610,160.7,160.07001,2017-05-25,,319823.0,SPG,SIMON PROPERTY GROUP INC NEW,6798.0
82880610,157.25999,160.74001,2017-05-26,,319823.0,SPG,SIMON PROPERTY GROUP INC NEW,6798.0
82880610,154.98,158.03999,2017-05-30,,319823.0,SPG,SIMON PROPERTY GROUP INC NEW,6798.0
82880610,154.25,155.09,2017-05-31,,312194.0,SPG,SIMON PROPERTY GROUP INC NEW,6798.0
82880610,154.83,154.0,2017-06-01,,312194.0,SPG,SIMON PROPERTY GROUP INC NEW,6798.0
82880610,152.64,155.38,2017-06-02,,312194.0,SPG,SIMON PROPERTY GROUP INC NEW,6798.0
82880610,152.25999,152.25,2017-06-05,,312194.0,SPG,SIMON PROPERTY GROUP INC NEW,6798.0
82880610,153.09,152.42999,2017-06-06,,312194.0,SPG,SIMON PROPERTY GROUP INC NEW,6798.0
82880610,155.27,153.02,2017-06-07,,312194.0,SPG,SIMON PROPERTY GROUP INC NEW,6798.0
82880610,154.57001,155.32001,2017-06-08,,312194.0,SPG,SIMON PROPERTY GROUP INC NEW,6798.0
82880610,155.60001,154.5,2017-06-09,,312194.0,SPG,SIMON PROPERTY GROUP INC NEW,6798.0
82880610,159.74001,155.53999,2017-06-12,,312194.0,SPG,SIMON PROPERTY GROUP INC NEW,6798.0
82880610,158.81,159.31,2017-06-13,,312194.0,SPG,SIMON PROPERTY GROUP INC NEW,6798.0
82880610,159.64,159.64999,2017-06-14,,312194.0,SPG,SIMON PROPERTY GROUP INC NEW,6798.0
82880610,160.73,158.85001,2017-06-15,,312194.0,SPG,SIMON PROPERTY GROUP INC NEW,6798.0
82880610,160.25999,161.17999,2017-06-16,,312194.0,SPG,SIMON PROPERTY GROUP INC NEW,6798.0
82880610,158.97,159.77,2017-06-19,,312194.0,SPG,SIMON PROPERTY GROUP INC NEW,6798.0
82880610,158.98,160.59,2017-06-20,,312194.0,SPG,SIMON PROPERTY GROUP INC NEW,6798.0
82880610,158.78,159.42999,2017-06-21,,312194.0,SPG,SIMON PROPERTY GROUP INC NEW,6798.0
82880610,159.13,158.60001,2017-06-22,,312194.0,SPG,SIMON PROPERTY GROUP INC NEW,6798.0
82880610,158.89999,159.48,2017-06-23,,312194.0,SPG,SIMON PROPERTY GROUP INC NEW,6798.0
82880610,160.45,159.77,2017-06-26,,312194.0,SPG,SIMON PROPERTY GROUP INC NEW,6798.0
82880610,162.37,159.94,2017-06-27,,312194.0,SPG,SIMON PROPERTY GROUP INC NEW,6798.0
82880610,163.8,163.25,2017-06-28,,312194.0,SPG,SIMON PROPERTY GROUP INC NEW,6798.0
82880610,162.58,163.5,2017-06-29,,312194.0,SPG,SIMON PROPERTY GROUP INC NEW,6798.0
82880610,161.75999,163.60001,2017-06-30,,312194.0,SPG,SIMON PROPERTY GROUP INC NEW,6798.0
82880610,165.17999,162.36,2017-07-03,,312194.0,SPG,SIMON PROPERTY GROUP INC NEW,6798.0
82880610,158.23,164.98,2017-07-05,,312194.0,SPG,SIMON PROPERTY GROUP INC NEW,6798.0
82880610,155.78,157.91,2017-07-06,,312194.0,SPG,SIMON PROPERTY GROUP INC NEW,6798.0
82880610,156.64,156.17999,2017-07-07,,312194.0,SPG,SIMON PROPERTY GROUP INC NEW,6798.0
82880610,155.44,156.86,2017-07-10,,312194.0,SPG,SIMON PROPERTY GROUP INC NEW,6798.0
82880610,153.94,155.73,2017-07-11,,312194.0,SPG,SIMON PROPERTY GROUP INC NEW,6798.0
82880610,155.52,155.24001,2017-07-12,,312194.0,SPG,SIMON PROPERTY GROUP INC NEW,6798.0
82880610,158.05,156.13,2017-07-13,,312194.0,SPG,SIMON PROPERTY GROUP INC NEW,6798.0
82880610,160.73,157.31,2017-07-14,,312194.0,SPG,SIMON PROPERTY GROUP INC NEW,6798.0
82880610,162.13,160.63,2017-07-17,,312194.0,SPG,SIMON PROPERTY GROUP INC NEW,6798.0
82880610,159.83,161.72,2017-07-18,,312194.0,SPG,SIMON PROPERTY GROUP INC NEW,6798.0
82880610,160.27,159.78999,2017-07-19,,312194.0,SPG,SIMON PROPERTY GROUP INC NEW,6798.0
82880610,161.00999,160.69,2017-07-20,,312194.0,SPG,SIMON PROPERTY GROUP INC NEW,6798.0
82880610,160.58,160.89,2017-07-21,,312194.0,SPG,SIMON PROPERTY GROUP INC NEW,6798.0
82880610,160.03999,160.62,2017-07-24,,312194.0,SPG,SIMON PROPERTY GROUP INC NEW,6798.0
82880610,161.57001,160.55,2017-07-25,,312194.0,SPG,SIMON PROPERTY GROUP INC NEW,6798.0
82880610,163.77,162.0,2017-07-26,,312194.0,SPG,SIMON PROPERTY GROUP INC NEW,6798.0
82880610,166.33,162.92999,2017-07-27,,312194.0,SPG,SIMON PROPERTY GROUP INC NEW,6798.0
82880610,160.52,163.82001,2017-07-28,,312194.0,SPG,SIMON PROPERTY GROUP INC NEW,6798.0
82880610,158.5,160.60001,2017-07-31,,310835.0,SPG,SIMON PROPERTY GROUP INC NEW,6798.0
82880610,164.58,165.25,2017-08-01,,310835.0,SPG,SIMON PROPERTY GROUP INC NEW,6798.0
82880610,161.37,162.46001,2017-08-02,,310835.0,SPG,SIMON PROPERTY GROUP INC NEW,6798.0
82880610,161.95,160.94,2017-08-03,,310835.0,SPG,SIMON PROPERTY GROUP INC NEW,6798.0
82880610,164.53,162.21001,2017-08-04,,310835.0,SPG,SIMON PROPERTY GROUP INC NEW,6798.0
82880610,166.37,164.46001,2017-08-07,,310835.0,SPG,SIMON PROPERTY GROUP INC NEW,6798.0
82880610,164.09,165.75999,2017-08-08,,310835.0,SPG,SIMON PROPERTY GROUP INC NEW,6798.0
82880610,163.41,164.07001,2017-08-09,,310835.0,SPG,SIMON PROPERTY GROUP INC NEW,6798.0
82880610,161.14999,163.14999,2017-08-10,,310835.0,SPG,SIMON PROPERTY GROUP INC NEW,6798.0
82880610,157.89,160.35001,2017-08-11,,310835.0,SPG,SIMON PROPERTY GROUP INC NEW,6798.0
82880610,160.34,158.58,2017-08-14,,310835.0,SPG,SIMON PROPERTY GROUP INC NEW,6798.0
82880610,157.49001,157.94,2017-08-15,,310835.0,SPG,SIMON PROPERTY GROUP INC NEW,6798.0
82880610,157.95,158.25,2017-08-16,,310835.0,SPG,SIMON PROPERTY GROUP INC NEW,6798.0
82880610,157.2,157.75,2017-08-17,,310835.0,SPG,SIMON PROPERTY GROUP INC NEW,6798.0
82880610,153.58,155.77,2017-08-18,,310835.0,SPG,SIMON PROPERTY GROUP INC NEW,6798.0
82880610,154.58,153.92,2017-08-21,,310835.0,SPG,SIMON PROPERTY GROUP INC NEW,6798.0
82880610,153.23,154.83,2017-08-22,,310835.0,SPG,SIMON PROPERTY GROUP INC NEW,6798.0
82880610,157.57001,153.10001,2017-08-23,,310835.0,SPG,SIMON PROPERTY GROUP INC NEW,6798.0
82880610,156.66,158.67,2017-08-24,,310835.0,SPG,SIMON PROPERTY GROUP INC NEW,6798.0
82880610,159.03999,157.17,2017-08-25,,310835.0,SPG,SIMON PROPERTY GROUP INC NEW,6798.0
82880610,156.83,159.2,2017-08-28,,310835.0,SPG,SIMON PROPERTY GROUP INC NEW,6798.0
82880610,156.25,156.42,2017-08-29,,310835.0,SPG,SIMON PROPERTY GROUP INC NEW,6798.0
82880610,157.02,156.7,2017-08-30,,310835.0,SPG,SIMON PROPERTY GROUP INC NEW,6798.0
82880610,156.85001,157.53,2017-08-31,,310835.0,SPG,SIMON PROPERTY GROUP INC NEW,6798.0
82880610,158.19,157.52,2017-09-01,,310835.0,SPG,SIMON PROPERTY GROUP INC NEW,6798.0
82880610,156.88,158.19,2017-09-05,,310835.0,SPG,SIMON PROPERTY GROUP INC NEW,6798.0
82880610,158.73,157.57001,2017-09-06,,310835.0,SPG,SIMON PROPERTY GROUP INC NEW,6798.0
82880610,160.8,158.84,2017-09-07,,310835.0,SPG,SIMON PROPERTY GROUP INC NEW,6798.0
82880610,159.56,160.5,2017-09-08,,310835.0,SPG,SIMON PROPERTY GROUP INC NEW,6798.0
82880610,160.32001,160.17,2017-09-11,,310835.0,SPG,SIMON PROPERTY GROUP INC NEW,6798.0
82880610,157.55,160.39999,2017-09-12,,310835.0,SPG,SIMON PROPERTY GROUP INC NEW,6798.0
82880610,160.42999,157.84,2017-09-13,,310835.0,SPG,SIMON PROPERTY GROUP INC NEW,6798.0
82880610,163.75,160.46001,2017-09-14,,310835.0,SPG,SIMON PROPERTY GROUP INC NEW,6798.0
82880610,164.77,164.49001,2017-09-15,,310835.0,SPG,SIMON PROPERTY GROUP INC NEW,6798.0
82880610,161.52,164.49001,2017-09-18,,310835.0,SPG,SIMON PROPERTY GROUP INC NEW,6798.0
82880610,159.73,161.22,2017-09-19,,310835.0,SPG,SIMON PROPERTY GROUP INC NEW,6798.0
82880610,159.89999,159.89,2017-09-20,,310835.0,SPG,SIMON PROPERTY GROUP INC NEW,6798.0
82880610,159.58,159.75999,2017-09-21,,310835.0,SPG,SIMON PROPERTY GROUP INC NEW,6798.0
82880610,158.81,159.42999,2017-09-22,,310835.0,SPG,SIMON PROPERTY GROUP INC NEW,6798.0
82880610,160.48,159.02,2017-09-25,,310835.0,SPG,SIMON PROPERTY GROUP INC NEW,6798.0
82880610,163.50999,161.17,2017-09-26,,310835.0,SPG,SIMON PROPERTY GROUP INC NEW,6798.0
82880610,160.11,163.10001,2017-09-27,,310835.0,SPG,SIMON PROPERTY GROUP INC NEW,6798.0
82880610,161.59,160.47,2017-09-28,,310835.0,SPG,SIMON PROPERTY GROUP INC NEW,6798.0
82880610,161.00999,160.77,2017-09-29,,310835.0,SPG,SIMON PROPERTY GROUP INC NEW,6798.0
82880610,159.69,161.17999,2017-10-02,,310835.0,SPG,SIMON PROPERTY GROUP INC NEW,6798.0
82880610,159.03999,159.55,2017-10-03,,310835.0,SPG,SIMON PROPERTY GROUP INC NEW,6798.0
82880610,159.84,158.42,2017-10-04,,310835.0,SPG,SIMON PROPERTY GROUP INC NEW,6798.0
82880610,161.25999,160.41,2017-10-05,,310835.0,SPG,SIMON PROPERTY GROUP INC NEW,6798.0
82880610,160.24001,160.28,2017-10-06,,310835.0,SPG,SIMON PROPERTY GROUP INC NEW,6798.0
82880610,160.75999,160.2,2017-10-09,,310835.0,SPG,SIMON PROPERTY GROUP INC NEW,6798.0
82880610,162.91,161.56,2017-10-10,,310835.0,SPG,SIMON PROPERTY GROUP INC NEW,6798.0
82880610,165.08,163.16,2017-10-11,,310835.0,SPG,SIMON PROPERTY GROUP INC NEW,6798.0
82880610,164.53999,164.56,2017-10-12,,310835.0,SPG,SIMON PROPERTY GROUP INC NEW,6798.0
82880610,166.31,165.41,2017-10-13,,310835.0,SPG,SIMON PROPERTY GROUP INC NEW,6798.0
82880610,165.33,166.45,2017-10-16,,310835.0,SPG,SIMON PROPERTY GROUP INC NEW,6798.0
82880610,167.10001,165.19,2017-10-17,,310835.0,SPG,SIMON PROPERTY GROUP INC NEW,6798.0
82880610,164.49001,166.72,2017-10-18,,310835.0,SPG,SIMON PROPERTY GROUP INC NEW,6798.0
82880610,165.52,164.75999,2017-10-19,,310835.0,SPG,SIMON PROPERTY GROUP INC NEW,6798.0
82880610,164.72,165.50999,2017-10-20,,310835.0,SPG,SIMON PROPERTY GROUP INC NEW,6798.0
82880610,165.44,165.23,2017-10-23,,310835.0,SPG,SIMON PROPERTY GROUP INC NEW,6798.0
82880610,163.87,165.28999,2017-10-24,,310835.0,SPG,SIMON PROPERTY GROUP INC NEW,6798.0
82880610,163.67999,163.06,2017-10-25,,310835.0,SPG,SIMON PROPERTY GROUP INC NEW,6798.0
82880610,163.75999,164.19,2017-10-26,,310835.0,SPG,SIMON PROPERTY GROUP INC NEW,6798.0
82880610,156.66,161.25,2017-10-27,,310835.0,SPG,SIMON PROPERTY GROUP INC NEW,6798.0
82880610,157.74001,156.57001,2017-10-30,,310835.0,SPG,SIMON PROPERTY GROUP INC NEW,6798.0
82880610,155.33,157.39999,2017-10-31,,310852.0,SPG,SIMON PROPERTY GROUP INC NEW,6798.0
82880610,157.09,155.99001,2017-11-01,,310852.0,SPG,SIMON PROPERTY GROUP INC NEW,6798.0
82880610,159.36,156.98,2017-11-02,,310852.0,SPG,SIMON PROPERTY GROUP INC NEW,6798.0
82880610,155.0,156.37,2017-11-03,,310852.0,SPG,SIMON PROPERTY GROUP INC NEW,6798.0
82880610,154.99001,154.98,2017-11-06,,310852.0,SPG,SIMON PROPERTY GROUP INC NEW,6798.0
82880610,159.05,155.24001,2017-11-07,,310852.0,SPG,SIMON PROPERTY GROUP INC NEW,6798.0
82880610,157.03,159.09,2017-11-08,,310852.0,SPG,SIMON PROPERTY GROUP INC NEW,6798.0
82880610,161.25999,156.5,2017-11-09,,310852.0,SPG,SIMON PROPERTY GROUP INC NEW,6798.0
82880610,163.75,163.14999,2017-11-10,,310852.0,SPG,SIMON PROPERTY GROUP INC NEW,6798.0
82880610,160.31,164.3,2017-11-13,,310852.0,SPG,SIMON PROPERTY GROUP INC NEW,6798.0
82880610,160.50999,160.60001,2017-11-14,,310852.0,SPG,SIMON PROPERTY GROUP INC NEW,6798.0
82880610,159.38,158.0,2017-11-15,,310852.0,SPG,SIMON PROPERTY GROUP INC NEW,6798.0
82880610,159.87,158.87,2017-11-16,,310852.0,SPG,SIMON PROPERTY GROUP INC NEW,6798.0
82880610,161.95,160.5,2017-11-17,,310852.0,SPG,SIMON PROPERTY GROUP INC NEW,6798.0
82880610,159.00999,161.39,2017-11-20,,310852.0,SPG,SIMON PROPERTY GROUP INC NEW,6798.0
82880610,159.14999,158.98,2017-11-21,,310852.0,SPG,SIMON PROPERTY GROUP INC NEW,6798.0
82880610,158.33,158.91,2017-11-22,,310852.0,SPG,SIMON PROPERTY GROUP INC NEW,6798.0
82880610,158.0,159.11,2017-11-24,,310852.0,SPG,SIMON PROPERTY GROUP INC NEW,6798.0
82880610,156.39,158.0,2017-11-27,,310852.0,SPG,SIMON PROPERTY GROUP INC NEW,6798.0
82880610,156.12,156.17999,2017-11-28,,310852.0,SPG,SIMON PROPERTY GROUP INC NEW,6798.0
82880610,158.73,156.05,2017-11-29,,310852.0,SPG,SIMON PROPERTY GROUP INC NEW,6798.0
82880610,161.75,159.35001,2017-11-30,,310852.0,SPG,SIMON PROPERTY GROUP INC NEW,6798.0
82880610,162.35001,162.2,2017-12-01,,310852.0,SPG,SIMON PROPERTY GROUP INC NEW,6798.0
82880610,163.67,163.19501,2017-12-04,,310852.0,SPG,SIMON PROPERTY GROUP INC NEW,6798.0
82880610,162.75,164.24001,2017-12-05,,310852.0,SPG,SIMON PROPERTY GROUP INC NEW,6798.0
82880610,162.75999,162.86,2017-12-06,,310852.0,SPG,SIMON PROPERTY GROUP INC NEW,6798.0
82880610,162.07001,162.07001,2017-12-07,,310852.0,SPG,SIMON PROPERTY GROUP INC NEW,6798.0
82880610,162.25,161.86,2017-12-08,,310852.0,SPG,SIMON PROPERTY GROUP INC NEW,6798.0
82880610,162.25999,162.3,2017-12-11,,310852.0,SPG,SIMON PROPERTY GROUP INC NEW,6798.0
82880610,166.35001,166.0,2017-12-12,,310852.0,SPG,SIMON PROPERTY GROUP INC NEW,6798.0
82880610,165.83,166.77,2017-12-13,,310852.0,SPG,SIMON PROPERTY GROUP INC NEW,6798.0
82880610,165.63,166.0,2017-12-14,,310852.0,SPG,SIMON PROPERTY GROUP INC NEW,6798.0
82880610,167.81,166.39999,2017-12-15,,310852.0,SPG,SIMON PROPERTY GROUP INC NEW,6798.0
82880610,169.82001,168.14999,2017-12-18,,310852.0,SPG,SIMON PROPERTY GROUP INC NEW,6798.0
82880610,168.42,169.85001,2017-12-19,,310852.0,SPG,SIMON PROPERTY GROUP INC NEW,6798.0
82880610,163.98,168.32001,2017-12-20,,310852.0,SPG,SIMON PROPERTY GROUP INC NEW,6798.0
82880610,164.7,164.49001,2017-12-21,,310852.0,SPG,SIMON PROPERTY GROUP INC NEW,6798.0
82880610,167.07001,164.49001,2017-12-22,,310852.0,SPG,SIMON PROPERTY GROUP INC NEW,6798.0
82880610,169.36,167.25,2017-12-26,,310852.0,SPG,SIMON PROPERTY GROUP INC NEW,6798.0
82880610,170.77,169.82001,2017-12-27,,310852.0,SPG,SIMON PROPERTY GROUP INC NEW,6798.0
82880610,171.14999,170.84,2017-12-28,,310852.0,SPG,SIMON PROPERTY GROUP INC NEW,6798.0
82880610,171.74001,171.32001,2017-12-29,,310852.0,SPG,SIMON PROPERTY GROUP INC NEW,6798.0
82880610,172.42,172.34,2018-01-02,,310852.0,SPG,SIMON PROPERTY GROUP INC NEW,6798.0
82880610,171.62,172.10001,2018-01-03,,310852.0,SPG,SIMON PROPERTY GROUP INC NEW,6798.0
82880610,166.60001,171.49001,2018-01-04,,310852.0,SPG,SIMON PROPERTY GROUP INC NEW,6798.0
82880610,168.14999,167.05,2018-01-05,,310852.0,SPG,SIMON PROPERTY GROUP INC NEW,6798.0
82880610,169.25,168.96001,2018-01-08,,310852.0,SPG,SIMON PROPERTY GROUP INC NEW,6798.0
82880610,165.53,168.91,2018-01-09,,310852.0,SPG,SIMON PROPERTY GROUP INC NEW,6798.0
82880610,164.98,164.67999,2018-01-10,,310852.0,SPG,SIMON PROPERTY GROUP INC NEW,6798.0
82880610,164.83,165.25,2018-01-11,,310852.0,SPG,SIMON PROPERTY GROUP INC NEW,6798.0
82880610,165.50999,165.00999,2018-01-12,,310852.0,SPG,SIMON PROPERTY GROUP INC NEW,6798.0
82880610,165.03999,165.92,2018-01-16,,310852.0,SPG,SIMON PROPERTY GROUP INC NEW,6798.0
82880610,167.39999,165.72,2018-01-17,,310852.0,SPG,SIMON PROPERTY GROUP INC NEW,6798.0
82880610,164.25,167.03,2018-01-18,,310852.0,SPG,SIMON PROPERTY GROUP INC NEW,6798.0
82880610,164.24001,164.91,2018-01-19,,310852.0,SPG,SIMON PROPERTY GROUP INC NEW,6798.0
82880610,166.10001,164.28,2018-01-22,,310852.0,SPG,SIMON PROPERTY GROUP INC NEW,6798.0
82880610,166.33,166.92999,2018-01-23,,310852.0,SPG,SIMON PROPERTY GROUP INC NEW,6798.0
82880610,166.10001,166.64999,2018-01-24,,310852.0,SPG,SIMON PROPERTY GROUP INC NEW,6798.0
82880610,164.2,165.58,2018-01-25,,310852.0,SPG,SIMON PROPERTY GROUP INC NEW,6798.0
82880610,163.71001,164.85001,2018-01-26,,310852.0,SPG,SIMON PROPERTY GROUP INC NEW,6798.0
82880610,162.92,163.42999,2018-01-29,,310852.0,SPG,SIMON PROPERTY GROUP INC NEW,6798.0
82880610,162.61,162.81,2018-01-30,,310852.0,SPG,SIMON PROPERTY GROUP INC NEW,6798.0
82880610,163.37,159.97,2018-01-31,,310852.0,SPG,SIMON PROPERTY GROUP INC NEW,6798.0
82880610,159.64999,163.61,2018-02-01,,310852.0,SPG,SIMON PROPERTY GROUP INC NEW,6798.0
82880610,156.52,159.19,2018-02-02,,310852.0,SPG,SIMON PROPERTY GROUP INC NEW,6798.0
82880610,155.12,155.67999,2018-02-05,,310852.0,SPG,SIMON PROPERTY GROUP INC NEW,6798.0
82880610,155.98,154.16,2018-02-06,,310852.0,SPG,SIMON PROPERTY GROUP INC NEW,6798.0
82880610,154.86,155.78999,2018-02-07,,310852.0,SPG,SIMON PROPERTY GROUP INC NEW,6798.0
82880610,152.17999,154.39,2018-02-08,,310852.0,SPG,SIMON PROPERTY GROUP INC NEW,6798.0
82880610,157.2,152.89,2018-02-09,,310852.0,SPG,SIMON PROPERTY GROUP INC NEW,6798.0
82880610,156.8,157.33,2018-02-12,,310852.0,SPG,SIMON PROPERTY GROUP INC NEW,6798.0
82880610,155.49001,154.56,2018-02-13,,310852.0,SPG,SIMON PROPERTY GROUP INC NEW,6798.0
82880610,154.09,154.66,2018-02-14,,310852.0,SPG,SIMON PROPERTY GROUP INC NEW,6798.0
82880610,156.14999,154.57001,2018-02-15,,310852.0,SPG,SIMON PROPERTY GROUP INC NEW,6798.0
82880610,156.09,156.00999,2018-02-16,,310852.0,SPG,SIMON PROPERTY GROUP INC NEW,6798.0
82880610,155.59,155.97,2018-02-20,,310852.0,SPG,SIMON PROPERTY GROUP INC NEW,6798.0
82880610,151.3,155.0,2018-02-21,,310852.0,SPG,SIMON PROPERTY GROUP INC NEW,6798.0
82880610,154.03,152.03999,2018-02-22,,310852.0,SPG,SIMON PROPERTY GROUP INC NEW,6798.0
82880610,156.66,154.44,2018-02-23,,310852.0,SPG,SIMON PROPERTY GROUP INC NEW,6798.0
82880610,159.07001,157.14999,2018-02-26,,310852.0,SPG,SIMON PROPERTY GROUP INC NEW,6798.0
82880610,153.92999,160.11,2018-02-27,,310852.0,SPG,SIMON PROPERTY GROUP INC NEW,6798.0
82880610,153.50999,154.67999,2018-02-28,,320329.0,SPG,SIMON PROPERTY GROUP INC NEW,6798.0
82880610,154.94,153.3,2018-03-01,,320329.0,SPG,SIMON PROPERTY GROUP INC NEW,6798.0
82880610,155.52,154.77,2018-03-02,,320329.0,SPG,SIMON PROPERTY GROUP INC NEW,6798.0
82880610,157.46001,154.37,2018-03-05,,320329.0,SPG,SIMON PROPERTY GROUP INC NEW,6798.0
82880610,157.63,156.75,2018-03-06,,320329.0,SPG,SIMON PROPERTY GROUP INC NEW,6798.0
82880610,155.92,156.67999,2018-03-07,,320329.0,SPG,SIMON PROPERTY GROUP INC NEW,6798.0
82880610,156.28,156.17999,2018-03-08,,320329.0,SPG,SIMON PROPERTY GROUP INC NEW,6798.0
82880610,156.57001,156.14,2018-03-09,,320329.0,SPG,SIMON PROPERTY GROUP INC NEW,6798.0
82880610,156.74001,156.72,2018-03-12,,320329.0,SPG,SIMON PROPERTY GROUP INC NEW,6798.0
82880610,157.47,157.13,2018-03-13,,320329.0,SPG,SIMON PROPERTY GROUP INC NEW,6798.0
82880610,158.49001,158.25999,2018-03-14,,320329.0,SPG,SIMON PROPERTY GROUP INC NEW,6798.0
82880610,156.60001,158.52,2018-03-15,,320329.0,SPG,SIMON PROPERTY GROUP INC NEW,6798.0
82880610,157.13,156.5,2018-03-16,,320329.0,SPG,SIMON PROPERTY GROUP INC NEW,6798.0
82880610,155.42999,157.31,2018-03-19,,320329.0,SPG,SIMON PROPERTY GROUP INC NEW,6798.0
82880610,154.58,155.69,2018-03-20,,320329.0,SPG,SIMON PROPERTY GROUP INC NEW,6798.0
82880610,154.34,154.86,2018-03-21,,320329.0,SPG,SIMON PROPERTY GROUP INC NEW,6798.0
82880610,152.53,153.94,2018-03-22,,320329.0,SPG,SIMON PROPERTY GROUP INC NEW,6798.0
82880610,151.73,152.8,2018-03-23,,320329.0,SPG,SIMON PROPERTY GROUP INC NEW,6798.0
82880610,153.32001,152.78999,2018-03-26,,320329.0,SPG,SIMON PROPERTY GROUP INC NEW,6798.0
82880610,150.46001,151.50999,2018-03-27,,320329.0,SPG,SIMON PROPERTY GROUP INC NEW,6798.0
82880610,155.91,151.24001,2018-03-28,,320329.0,SPG,SIMON PROPERTY GROUP INC NEW,6798.0
82880610,154.35001,156.35001,2018-03-29,,310073.0,SPG,SIMON PROPERTY GROUP INC NEW,6798.0
82880610,153.08,154.57001,2018-04-02,,310073.0,SPG,SIMON PROPERTY GROUP INC NEW,6798.0
82880610,154.23,153.33,2018-04-03,,310073.0,SPG,SIMON PROPERTY GROUP INC NEW,6798.0
82880610,156.28,153.0,2018-04-04,,310073.0,SPG,SIMON PROPERTY GROUP INC NEW,6798.0
82880610,155.55,155.98,2018-04-05,,310073.0,SPG,SIMON PROPERTY GROUP INC NEW,6798.0
82880610,154.10001,155.53999,2018-04-06,,310073.0,SPG,SIMON PROPERTY GROUP INC NEW,6798.0
82880610,153.42,154.17,2018-04-09,,310073.0,SPG,SIMON PROPERTY GROUP INC NEW,6798.0
82880610,154.92999,154.49001,2018-04-10,,310073.0,SPG,SIMON PROPERTY GROUP INC NEW,6798.0
82880610,153.61,154.19,2018-04-11,,310073.0,SPG,SIMON PROPERTY GROUP INC NEW,6798.0
82880610,149.92,153.64,2018-04-12,,310073.0,SPG,SIMON PROPERTY GROUP INC NEW,6798.0
82880610,151.73,150.08,2018-04-13,,310073.0,SPG,SIMON PROPERTY GROUP INC NEW,6798.0
82880610,152.28,152.83,2018-04-16,,310073.0,SPG,SIMON PROPERTY GROUP INC NEW,6798.0
82880610,153.24001,152.58,2018-04-17,,310073.0,SPG,SIMON PROPERTY GROUP INC NEW,6798.0
82880610,152.55,153.57001,2018-04-18,,310073.0,SPG,SIMON PROPERTY GROUP INC NEW,6798.0
82880610,150.28,152.39,2018-04-19,,310073.0,SPG,SIMON PROPERTY GROUP INC NEW,6798.0
82880610,147.25,150.78999,2018-04-20,,310073.0,SPG,SIMON PROPERTY GROUP INC NEW,6798.0
82880610,146.89999,147.39,2018-04-23,,310073.0,SPG,SIMON PROPERTY GROUP INC NEW,6798.0
82880610,147.8,147.03,2018-04-24,,310073.0,SPG,SIMON PROPERTY GROUP INC NEW,6798.0
82880610,146.74001,147.39,2018-04-25,,310073.0,SPG,SIMON PROPERTY GROUP INC NEW,6798.0
82880610,150.16,147.41,2018-04-26,,310073.0,SPG,SIMON PROPERTY GROUP INC NEW,6798.0
82880610,156.14,148.91,2018-04-27,,310073.0,SPG,SIMON PROPERTY GROUP INC NEW,6798.0
82880610,156.34,156.52,2018-04-30,,320329.0,SPG,SIMON PROPERTY GROUP INC NEW,6798.0
82880610,159.74001,158.25,2018-05-01,,320329.0,SPG,SIMON PROPERTY GROUP INC NEW,6798.0
82880610,159.19,158.63,2018-05-02,,320329.0,SPG,SIMON PROPERTY GROUP INC NEW,6798.0
82880610,159.03999,158.64999,2018-05-03,,320329.0,SPG,SIMON PROPERTY GROUP INC NEW,6798.0
82880610,159.34,158.89999,2018-05-04,,320329.0,SPG,SIMON PROPERTY GROUP INC NEW,6798.0
82880610,159.77,160.03999,2018-05-07,,320329.0,SPG,SIMON PROPERTY GROUP INC NEW,6798.0
82880610,158.75,160.42,2018-05-08,,320329.0,SPG,SIMON PROPERTY GROUP INC NEW,6798.0
82880610,159.94,158.64999,2018-05-09,,320329.0,SPG,SIMON PROPERTY GROUP INC NEW,6798.0
82880610,161.22,160.5,2018-05-10,,320329.0,SPG,SIMON PROPERTY GROUP INC NEW,6798.0
82880610,159.89,161.52,2018-05-11,,320329.0,SPG,SIMON PROPERTY GROUP INC NEW,6798.0
82880610,158.02,159.67999,2018-05-14,,320329.0,SPG,SIMON PROPERTY GROUP INC NEW,6798.0
82880610,154.64999,157.17,2018-05-15,,320329.0,SPG,SIMON PROPERTY GROUP INC NEW,6798.0
82880610,154.31,153.60001,2018-05-16,,320329.0,SPG,SIMON PROPERTY GROUP INC NEW,6798.0
82880610,153.67999,154.61,2018-05-17,,320329.0,SPG,SIMON PROPERTY GROUP INC NEW,6798.0
82880610,154.17999,153.03999,2018-05-18,,320329.0,SPG,SIMON PROPERTY GROUP INC NEW,6798.0
82880610,157.03999,154.94,2018-05-21,,320329.0,SPG,SIMON PROPERTY GROUP INC NEW,6798.0
82880610,158.22,157.0,2018-05-22,,320329.0,SPG,SIMON PROPERTY GROUP INC NEW,6798.0
82880610,159.25999,158.38,2018-05-23,,320329.0,SPG,SIMON PROPERTY GROUP INC NEW,6798.0
82880610,158.78,159.24001,2018-05-24,,320329.0,SPG,SIMON PROPERTY GROUP INC NEW,6798.0
82880610,159.49001,159.33,2018-05-25,,320329.0,SPG,SIMON PROPERTY GROUP INC NEW,6798.0
82880610,159.75,159.07001,2018-05-29,,320329.0,SPG,SIMON PROPERTY GROUP INC NEW,6798.0
82880610,161.59,159.82001,2018-05-30,,320329.0,SPG,SIMON PROPERTY GROUP INC NEW,6798.0
82880610,160.22,160.0,2018-05-31,,309690.0,SPG,SIMON PROPERTY GROUP INC NEW,6798.0
82880610,160.8,160.56,2018-06-01,,309690.0,SPG,SIMON PROPERTY GROUP INC NEW,6798.0
82880610,162.62,161.17,2018-06-04,,309690.0,SPG,SIMON PROPERTY GROUP INC NEW,6798.0
82880610,162.92999,162.99001,2018-06-05,,309690.0,SPG,SIMON PROPERTY GROUP INC NEW,6798.0
82880610,165.27,162.75999,2018-06-06,,309690.0,SPG,SIMON PROPERTY GROUP INC NEW,6798.0
82880610,164.78999,165.22,2018-06-07,,309690.0,SPG,SIMON PROPERTY GROUP INC NEW,6798.0
82880610,165.38,164.95,2018-06-08,,309690.0,SPG,SIMON PROPERTY GROUP INC NEW,6798.0
82880610,165.10001,164.89999,2018-06-11,,309690.0,SPG,SIMON PROPERTY GROUP INC NEW,6798.0
82880610,166.14999,165.03,2018-06-12,,309690.0,SPG,SIMON PROPERTY GROUP INC NEW,6798.0
82880610,162.5,166.74001,2018-06-13,,309690.0,SPG,SIMON PROPERTY GROUP INC NEW,6798.0
82880610,164.05,163.36,2018-06-14,,309690.0,SPG,SIMON PROPERTY GROUP INC NEW,6798.0
82880610,164.48,164.34,2018-06-15,,309690.0,SPG,SIMON PROPERTY GROUP INC NEW,6798.0
82880610,165.03999,164.25999,2018-06-18,,309690.0,SPG,SIMON PROPERTY GROUP INC NEW,6798.0
82880610,165.39,164.52,2018-06-19,,309690.0,SPG,SIMON PROPERTY GROUP INC NEW,6798.0
82880610,168.08,165.21001,2018-06-20,,309690.0,SPG,SIMON PROPERTY GROUP INC NEW,6798.0
82880610,169.48,167.45,2018-06-21,,309690.0,SPG,SIMON PROPERTY GROUP INC NEW,6798.0
82880610,172.85001,169.89999,2018-06-22,,309690.0,SPG,SIMON PROPERTY GROUP INC NEW,6798.0
82880610,171.46001,173.0,2018-06-25,,309690.0,SPG,SIMON PROPERTY GROUP INC NEW,6798.0
82880610,172.39999,171.60001,2018-06-26,,309690.0,SPG,SIMON PROPERTY GROUP INC NEW,6798.0
82880610,170.92,172.77,2018-06-27,,309690.0,SPG,SIMON PROPERTY GROUP INC NEW,6798.0
82880610,171.21001,171.23,2018-06-28,,309690.0,SPG,SIMON PROPERTY GROUP INC NEW,6798.0
82880610,170.19,170.75999,2018-06-29,,309690.0,SPG,SIMON PROPERTY GROUP INC NEW,6798.0
82880610,169.67999,170.14999,2018-07-02,,309690.0,SPG,SIMON PROPERTY GROUP INC NEW,6798.0
82880610,171.14999,169.53999,2018-07-03,,309690.0,SPG,SIMON PROPERTY GROUP INC NEW,6798.0
82880610,172.5,171.61,2018-07-05,,309690.0,SPG,SIMON PROPERTY GROUP INC NEW,6798.0
82880610,172.99001,172.8,2018-07-06,,309690.0,SPG,SIMON PROPERTY GROUP INC NEW,6798.0
82880610,172.14,172.39999,2018-07-09,,309690.0,SPG,SIMON PROPERTY GROUP INC NEW,6798.0
82880610,172.83,172.27,2018-07-10,,309690.0,SPG,SIMON PROPERTY GROUP INC NEW,6798.0
82880610,171.13,171.98,2018-07-11,,309690.0,SPG,SIMON PROPERTY GROUP INC NEW,6798.0
82880610,171.64999,171.14999,2018-07-12,,309690.0,SPG,SIMON PROPERTY GROUP INC NEW,6798.0
82880610,171.69,172.3,2018-07-13,,309690.0,SPG,SIMON PROPERTY GROUP INC NEW,6798.0
82880610,170.66,171.31,2018-07-16,,309690.0,SPG,SIMON PROPERTY GROUP INC NEW,6798.0
82880610,170.48,171.23,2018-07-17,,309690.0,SPG,SIMON PROPERTY GROUP INC NEW,6798.0
82880610,170.72,169.87,2018-07-18,,309690.0,SPG,SIMON PROPERTY GROUP INC NEW,6798.0
82880610,173.96001,170.03999,2018-07-19,,309690.0,SPG,SIMON PROPERTY GROUP INC NEW,6798.0
82880610,170.5,173.08,2018-07-20,,309690.0,SPG,SIMON PROPERTY GROUP INC NEW,6798.0
82880610,170.38,170.60001,2018-07-23,,309690.0,SPG,SIMON PROPERTY GROUP INC NEW,6798.0
82880610,169.8,170.5,2018-07-24,,309690.0,SPG,SIMON PROPERTY GROUP INC NEW,6798.0
82880610,171.13,170.17,2018-07-25,,309690.0,SPG,SIMON PROPERTY GROUP INC NEW,6798.0
82880610,170.92,171.92,2018-07-26,,309690.0,SPG,SIMON PROPERTY GROUP INC NEW,6798.0
82880610,168.58,171.25,2018-07-27,,309690.0,SPG,SIMON PROPERTY GROUP INC NEW,6798.0
82880610,171.86,168.60001,2018-07-30,,309690.0,SPG,SIMON PROPERTY GROUP INC NEW,6798.0
82880610,176.21001,173.03999,2018-07-31,,320325.0,SPG,SIMON PROPERTY GROUP INC NEW,6798.0
82880610,177.75,175.5,2018-08-01,,320325.0,SPG,SIMON PROPERTY GROUP INC NEW,6798.0
82880610,176.25999,177.35001,2018-08-02,,320325.0,SPG,SIMON PROPERTY GROUP INC NEW,6798.0
82880610,178.27,176.25,2018-08-03,,320325.0,SPG,SIMON PROPERTY GROUP INC NEW,6798.0
82880610,177.09,178.14,2018-08-06,,320325.0,SPG,SIMON PROPERTY GROUP INC NEW,6798.0
82880610,176.48,177.14,2018-08-07,,320325.0,SPG,SIMON PROPERTY GROUP INC NEW,6798.0
82880610,176.28,176.5,2018-08-08,,320325.0,SPG,SIMON PROPERTY GROUP INC NEW,6798.0
82880610,176.7,176.12,2018-08-09,,320325.0,SPG,SIMON PROPERTY GROUP INC NEW,6798.0
82880610,174.38,176.58,2018-08-10,,320325.0,SPG,SIMON PROPERTY GROUP INC NEW,6798.0
82880610,174.78999,174.67999,2018-08-13,,320325.0,SPG,SIMON PROPERTY GROUP INC NEW,6798.0
82880610,175.59,175.0,2018-08-14,,320325.0,SPG,SIMON PROPERTY GROUP INC NEW,6798.0
82880610,177.14,175.23,2018-08-15,,320325.0,SPG,SIMON PROPERTY GROUP INC NEW,6798.0
82880610,176.78999,175.74001,2018-08-16,,320325.0,SPG,SIMON PROPERTY GROUP INC NEW,6798.0
82880610,178.48,177.12,2018-08-17,,320325.0,SPG,SIMON PROPERTY GROUP INC NEW,6798.0
82880610,181.37,179.13,2018-08-20,,320325.0,SPG,SIMON PROPERTY GROUP INC NEW,6798.0
82880610,180.21001,180.7,2018-08-21,,320325.0,SPG,SIMON PROPERTY GROUP INC NEW,6798.0
82880610,179.38,180.50999,2018-08-22,,320325.0,SPG,SIMON PROPERTY GROUP INC NEW,6798.0
82880610,180.42999,179.47,2018-08-23,,320325.0,SPG,SIMON PROPERTY GROUP INC NEW,6798.0
82880610,180.92,179.81,2018-08-24,,320325.0,SPG,SIMON PROPERTY GROUP INC NEW,6798.0
82880610,180.07001,181.24001,2018-08-27,,320325.0,SPG,SIMON PROPERTY GROUP INC NEW,6798.0
82880610,182.44,180.31,2018-08-28,,320325.0,SPG,SIMON PROPERTY GROUP INC NEW,6798.0
82880610,181.56,182.60001,2018-08-29,,320325.0,SPG,SIMON PROPERTY GROUP INC NEW,6798.0
82880610,181.45,181.66,2018-08-30,,320325.0,SPG,SIMON PROPERTY GROUP INC NEW,6798.0
82880610,183.03,182.32001,2018-08-31,,309210.0,SPG,SIMON PROPERTY GROUP INC NEW,6798.0
82880610,181.83,183.0,2018-09-04,,309210.0,SPG,SIMON PROPERTY GROUP INC NEW,6798.0
82880610,182.41,181.0,2018-09-05,,309210.0,SPG,SIMON PROPERTY GROUP INC NEW,6798.0
82880610,184.52,183.46001,2018-09-06,,309210.0,SPG,SIMON PROPERTY GROUP INC NEW,6798.0
82880610,181.69,183.05,2018-09-07,,309210.0,SPG,SIMON PROPERTY GROUP INC NEW,6798.0
82880610,182.09,182.62,2018-09-10,,309210.0,SPG,SIMON PROPERTY GROUP INC NEW,6798.0
82880610,184.3,182.87,2018-09-11,,309210.0,SPG,SIMON PROPERTY GROUP INC NEW,6798.0
82880610,184.94,184.39,2018-09-12,,309210.0,SPG,SIMON PROPERTY GROUP INC NEW,6798.0
82880610,185.23,186.0,2018-09-13,,309210.0,SPG,SIMON PROPERTY GROUP INC NEW,6798.0
82880610,182.5,184.42999,2018-09-14,,309210.0,SPG,SIMON PROPERTY GROUP INC NEW,6798.0
82880610,183.46001,182.53999,2018-09-17,,309210.0,SPG,SIMON PROPERTY GROUP INC NEW,6798.0
82880610,181.42,182.84,2018-09-18,,309210.0,SPG,SIMON PROPERTY GROUP INC NEW,6798.0
82880610,179.81,181.89,2018-09-19,,309210.0,SPG,SIMON PROPERTY GROUP INC NEW,6798.0
82880610,180.11,179.94,2018-09-20,,309210.0,SPG,SIMON PROPERTY GROUP INC NEW,6798.0
82880610,180.48,180.07001,2018-09-21,,309210.0,SPG,SIMON PROPERTY GROUP INC NEW,6798.0
82880610,176.67,180.38,2018-09-24,,309210.0,SPG,SIMON PROPERTY GROUP INC NEW,6798.0
82880610,176.99001,177.57001,2018-09-25,,309210.0,SPG,SIMON PROPERTY GROUP INC NEW,6798.0
82880610,175.31,176.99001,2018-09-26,,309210.0,SPG,SIMON PROPERTY GROUP INC NEW,6798.0
82880610,175.47,175.95,2018-09-27,,309210.0,SPG,SIMON PROPERTY GROUP INC NEW,6798.0
82880610,176.75,175.75999,2018-09-28,,309210.0,SPG,SIMON PROPERTY GROUP INC NEW,6798.0
82880610,176.64,176.78999,2018-10-01,,309210.0,SPG,SIMON PROPERTY GROUP INC NEW,6798.0
82880610,176.05,176.55,2018-10-02,,309210.0,SPG,SIMON PROPERTY GROUP INC NEW,6798.0
82880610,173.10001,176.28,2018-10-03,,309210.0,SPG,SIMON PROPERTY GROUP INC NEW,6798.0
82880610,169.08,172.25,2018-10-04,,309210.0,SPG,SIMON PROPERTY GROUP INC NEW,6798.0
82880610,171.28,170.49001,2018-10-05,,309210.0,SPG,SIMON PROPERTY GROUP INC NEW,6798.0
82880610,174.91,172.07001,2018-10-08,,309210.0,SPG,SIMON PROPERTY GROUP INC NEW,6798.0
82880610,175.10001,174.91,2018-10-09,,309210.0,SPG,SIMON PROPERTY GROUP INC NEW,6798.0
82880610,172.62,174.0,2018-10-10,,309210.0,SPG,SIMON PROPERTY GROUP INC NEW,6798.0
82880610,170.39999,173.42999,2018-10-11,,309210.0,SPG,SIMON PROPERTY GROUP INC NEW,6798.0
82880610,171.17999,171.63,2018-10-12,,309210.0,SPG,SIMON PROPERTY GROUP INC NEW,6798.0
82880610,171.02,170.50999,2018-10-15,,309210.0,SPG,SIMON PROPERTY GROUP INC NEW,6798.0
82880610,174.09,171.73,2018-10-16,,309210.0,SPG,SIMON PROPERTY GROUP INC NEW,6798.0
82880610,172.75,174.05,2018-10-17,,309210.0,SPG,SIMON PROPERTY GROUP INC NEW,6798.0
82880610,173.11,172.75,2018-10-18,,309210.0,SPG,SIMON PROPERTY GROUP INC NEW,6798.0
82880610,174.77,173.17,2018-10-19,,309210.0,SPG,SIMON PROPERTY GROUP INC NEW,6798.0
82880610,171.88,174.98,2018-10-22,,309210.0,SPG,SIMON PROPERTY GROUP INC NEW,6798.0
82880610,172.69,171.58,2018-10-23,,309210.0,SPG,SIMON PROPERTY GROUP INC NEW,6798.0
82880610,174.00999,172.61,2018-10-24,,309210.0,SPG,SIMON PROPERTY GROUP INC NEW,6798.0
82880610,180.82001,177.34,2018-10-25,,309210.0,SPG,SIMON PROPERTY GROUP INC NEW,6798.0
82880610,179.75999,181.07001,2018-10-26,,309210.0,SPG,SIMON PROPERTY GROUP INC NEW,6798.0
82880610,180.86,180.92999,2018-10-29,,309210.0,SPG,SIMON PROPERTY GROUP INC NEW,6798.0
82880610,187.75,182.49001,2018-10-30,,309210.0,SPG,SIMON PROPERTY GROUP INC NEW,6798.0
82880610,183.52,187.71001,2018-10-31,,320412.0,SPG,SIMON PROPERTY GROUP INC NEW,6798.0
82880610,181.64,184.27,2018-11-01,,320412.0,SPG,SIMON PROPERTY GROUP INC NEW,6798.0
82880610,180.41,181.62,2018-11-02,,320412.0,SPG,SIMON PROPERTY GROUP INC NEW,6798.0
82880610,183.14999,181.19,2018-11-05,,320412.0,SPG,SIMON PROPERTY GROUP INC NEW,6798.0
82880610,183.63,183.0,2018-11-06,,320412.0,SPG,SIMON PROPERTY GROUP INC NEW,6798.0
82880610,187.27,184.69,2018-11-07,,320412.0,SPG,SIMON PROPERTY GROUP INC NEW,6798.0
82880610,187.28999,186.19,2018-11-08,,320412.0,SPG,SIMON PROPERTY GROUP INC NEW,6798.0
82880610,188.69,187.28999,2018-11-09,,320412.0,SPG,SIMON PROPERTY GROUP INC NEW,6798.0
82880610,187.92,188.73,2018-11-12,,320412.0,SPG,SIMON PROPERTY GROUP INC NEW,6798.0
82880610,188.86,188.7,2018-11-13,,320412.0,SPG,SIMON PROPERTY GROUP INC NEW,6798.0
82880610,187.39999,189.07001,2018-11-14,,320412.0,SPG,SIMON PROPERTY GROUP INC NEW,6798.0
82880610,182.42,184.05,2018-11-15,,320412.0,SPG,SIMON PROPERTY GROUP INC NEW,6798.0
82880610,185.07001,182.41,2018-11-16,,320412.0,SPG,SIMON PROPERTY GROUP INC NEW,6798.0
82880610,186.82001,185.24001,2018-11-19,,320412.0,SPG,SIMON PROPERTY GROUP INC NEW,6798.0
82880610,183.17,185.75,2018-11-20,,320412.0,SPG,SIMON PROPERTY GROUP INC NEW,6798.0
82880610,183.02,183.56,2018-11-21,,320412.0,SPG,SIMON PROPERTY GROUP INC NEW,6798.0
82880610,182.42999,182.53999,2018-11-23,,320412.0,SPG,SIMON PROPERTY GROUP INC NEW,6798.0
82880610,180.73,182.89,2018-11-26,,320412.0,SPG,SIMON PROPERTY GROUP INC NEW,6798.0
82880610,181.73,181.14999,2018-11-27,,320412.0,SPG,SIMON PROPERTY GROUP INC NEW,6798.0
82880610,184.3,181.72,2018-11-28,,320412.0,SPG,SIMON PROPERTY GROUP INC NEW,6798.0
82880610,184.60001,183.98,2018-11-29,,320412.0,SPG,SIMON PROPERTY GROUP INC NEW,6798.0
82880610,185.69,184.89999,2018-11-30,,309296.0,SPG,SIMON PROPERTY GROUP INC NEW,6798.0
82880610,186.95,186.5,2018-12-03,,309296.0,SPG,SIMON PROPERTY GROUP INC NEW,6798.0
82880610,185.03,187.07001,2018-12-04,,309296.0,SPG,SIMON PROPERTY GROUP INC NEW,6798.0
82880610,190.59,184.35001,2018-12-06,,309296.0,SPG,SIMON PROPERTY GROUP INC NEW,6798.0
82880610,188.42,189.94,2018-12-07,,309296.0,SPG,SIMON PROPERTY GROUP INC NEW,6798.0
82880610,186.10001,188.95,2018-12-10,,309296.0,SPG,SIMON PROPERTY GROUP INC NEW,6798.0
82880610,187.45,190.25,2018-12-11,,309296.0,SPG,SIMON PROPERTY GROUP INC NEW,6798.0
82880610,182.5,188.07001,2018-12-12,,309296.0,SPG,SIMON PROPERTY GROUP INC NEW,6798.0
82880610,184.06,182.97,2018-12-13,,309296.0,SPG,SIMON PROPERTY GROUP INC NEW,6798.0
82880610,182.66,183.62,2018-12-14,,309296.0,SPG,SIMON PROPERTY GROUP INC NEW,6798.0
82880610,174.98,182.75999,2018-12-17,,309296.0,SPG,SIMON PROPERTY GROUP INC NEW,6798.0
82880610,175.0,176.06,2018-12-18,,309296.0,SPG,SIMON PROPERTY GROUP INC NEW,6798.0
82880610,171.95,174.92999,2018-12-19,,309296.0,SPG,SIMON PROPERTY GROUP INC NEW,6798.0
82880610,168.07001,171.95,2018-12-20,,309296.0,SPG,SIMON PROPERTY GROUP INC NEW,6798.0
82880610,164.88,168.05,2018-12-21,,309296.0,SPG,SIMON PROPERTY GROUP INC NEW,6798.0
82880610,160.66,164.88,2018-12-24,,309296.0,SPG,SIMON PROPERTY GROUP INC NEW,6798.0
82880610,166.66,160.71001,2018-12-26,,309296.0,SPG,SIMON PROPERTY GROUP INC NEW,6798.0
82880610,167.33,165.52,2018-12-27,,309296.0,SPG,SIMON PROPERTY GROUP INC NEW,6798.0
82880610,168.10001,168.87,2018-12-28,,309296.0,SPG,SIMON PROPERTY GROUP INC NEW,6798.0
82880610,167.99001,168.25999,2018-12-31,,309296.0,SPG,SIMON PROPERTY GROUP INC NEW,6798.0
82880610,165.00999,166.35001,2019-01-02,,309296.0,SPG,SIMON PROPERTY GROUP INC NEW,6798.0
82880610,164.87,164.34,2019-01-03,,309296.0,SPG,SIMON PROPERTY GROUP INC NEW,6798.0
82880610,167.38,165.83,2019-01-04,,309296.0,SPG,SIMON PROPERTY GROUP INC NEW,6798.0
82880610,169.14,167.84,2019-01-07,,309296.0,SPG,SIMON PROPERTY GROUP INC NEW,6798.0
82880610,173.17999,169.8,2019-01-08,,309296.0,SPG,SIMON PROPERTY GROUP INC NEW,6798.0
82880610,173.42,173.67,2019-01-09,,309296.0,SPG,SIMON PROPERTY GROUP INC NEW,6798.0
82880610,173.35001,171.25999,2019-01-10,,309296.0,SPG,SIMON PROPERTY GROUP INC NEW,6798.0
82880610,172.35001,173.17999,2019-01-11,,309296.0,SPG,SIMON PROPERTY GROUP INC NEW,6798.0
82880610,170.74001,171.55,2019-01-14,,309296.0,SPG,SIMON PROPERTY GROUP INC NEW,6798.0
82880610,171.23,170.84,2019-01-15,,309296.0,SPG,SIMON PROPERTY GROUP INC NEW,6798.0
82880610,172.89,171.22,2019-01-16,,309296.0,SPG,SIMON PROPERTY GROUP INC NEW,6798.0
82880610,173.27,172.50999,2019-01-17,,309296.0,SPG,SIMON PROPERTY GROUP INC NEW,6798.0
82880610,173.96001,175.52,2019-01-18,,309296.0,SPG,SIMON PROPERTY GROUP INC NEW,6798.0
82880610,173.25999,173.89999,2019-01-22,,309296.0,SPG,SIMON PROPERTY GROUP INC NEW,6798.0
82880610,174.17,173.28999,2019-01-23,,309296.0,SPG,SIMON PROPERTY GROUP INC NEW,6798.0
82880610,175.27,174.0,2019-01-24,,309296.0,SPG,SIMON PROPERTY GROUP INC NEW,6798.0
82880610,177.11,175.81,2019-01-25,,309296.0,SPG,SIMON PROPERTY GROUP INC NEW,6798.0
82880610,178.5,176.66,2019-01-28,,309296.0,SPG,SIMON PROPERTY GROUP INC NEW,6798.0
82880610,179.2,178.11,2019-01-29,,309296.0,SPG,SIMON PROPERTY GROUP INC NEW,6798.0
82880610,181.25,179.23,2019-01-30,,309296.0,SPG,SIMON PROPERTY GROUP INC NEW,6798.0
82880610,182.12,181.0,2019-01-31,,309296.0,SPG,SIMON PROPERTY GROUP INC NEW,6798.0
82880610,179.21001,184.58,2019-02-01,,309296.0,SPG,SIMON PROPERTY GROUP INC NEW,6798.0
82880610,181.87,179.0,2019-02-04,,309296.0,SPG,SIMON PROPERTY GROUP INC NEW,6798.0
82880610,184.0,182.34,2019-02-05,,309296.0,SPG,SIMON PROPERTY GROUP INC NEW,6798.0
82880610,183.85001,184.0,2019-02-06,,309296.0,SPG,SIMON PROPERTY GROUP INC NEW,6798.0
82880610,185.85001,182.57001,2019-02-07,,309296.0,SPG,SIMON PROPERTY GROUP INC NEW,6798.0
82880610,184.10001,184.88,2019-02-08,,309296.0,SPG,SIMON PROPERTY GROUP INC NEW,6798.0
82880610,185.3,184.0,2019-02-11,,309296.0,SPG,SIMON PROPERTY GROUP INC NEW,6798.0
82880610,184.60001,185.92999,2019-02-12,,309296.0,SPG,SIMON PROPERTY GROUP INC NEW,6798.0
82880610,184.0,182.2,2019-02-13,,309296.0,SPG,SIMON PROPERTY GROUP INC NEW,6798.0
82880610,183.75999,184.05,2019-02-14,,309296.0,SPG,SIMON PROPERTY GROUP INC NEW,6798.0
82880610,183.36,184.38,2019-02-15,,309296.0,SPG,SIMON PROPERTY GROUP INC NEW,6798.0
82880610,182.23,183.47,2019-02-19,,309296.0,SPG,SIMON PROPERTY GROUP INC NEW,6798.0
82880610,179.22,181.75999,2019-02-20,,309296.0,SPG,SIMON PROPERTY GROUP INC NEW,6798.0
82880610,182.14999,178.69,2019-02-21,,309296.0,SPG,SIMON PROPERTY GROUP INC NEW,6798.0
82880610,183.63,182.61,2019-02-22,,309296.0,SPG,SIMON PROPERTY GROUP INC NEW,6798.0
82880610,183.3,184.37,2019-02-25,,309296.0,SPG,SIMON PROPERTY GROUP INC NEW,6798.0
82880610,183.28,183.56,2019-02-26,,309296.0,SPG,SIMON PROPERTY GROUP INC NEW,6798.0
82880610,181.24001,182.59,2019-02-27,,309296.0,SPG,SIMON PROPERTY GROUP INC NEW,6798.0
82880610,181.16,181.16,2019-02-28,,308962.0,SPG,SIMON PROPERTY GROUP INC NEW,6798.0
82880610,175.57001,181.16,2019-03-01,,308962.0,SPG,SIMON PROPERTY GROUP INC NEW,6798.0
82880610,175.31,177.38,2019-03-04,,308962.0,SPG,SIMON PROPERTY GROUP INC NEW,6798.0
82880610,176.39999,175.45,2019-03-05,,308962.0,SPG,SIMON PROPERTY GROUP INC NEW,6798.0
82880610,176.38,176.48,2019-03-06,,308962.0,SPG,SIMON PROPERTY GROUP INC NEW,6798.0
82880610,175.39,176.17,2019-03-07,,308962.0,SPG,SIMON PROPERTY GROUP INC NEW,6798.0
82880610,174.22,175.0,2019-03-08,,308962.0,SPG,SIMON PROPERTY GROUP INC NEW,6798.0
82880610,175.88,175.0,2019-03-11,,308962.0,SPG,SIMON PROPERTY GROUP INC NEW,6798.0
82880610,177.92,176.28,2019-03-12,,308962.0,SPG,SIMON PROPERTY GROUP INC NEW,6798.0
82880610,178.14,179.03999,2019-03-13,,308962.0,SPG,SIMON PROPERTY GROUP INC NEW,6798.0
82880610,179.78999,178.25999,2019-03-14,,308962.0,SPG,SIMON PROPERTY GROUP INC NEW,6798.0
82880610,176.09,179.37,2019-03-15,,308962.0,SPG,SIMON PROPERTY GROUP INC NEW,6798.0
82880610,174.33,176.24001,2019-03-18,,308962.0,SPG,SIMON PROPERTY GROUP INC NEW,6798.0
82880610,173.39999,174.28999,2019-03-19,,308962.0,SPG,SIMON PROPERTY GROUP INC NEW,6798.0
82880610,173.94,173.55,2019-03-20,,308962.0,SPG,SIMON PROPERTY GROUP INC NEW,6798.0
82880610,178.17999,173.62,2019-03-21,,308962.0,SPG,SIMON PROPERTY GROUP INC NEW,6798.0
82880610,177.60001,178.25,2019-03-22,,308962.0,SPG,SIMON PROPERTY GROUP INC NEW,6798.0
82880610,177.98,178.19,2019-03-25,,308962.0,SPG,SIMON PROPERTY GROUP INC NEW,6798.0
82880610,181.24001,178.84,2019-03-26,,308962.0,SPG,SIMON PROPERTY GROUP INC NEW,6798.0
82880610,181.11,180.44,2019-03-27,,308962.0,SPG,SIMON PROPERTY GROUP INC NEW,6798.0
82880610,183.36,181.35001,2019-03-28,,308962.0,SPG,SIMON PROPERTY GROUP INC NEW,6798.0
82880610,182.21001,183.78,2019-03-29,,308986.0,SPG,SIMON PROPERTY GROUP INC NEW,6798.0
82880610,182.92999,182.67999,2019-04-01,,308986.0,SPG,SIMON PROPERTY GROUP INC NEW,6798.0
82880610,183.28999,182.8,2019-04-02,,308986.0,SPG,SIMON PROPERTY GROUP INC NEW,6798.0
82880610,182.97,183.47,2019-04-03,,308986.0,SPG,SIMON PROPERTY GROUP INC NEW,6798.0
82880610,183.85001,183.53999,2019-04-04,,308986.0,SPG,SIMON PROPERTY GROUP INC NEW,6798.0
82880610,184.8,183.86,2019-04-05,,308986.0,SPG,SIMON PROPERTY GROUP INC NEW,6798.0
82880610,183.47,185.00999,2019-04-08,,308986.0,SPG,SIMON PROPERTY GROUP INC NEW,6798.0
82880610,182.57001,183.28,2019-04-09,,308986.0,SPG,SIMON PROPERTY GROUP INC NEW,6798.0
82880610,184.92999,183.69,2019-04-10,,308986.0,SPG,SIMON PROPERTY GROUP INC NEW,6798.0
82880610,184.21001,185.0,2019-04-11,,308986.0,SPG,SIMON PROPERTY GROUP INC NEW,6798.0
82880610,185.52,184.03999,2019-04-12,,308986.0,SPG,SIMON PROPERTY GROUP INC NEW,6798.0
82880610,184.5,185.99001,2019-04-15,,308986.0,SPG,SIMON PROPERTY GROUP INC NEW,6798.0
82880610,177.08,184.14999,2019-04-16,,308986.0,SPG,SIMON PROPERTY GROUP INC NEW,6798.0
82880610,177.44,177.66,2019-04-17,,308986.0,SPG,SIMON PROPERTY GROUP INC NEW,6798.0
82880610,178.06,177.49001,2019-04-18,,308986.0,SPG,SIMON PROPERTY GROUP INC NEW,6798.0
82880610,173.71001,177.60001,2019-04-22,,308986.0,SPG,SIMON PROPERTY GROUP INC NEW,6798.0
82880610,176.61,174.58,2019-04-23,,308986.0,SPG,SIMON PROPERTY GROUP INC NEW,6798.0
82880610,178.14999,177.03,2019-04-24,,308986.0,SPG,SIMON PROPERTY GROUP INC NEW,6798.0
82880610,177.85001,177.39,2019-04-25,,308986.0,SPG,SIMON PROPERTY GROUP INC NEW,6798.0
82880610,178.61,178.42999,2019-04-26,,308986.0,SPG,SIMON PROPERTY GROUP INC NEW,6798.0
82880610,175.75,178.92,2019-04-29,,308986.0,SPG,SIMON PROPERTY GROUP INC NEW,6798.0
82880610,173.7,174.89999,2019-04-30,,320436.0,SPG,SIMON PROPERTY GROUP INC NEW,6798.0
82880610,177.75,173.37,2019-05-01,,320436.0,SPG,SIMON PROPERTY GROUP INC NEW,6798.0
82880610,177.8,178.02,2019-05-02,,320436.0,SPG,SIMON PROPERTY GROUP INC NEW,6798.0
82880610,179.41,177.64,2019-05-03,,320436.0,SPG,SIMON PROPERTY GROUP INC NEW,6798.0
82880610,178.11,178.59,2019-05-06,,320436.0,SPG,SIMON PROPERTY GROUP INC NEW,6798.0
82880610,174.03,177.66,2019-05-07,,320436.0,SPG,SIMON PROPERTY GROUP INC NEW,6798.0
82880610,172.84,173.82001,2019-05-08,,320436.0,SPG,SIMON PROPERTY GROUP INC NEW,6798.0
82880610,173.77,172.22,2019-05-09,,320436.0,SPG,SIMON PROPERTY GROUP INC NEW,6798.0
82880610,175.21001,173.77,2019-05-10,,320436.0,SPG,SIMON PROPERTY GROUP INC NEW,6798.0
82880610,175.0,173.64999,2019-05-13,,320436.0,SPG,SIMON PROPERTY GROUP INC NEW,6798.0
82880610,176.25,174.78999,2019-05-14,,320436.0,SPG,SIMON PROPERTY GROUP INC NEW,6798.0
82880610,177.0,176.42,2019-05-15,,320436.0,SPG,SIMON PROPERTY GROUP INC NEW,6798.0
82880610,175.31,175.14,2019-05-16,,320436.0,SPG,SIMON PROPERTY GROUP INC NEW,6798.0
82880610,174.46001,173.7,2019-05-17,,320436.0,SPG,SIMON PROPERTY GROUP INC NEW,6798.0
82880610,170.56,174.28999,2019-05-20,,320436.0,SPG,SIMON PROPERTY GROUP INC NEW,6798.0
82880610,172.8,171.13,2019-05-21,,320436.0,SPG,SIMON PROPERTY GROUP INC NEW,6798.0
82880610,171.67999,172.84,2019-05-22,,320436.0,SPG,SIMON PROPERTY GROUP INC NEW,6798.0
82880610,171.48,170.83,2019-05-23,,320436.0,SPG,SIMON PROPERTY GROUP INC NEW,6798.0
82880610,171.33,172.05,2019-05-24,,320436.0,SPG,SIMON PROPERTY GROUP INC NEW,6798.0
82880610,168.09,171.10001,2019-05-28,,320436.0,SPG,SIMON PROPERTY GROUP INC NEW,6798.0
82880610,163.96001,168.69,2019-05-29,,320436.0,SPG,SIMON PROPERTY GROUP INC NEW,6798.0
82880610,163.05,163.96001,2019-05-30,,320436.0,SPG,SIMON PROPERTY GROUP INC NEW,6798.0
82880610,162.09,162.00999,2019-05-31,,308986.0,SPG,SIMON PROPERTY GROUP INC NEW,6798.0
82880610,161.67,162.13,2019-06-03,,308986.0,SPG,SIMON PROPERTY GROUP INC NEW,6798.0
82880610,162.11,161.67,2019-06-04,,308986.0,SPG,SIMON PROPERTY GROUP INC NEW,6798.0
82880610,164.95,163.45,2019-06-05,,308986.0,SPG,SIMON PROPERTY GROUP INC NEW,6798.0
82880610,163.63,164.88,2019-06-06,,308986.0,SPG,SIMON PROPERTY GROUP INC NEW,6798.0
82880610,163.39,164.89,2019-06-07,,308986.0,SPG,SIMON PROPERTY GROUP INC NEW,6798.0
82880610,161.39,163.86,2019-06-10,,308986.0,SPG,SIMON PROPERTY GROUP INC NEW,6798.0
82880610,162.67,162.10001,2019-06-11,,308986.0,SPG,SIMON PROPERTY GROUP INC NEW,6798.0
82880610,162.55,163.28999,2019-06-12,,308986.0,SPG,SIMON PROPERTY GROUP INC NEW,6798.0
82880610,163.82001,162.66,2019-06-13,,308986.0,SPG,SIMON PROPERTY GROUP INC NEW,6798.0
82880610,162.92,163.96001,2019-06-14,,308986.0,SPG,SIMON PROPERTY GROUP INC NEW,6798.0
82880610,166.53999,163.3,2019-06-17,,308986.0,SPG,SIMON PROPERTY GROUP INC NEW,6798.0
82880610,166.13,167.72,2019-06-18,,308986.0,SPG,SIMON PROPERTY GROUP INC NEW,6798.0
82880610,165.27,165.74001,2019-06-19,,308986.0,SPG,SIMON PROPERTY GROUP INC NEW,6798.0
82880610,164.85001,165.42999,2019-06-20,,308986.0,SPG,SIMON PROPERTY GROUP INC NEW,6798.0
82880610,164.09,164.81,2019-06-21,,308986.0,SPG,SIMON PROPERTY GROUP INC NEW,6798.0
82880610,162.03,164.41,2019-06-24,,308986.0,SPG,SIMON PROPERTY GROUP INC NEW,6798.0
82880610,161.49001,162.38,2019-06-25,,308986.0,SPG,SIMON PROPERTY GROUP INC NEW,6798.0
82880610,159.27,161.5,2019-06-26,,308986.0,SPG,SIMON PROPERTY GROUP INC NEW,6798.0
82880610,159.92999,159.7,2019-06-27,,308986.0,SPG,SIMON PROPERTY GROUP INC NEW,6798.0
82880610,159.75999,160.32001,2019-06-28,,308986.0,SPG,SIMON PROPERTY GROUP INC NEW,6798.0
82880610,158.64,160.67999,2019-07-01,,308986.0,SPG,SIMON PROPERTY GROUP INC NEW,6798.0
82880610,161.95,159.42,2019-07-02,,308986.0,SPG,SIMON PROPERTY GROUP INC NEW,6798.0
82880610,165.03,162.58,2019-07-03,,308986.0,SPG,SIMON PROPERTY GROUP INC NEW,6798.0
82880610,162.96001,163.78,2019-07-05,,308986.0,SPG,SIMON PROPERTY GROUP INC NEW,6798.0
82880610,164.28,163.0,2019-07-08,,308986.0,SPG,SIMON PROPERTY GROUP INC NEW,6798.0
82880610,164.53,163.98,2019-07-09,,308986.0,SPG,SIMON PROPERTY GROUP INC NEW,6798.0
82880610,163.88,165.19,2019-07-10,,308986.0,SPG,SIMON PROPERTY GROUP INC NEW,6798.0
82880610,162.55,163.78999,2019-07-11,,308986.0,SPG,SIMON PROPERTY GROUP INC NEW,6798.0
82880610,162.25999,162.81,2019-07-12,,308986.0,SPG,SIMON PROPERTY GROUP INC NEW,6798.0
82880610,162.60001,162.55,2019-07-15,,308986.0,SPG,SIMON PROPERTY GROUP INC NEW,6798.0
82880610,162.02,162.3,2019-07-16,,308986.0,SPG,SIMON PROPERTY GROUP INC NEW,6798.0
82880610,160.14,162.67999,2019-07-17,,308986.0,SPG,SIMON PROPERTY GROUP INC NEW,6798.0
82880610,159.39,160.36,2019-07-18,,308986.0,SPG,SIMON PROPERTY GROUP INC NEW,6798.0
82880610,156.44,159.47,2019-07-19,,308986.0,SPG,SIMON PROPERTY GROUP INC NEW,6798.0
82880610,155.13,156.45,2019-07-22,,308986.0,SPG,SIMON PROPERTY GROUP INC NEW,6798.0
82880610,158.25,155.52,2019-07-23,,308986.0,SPG,SIMON PROPERTY GROUP INC NEW,6798.0
82880610,159.17,158.92,2019-07-24,,308986.0,SPG,SIMON PROPERTY GROUP INC NEW,6798.0
82880610,158.32001,158.92,2019-07-25,,308986.0,SPG,SIMON PROPERTY GROUP INC NEW,6798.0
82880610,158.33,158.84,2019-07-26,,308986.0,SPG,SIMON PROPERTY GROUP INC NEW,6798.0
82880610,159.64,158.78,2019-07-29,,308986.0,SPG,SIMON PROPERTY GROUP INC NEW,6798.0
82880610,160.21001,159.48,2019-07-30,,308986.0,SPG,SIMON PROPERTY GROUP INC NEW,6798.0
82880610,162.2,162.5,2019-07-31,,320435.0,SPG,SIMON PROPERTY GROUP INC NEW,6798.0
82880610,157.48,161.00999,2019-08-01,,320435.0,SPG,SIMON PROPERTY GROUP INC NEW,6798.0
82880610,159.25,157.39,2019-08-02,,320435.0,SPG,SIMON PROPERTY GROUP INC NEW,6798.0
82880610,154.75,158.0,2019-08-05,,320435.0,SPG,SIMON PROPERTY GROUP INC NEW,6798.0
82880610,153.46001,155.05,2019-08-06,,320435.0,SPG,SIMON PROPERTY GROUP INC NEW,6798.0
82880610,153.52,153.0,2019-08-07,,320435.0,SPG,SIMON PROPERTY GROUP INC NEW,6798.0
82880610,155.14999,153.75,2019-08-08,,320435.0,SPG,SIMON PROPERTY GROUP INC NEW,6798.0
82880610,154.95,154.95,2019-08-09,,320435.0,SPG,SIMON PROPERTY GROUP INC NEW,6798.0
82880610,153.03999,154.56,2019-08-12,,320435.0,SPG,SIMON PROPERTY GROUP INC NEW,6798.0
82880610,155.36,153.07001,2019-08-13,,320435.0,SPG,SIMON PROPERTY GROUP INC NEW,6798.0
82880610,152.12,153.95,2019-08-14,,320435.0,SPG,SIMON PROPERTY GROUP INC NEW,6798.0
82880610,147.89,150.02,2019-08-15,,320435.0,SPG,SIMON PROPERTY GROUP INC NEW,6798.0
82880610,148.61,148.3,2019-08-16,,320435.0,SPG,SIMON PROPERTY GROUP INC NEW,6798.0
82880610,149.96001,149.10001,2019-08-19,,320435.0,SPG,SIMON PROPERTY GROUP INC NEW,6798.0
82880610,147.52,150.00999,2019-08-20,,320435.0,SPG,SIMON PROPERTY GROUP INC NEW,6798.0
82880610,147.38,149.02,2019-08-21,,320435.0,SPG,SIMON PROPERTY GROUP INC NEW,6798.0
82880610,148.7,147.5,2019-08-22,,320435.0,SPG,SIMON PROPERTY GROUP INC NEW,6798.0
82880610,146.03,148.24001,2019-08-23,,320435.0,SPG,SIMON PROPERTY GROUP INC NEW,6798.0
82880610,146.98,147.0,2019-08-26,,320435.0,SPG,SIMON PROPERTY GROUP INC NEW,6798.0
82880610,145.47,147.98,2019-08-27,,320435.0,SPG,SIMON PROPERTY GROUP INC NEW,6798.0
82880610,146.53999,145.60001,2019-08-28,,320435.0,SPG,SIMON PROPERTY GROUP INC NEW,6798.0
82880610,148.22,147.0,2019-08-29,,320435.0,SPG,SIMON PROPERTY GROUP INC NEW,6798.0
82880610,148.94,148.88,2019-08-30,,308014.0,SPG,SIMON PROPERTY GROUP INC NEW,6798.0
82880610,149.50999,148.39999,2019-09-03,,308014.0,SPG,SIMON PROPERTY GROUP INC NEW,6798.0
82880610,150.14999,150.21001,2019-09-04,,308014.0,SPG,SIMON PROPERTY GROUP INC NEW,6798.0
82880610,150.06,149.66,2019-09-05,,308014.0,SPG,SIMON PROPERTY GROUP INC NEW,6798.0
82880610,151.25,150.16,2019-09-06,,308014.0,SPG,SIMON PROPERTY GROUP INC NEW,6798.0
82880610,158.21001,151.60001,2019-09-09,,308014.0,SPG,SIMON PROPERTY GROUP INC NEW,6798.0
82880610,161.22,157.98,2019-09-10,,308014.0,SPG,SIMON PROPERTY GROUP INC NEW,6798.0
82880610,157.87,159.27,2019-09-11,,308014.0,SPG,SIMON PROPERTY GROUP INC NEW,6798.0
82880610,155.27,158.25,2019-09-12,,308014.0,SPG,SIMON PROPERTY GROUP INC NEW,6798.0
82880610,153.92999,156.21001,2019-09-13,,308014.0,SPG,SIMON PROPERTY GROUP INC NEW,6798.0
82880610,154.39,153.59,2019-09-16,,308014.0,SPG,SIMON PROPERTY GROUP INC NEW,6798.0
82880610,154.17,154.67999,2019-09-17,,308014.0,SPG,SIMON PROPERTY GROUP INC NEW,6798.0
82880610,155.82001,155.0,2019-09-18,,308014.0,SPG,SIMON PROPERTY GROUP INC NEW,6798.0
82880610,154.62,156.07001,2019-09-19,,308014.0,SPG,SIMON PROPERTY GROUP INC NEW,6798.0
82880610,155.03999,155.58,2019-09-20,,308014.0,SPG,SIMON PROPERTY GROUP INC NEW,6798.0
82880610,154.95,152.42,2019-09-23,,308014.0,SPG,SIMON PROPERTY GROUP INC NEW,6798.0
82880610,154.0,154.77,2019-09-24,,308014.0,SPG,SIMON PROPERTY GROUP INC NEW,6798.0
82880610,153.75999,154.39999,2019-09-25,,308014.0,SPG,SIMON PROPERTY GROUP INC NEW,6798.0
82880610,155.62,154.32001,2019-09-26,,308014.0,SPG,SIMON PROPERTY GROUP INC NEW,6798.0
82880610,157.96001,155.97,2019-09-27,,308014.0,SPG,SIMON PROPERTY GROUP INC NEW,6798.0
82880610,155.64999,157.67999,2019-09-30,,308014.0,SPG,SIMON PROPERTY GROUP INC NEW,6798.0
82880610,152.36,155.91,2019-10-01,,308014.0,SPG,SIMON PROPERTY GROUP INC NEW,6798.0
82880610,149.17,152.28,2019-10-02,,308014.0,SPG,SIMON PROPERTY GROUP INC NEW,6798.0
82880610,147.5,149.25,2019-10-03,,308014.0,SPG,SIMON PROPERTY GROUP INC NEW,6798.0
82880610,148.0,148.03999,2019-10-04,,308014.0,SPG,SIMON PROPERTY GROUP INC NEW,6798.0
82880610,148.22,148.00999,2019-10-07,,308014.0,SPG,SIMON PROPERTY GROUP INC NEW,6798.0
82880610,145.87,147.81,2019-10-08,,308014.0,SPG,SIMON PROPERTY GROUP INC NEW,6798.0
82880610,145.98,146.7,2019-10-09,,308014.0,SPG,SIMON PROPERTY GROUP INC NEW,6798.0
82880610,147.19,146.2,2019-10-10,,308014.0,SPG,SIMON PROPERTY GROUP INC NEW,6798.0
82880610,148.60001,147.71001,2019-10-11,,308014.0,SPG,SIMON PROPERTY GROUP INC NEW,6798.0
82880610,148.64999,148.35001,2019-10-14,,308014.0,SPG,SIMON PROPERTY GROUP INC NEW,6798.0
82880610,148.89,148.57001,2019-10-15,,308014.0,SPG,SIMON PROPERTY GROUP INC NEW,6798.0
82880610,148.72,148.8,2019-10-16,,308014.0,SPG,SIMON PROPERTY GROUP INC NEW,6798.0
82880610,148.81,148.62,2019-10-17,,308014.0,SPG,SIMON PROPERTY GROUP INC NEW,6798.0
82880610,149.92,148.89999,2019-10-18,,308014.0,SPG,SIMON PROPERTY GROUP INC NEW,6798.0
82880610,153.17,150.32001,2019-10-21,,308014.0,SPG,SIMON PROPERTY GROUP INC NEW,6798.0
82880610,154.50999,153.17,2019-10-22,,308014.0,SPG,SIMON PROPERTY GROUP INC NEW,6798.0
82880610,154.69,155.0,2019-10-23,,308014.0,SPG,SIMON PROPERTY GROUP INC NEW,6798.0
82880610,154.44,154.69,2019-10-24,,308014.0,SPG,SIMON PROPERTY GROUP INC NEW,6798.0
82880610,155.56,154.41,2019-10-25,,308014.0,SPG,SIMON PROPERTY GROUP INC NEW,6798.0
82880610,153.84,155.13,2019-10-28,,308014.0,SPG,SIMON PROPERTY GROUP INC NEW,6798.0
82880610,152.87,153.62,2019-10-29,,308014.0,SPG,SIMON PROPERTY GROUP INC NEW,6798.0
82880610,151.17999,154.0,2019-10-30,,308014.0,SPG,SIMON PROPERTY GROUP INC NEW,6798.0
82880610,150.67999,151.58,2019-10-31,,306861.0,SPG,SIMON PROPERTY GROUP INC NEW,6798.0
82880610,154.10001,151.73,2019-11-01,,306861.0,SPG,SIMON PROPERTY GROUP INC NEW,6798.0
82880610,158.06,153.89999,2019-11-04,,306861.0,SPG,SIMON PROPERTY GROUP INC NEW,6798.0
82880610,156.41,158.0,2019-11-05,,306861.0,SPG,SIMON PROPERTY GROUP INC NEW,6798.0
82880610,155.08,156.47,2019-11-06,,306861.0,SPG,SIMON PROPERTY GROUP INC NEW,6798.0
82880610,155.97,155.53999,2019-11-07,,306861.0,SPG,SIMON PROPERTY GROUP INC NEW,6798.0
82880610,154.49001,155.09,2019-11-08,,306861.0,SPG,SIMON PROPERTY GROUP INC NEW,6798.0
82880610,155.42,154.12,2019-11-11,,306861.0,SPG,SIMON PROPERTY GROUP INC NEW,6798.0
82880610,153.60001,155.27,2019-11-12,,306861.0,SPG,SIMON PROPERTY GROUP INC NEW,6798.0
82880610,154.34,153.59,2019-11-13,,306861.0,SPG,SIMON PROPERTY GROUP INC NEW,6798.0
82880610,153.57001,152.00999,2019-11-14,,306861.0,SPG,SIMON PROPERTY GROUP INC NEW,6798.0
82880610,154.0,153.89,2019-11-15,,306861.0,SPG,SIMON PROPERTY GROUP INC NEW,6798.0
82880610,153.71001,154.13,2019-11-18,,306861.0,SPG,SIMON PROPERTY GROUP INC NEW,6798.0
82880610,150.84,153.49001,2019-11-19,,306861.0,SPG,SIMON PROPERTY GROUP INC NEW,6798.0
82880610,148.23,150.32001,2019-11-20,,306861.0,SPG,SIMON PROPERTY GROUP INC NEW,6798.0
82880610,146.50999,148.10001,2019-11-21,,306861.0,SPG,SIMON PROPERTY GROUP INC NEW,6798.0
82880610,147.7,147.08,2019-11-22,,306861.0,SPG,SIMON PROPERTY GROUP INC NEW,6798.0
82880610,149.24001,147.87,2019-11-25,,306861.0,SPG,SIMON PROPERTY GROUP INC NEW,6798.0
82880610,150.74001,149.75,2019-11-26,,306861.0,SPG,SIMON PROPERTY GROUP INC NEW,6798.0
82880610,151.22,150.74001,2019-11-27,,306861.0,SPG,SIMON PROPERTY GROUP INC NEW,6798.0
82880610,151.21001,150.81,2019-11-29,,306861.0,SPG,SIMON PROPERTY GROUP INC NEW,6798.0
82880610,148.86,151.37,2019-12-02,,306861.0,SPG,SIMON PROPERTY GROUP INC NEW,6798.0
82880610,148.12,148.47,2019-12-03,,306861.0,SPG,SIMON PROPERTY GROUP INC NEW,6798.0
82880610,149.14,147.14,2019-12-04,,306861.0,SPG,SIMON PROPERTY GROUP INC NEW,6798.0
82880610,148.5,149.09,2019-12-05,,306861.0,SPG,SIMON PROPERTY GROUP INC NEW,6798.0
82880610,148.24001,148.02,2019-12-06,,306861.0,SPG,SIMON PROPERTY GROUP INC NEW,6798.0
82880610,149.78999,148.48,2019-12-09,,306861.0,SPG,SIMON PROPERTY GROUP INC NEW,6798.0
82880610,149.03999,149.89999,2019-12-10,,306861.0,SPG,SIMON PROPERTY GROUP INC NEW,6798.0
82880610,145.39999,146.63,2019-12-11,,306861.0,SPG,SIMON PROPERTY GROUP INC NEW,6798.0
82880610,144.00999,145.58,2019-12-12,,306861.0,SPG,SIMON PROPERTY GROUP INC NEW,6798.0
82880610,144.35001,145.07001,2019-12-13,,306861.0,SPG,SIMON PROPERTY GROUP INC NEW,6798.0
82880610,145.58,145.06,2019-12-16,,306861.0,SPG,SIMON PROPERTY GROUP INC NEW,6798.0
82880610,144.66,146.00999,2019-12-17,,306861.0,SPG,SIMON PROPERTY GROUP INC NEW,6798.0
82880610,144.35001,143.75,2019-12-18,,306861.0,SPG,SIMON PROPERTY GROUP INC NEW,6798.0
82880610,145.35001,144.22,2019-12-19,,306861.0,SPG,SIMON PROPERTY GROUP INC NEW,6798.0
82880610,145.49001,146.27,2019-12-20,,306861.0,SPG,SIMON PROPERTY GROUP INC NEW,6798.0
82880610,144.97,145.62,2019-12-23,,306861.0,SPG,SIMON PROPERTY GROUP INC NEW,6798.0
82880610,145.77,145.19,2019-12-24,,306861.0,SPG,SIMON PROPERTY GROUP INC NEW,6798.0
82880610,146.62,146.02,2019-12-26,,306861.0,SPG,SIMON PROPERTY GROUP INC NEW,6798.0
82880610,147.59,147.03,2019-12-27,,306861.0,SPG,SIMON PROPERTY GROUP INC NEW,6798.0
82880610,147.59,147.60001,2019-12-30,,306861.0,SPG,SIMON PROPERTY GROUP INC NEW,6798.0
82880610,148.96001,147.31,2019-12-31,,306861.0,SPG,SIMON PROPERTY GROUP INC NEW,6798.0
82880610,145.09,149.41,2020-01-02,,306861.0,SPG,SIMON PROPERTY GROUP INC NEW,6798.0
82880610,145.35001,144.28999,2020-01-03,,306861.0,SPG,SIMON PROPERTY GROUP INC NEW,6798.0
82880610,146.11,145.09,2020-01-06,,306861.0,SPG,SIMON PROPERTY GROUP INC NEW,6798.0
82880610,144.45,144.64,2020-01-07,,306861.0,SPG,SIMON PROPERTY GROUP INC NEW,6798.0
82880610,145.39999,144.91,2020-01-08,,306861.0,SPG,SIMON PROPERTY GROUP INC NEW,6798.0
82880610,144.23,144.86,2020-01-09,,306861.0,SPG,SIMON PROPERTY GROUP INC NEW,6798.0
82880610,144.78999,144.25,2020-01-10,,306861.0,SPG,SIMON PROPERTY GROUP INC NEW,6798.0
82880610,145.28999,144.57001,2020-01-13,,306861.0,SPG,SIMON PROPERTY GROUP INC NEW,6798.0
82880610,147.13,145.50999,2020-01-14,,306861.0,SPG,SIMON PROPERTY GROUP INC NEW,6798.0
82880610,147.10001,147.05,2020-01-15,,306861.0,SPG,SIMON PROPERTY GROUP INC NEW,6798.0
82880610,148.53999,147.35001,2020-01-16,,306861.0,SPG,SIMON PROPERTY GROUP INC NEW,6798.0
82880610,147.77,148.64999,2020-01-17,,306861.0,SPG,SIMON PROPERTY GROUP INC NEW,6798.0
82880610,149.11,147.73,2020-01-21,,306861.0,SPG,SIMON PROPERTY GROUP INC NEW,6798.0
82880610,146.00999,149.3,2020-01-22,,306861.0,SPG,SIMON PROPERTY GROUP INC NEW,6798.0
82880610,147.25,145.89999,2020-01-23,,306861.0,SPG,SIMON PROPERTY GROUP INC NEW,6798.0
82880610,144.82001,147.21001,2020-01-24,,306861.0,SPG,SIMON PROPERTY GROUP INC NEW,6798.0
82880610,141.63,143.75,2020-01-27,,306861.0,SPG,SIMON PROPERTY GROUP INC NEW,6798.0
82880610,139.99001,141.83,2020-01-28,,306861.0,SPG,SIMON PROPERTY GROUP INC NEW,6798.0
82880610,140.03,140.28,2020-01-29,,306861.0,SPG,SIMON PROPERTY GROUP INC NEW,6798.0
82880610,136.45,139.03,2020-01-30,,306861.0,SPG,SIMON PROPERTY GROUP INC NEW,6798.0
82880610,133.14999,136.0,2020-01-31,,306861.0,SPG,SIMON PROPERTY GROUP INC NEW,6798.0
82880610,132.8,133.38,2020-02-03,,306861.0,SPG,SIMON PROPERTY GROUP INC NEW,6798.0
82880610,137.28999,131.58,2020-02-04,,306861.0,SPG,SIMON PROPERTY GROUP INC NEW,6798.0
82880610,140.47,137.27,2020-02-05,,306861.0,SPG,SIMON PROPERTY GROUP INC NEW,6798.0
82880610,140.86,141.78,2020-02-06,,306861.0,SPG,SIMON PROPERTY GROUP INC NEW,6798.0
82880610,141.02,140.32001,2020-02-07,,306861.0,SPG,SIMON PROPERTY GROUP INC NEW,6798.0
82880610,143.06,142.11,2020-02-10,,306861.0,SPG,SIMON PROPERTY GROUP INC NEW,6798.0
82880610,142.08,143.5,2020-02-11,,306861.0,SPG,SIMON PROPERTY GROUP INC NEW,6798.0
82880610,139.17,141.99001,2020-02-12,,306861.0,SPG,SIMON PROPERTY GROUP INC NEW,6798.0
82880610,138.66,136.92999,2020-02-13,,306861.0,SPG,SIMON PROPERTY GROUP INC NEW,6798.0
82880610,138.92,138.86,2020-02-14,,306861.0,SPG,SIMON PROPERTY GROUP INC NEW,6798.0
82880610,139.17,138.96001,2020-02-18,,306861.0,SPG,SIMON PROPERTY GROUP INC NEW,6798.0
82880610,137.00999,138.87,2020-02-19,,306861.0,SPG,SIMON PROPERTY GROUP INC NEW,6798.0
82880610,140.53,137.02,2020-02-20,,306861.0,SPG,SIMON PROPERTY GROUP INC NEW,6798.0
82880610,142.25,139.85001,2020-02-21,,306861.0,SPG,SIMON PROPERTY GROUP INC NEW,6798.0
82880610,140.78,140.39,2020-02-24,,306861.0,SPG,SIMON PROPERTY GROUP INC NEW,6798.0
82880610,135.28,140.78,2020-02-25,,306861.0,SPG,SIMON PROPERTY GROUP INC NEW,6798.0
82880610,132.23,136.34,2020-02-26,,306861.0,SPG,SIMON PROPERTY GROUP INC NEW,6798.0
82880610,125.8,130.03999,2020-02-27,,306861.0,SPG,SIMON PROPERTY GROUP INC NEW,6798.0
82880610,123.08,123.82,2020-02-28,,306861.0,SPG,SIMON PROPERTY GROUP INC NEW,6798.0
82880610,127.22,123.45,2020-03-02,,306861.0,SPG,SIMON PROPERTY GROUP INC NEW,6798.0
82880610,122.47,127.08,2020-03-03,,306861.0,SPG,SIMON PROPERTY GROUP INC NEW,6798.0
82880610,123.49,123.32,2020-03-04,,306861.0,SPG,SIMON PROPERTY GROUP INC NEW,6798.0
82880610,119.9,121.4,2020-03-05,,306861.0,SPG,SIMON PROPERTY GROUP INC NEW,6798.0
82880610,119.06,116.96,2020-03-06,,306861.0,SPG,SIMON PROPERTY GROUP INC NEW,6798.0
82880610,103.04,112.5,2020-03-09,,306861.0,SPG,SIMON PROPERTY GROUP INC NEW,6798.0
82880610,111.44,107.0,2020-03-10,,306861.0,SPG,SIMON PROPERTY GROUP INC NEW,6798.0
82880610,101.5,108.68,2020-03-11,,306861.0,SPG,SIMON PROPERTY GROUP INC NEW,6798.0
82880610,83.49,92.52,2020-03-12,,306861.0,SPG,SIMON PROPERTY GROUP INC NEW,6798.0
82880610,89.77,88.85,2020-03-13,,306861.0,SPG,SIMON PROPERTY GROUP INC NEW,6798.0
82880610,65.79,78.88,2020-03-16,,306861.0,SPG,SIMON PROPERTY GROUP INC NEW,6798.0
82880610,58.86,66.55,2020-03-17,,306861.0,SPG,SIMON PROPERTY GROUP INC NEW,6798.0
82880610,44.92,54.5,2020-03-18,,306861.0,SPG,SIMON PROPERTY GROUP INC NEW,6798.0
82880610,55.74,46.31,2020-03-19,,306861.0,SPG,SIMON PROPERTY GROUP INC NEW,6798.0
82880610,48.14,58.97,2020-03-20,,306861.0,SPG,SIMON PROPERTY GROUP INC NEW,6798.0
82880610,50.16,48.5,2020-03-23,,306861.0,SPG,SIMON PROPERTY GROUP INC NEW,6798.0
82880610,54.73,54.45,2020-03-24,,306861.0,SPG,SIMON PROPERTY GROUP INC NEW,6798.0
82880610,62.34,55.72,2020-03-25,,306861.0,SPG,SIMON PROPERTY GROUP INC NEW,6798.0
82880610,62.1,62.69,2020-03-26,,306861.0,SPG,SIMON PROPERTY GROUP INC NEW,6798.0
82880610,58.17,60.42,2020-03-27,,306861.0,SPG,SIMON PROPERTY GROUP INC NEW,6798.0
82880610,56.27,57.57,2020-03-30,,306861.0,SPG,SIMON PROPERTY GROUP INC NEW,6798.0
82880610,54.86,56.61,2020-03-31,,306861.0,SPG,SIMON PROPERTY GROUP INC NEW,6798.0
82880610,47.04,50.75,2020-04-01,,306861.0,SPG,SIMON PROPERTY GROUP INC NEW,6798.0
82880610,44.01,46.12,2020-04-02,,306861.0,SPG,SIMON PROPERTY GROUP INC NEW,6798.0
82880610,46.72,44.21,2020-04-03,,306861.0,SPG,SIMON PROPERTY GROUP INC NEW,6798.0
82880610,54.06,50.6,2020-04-06,,306861.0,SPG,SIMON PROPERTY GROUP INC NEW,6798.0
82880610,60.88,59.0,2020-04-07,,306861.0,SPG,SIMON PROPERTY GROUP INC NEW,6798.0
82880610,62.91,62.0,2020-04-08,,306861.0,SPG,SIMON PROPERTY GROUP INC NEW,6798.0
82880610,68.17,66.0,2020-04-09,,306861.0,SPG,SIMON PROPERTY GROUP INC NEW,6798.0
82880610,65.3,68.6,2020-04-13,,306861.0,SPG,SIMON PROPERTY GROUP INC NEW,6798.0
82880610,67.75,66.11,2020-04-14,,306861.0,SPG,SIMON PROPERTY GROUP INC NEW,6798.0
82880610,61.22,63.8,2020-04-15,,306861.0,SPG,SIMON PROPERTY GROUP INC NEW,6798.0
82880610,53.1,62.01,2020-04-16,,306861.0,SPG,SIMON PROPERTY GROUP INC NEW,6798.0
82880610,56.12,58.36,2020-04-17,,306861.0,SPG,SIMON PROPERTY GROUP INC NEW,6798.0
82880610,53.83,54.04,2020-04-20,,306861.0,SPG,SIMON PROPERTY GROUP INC NEW,6798.0
82880610,53.56,52.23,2020-04-21,,306861.0,SPG,SIMON PROPERTY GROUP INC NEW,6798.0
82880610,52.46,54.89,2020-04-22,,306861.0,SPG,SIMON PROPERTY GROUP INC NEW,6798.0
82880610,53.15,52.63,2020-04-23,,306861.0,SPG,SIMON PROPERTY GROUP INC NEW,6798.0
82880610,51.49,53.38,2020-04-24,,306861.0,SPG,SIMON PROPERTY GROUP INC NEW,6798.0
82880610,57.19,52.25,2020-04-27,,306861.0,SPG,SIMON PROPERTY GROUP INC NEW,6798.0
82880610,63.33,60.78,2020-04-28,,306861.0,SPG,SIMON PROPERTY GROUP INC NEW,6798.0
82880610,68.8,66.37,2020-04-29,,306861.0,SPG,SIMON PROPERTY GROUP INC NEW,6798.0
82880610,66.77,66.42,2020-04-30,,305614.0,SPG,SIMON PROPERTY GROUP INC NEW,6798.0
82880610,63.2,63.5,2020-05-01,,305614.0,SPG,SIMON PROPERTY GROUP INC NEW,6798.0
82880610,63.01,60.4,2020-05-04,,305614.0,SPG,SIMON PROPERTY GROUP INC NEW,6798.0
82880610,60.55,64.94,2020-05-05,,305614.0,SPG,SIMON PROPERTY GROUP INC NEW,6798.0
82880610,55.74,60.69,2020-05-06,,305614.0,SPG,SIMON PROPERTY GROUP INC NEW,6798.0
82880610,57.0,55.91,2020-05-07,,305614.0,SPG,SIMON PROPERTY GROUP INC NEW,6798.0
82880610,58.02,58.64,2020-05-08,,305614.0,SPG,SIMON PROPERTY GROUP INC NEW,6798.0
82880610,55.08,57.6,2020-05-11,,305614.0,SPG,SIMON PROPERTY GROUP INC NEW,6798.0
82880610,54.54,60.34,2020-05-12,,305614.0,SPG,SIMON PROPERTY GROUP INC NEW,6798.0
82880610,51.17,53.2,2020-05-13,,305614.0,SPG,SIMON PROPERTY GROUP INC NEW,6798.0
82880610,51.55,50.0,2020-05-14,,305614.0,SPG,SIMON PROPERTY GROUP INC NEW,6798.0
82880610,51.32,50.45,2020-05-15,,305614.0,SPG,SIMON PROPERTY GROUP INC NEW,6798.0
82880610,56.91,54.85,2020-05-18,,305614.0,SPG,SIMON PROPERTY GROUP INC NEW,6798.0
82880610,56.87,57.26,2020-05-19,,305614.0,SPG,SIMON PROPERTY GROUP INC NEW,6798.0
82880610,55.67,58.59,2020-05-20,,305614.0,SPG,SIMON PROPERTY GROUP INC NEW,6798.0
82880610,56.0,55.56,2020-05-21,,305614.0,SPG,SIMON PROPERTY GROUP INC NEW,6798.0
82880610,54.59,56.23,2020-05-22,,305614.0,SPG,SIMON PROPERTY GROUP INC NEW,6798.0
82880610,59.25,58.0,2020-05-26,,305614.0,SPG,SIMON PROPERTY GROUP INC NEW,6798.0
82880610,63.19,62.55,2020-05-27,,305614.0,SPG,SIMON PROPERTY GROUP INC NEW,6798.0
82880610,59.75,63.65,2020-05-28,,305614.0,SPG,SIMON PROPERTY GROUP INC NEW,6798.0
82880610,57.7,57.68,2020-05-29,,305747.0,SPG,SIMON PROPERTY GROUP INC NEW,6798.0
82880610,61.6,57.31,2020-06-01,,305747.0,SPG,SIMON PROPERTY GROUP INC NEW,6798.0
82880610,63.45,62.99,2020-06-02,,305747.0,SPG,SIMON PROPERTY GROUP INC NEW,6798.0
82880610,72.88,65.7,2020-06-03,,305747.0,SPG,SIMON PROPERTY GROUP INC NEW,6798.0
82880610,76.73,75.12,2020-06-04,,305747.0,SPG,SIMON PROPERTY GROUP INC NEW,6798.0
82880610,88.6,83.39,2020-06-05,,305747.0,SPG,SIMON PROPERTY GROUP INC NEW,6798.0
82880610,95.5,94.88,2020-06-08,,305747.0,SPG,SIMON PROPERTY GROUP INC NEW,6798.0
82880610,86.47,88.0,2020-06-09,,305747.0,SPG,SIMON PROPERTY GROUP INC NEW,6798.0
82880610,83.01,87.56,2020-06-10,,305747.0,SPG,SIMON PROPERTY GROUP INC NEW,6798.0
82880610,71.92,71.69,2020-06-11,,305747.0,SPG,SIMON PROPERTY GROUP INC NEW,6798.0
82880610,75.98,77.75,2020-06-12,,305747.0,SPG,SIMON PROPERTY GROUP INC NEW,6798.0
82880610,74.39,71.87,2020-06-15,,305747.0,SPG,SIMON PROPERTY GROUP INC NEW,6798.0
82880610,75.52,80.95,2020-06-16,,305747.0,SPG,SIMON PROPERTY GROUP INC NEW,6798.0
82880610,71.67,75.31,2020-06-17,,305747.0,SPG,SIMON PROPERTY GROUP INC NEW,6798.0
82880610,70.96,70.01,2020-06-18,,305747.0,SPG,SIMON PROPERTY GROUP INC NEW,6798.0
82880610,67.12,72.5,2020-06-19,,305747.0,SPG,SIMON PROPERTY GROUP INC NEW,6798.0
82880610,68.55,66.35,2020-06-22,,305747.0,SPG,SIMON PROPERTY GROUP INC NEW,6798.0
82880610,70.13,69.39,2020-06-23,,305747.0,SPG,SIMON PROPERTY GROUP INC NEW,6798.0
82880610,65.11,67.93,2020-06-24,,305747.0,SPG,SIMON PROPERTY GROUP INC NEW,6798.0
82880610,64.94,63.29,2020-06-25,,305747.0,SPG,SIMON PROPERTY GROUP INC NEW,6798.0
82880610,61.9,63.84,2020-06-26,,305747.0,SPG,SIMON PROPERTY GROUP INC NEW,6798.0
82880610,68.13,62.64,2020-06-29,,305747.0,SPG,SIMON PROPERTY GROUP INC NEW,6798.0
82880610,68.38,71.36,2020-06-30,,305747.0,SPG,SIMON PROPERTY GROUP INC NEW,6798.0
82880610,69.81,69.8,2020-07-01,,305747.0,SPG,SIMON PROPERTY GROUP INC NEW,6798.0
82880610,68.81,71.81,2020-07-02,,305747.0,SPG,SIMON PROPERTY GROUP INC NEW,6798.0
82880610,68.93,69.72,2020-07-06,,305747.0,SPG,SIMON PROPERTY GROUP INC NEW,6798.0
82880610,65.93,67.5,2020-07-07,,305747.0,SPG,SIMON PROPERTY GROUP INC NEW,6798.0
82880610,65.71,66.0,2020-07-08,,305747.0,SPG,SIMON PROPERTY GROUP INC NEW,6798.0
82880610,61.02,64.25,2020-07-09,,305747.0,SPG,SIMON PROPERTY GROUP INC NEW,6798.0
82880610,63.98,60.5,2020-07-10,,305747.0,SPG,SIMON PROPERTY GROUP INC NEW,6798.0
82880610,63.69,64.78,2020-07-13,,305747.0,SPG,SIMON PROPERTY GROUP INC NEW,6798.0
82880610,61.93,63.08,2020-07-14,,305747.0,SPG,SIMON PROPERTY GROUP INC NEW,6798.0
82880610,66.59,64.54,2020-07-15,,305747.0,SPG,SIMON PROPERTY GROUP INC NEW,6798.0
82880610,62.9,65.0,2020-07-16,,305747.0,SPG,SIMON PROPERTY GROUP INC NEW,6798.0
82880610,62.4,62.79,2020-07-17,,305747.0,SPG,SIMON PROPERTY GROUP INC NEW,6798.0
82880610,60.42,62.15,2020-07-20,,305747.0,SPG,SIMON PROPERTY GROUP INC NEW,6798.0
82880610,60.95,60.98,2020-07-21,,305747.0,SPG,SIMON PROPERTY GROUP INC NEW,6798.0
82880610,62.03,61.06,2020-07-22,,305747.0,SPG,SIMON PROPERTY GROUP INC NEW,6798.0
82880610,61.8,61.02,2020-07-23,,305747.0,SPG,SIMON PROPERTY GROUP INC NEW,6798.0
82880610,60.57,61.6,2020-07-24,,305747.0,SPG,SIMON PROPERTY GROUP INC NEW,6798.0
82880610,61.96,60.47,2020-07-27,,305747.0,SPG,SIMON PROPERTY GROUP INC NEW,6798.0
82880610,64.14,61.57,2020-07-28,,305747.0,SPG,SIMON PROPERTY GROUP INC NEW,6798.0
82880610,65.59,64.59,2020-07-29,,305747.0,SPG,SIMON PROPERTY GROUP INC NEW,6798.0
82880610,63.62,63.5,2020-07-30,,305747.0,SPG,SIMON PROPERTY GROUP INC NEW,6798.0
82880610,62.35,63.31,2020-07-31,,305747.0,SPG,SIMON PROPERTY GROUP INC NEW,6798.0
82880610,61.03,61.21,2020-08-03,,305747.0,SPG,SIMON PROPERTY GROUP INC NEW,6798.0
82880610,62.99,61.23,2020-08-04,,305747.0,SPG,SIMON PROPERTY GROUP INC NEW,6798.0
82880610,62.5,63.87,2020-08-05,,305747.0,SPG,SIMON PROPERTY GROUP INC NEW,6798.0
82880610,61.2,62.71,2020-08-06,,305747.0,SPG,SIMON PROPERTY GROUP INC NEW,6798.0
82880610,62.19,61.18,2020-08-07,,305747.0,SPG,SIMON PROPERTY GROUP INC NEW,6798.0
82880610,65.47,65.22,2020-08-10,,305747.0,SPG,SIMON PROPERTY GROUP INC NEW,6798.0
82880610,67.15,68.16,2020-08-11,,305747.0,SPG,SIMON PROPERTY GROUP INC NEW,6798.0
82880610,67.83,67.8,2020-08-12,,305747.0,SPG,SIMON PROPERTY GROUP INC NEW,6798.0
82880610,66.02,67.17,2020-08-13,,305747.0,SPG,SIMON PROPERTY GROUP INC NEW,6798.0
82880610,68.18,65.38,2020-08-14,,305747.0,SPG,SIMON PROPERTY GROUP INC NEW,6798.0
82880610,68.18,68.35,2020-08-17,,305747.0,SPG,SIMON PROPERTY GROUP INC NEW,6798.0
82880610,65.13,67.37,2020-08-18,,305747.0,SPG,SIMON PROPERTY GROUP INC NEW,6798.0
82880610,63.88,65.12,2020-08-19,,305747.0,SPG,SIMON PROPERTY GROUP INC NEW,6798.0
82880610,64.87,63.33,2020-08-20,,305747.0,SPG,SIMON PROPERTY GROUP INC NEW,6798.0
82880610,64.52,64.8,2020-08-21,,305747.0,SPG,SIMON PROPERTY GROUP INC NEW,6798.0
82880610,68.5,65.05,2020-08-24,,305747.0,SPG,SIMON PROPERTY GROUP INC NEW,6798.0
82880610,68.65,69.36,2020-08-25,,305747.0,SPG,SIMON PROPERTY GROUP INC NEW,6798.0
82880610,66.31,68.48,2020-08-26,,305747.0,SPG,SIMON PROPERTY GROUP INC NEW,6798.0
82880610,67.57,66.62,2020-08-27,,305747.0,SPG,SIMON PROPERTY GROUP INC NEW,6798.0
82880610,69.84,68.1,2020-08-28,,305747.0,SPG,SIMON PROPERTY GROUP INC NEW,6798.0
82880610,67.85,69.81,2020-08-31,,305887.0,SPG,SIMON PROPERTY GROUP INC NEW,6798.0
82880610,67.2,66.65,2020-09-01,,305887.0,SPG,SIMON PROPERTY GROUP INC NEW,6798.0
82880610,67.84,66.64,2020-09-02,,305887.0,SPG,SIMON PROPERTY GROUP INC NEW,6798.0
82880610,68.0,68.5,2020-09-03,,305887.0,SPG,SIMON PROPERTY GROUP INC NEW,6798.0
82880610,70.24,69.5,2020-09-04,,305887.0,SPG,SIMON PROPERTY GROUP INC NEW,6798.0
82880610,70.05,69.46,2020-09-08,,305887.0,SPG,SIMON PROPERTY GROUP INC NEW,6798.0
82880610,68.86,69.94,2020-09-09,,305887.0,SPG,SIMON PROPERTY GROUP INC NEW,6798.0
82880610,66.19,68.59,2020-09-10,,305887.0,SPG,SIMON PROPERTY GROUP INC NEW,6798.0
82880610,64.15,66.44,2020-09-11,,305887.0,SPG,SIMON PROPERTY GROUP INC NEW,6798.0
82880610,67.8,65.0,2020-09-14,,305887.0,SPG,SIMON PROPERTY GROUP INC NEW,6798.0
82880610,71.07,68.03,2020-09-15,,305887.0,SPG,SIMON PROPERTY GROUP INC NEW,6798.0
82880610,74.12,71.03,2020-09-16,,305887.0,SPG,SIMON PROPERTY GROUP INC NEW,6798.0
82880610,71.88,71.47,2020-09-17,,305887.0,SPG,SIMON PROPERTY GROUP INC NEW,6798.0
82880610,69.83,71.44,2020-09-18,,305887.0,SPG,SIMON PROPERTY GROUP INC NEW,6798.0
82880610,64.87,67.07,2020-09-21,,305887.0,SPG,SIMON PROPERTY GROUP INC NEW,6798.0
82880610,65.11,65.02,2020-09-22,,305887.0,SPG,SIMON PROPERTY GROUP INC NEW,6798.0
82880610,62.89,65.58,2020-09-23,,305887.0,SPG,SIMON PROPERTY GROUP INC NEW,6798.0
82880610,62.83,62.05,2020-09-24,,305887.0,SPG,SIMON PROPERTY GROUP INC NEW,6798.0
82880610,63.58,62.0,2020-09-25,,305887.0,SPG,SIMON PROPERTY GROUP INC NEW,6798.0
82880610,65.79,65.8,2020-09-28,,305887.0,SPG,SIMON PROPERTY GROUP INC NEW,6798.0
82880610,63.99,65.33,2020-09-29,,305887.0,SPG,SIMON PROPERTY GROUP INC NEW,6798.0
82880610,64.68,64.15,2020-09-30,,305887.0,SPG,SIMON PROPERTY GROUP INC NEW,6798.0
82880610,66.53,64.84,2020-10-01,,305887.0,SPG,SIMON PROPERTY GROUP INC NEW,6798.0
82880610,68.2,64.13,2020-10-02,,305887.0,SPG,SIMON PROPERTY GROUP INC NEW,6798.0
82880610,68.76,68.71,2020-10-05,,305887.0,SPG,SIMON PROPERTY GROUP INC NEW,6798.0
82880610,69.98,69.75,2020-10-06,,305887.0,SPG,SIMON PROPERTY GROUP INC NEW,6798.0
82880610,71.03,70.32,2020-10-07,,305887.0,SPG,SIMON PROPERTY GROUP INC NEW,6798.0
82880610,70.07,70.83,2020-10-08,,305887.0,SPG,SIMON PROPERTY GROUP INC NEW,6798.0
82880610,67.72,70.14,2020-10-09,,305887.0,SPG,SIMON PROPERTY GROUP INC NEW,6798.0
82880610,68.02,67.64,2020-10-12,,305887.0,SPG,SIMON PROPERTY GROUP INC NEW,6798.0
82880610,65.82,66.97,2020-10-13,,305887.0,SPG,SIMON PROPERTY GROUP INC NEW,6798.0
82880610,65.72,65.89,2020-10-14,,305887.0,SPG,SIMON PROPERTY GROUP INC NEW,6798.0
82880610,65.12,64.71,2020-10-15,,305887.0,SPG,SIMON PROPERTY GROUP INC NEW,6798.0
82880610,64.82,65.53,2020-10-16,,305887.0,SPG,SIMON PROPERTY GROUP INC NEW,6798.0
82880610,63.91,65.0,2020-10-19,,305887.0,SPG,SIMON PROPERTY GROUP INC NEW,6798.0
82880610,64.46,64.89,2020-10-20,,305887.0,SPG,SIMON PROPERTY GROUP INC NEW,6798.0
82880610,64.21,64.12,2020-10-21,,305887.0,SPG,SIMON PROPERTY GROUP INC NEW,6798.0
82880610,66.35,64.01,2020-10-22,,305887.0,SPG,SIMON PROPERTY GROUP INC NEW,6798.0
82880610,66.88,66.75,2020-10-23,,305887.0,SPG,SIMON PROPERTY GROUP INC NEW,6798.0
82880610,64.68,66.01,2020-10-26,,305887.0,SPG,SIMON PROPERTY GROUP INC NEW,6798.0
82880610,61.98,64.11,2020-10-27,,305887.0,SPG,SIMON PROPERTY GROUP INC NEW,6798.0
82880610,60.76,60.27,2020-10-28,,305887.0,SPG,SIMON PROPERTY GROUP INC NEW,6798.0
82880610,63.41,60.69,2020-10-29,,305887.0,SPG,SIMON PROPERTY GROUP INC NEW,6798.0
82880610,62.81,62.98,2020-10-30,,305887.0,SPG,SIMON PROPERTY GROUP INC NEW,6798.0
82880610,64.71,62.96,2020-11-02,,305887.0,SPG,SIMON PROPERTY GROUP INC NEW,6798.0
82880610,64.99,65.6,2020-11-03,,305887.0,SPG,SIMON PROPERTY GROUP INC NEW,6798.0
82880610,62.28,64.9,2020-11-04,,305887.0,SPG,SIMON PROPERTY GROUP INC NEW,6798.0
82880610,63.47,62.93,2020-11-05,,305887.0,SPG,SIMON PROPERTY GROUP INC NEW,6798.0
82880610,61.86,63.5,2020-11-06,,305887.0,SPG,SIMON PROPERTY GROUP INC NEW,6798.0
82880610,79.1,74.87,2020-11-09,,305887.0,SPG,SIMON PROPERTY GROUP INC NEW,6798.0
82880610,78.84,76.7,2020-11-10,,305887.0,SPG,SIMON PROPERTY GROUP INC NEW,6798.0
82880610,73.41,77.98,2020-11-11,,305887.0,SPG,SIMON PROPERTY GROUP INC NEW,6798.0
82880610,69.14,71.662,2020-11-12,,305887.0,SPG,SIMON PROPERTY GROUP INC NEW,6798.0
82880610,74.7,71.63,2020-11-13,,305887.0,SPG,SIMON PROPERTY GROUP INC NEW,6798.0
82880610,78.96,79.95,2020-11-16,,305887.0,SPG,SIMON PROPERTY GROUP INC NEW,6798.0
82880610,78.96,77.95,2020-11-17,,305887.0,SPG,SIMON PROPERTY GROUP INC NEW,6798.0
82880610,76.61,77.87,2020-11-18,,305887.0,SPG,SIMON PROPERTY GROUP INC NEW,6798.0
82880610,80.63,75.99,2020-11-19,,305887.0,SPG,SIMON PROPERTY GROUP INC NEW,6798.0
82880610,81.12,80.48,2020-11-20,,305887.0,SPG,SIMON PROPERTY GROUP INC NEW,6798.0
82880610,85.41,84.75,2020-11-23,,305887.0,SPG,SIMON PROPERTY GROUP INC NEW,6798.0
82880610,88.79,88.74,2020-11-24,,305887.0,SPG,SIMON PROPERTY GROUP INC NEW,6798.0
82880610,87.19,88.41,2020-11-25,,305887.0,SPG,SIMON PROPERTY GROUP INC NEW,6798.0
82880610,85.55,87.96,2020-11-27,,305887.0,SPG,SIMON PROPERTY GROUP INC NEW,6798.0
82880610,82.57,85.32,2020-11-30,,328128.0,SPG,SIMON PROPERTY GROUP INC NEW,6798.0
82880610,84.99,84.65,2020-12-01,,328128.0,SPG,SIMON PROPERTY GROUP INC NEW,6798.0
82880610,87.25,83.73,2020-12-02,,328128.0,SPG,SIMON PROPERTY GROUP INC NEW,6798.0
82880610,89.63,87.89,2020-12-03,,328128.0,SPG,SIMON PROPERTY GROUP INC NEW,6798.0
82880610,93.91,92.24,2020-12-04,,328128.0,SPG,SIMON PROPERTY GROUP INC NEW,6798.0
82880610,89.37,93.7,2020-12-07,,328128.0,SPG,SIMON PROPERTY GROUP INC NEW,6798.0
82880610,90.11,89.73,2020-12-08,,328128.0,SPG,SIMON PROPERTY GROUP INC NEW,6798.0
82880610,90.84,90.62,2020-12-09,,328128.0,SPG,SIMON PROPERTY GROUP INC NEW,6798.0
82880610,90.44,89.12,2020-12-10,,328128.0,SPG,SIMON PROPERTY GROUP INC NEW,6798.0
82880610,87.9,89.21,2020-12-11,,328128.0,SPG,SIMON PROPERTY GROUP INC NEW,6798.0
82880610,87.32,90.0,2020-12-14,,328128.0,SPG,SIMON PROPERTY GROUP INC NEW,6798.0
82880610,89.74,88.44,2020-12-15,,328128.0,SPG,SIMON PROPERTY GROUP INC NEW,6798.0
82880610,88.28,88.34,2020-12-16,,328128.0,SPG,SIMON PROPERTY GROUP INC NEW,6798.0
82880610,89.03,89.19,2020-12-17,,328128.0,SPG,SIMON PROPERTY GROUP INC NEW,6798.0
82880610,85.43,88.74,2020-12-18,,328128.0,SPG,SIMON PROPERTY GROUP INC NEW,6798.0
82880610,83.65,83.95,2020-12-21,,328128.0,SPG,SIMON PROPERTY GROUP INC NEW,6798.0
82880610,83.72,85.5,2020-12-22,,328128.0,SPG,SIMON PROPERTY GROUP INC NEW,6798.0
82880610,83.65,83.34,2020-12-23,,328128.0,SPG,SIMON PROPERTY GROUP INC NEW,6798.0
82880610,84.37,84.0,2020-12-24,,328128.0,SPG,SIMON PROPERTY GROUP INC NEW,6798.0
82880610,85.48,84.53,2020-12-28,,328128.0,SPG,SIMON PROPERTY GROUP INC NEW,6798.0
82880610,83.29,85.79,2020-12-29,,328128.0,SPG,SIMON PROPERTY GROUP INC NEW,6798.0
82880610,83.97,83.21,2020-12-30,,328128.0,SPG,SIMON PROPERTY GROUP INC NEW,6798.0
82880610,85.28,83.52,2020-12-31,,328128.0,SPG,SIMON PROPERTY GROUP INC NEW,6798.0
82880610,82.81,85.66,2021-01-04,,328128.0,SPG,SIMON PROPERTY GROUP INC NEW,6798.0
82880610,83.17,83.15,2021-01-05,,328128.0,SPG,SIMON PROPERTY GROUP INC NEW,6798.0
82880610,85.07,84.0,2021-01-06,,328128.0,SPG,SIMON PROPERTY GROUP INC NEW,6798.0
82880610,85.13,85.84,2021-01-07,,328128.0,SPG,SIMON PROPERTY GROUP INC NEW,6798.0
82880610,86.49,85.34,2021-01-08,,328128.0,SPG,SIMON PROPERTY GROUP INC NEW,6798.0
82880610,83.14,85.54,2021-01-11,,328128.0,SPG,SIMON PROPERTY GROUP INC NEW,6798.0
82880610,85.43,83.84,2021-01-12,,328128.0,SPG,SIMON PROPERTY GROUP INC NEW,6798.0
82880610,88.87,85.4,2021-01-13,,328128.0,SPG,SIMON PROPERTY GROUP INC NEW,6798.0
82880610,94.95,89.42,2021-01-14,,328128.0,SPG,SIMON PROPERTY GROUP INC NEW,6798.0
82880610,93.0,94.0,2021-01-15,,328128.0,SPG,SIMON PROPERTY GROUP INC NEW,6798.0
82880610,92.67,93.1,2021-01-19,,328128.0,SPG,SIMON PROPERTY GROUP INC NEW,6798.0
82880610,95.29,92.33,2021-01-20,,328128.0,SPG,SIMON PROPERTY GROUP INC NEW,6798.0
82880610,94.51,94.99,2021-01-21,,328128.0,SPG,SIMON PROPERTY GROUP INC NEW,6798.0
82880610,95.49,93.0,2021-01-22,,328128.0,SPG,SIMON PROPERTY GROUP INC NEW,6798.0
82880610,97.48,94.66,2021-01-25,,328128.0,SPG,SIMON PROPERTY GROUP INC NEW,6798.0
82880610,99.05,98.5,2021-01-26,,328128.0,SPG,SIMON PROPERTY GROUP INC NEW,6798.0
82880610,96.64,98.23,2021-01-27,,328128.0,SPG,SIMON PROPERTY GROUP INC NEW,6798.0
82880610,97.51,97.24,2021-01-28,,328128.0,SPG,SIMON PROPERTY GROUP INC NEW,6798.0
82880610,92.93,97.19,2021-01-29,,328128.0,SPG,SIMON PROPERTY GROUP INC NEW,6798.0
82880610,92.94,93.43,2021-02-01,,328128.0,SPG,SIMON PROPERTY GROUP INC NEW,6798.0
82880610,92.46,94.11,2021-02-02,,328128.0,SPG,SIMON PROPERTY GROUP INC NEW,6798.0
82880610,93.38,92.36,2021-02-03,,328128.0,SPG,SIMON PROPERTY GROUP INC NEW,6798.0
82880610,95.16,93.38,2021-02-04,,328128.0,SPG,SIMON PROPERTY GROUP INC NEW,6798.0
82880610,96.75,96.41,2021-02-05,,328128.0,SPG,SIMON PROPERTY GROUP INC NEW,6798.0
82880610,98.94,97.6,2021-02-08,,328128.0,SPG,SIMON PROPERTY GROUP INC NEW,6798.0
82880610,102.55,102.5,2021-02-09,,328128.0,SPG,SIMON PROPERTY GROUP INC NEW,6798.0
82880610,106.22,104.39,2021-02-10,,328128.0,SPG,SIMON PROPERTY GROUP INC NEW,6798.0
82880610,109.27,108.15,2021-02-11,,328128.0,SPG,SIMON PROPERTY GROUP INC NEW,6798.0
82880610,109.26,108.53,2021-02-12,,328128.0,SPG,SIMON PROPERTY GROUP INC NEW,6798.0
82880610,109.98,108.94,2021-02-16,,328128.0,SPG,SIMON PROPERTY GROUP INC NEW,6798.0
82880610,108.23,109.5,2021-02-17,,328128.0,SPG,SIMON PROPERTY GROUP INC NEW,6798.0
82880610,106.52,107.39,2021-02-18,,328128.0,SPG,SIMON PROPERTY GROUP INC NEW,6798.0
82880610,109.43,107.42,2021-02-19,,328128.0,SPG,SIMON PROPERTY GROUP INC NEW,6798.0
82880610,112.77,108.93,2021-02-22,,328128.0,SPG,SIMON PROPERTY GROUP INC NEW,6798.0
82880610,115.12,115.38,2021-02-23,,328128.0,SPG,SIMON PROPERTY GROUP INC NEW,6798.0
82880610,119.0,115.04,2021-02-24,,328128.0,SPG,SIMON PROPERTY GROUP INC NEW,6798.0
82880610,114.82,119.85,2021-02-25,,328128.0,SPG,SIMON PROPERTY GROUP INC NEW,6798.0
82880610,112.92,113.87,2021-02-26,,328493.0,SPG,SIMON PROPERTY GROUP INC NEW,6798.0
82880610,113.92,116.2,2021-03-01,,328493.0,SPG,SIMON PROPERTY GROUP INC NEW,6798.0
82880610,111.68,113.84,2021-03-02,,328493.0,SPG,SIMON PROPERTY GROUP INC NEW,6798.0
82880610,113.99,112.1,2021-03-03,,328493.0,SPG,SIMON PROPERTY GROUP INC NEW,6798.0
82880610,110.11,114.03,2021-03-04,,328493.0,SPG,SIMON PROPERTY GROUP INC NEW,6798.0
82880610,111.17,111.56,2021-03-05,,328493.0,SPG,SIMON PROPERTY GROUP INC NEW,6798.0
82880610,111.7,112.39,2021-03-08,,328493.0,SPG,SIMON PROPERTY GROUP INC NEW,6798.0
82880610,111.0,112.2,2021-03-09,,328493.0,SPG,SIMON PROPERTY GROUP INC NEW,6798.0
82880610,114.31,110.94,2021-03-10,,328493.0,SPG,SIMON PROPERTY GROUP INC NEW,6798.0
82880610,115.84,114.46,2021-03-11,,328493.0,SPG,SIMON PROPERTY GROUP INC NEW,6798.0
82880610,117.85,115.75,2021-03-12,,328493.0,SPG,SIMON PROPERTY GROUP INC NEW,6798.0
82880610,121.01,118.15,2021-03-15,,328493.0,SPG,SIMON PROPERTY GROUP INC NEW,6798.0
82880610,117.19,121.0,2021-03-16,,328493.0,SPG,SIMON PROPERTY GROUP INC NEW,6798.0
82880610,118.24,116.82,2021-03-17,,328493.0,SPG,SIMON PROPERTY GROUP INC NEW,6798.0
82880610,116.82,117.64,2021-03-18,,328493.0,SPG,SIMON PROPERTY GROUP INC NEW,6798.0
82880610,116.69,117.21,2021-03-19,,328493.0,SPG,SIMON PROPERTY GROUP INC NEW,6798.0
82880610,115.25,116.51,2021-03-22,,328493.0,SPG,SIMON PROPERTY GROUP INC NEW,6798.0
82880610,110.41,114.66,2021-03-23,,328493.0,SPG,SIMON PROPERTY GROUP INC NEW,6798.0
82880610,109.4,111.12,2021-03-24,,328493.0,SPG,SIMON PROPERTY GROUP INC NEW,6798.0
82880610,113.64,107.81,2021-03-25,,328493.0,SPG,SIMON PROPERTY GROUP INC NEW,6798.0
82880610,114.67,114.7,2021-03-26,,328493.0,SPG,SIMON PROPERTY GROUP INC NEW,6798.0
82880610,113.81,114.41,2021-03-29,,328493.0,SPG,SIMON PROPERTY GROUP INC NEW,6798.0
82880610,115.39,113.98,2021-03-30,,328493.0,SPG,SIMON PROPERTY GROUP INC NEW,6798.0
82880610,113.77,114.61,2021-03-31,,328181.0,SPG,SIMON PROPERTY GROUP INC NEW,6798.0
82880610,115.2,114.99,2021-04-01,,328181.0,SPG,SIMON PROPERTY GROUP INC NEW,6798.0
82880610,115.05,116.0,2021-04-05,,328181.0,SPG,SIMON PROPERTY GROUP INC NEW,6798.0
82880610,116.49,114.73,2021-04-06,,328181.0,SPG,SIMON PROPERTY GROUP INC NEW,6798.0
82880610,117.01,117.05,2021-04-07,,328181.0,SPG,SIMON PROPERTY GROUP INC NEW,6798.0
82880610,114.33,115.06,2021-04-08,,328181.0,SPG,SIMON PROPERTY GROUP INC NEW,6798.0
82880610,115.91,114.69,2021-04-09,,328181.0,SPG,SIMON PROPERTY GROUP INC NEW,6798.0
82880610,114.74,116.41,2021-04-12,,328181.0,SPG,SIMON PROPERTY GROUP INC NEW,6798.0
82880610,113.38,113.7,2021-04-13,,328181.0,SPG,SIMON PROPERTY GROUP INC NEW,6798.0
82880610,113.76,113.71,2021-04-14,,328181.0,SPG,SIMON PROPERTY GROUP INC NEW,6798.0
82880610,114.57,115.0,2021-04-15,,328181.0,SPG,SIMON PROPERTY GROUP INC NEW,6798.0
82880610,117.12,116.51,2021-04-16,,328181.0,SPG,SIMON PROPERTY GROUP INC NEW,6798.0
82880610,116.56,116.6,2021-04-19,,328181.0,SPG,SIMON PROPERTY GROUP INC NEW,6798.0
82880610,114.26,115.51,2021-04-20,,328181.0,SPG,SIMON PROPERTY GROUP INC NEW,6798.0
82880610,117.63,113.97,2021-04-21,,328181.0,SPG,SIMON PROPERTY GROUP INC NEW,6798.0
82880610,115.65,117.78,2021-04-22,,328181.0,SPG,SIMON PROPERTY GROUP INC NEW,6798.0
82880610,116.92,116.31,2021-04-23,,328181.0,SPG,SIMON PROPERTY GROUP INC NEW,6798.0
82880610,120.17,118.9,2021-04-26,,328181.0,SPG,SIMON PROPERTY GROUP INC NEW,6798.0
82880610,122.36,120.96,2021-04-27,,328181.0,SPG,SIMON PROPERTY GROUP INC NEW,6798.0
82880610,123.1,122.67,2021-04-28,,328181.0,SPG,SIMON PROPERTY GROUP INC NEW,6798.0
82880610,123.33,124.27,2021-04-29,,328181.0,SPG,SIMON PROPERTY GROUP INC NEW,6798.0
82880610,121.74,122.93,2021-04-30,,328181.0,SPG,SIMON PROPERTY GROUP INC NEW,6798.0
82880610,123.2,122.69,2021-05-03,,328181.0,SPG,SIMON PROPERTY GROUP INC NEW,6798.0
82880610,121.36,123.04,2021-05-04,,328181.0,SPG,SIMON PROPERTY GROUP INC NEW,6798.0
82880610,120.92,120.96,2021-05-05,,328181.0,SPG,SIMON PROPERTY GROUP INC NEW,6798.0
82880610,122.92,121.14,2021-05-06,,328181.0,SPG,SIMON PROPERTY GROUP INC NEW,6798.0
82880610,124.94,122.33,2021-05-07,,328181.0,SPG,SIMON PROPERTY GROUP INC NEW,6798.0
82880610,126.75,125.99,2021-05-10,,328181.0,SPG,SIMON PROPERTY GROUP INC NEW,6798.0
82880610,122.64,121.77,2021-05-11,,328181.0,SPG,SIMON PROPERTY GROUP INC NEW,6798.0
82880610,117.62,122.64,2021-05-12,,328181.0,SPG,SIMON PROPERTY GROUP INC NEW,6798.0
82880610,117.99,117.62,2021-05-13,,328181.0,SPG,SIMON PROPERTY GROUP INC NEW,6798.0
82880610,122.18,118.75,2021-05-14,,328181.0,SPG,SIMON PROPERTY GROUP INC NEW,6798.0
82880610,122.24,122.0,2021-05-17,,328181.0,SPG,SIMON PROPERTY GROUP INC NEW,6798.0
82880610,122.57,122.01,2021-05-18,,328181.0,SPG,SIMON PROPERTY GROUP INC NEW,6798.0
82880610,122.27,120.15,2021-05-19,,328181.0,SPG,SIMON PROPERTY GROUP INC NEW,6798.0
82880610,122.57,122.03,2021-05-20,,328181.0,SPG,SIMON PROPERTY GROUP INC NEW,6798.0
82880610,122.38,122.84,2021-05-21,,328181.0,SPG,SIMON PROPERTY GROUP INC NEW,6798.0
82880610,124.64,123.2,2021-05-24,,328181.0,SPG,SIMON PROPERTY GROUP INC NEW,6798.0
82880610,124.4,125.0,2021-05-25,,328181.0,SPG,SIMON PROPERTY GROUP INC NEW,6798.0
82880610,126.7,124.66,2021-05-26,,328181.0,SPG,SIMON PROPERTY GROUP INC NEW,6798.0
82880610,128.28999,127.5,2021-05-27,,328181.0,SPG,SIMON PROPERTY GROUP INC NEW,6798.0
82880610,128.49001,128.83,2021-05-28,,328531.0,SPG,SIMON PROPERTY GROUP INC NEW,6798.0
82880610,134.19,129.7,2021-06-01,,328531.0,SPG,SIMON PROPERTY GROUP INC NEW,6798.0
82880610,135.19,134.38,2021-06-02,,328531.0,SPG,SIMON PROPERTY GROUP INC NEW,6798.0
82880610,134.06,134.38,2021-06-03,,328531.0,SPG,SIMON PROPERTY GROUP INC NEW,6798.0
82880610,132.27,134.64999,2021-06-04,,328531.0,SPG,SIMON PROPERTY GROUP INC NEW,6798.0
82880610,134.0,132.14,2021-06-07,,328531.0,SPG,SIMON PROPERTY GROUP INC NEW,6798.0
82880610,135.71001,134.61,2021-06-08,,328531.0,SPG,SIMON PROPERTY GROUP INC NEW,6798.0
82880610,135.59,136.41,2021-06-09,,328531.0,SPG,SIMON PROPERTY GROUP INC NEW,6798.0
82880610,134.53999,135.75999,2021-06-10,,328531.0,SPG,SIMON PROPERTY GROUP INC NEW,6798.0
82880610,134.23,134.7,2021-06-11,,328531.0,SPG,SIMON PROPERTY GROUP INC NEW,6798.0
82880610,133.28,134.19,2021-06-14,,328531.0,SPG,SIMON PROPERTY GROUP INC NEW,6798.0
82880610,131.28999,132.64999,2021-06-15,,328531.0,SPG,SIMON PROPERTY GROUP INC NEW,6798.0
82880610,130.73,130.98,2021-06-16,,328531.0,SPG,SIMON PROPERTY GROUP INC NEW,6798.0
82880610,128.66,130.37,2021-06-17,,328531.0,SPG,SIMON PROPERTY GROUP INC NEW,6798.0
82880610,125.33,127.05,2021-06-18,,328531.0,SPG,SIMON PROPERTY GROUP INC NEW,6798.0
82880610,131.5,126.92,2021-06-21,,328531.0,SPG,SIMON PROPERTY GROUP INC NEW,6798.0
82880610,130.25,131.19,2021-06-22,,328531.0,SPG,SIMON PROPERTY GROUP INC NEW,6798.0
82880610,132.21001,131.34,2021-06-23,,328531.0,SPG,SIMON PROPERTY GROUP INC NEW,6798.0
82880610,130.62,132.8,2021-06-24,,328531.0,SPG,SIMON PROPERTY GROUP INC NEW,6798.0
82880610,131.07001,131.00999,2021-06-25,,328531.0,SPG,SIMON PROPERTY GROUP INC NEW,6798.0
82880610,130.2,131.0,2021-06-28,,328531.0,SPG,SIMON PROPERTY GROUP INC NEW,6798.0
82880610,130.99001,130.61,2021-06-29,,328531.0,SPG,SIMON PROPERTY GROUP INC NEW,6798.0
82880610,130.48,130.58,2021-06-30,,328531.0,SPG,SIMON PROPERTY GROUP INC NEW,6798.0
82880610,131.53999,129.39999,2021-07-01,,328531.0,SPG,SIMON PROPERTY GROUP INC NEW,6798.0
82880610,129.63,131.44,2021-07-02,,328531.0,SPG,SIMON PROPERTY GROUP INC NEW,6798.0
82880610,127.64,129.10001,2021-07-06,,328531.0,SPG,SIMON PROPERTY GROUP INC NEW,6798.0
82880610,125.79,127.12,2021-07-07,,328531.0,SPG,SIMON PROPERTY GROUP INC NEW,6798.0
82880610,125.09,123.5,2021-07-08,,328531.0,SPG,SIMON PROPERTY GROUP INC NEW,6798.0
82880610,129.69,127.0,2021-07-09,,328531.0,SPG,SIMON PROPERTY GROUP INC NEW,6798.0
82880610,130.27,128.60001,2021-07-12,,328531.0,SPG,SIMON PROPERTY GROUP INC NEW,6798.0
82880610,126.61,129.58,2021-07-13,,328531.0,SPG,SIMON PROPERTY GROUP INC NEW,6798.0
82880610,127.45,126.5,2021-07-14,,328531.0,SPG,SIMON PROPERTY GROUP INC NEW,6798.0
82880610,126.54,126.83,2021-07-15,,328531.0,SPG,SIMON PROPERTY GROUP INC NEW,6798.0
82880610,124.5,127.62,2021-07-16,,328531.0,SPG,SIMON PROPERTY GROUP INC NEW,6798.0
82880610,117.19,120.08,2021-07-19,,328531.0,SPG,SIMON PROPERTY GROUP INC NEW,6798.0
82880610,125.63,119.0,2021-07-20,,328531.0,SPG,SIMON PROPERTY GROUP INC NEW,6798.0
82880610,127.93,126.83,2021-07-21,,328531.0,SPG,SIMON PROPERTY GROUP INC NEW,6798.0
82880610,125.1,127.53,2021-07-22,,328531.0,SPG,SIMON PROPERTY GROUP INC NEW,6798.0
82880610,124.15,126.06,2021-07-23,,328531.0,SPG,SIMON PROPERTY GROUP INC NEW,6798.0
82880610,127.03,124.0,2021-07-26,,328531.0,SPG,SIMON PROPERTY GROUP INC NEW,6798.0
82880610,125.87,126.09,2021-07-27,,328531.0,SPG,SIMON PROPERTY GROUP INC NEW,6798.0
82880610,125.22,126.33,2021-07-28,,328531.0,SPG,SIMON PROPERTY GROUP INC NEW,6798.0
82880610,125.92,125.97,2021-07-29,,328531.0,SPG,SIMON PROPERTY GROUP INC NEW,6798.0
82880610,126.52,126.08,2021-07-30,,328531.0,SPG,SIMON PROPERTY GROUP INC NEW,6798.0
82880610,126.32,128.2,2021-08-02,,328531.0,SPG,SIMON PROPERTY GROUP INC NEW,6798.0
82880610,129.53999,128.99001,2021-08-03,,328531.0,SPG,SIMON PROPERTY GROUP INC NEW,6798.0
82880610,128.7,130.07001,2021-08-04,,328531.0,SPG,SIMON PROPERTY GROUP INC NEW,6798.0
82880610,134.03,130.13,2021-08-05,,328531.0,SPG,SIMON PROPERTY GROUP INC NEW,6798.0
82880610,135.2,134.56,2021-08-06,,328531.0,SPG,SIMON PROPERTY GROUP INC NEW,6798.0
82880610,132.86,134.38,2021-08-09,,328531.0,SPG,SIMON PROPERTY GROUP INC NEW,6798.0
82880610,132.11,132.69,2021-08-10,,328531.0,SPG,SIMON PROPERTY GROUP INC NEW,6798.0
82880610,133.50999,132.95,2021-08-11,,328531.0,SPG,SIMON PROPERTY GROUP INC NEW,6798.0
82880610,133.85001,133.77,2021-08-12,,328531.0,SPG,SIMON PROPERTY GROUP INC NEW,6798.0
82880610,133.67,134.37,2021-08-13,,328531.0,SPG,SIMON PROPERTY GROUP INC NEW,6798.0
82880610,130.97,132.8,2021-08-16,,328531.0,SPG,SIMON PROPERTY GROUP INC NEW,6798.0
82880610,128.11,129.23,2021-08-17,,328531.0,SPG,SIMON PROPERTY GROUP INC NEW,6798.0
82880610,128.0,127.5,2021-08-18,,328531.0,SPG,SIMON PROPERTY GROUP INC NEW,6798.0
82880610,128.46001,126.04,2021-08-19,,328531.0,SPG,SIMON PROPERTY GROUP INC NEW,6798.0
82880610,128.77,127.3,2021-08-20,,328531.0,SPG,SIMON PROPERTY GROUP INC NEW,6798.0
82880610,129.46001,129.62,2021-08-23,,328531.0,SPG,SIMON PROPERTY GROUP INC NEW,6798.0
82880610,132.56,130.41,2021-08-24,,328531.0,SPG,SIMON PROPERTY GROUP INC NEW,6798.0
82880610,132.53999,132.60001,2021-08-25,,328531.0,SPG,SIMON PROPERTY GROUP INC NEW,6798.0
82880610,131.03999,132.41,2021-08-26,,328531.0,SPG,SIMON PROPERTY GROUP INC NEW,6798.0
82880610,133.69,132.58,2021-08-27,,328531.0,SPG,SIMON PROPERTY GROUP INC NEW,6798.0
82880610,133.41,133.8,2021-08-30,,328531.0,SPG,SIMON PROPERTY GROUP INC NEW,6798.0
82880610,134.45,133.09,2021-08-31,,328611.0,SPG,SIMON PROPERTY GROUP INC NEW,6798.0
82880610,135.81,134.45,2021-09-01,,328611.0,SPG,SIMON PROPERTY GROUP INC NEW,6798.0
82880610,136.42,136.09,2021-09-02,,328611.0,SPG,SIMON PROPERTY GROUP INC NEW,6798.0
82880610,135.75,136.17,2021-09-03,,328611.0,SPG,SIMON PROPERTY GROUP INC NEW,6798.0
82880610,134.58,134.96001,2021-09-07,,328611.0,SPG,SIMON PROPERTY GROUP INC NEW,6798.0
82880610,132.14,132.5,2021-09-08,,328611.0,SPG,SIMON PROPERTY GROUP INC NEW,6798.0
82880610,130.64,130.75,2021-09-09,,328611.0,SPG,SIMON PROPERTY GROUP INC NEW,6798.0
82880610,127.9,131.27,2021-09-10,,328611.0,SPG,SIMON PROPERTY GROUP INC NEW,6798.0
82880610,131.12,129.67,2021-09-13,,328611.0,SPG,SIMON PROPERTY GROUP INC NEW,6798.0
82880610,129.56,131.45,2021-09-14,,328611.0,SPG,SIMON PROPERTY GROUP INC NEW,6798.0
82880610,131.14999,129.48,2021-09-15,,328611.0,SPG,SIMON PROPERTY GROUP INC NEW,6798.0
82880610,132.67,131.86,2021-09-16,,328611.0,SPG,SIMON PROPERTY GROUP INC NEW,6798.0
82880610,131.27,132.22,2021-09-17,,328611.0,SPG,SIMON PROPERTY GROUP INC NEW,6798.0
82880610,129.52,128.16,2021-09-20,,328611.0,SPG,SIMON PROPERTY GROUP INC NEW,6798.0
82880610,130.38,130.74001,2021-09-21,,328611.0,SPG,SIMON PROPERTY GROUP INC NEW,6798.0
82880610,133.64,132.39999,2021-09-22,,328611.0,SPG,SIMON PROPERTY GROUP INC NEW,6798.0
82880610,135.12,134.5,2021-09-23,,328611.0,SPG,SIMON PROPERTY GROUP INC NEW,6798.0
82880610,133.85001,134.64999,2021-09-24,,328611.0,SPG,SIMON PROPERTY GROUP INC NEW,6798.0
82880610,134.14999,134.64999,2021-09-27,,328611.0,SPG,SIMON PROPERTY GROUP INC NEW,6798.0
82880610,133.71001,134.08,2021-09-28,,328611.0,SPG,SIMON PROPERTY GROUP INC NEW,6798.0
82880610,133.85001,134.03,2021-09-29,,328611.0,SPG,SIMON PROPERTY GROUP INC NEW,6798.0
82880610,129.97,134.5,2021-09-30,,328611.0,SPG,SIMON PROPERTY GROUP INC NEW,6798.0
82880610,133.14,131.56,2021-10-01,,328611.0,SPG,SIMON PROPERTY GROUP INC NEW,6798.0
82880610,132.25,132.69,2021-10-04,,328611.0,SPG,SIMON PROPERTY GROUP INC NEW,6798.0
82880610,131.39,132.24001,2021-10-05,,328611.0,SPG,SIMON PROPERTY GROUP INC NEW,6798.0
82880610,132.61,130.27,2021-10-06,,328611.0,SPG,SIMON PROPERTY GROUP INC NEW,6798.0
82880610,134.00999,133.02,2021-10-07,,328611.0,SPG,SIMON PROPERTY GROUP INC NEW,6798.0
82880610,132.08,133.98,2021-10-08,,328611.0,SPG,SIMON PROPERTY GROUP INC NEW,6798.0
82880610,132.62,131.75999,2021-10-11,,328611.0,SPG,SIMON PROPERTY GROUP INC NEW,6798.0
82880610,134.77,132.28,2021-10-12,,328611.0,SPG,SIMON PROPERTY GROUP INC NEW,6798.0
82880610,137.14999,135.0,2021-10-13,,328611.0,SPG,SIMON PROPERTY GROUP INC NEW,6798.0
82880610,139.33,138.25,2021-10-14,,328611.0,SPG,SIMON PROPERTY GROUP INC NEW,6798.0
82880610,140.22,140.0,2021-10-15,,328611.0,SPG,SIMON PROPERTY GROUP INC NEW,6798.0
82880610,144.53,140.28,2021-10-18,,328611.0,SPG,SIMON PROPERTY GROUP INC NEW,6798.0
82880610,142.84,145.0,2021-10-19,,328611.0,SPG,SIMON PROPERTY GROUP INC NEW,6798.0
82880610,144.96001,142.2,2021-10-20,,328611.0,SPG,SIMON PROPERTY GROUP INC NEW,6798.0
82880610,143.96001,144.5,2021-10-21,,328611.0,SPG,SIMON PROPERTY GROUP INC NEW,6798.0
82880610,145.14,144.78,2021-10-22,,328611.0,SPG,SIMON PROPERTY GROUP INC NEW,6798.0
82880610,146.83,145.0,2021-10-25,,328611.0,SPG,SIMON PROPERTY GROUP INC NEW,6798.0
82880610,146.37,147.0,2021-10-26,,328611.0,SPG,SIMON PROPERTY GROUP INC NEW,6798.0
82880610,143.92999,146.35001,2021-10-27,,328611.0,SPG,SIMON PROPERTY GROUP INC NEW,6798.0
82880610,147.12,144.55,2021-10-28,,328611.0,SPG,SIMON PROPERTY GROUP INC NEW,6798.0
82880610,146.58,146.45,2021-10-29,,328611.0,SPG,SIMON PROPERTY GROUP INC NEW,6798.0
82880610,149.36,147.41,2021-11-01,,328611.0,SPG,SIMON PROPERTY GROUP INC NEW,6798.0
82880610,158.99001,157.0,2021-11-02,,328611.0,SPG,SIMON PROPERTY GROUP INC NEW,6798.0
82880610,166.24001,158.94,2021-11-03,,328611.0,SPG,SIMON PROPERTY GROUP INC NEW,6798.0
82880610,165.71001,166.44,2021-11-04,,328611.0,SPG,SIMON PROPERTY GROUP INC NEW,6798.0
82880610,170.5,168.42999,2021-11-05,,328611.0,SPG,SIMON PROPERTY GROUP INC NEW,6798.0
82880610,167.39,170.64999,2021-11-08,,328611.0,SPG,SIMON PROPERTY GROUP INC NEW,6798.0
82880610,167.49001,167.32001,2021-11-09,,328611.0,SPG,SIMON PROPERTY GROUP INC NEW,6798.0
82880610,163.97,166.69,2021-11-10,,328611.0,SPG,SIMON PROPERTY GROUP INC NEW,6798.0
82880610,165.44,164.5,2021-11-11,,328611.0,SPG,SIMON PROPERTY GROUP INC NEW,6798.0
82880610,164.8,166.25,2021-11-12,,328611.0,SPG,SIMON PROPERTY GROUP INC NEW,6798.0
82880610,166.28999,165.17,2021-11-15,,328611.0,SPG,SIMON PROPERTY GROUP INC NEW,6798.0
82880610,164.87,165.75,2021-11-16,,328611.0,SPG,SIMON PROPERTY GROUP INC NEW,6798.0
82880610,167.49001,164.23,2021-11-17,,328611.0,SPG,SIMON PROPERTY GROUP INC NEW,6798.0
82880610,169.38,169.14,2021-11-18,,328611.0,SPG,SIMON PROPERTY GROUP INC NEW,6798.0
82880610,166.74001,167.91,2021-11-19,,328611.0,SPG,SIMON PROPERTY GROUP INC NEW,6798.0
82880610,167.99001,168.13,2021-11-22,,328611.0,SPG,SIMON PROPERTY GROUP INC NEW,6798.0
82880610,169.03,167.89,2021-11-23,,328611.0,SPG,SIMON PROPERTY GROUP INC NEW,6798.0
82880610,169.03,168.02,2021-11-24,,328611.0,SPG,SIMON PROPERTY GROUP INC NEW,6798.0
82880610,160.48,160.32001,2021-11-26,,328611.0,SPG,SIMON PROPERTY GROUP INC NEW,6798.0
82880610,159.94,163.87,2021-11-29,,328611.0,SPG,SIMON PROPERTY GROUP INC NEW,6798.0
82880610,152.84,157.64999,2021-11-30,,328611.0,SPG,SIMON PROPERTY GROUP INC NEW,6798.0
82880610,147.72,156.56,2021-12-01,,328611.0,SPG,SIMON PROPERTY GROUP INC NEW,6798.0
82880610,151.86,149.94,2021-12-02,,328611.0,SPG,SIMON PROPERTY GROUP INC NEW,6798.0
82880610,149.19,152.0,2021-12-03,,328611.0,SPG,SIMON PROPERTY GROUP INC NEW,6798.0
82880610,152.60001,152.13,2021-12-06,,328611.0,SPG,SIMON PROPERTY GROUP INC NEW,6798.0
82880610,156.25,155.77,2021-12-07,,328611.0,SPG,SIMON PROPERTY GROUP INC NEW,6798.0
82880610,157.45,156.25,2021-12-08,,328611.0,SPG,SIMON PROPERTY GROUP INC NEW,6798.0
82880610,152.24001,154.94,2021-12-09,,328611.0,SPG,SIMON PROPERTY GROUP INC NEW,6798.0
82880610,152.42,153.48,2021-12-10,,328611.0,SPG,SIMON PROPERTY GROUP INC NEW,6798.0
82880610,151.10001,151.58,2021-12-13,,328611.0,SPG,SIMON PROPERTY GROUP INC NEW,6798.0
82880610,150.92999,151.09,2021-12-14,,328611.0,SPG,SIMON PROPERTY GROUP INC NEW,6798.0
82880610,152.03999,151.44,2021-12-15,,328611.0,SPG,SIMON PROPERTY GROUP INC NEW,6798.0
82880610,151.66,152.75,2021-12-16,,328611.0,SPG,SIMON PROPERTY GROUP INC NEW,6798.0
82880610,150.73,151.50999,2021-12-17,,328611.0,SPG,SIMON PROPERTY GROUP INC NEW,6798.0
82880610,146.27,147.66,2021-12-20,,328611.0,SPG,SIMON PROPERTY GROUP INC NEW,6798.0
82880610,154.47,148.2,2021-12-21,,328611.0,SPG,SIMON PROPERTY GROUP INC NEW,6798.0
82880610,155.53,153.91,2021-12-22,,328611.0,SPG,SIMON PROPERTY GROUP INC NEW,6798.0
82880610,155.46001,156.5,2021-12-23,,328611.0,SPG,SIMON PROPERTY GROUP INC NEW,6798.0
82880610,158.42999,155.45,2021-12-27,,328611.0,SPG,SIMON PROPERTY GROUP INC NEW,6798.0
82880610,157.77,157.56,2021-12-28,,328611.0,SPG,SIMON PROPERTY GROUP INC NEW,6798.0
82880610,158.75999,158.0,2021-12-29,,328611.0,SPG,SIMON PROPERTY GROUP INC NEW,6798.0
82880610,160.03999,158.75999,2021-12-30,,328611.0,SPG,SIMON PROPERTY GROUP INC NEW,6798.0
82880610,159.77,159.99001,2021-12-31,,328611.0,SPG,SIMON PROPERTY GROUP INC NEW,6798.0
82880610,160.3,160.48,2022-01-03,,328611.0,SPG,SIMON PROPERTY GROUP INC NEW,6798.0
82880610,162.98,162.23,2022-01-04,,328611.0,SPG,SIMON PROPERTY GROUP INC NEW,6798.0
82880610,161.03,163.86,2022-01-05,,328611.0,SPG,SIMON PROPERTY GROUP INC NEW,6798.0
82880610,163.16,161.83,2022-01-06,,328611.0,SPG,SIMON PROPERTY GROUP INC NEW,6798.0
82880610,161.27,162.83,2022-01-07,,328611.0,SPG,SIMON PROPERTY GROUP INC NEW,6798.0
82880610,160.88,160.3,2022-01-10,,328611.0,SPG,SIMON PROPERTY GROUP INC NEW,6798.0
82880610,161.83,160.89999,2022-01-11,,328611.0,SPG,SIMON PROPERTY GROUP INC NEW,6798.0
82880610,161.92999,162.59,2022-01-12,,328611.0,SPG,SIMON PROPERTY GROUP INC NEW,6798.0
82880610,162.99001,162.42999,2022-01-13,,328611.0,SPG,SIMON PROPERTY GROUP INC NEW,6798.0
82880610,155.7,162.09,2022-01-14,,328611.0,SPG,SIMON PROPERTY GROUP INC NEW,6798.0
82880610,153.89,154.28999,2022-01-18,,328611.0,SPG,SIMON PROPERTY GROUP INC NEW,6798.0
82880610,148.59,154.89,2022-01-19,,328611.0,SPG,SIMON PROPERTY GROUP INC NEW,6798.0
82880610,147.42999,150.49001,2022-01-20,,328611.0,SPG,SIMON PROPERTY GROUP INC NEW,6798.0
82880610,146.96001,147.14999,2022-01-21,,328611.0,SPG,SIMON PROPERTY GROUP INC NEW,6798.0
82880610,146.10001,142.88,2022-01-24,,328611.0,SPG,SIMON PROPERTY GROUP INC NEW,6798.0
82880610,146.78,142.7,2022-01-25,,328611.0,SPG,SIMON PROPERTY GROUP INC NEW,6798.0
82880610,145.58,149.11,2022-01-26,,328611.0,SPG,SIMON PROPERTY GROUP INC NEW,6798.0
82880610,143.89,147.71001,2022-01-27,,328611.0,SPG,SIMON PROPERTY GROUP INC NEW,6798.0
82880610,146.39999,143.56,2022-01-28,,328611.0,SPG,SIMON PROPERTY GROUP INC NEW,6798.0
82880610,147.2,144.86,2022-01-31,,328611.0,SPG,SIMON PROPERTY GROUP INC NEW,6798.0
82880610,147.36,147.2,2022-02-01,,328611.0,SPG,SIMON PROPERTY GROUP INC NEW,6798.0
82880610,149.55,148.00999,2022-02-02,,328611.0,SPG,SIMON PROPERTY GROUP INC NEW,6798.0
82880610,145.56,147.97,2022-02-03,,328611.0,SPG,SIMON PROPERTY GROUP INC NEW,6798.0
82880610,145.17999,144.23,2022-02-04,,328611.0,SPG,SIMON PROPERTY GROUP INC NEW,6798.0
82880610,148.92,145.53999,2022-02-07,,328611.0,SPG,SIMON PROPERTY GROUP INC NEW,6798.0
82880610,142.03999,139.81,2022-02-08,,328611.0,SPG,SIMON PROPERTY GROUP INC NEW,6798.0
82880610,143.09,143.25,2022-02-09,,328611.0,SPG,SIMON PROPERTY GROUP INC NEW,6798.0
82880610,143.98,142.0,2022-02-10,,328611.0,SPG,SIMON PROPERTY GROUP INC NEW,6798.0
82880610,141.83,143.85001,2022-02-11,,328611.0,SPG,SIMON PROPERTY GROUP INC NEW,6798.0
82880610,139.89999,141.78999,2022-02-14,,328611.0,SPG,SIMON PROPERTY GROUP INC NEW,6798.0
82880610,141.32001,142.11,2022-02-15,,328611.0,SPG,SIMON PROPERTY GROUP INC NEW,6798.0
82880610,143.86,142.03999,2022-02-16,,328611.0,SPG,SIMON PROPERTY GROUP INC NEW,6798.0
82880610,143.67,143.05,2022-02-17,,328611.0,SPG,SIMON PROPERTY GROUP INC NEW,6798.0
82880610,140.95,143.24001,2022-02-18,,328611.0,SPG,SIMON PROPERTY GROUP INC NEW,6798.0
82880610,138.05,139.99001,2022-02-22,,328611.0,SPG,SIMON PROPERTY GROUP INC NEW,6798.0
82880610,134.07001,139.12,2022-02-23,,328611.0,SPG,SIMON PROPERTY GROUP INC NEW,6798.0
82880610,137.82001,129.92999,2022-02-24,,328611.0,SPG,SIMON PROPERTY GROUP INC NEW,6798.0
82880610,139.7,138.64999,2022-02-25,,328611.0,SPG,SIMON PROPERTY GROUP INC NEW,6798.0
82880610,137.56,137.78999,2022-02-28,,328588.0,SPG,SIMON PROPERTY GROUP INC NEW,6798.0
82880610,134.60001,137.84,2022-03-01,,328588.0,SPG,SIMON PROPERTY GROUP INC NEW,6798.0
82880610,138.77,135.92999,2022-03-02,,328588.0,SPG,SIMON PROPERTY GROUP INC NEW,6798.0
82880610,139.41,140.06,2022-03-03,,328588.0,SPG,SIMON PROPERTY GROUP INC NEW,6798.0
82880610,136.89,137.64999,2022-03-04,,328588.0,SPG,SIMON PROPERTY GROUP INC NEW,6798.0
82880610,128.27,135.84,2022-03-07,,328588.0,SPG,SIMON PROPERTY GROUP INC NEW,6798.0
82880610,131.39,128.92,2022-03-08,,328588.0,SPG,SIMON PROPERTY GROUP INC NEW,6798.0
82880610,132.57001,133.39999,2022-03-09,,328588.0,SPG,SIMON PROPERTY GROUP INC NEW,6798.0
82880610,132.61,130.02,2022-03-10,,328588.0,SPG,SIMON PROPERTY GROUP INC NEW,6798.0
82880610,130.05,134.00999,2022-03-11,,328588.0,SPG,SIMON PROPERTY GROUP INC NEW,6798.0
82880610,128.19,131.13,2022-03-14,,328588.0,SPG,SIMON PROPERTY GROUP INC NEW,6798.0
82880610,128.88,128.60001,2022-03-15,,328588.0,SPG,SIMON PROPERTY GROUP INC NEW,6798.0
82880610,131.33,131.14,2022-03-16,,328588.0,SPG,SIMON PROPERTY GROUP INC NEW,6798.0
82880610,131.64999,130.49001,2022-03-17,,328588.0,SPG,SIMON PROPERTY GROUP INC NEW,6798.0
82880610,130.84,129.63,2022-03-18,,328588.0,SPG,SIMON PROPERTY GROUP INC NEW,6798.0
82880610,129.06,131.64999,2022-03-21,,328588.0,SPG,SIMON PROPERTY GROUP INC NEW,6798.0
82880610,132.84,131.14999,2022-03-22,,328588.0,SPG,SIMON PROPERTY GROUP INC NEW,6798.0
82880610,130.00999,132.07001,2022-03-23,,328588.0,SPG,SIMON PROPERTY GROUP INC NEW,6798.0
82880610,130.13,130.03,2022-03-24,,328588.0,SPG,SIMON PROPERTY GROUP INC NEW,6798.0
82880610,130.17,130.50999,2022-03-25,,328588.0,SPG,SIMON PROPERTY GROUP INC NEW,6798.0
82880610,131.75,130.81,2022-03-28,,328588.0,SPG,SIMON PROPERTY GROUP INC NEW,6798.0
82880610,138.08,133.92999,2022-03-29,,328588.0,SPG,SIMON PROPERTY GROUP INC NEW,6798.0
82880610,134.78999,137.85001,2022-03-30,,328588.0,SPG,SIMON PROPERTY GROUP INC NEW,6798.0
82880610,131.56,134.63,2022-03-31,,328588.0,SPG,SIMON PROPERTY GROUP INC NEW,6798.0
82880610,133.0,132.27,2022-04-01,,328588.0,SPG,SIMON PROPERTY GROUP INC NEW,6798.0
82880610,134.53,132.61,2022-04-04,,328588.0,SPG,SIMON PROPERTY GROUP INC NEW,6798.0
82880610,130.58,134.5,2022-04-05,,328588.0,SPG,SIMON PROPERTY GROUP INC NEW,6798.0
82880610,127.86,130.0,2022-04-06,,328588.0,SPG,SIMON PROPERTY GROUP INC NEW,6798.0
82880610,125.51,127.42,2022-04-07,,328588.0,SPG,SIMON PROPERTY GROUP INC NEW,6798.0
82880610,127.47,126.09,2022-04-08,,328588.0,SPG,SIMON PROPERTY GROUP INC NEW,6798.0
82880610,126.78,127.22,2022-04-11,,328588.0,SPG,SIMON PROPERTY GROUP INC NEW,6798.0
82880610,126.18,126.38,2022-04-12,,328588.0,SPG,SIMON PROPERTY GROUP INC NEW,6798.0
82880610,127.58,126.0,2022-04-13,,328588.0,SPG,SIMON PROPERTY GROUP INC NEW,6798.0
82880610,127.88,128.0,2022-04-14,,328588.0,SPG,SIMON PROPERTY GROUP INC NEW,6798.0
82880610,127.89,127.42,2022-04-18,,328588.0,SPG,SIMON PROPERTY GROUP INC NEW,6798.0
82880610,131.32001,128.77,2022-04-19,,328588.0,SPG,SIMON PROPERTY GROUP INC NEW,6798.0
82880610,132.59,131.72,2022-04-20,,328588.0,SPG,SIMON PROPERTY GROUP INC NEW,6798.0
82880610,130.85001,134.25,2022-04-21,,328588.0,SPG,SIMON PROPERTY GROUP INC NEW,6798.0
82880610,125.88,130.84,2022-04-22,,328588.0,SPG,SIMON PROPERTY GROUP INC NEW,6798.0
82880610,126.29,125.88,2022-04-25,,328588.0,SPG,SIMON PROPERTY GROUP INC NEW,6798.0
82880610,124.13,126.13,2022-04-26,,328588.0,SPG,SIMON PROPERTY GROUP INC NEW,6798.0
82880610,122.13,124.6,2022-04-27,,328588.0,SPG,SIMON PROPERTY GROUP INC NEW,6798.0
82880610,124.41,122.02,2022-04-28,,328588.0,SPG,SIMON PROPERTY GROUP INC NEW,6798.0
82880610,118.0,123.51,2022-04-29,,328342.0,SPG,SIMON PROPERTY GROUP INC NEW,6798.0
82880610,116.84,118.68,2022-05-02,,328342.0,SPG,SIMON PROPERTY GROUP INC NEW,6798.0
82880610,120.87,117.73,2022-05-03,,328342.0,SPG,SIMON PROPERTY GROUP INC NEW,6798.0
82880610,124.58,120.73,2022-05-04,,328342.0,SPG,SIMON PROPERTY GROUP INC NEW,6798.0
82880610,122.34,123.7,2022-05-05,,328342.0,SPG,SIMON PROPERTY GROUP INC NEW,6798.0
82880610,121.42,121.2,2022-05-06,,328342.0,SPG,SIMON PROPERTY GROUP INC NEW,6798.0
82880610,118.19,119.59,2022-05-09,,328342.0,SPG,SIMON PROPERTY GROUP INC NEW,6798.0
82880610,119.07,121.14,2022-05-10,,328342.0,SPG,SIMON PROPERTY GROUP INC NEW,6798.0
82880610,113.01,118.99,2022-05-11,,328342.0,SPG,SIMON PROPERTY GROUP INC NEW,6798.0
82880610,115.62,112.74,2022-05-12,,328342.0,SPG,SIMON PROPERTY GROUP INC NEW,6798.0
82880610,116.78,117.0,2022-05-13,,328342.0,SPG,SIMON PROPERTY GROUP INC NEW,6798.0
82880610,116.87,116.8,2022-05-16,,328342.0,SPG,SIMON PROPERTY GROUP INC NEW,6798.0
82880610,120.76,118.88,2022-05-17,,328342.0,SPG,SIMON PROPERTY GROUP INC NEW,6798.0
82880610,113.67,119.32,2022-05-18,,328342.0,SPG,SIMON PROPERTY GROUP INC NEW,6798.0
82880610,110.04,112.52,2022-05-19,,328342.0,SPG,SIMON PROPERTY GROUP INC NEW,6798.0
82880610,108.84,111.0,2022-05-20,,328342.0,SPG,SIMON PROPERTY GROUP INC NEW,6798.0
82880610,107.77,109.81,2022-05-23,,328342.0,SPG,SIMON PROPERTY GROUP INC NEW,6798.0
82880610,107.85,107.03,2022-05-24,,328342.0,SPG,SIMON PROPERTY GROUP INC NEW,6798.0
82880610,109.19,107.17,2022-05-25,,328342.0,SPG,SIMON PROPERTY GROUP INC NEW,6798.0
82880610,112.03,110.0,2022-05-26,,328342.0,SPG,SIMON PROPERTY GROUP INC NEW,6798.0
82880610,113.73,112.92,2022-05-27,,328342.0,SPG,SIMON PROPERTY GROUP INC NEW,6798.0
82880610,114.65,113.0,2022-05-31,,328639.0,SPG,SIMON PROPERTY GROUP INC NEW,6798.0
82880610,111.17,114.98,2022-06-01,,328639.0,SPG,SIMON PROPERTY GROUP INC NEW,6798.0
82880610,112.32,110.75,2022-06-02,,328639.0,SPG,SIMON PROPERTY GROUP INC NEW,6798.0
82880610,109.95,111.3,2022-06-03,,328639.0,SPG,SIMON PROPERTY GROUP INC NEW,6798.0
82880610,109.62,110.75,2022-06-06,,328639.0,SPG,SIMON PROPERTY GROUP INC NEW,6798.0
82880610,112.28,108.84,2022-06-07,,328639.0,SPG,SIMON PROPERTY GROUP INC NEW,6798.0
82880610,107.87,109.19,2022-06-08,,328639.0,SPG,SIMON PROPERTY GROUP INC NEW,6798.0
82880610,103.87,107.3,2022-06-09,,328639.0,SPG,SIMON PROPERTY GROUP INC NEW,6798.0
82880610,101.26,102.22,2022-06-10,,328639.0,SPG,SIMON PROPERTY GROUP INC NEW,6798.0
82880610,97.15,98.3,2022-06-13,,328639.0,SPG,SIMON PROPERTY GROUP INC NEW,6798.0
82880610,96.51,97.25,2022-06-14,,328639.0,SPG,SIMON PROPERTY GROUP INC NEW,6798.0
82880610,97.5,97.52,2022-06-15,,328639.0,SPG,SIMON PROPERTY GROUP INC NEW,6798.0
82880610,94.62,95.3,2022-06-16,,328639.0,SPG,SIMON PROPERTY GROUP INC NEW,6798.0
82880610,95.69,95.64,2022-06-17,,328639.0,SPG,SIMON PROPERTY GROUP INC NEW,6798.0
82880610,96.59,97.69,2022-06-21,,328639.0,SPG,SIMON PROPERTY GROUP INC NEW,6798.0
82880610,95.95,95.14,2022-06-22,,328639.0,SPG,SIMON PROPERTY GROUP INC NEW,6798.0
82880610,96.7,96.09,2022-06-23,,328639.0,SPG,SIMON PROPERTY GROUP INC NEW,6798.0
82880610,99.62,97.92,2022-06-24,,328639.0,SPG,SIMON PROPERTY GROUP INC NEW,6798.0
82880610,100.12,99.94,2022-06-27,,328639.0,SPG,SIMON PROPERTY GROUP INC NEW,6798.0
82880610,99.25,101.43,2022-06-28,,328639.0,SPG,SIMON PROPERTY GROUP INC NEW,6798.0
82880610,97.26,98.7,2022-06-29,,328639.0,SPG,SIMON PROPERTY GROUP INC NEW,6798.0
82880610,94.92,95.0,2022-06-30,,328639.0,SPG,SIMON PROPERTY GROUP INC NEW,6798.0
82880610,95.68,94.35,2022-07-01,,328639.0,SPG,SIMON PROPERTY GROUP INC NEW,6798.0
82880610,97.57,95.07,2022-07-05,,328639.0,SPG,SIMON PROPERTY GROUP INC NEW,6798.0
82880610,96.42,97.72,2022-07-06,,328639.0,SPG,SIMON PROPERTY GROUP INC NEW,6798.0
82880610,97.88,97.04,2022-07-07,,328639.0,SPG,SIMON PROPERTY GROUP INC NEW,6798.0
82880610,97.69,98.0,2022-07-08,,328639.0,SPG,SIMON PROPERTY GROUP INC NEW,6798.0
82880610,97.22,96.98,2022-07-11,,328639.0,SPG,SIMON PROPERTY GROUP INC NEW,6798.0
82880610,97.6,97.2,2022-07-12,,328639.0,SPG,SIMON PROPERTY GROUP INC NEW,6798.0
82880610,95.56,96.02,2022-07-13,,328639.0,SPG,SIMON PROPERTY GROUP INC NEW,6798.0
82880610,94.0,94.01,2022-07-14,,328639.0,SPG,SIMON PROPERTY GROUP INC NEW,6798.0
82880610,96.36,95.92,2022-07-15,,328639.0,SPG,SIMON PROPERTY GROUP INC NEW,6798.0
82880610,98.64,97.31,2022-07-18,,328639.0,SPG,SIMON PROPERTY GROUP INC NEW,6798.0
82880610,102.27,99.95,2022-07-19,,328639.0,SPG,SIMON PROPERTY GROUP INC NEW,6798.0
82880610,103.45,101.83,2022-07-20,,328639.0,SPG,SIMON PROPERTY GROUP INC NEW,6798.0
82880610,104.24,102.44,2022-07-21,,328639.0,SPG,SIMON PROPERTY GROUP INC NEW,6798.0
82880610,103.68,105.02,2022-07-22,,328639.0,SPG,SIMON PROPERTY GROUP INC NEW,6798.0
82880610,104.03,103.71,2022-07-25,,328639.0,SPG,SIMON PROPERTY GROUP INC NEW,6798.0
82880610,102.58,103.0,2022-07-26,,328639.0,SPG,SIMON PROPERTY GROUP INC NEW,6798.0
82880610,104.12,102.98,2022-07-27,,328639.0,SPG,SIMON PROPERTY GROUP INC NEW,6798.0
82880610,107.46,104.92,2022-07-28,,328639.0,SPG,SIMON PROPERTY GROUP INC NEW,6798.0
82880610,108.64,107.71,2022-07-29,,328639.0,SPG,SIMON PROPERTY GROUP INC NEW,6798.0
82880610,108.63,107.93,2022-08-01,,328639.0,SPG,SIMON PROPERTY GROUP INC NEW,6798.0
82880610,105.48,109.88,2022-08-02,,328639.0,SPG,SIMON PROPERTY GROUP INC NEW,6798.0
82880610,106.93,106.68,2022-08-03,,328639.0,SPG,SIMON PROPERTY GROUP INC NEW,6798.0
82880610,105.82,106.49,2022-08-04,,328639.0,SPG,SIMON PROPERTY GROUP INC NEW,6798.0
82880610,106.5,105.19,2022-08-05,,328639.0,SPG,SIMON PROPERTY GROUP INC NEW,6798.0
82880610,108.84,107.61,2022-08-08,,328639.0,SPG,SIMON PROPERTY GROUP INC NEW,6798.0
82880610,108.01,108.7,2022-08-09,,328639.0,SPG,SIMON PROPERTY GROUP INC NEW,6798.0
82880610,111.38,110.51,2022-08-10,,328639.0,SPG,SIMON PROPERTY GROUP INC NEW,6798.0
82880610,114.07,112.77,2022-08-11,,328639.0,SPG,SIMON PROPERTY GROUP INC NEW,6798.0
82880610,115.85,114.82,2022-08-12,,328639.0,SPG,SIMON PROPERTY GROUP INC NEW,6798.0
82880610,113.25,115.23,2022-08-15,,328639.0,SPG,SIMON PROPERTY GROUP INC NEW,6798.0
82880610,114.52,112.62,2022-08-16,,328639.0,SPG,SIMON PROPERTY GROUP INC NEW,6798.0
82880610,112.84,112.8,2022-08-17,,328639.0,SPG,SIMON PROPERTY GROUP INC NEW,6798.0
82880610,113.33,112.84,2022-08-18,,328639.0,SPG,SIMON PROPERTY GROUP INC NEW,6798.0
82880610,111.01,112.61,2022-08-19,,328639.0,SPG,SIMON PROPERTY GROUP INC NEW,6798.0
82880610,106.74,109.48,2022-08-22,,328639.0,SPG,SIMON PROPERTY GROUP INC NEW,6798.0
82880610,106.84,107.15,2022-08-23,,328639.0,SPG,SIMON PROPERTY GROUP INC NEW,6798.0
82880610,106.68,106.61,2022-08-24,,328639.0,SPG,SIMON PROPERTY GROUP INC NEW,6798.0
82880610,108.24,107.16,2022-08-25,,328639.0,SPG,SIMON PROPERTY GROUP INC NEW,6798.0
82880610,104.85,108.5,2022-08-26,,328639.0,SPG,SIMON PROPERTY GROUP INC NEW,6798.0
82880610,103.65,103.92,2022-08-29,,328639.0,SPG,SIMON PROPERTY GROUP INC NEW,6798.0
82880610,103.79,104.05,2022-08-30,,328639.0,SPG,SIMON PROPERTY GROUP INC NEW,6798.0
82880610,101.98,104.38,2022-08-31,,327352.0,SPG,SIMON PROPERTY GROUP INC NEW,6798.0
82880610,101.33,101.19,2022-09-01,,327352.0,SPG,SIMON PROPERTY GROUP INC NEW,6798.0
82880610,100.53,102.92,2022-09-02,,327352.0,SPG,SIMON PROPERTY GROUP INC NEW,6798.0
82880610,101.04,101.35,2022-09-06,,327352.0,SPG,SIMON PROPERTY GROUP INC NEW,6798.0
82880610,103.46,101.31,2022-09-07,,327352.0,SPG,SIMON PROPERTY GROUP INC NEW,6798.0
82880610,102.54,100.7,2022-09-08,,327352.0,SPG,SIMON PROPERTY GROUP INC NEW,6798.0
82880610,103.77,103.45,2022-09-09,,327352.0,SPG,SIMON PROPERTY GROUP INC NEW,6798.0
82880610,105.25,104.73,2022-09-12,,327352.0,SPG,SIMON PROPERTY GROUP INC NEW,6798.0
82880610,100.41,102.15,2022-09-13,,327352.0,SPG,SIMON PROPERTY GROUP INC NEW,6798.0
82880610,100.03,99.89,2022-09-14,,327352.0,SPG,SIMON PROPERTY GROUP INC NEW,6798.0
82880610,99.54,100.54,2022-09-15,,327352.0,SPG,SIMON PROPERTY GROUP INC NEW,6798.0
82880610,99.7,99.22,2022-09-16,,327352.0,SPG,SIMON PROPERTY GROUP INC NEW,6798.0
82880610,100.28,98.31,2022-09-19,,327352.0,SPG,SIMON PROPERTY GROUP INC NEW,6798.0
82880610,98.32,99.04,2022-09-20,,327352.0,SPG,SIMON PROPERTY GROUP INC NEW,6798.0
82880610,95.65,99.5,2022-09-21,,327352.0,SPG,SIMON PROPERTY GROUP INC NEW,6798.0
82880610,92.18,95.59,2022-09-22,,327352.0,SPG,SIMON PROPERTY GROUP INC NEW,6798.0
82880610,90.18,90.76,2022-09-23,,327352.0,SPG,SIMON PROPERTY GROUP INC NEW,6798.0
82880610,87.36,89.39,2022-09-26,,327352.0,SPG,SIMON PROPERTY GROUP INC NEW,6798.0
82880610,89.03,88.4,2022-09-27,,327352.0,SPG,SIMON PROPERTY GROUP INC NEW,6798.0
82880610,92.53,90.53,2022-09-28,,327352.0,SPG,SIMON PROPERTY GROUP INC NEW,6798.0
82880610,89.13,91.25,2022-09-29,,327352.0,SPG,SIMON PROPERTY GROUP INC NEW,6798.0
82880610,89.75,89.65,2022-09-30,,327352.0,SPG,SIMON PROPERTY GROUP INC NEW,6798.0
82880610,90.98,91.54,2022-10-03,,327352.0,SPG,SIMON PROPERTY GROUP INC NEW,6798.0
82880610,95.87,92.33,2022-10-04,,327352.0,SPG,SIMON PROPERTY GROUP INC NEW,6798.0
82880610,95.77,93.27,2022-10-05,,327352.0,SPG,SIMON PROPERTY GROUP INC NEW,6798.0
82880610,94.68,95.23,2022-10-06,,327352.0,SPG,SIMON PROPERTY GROUP INC NEW,6798.0
82880610,92.54,93.48,2022-10-07,,327352.0,SPG,SIMON PROPERTY GROUP INC NEW,6798.0
82880610,92.53,93.44,2022-10-10,,327352.0,SPG,SIMON PROPERTY GROUP INC NEW,6798.0
82880610,94.82,92.72,2022-10-11,,327352.0,SPG,SIMON PROPERTY GROUP INC NEW,6798.0
82880610,93.68,94.52,2022-10-12,,327352.0,SPG,SIMON PROPERTY GROUP INC NEW,6798.0
82880610,95.83,91.82,2022-10-13,,327352.0,SPG,SIMON PROPERTY GROUP INC NEW,6798.0
82880610,95.86,97.02,2022-10-14,,327352.0,SPG,SIMON PROPERTY GROUP INC NEW,6798.0
82880610,99.15,98.0,2022-10-17,,327352.0,SPG,SIMON PROPERTY GROUP INC NEW,6798.0
82880610,98.66,100.15,2022-10-18,,327352.0,SPG,SIMON PROPERTY GROUP INC NEW,6798.0
82880610,98.03,97.89,2022-10-19,,327352.0,SPG,SIMON PROPERTY GROUP INC NEW,6798.0
82880610,98.31,98.84,2022-10-20,,327352.0,SPG,SIMON PROPERTY GROUP INC NEW,6798.0
82880610,101.04,98.12,2022-10-21,,327352.0,SPG,SIMON PROPERTY GROUP INC NEW,6798.0
82880610,102.39,101.555,2022-10-24,,327352.0,SPG,SIMON PROPERTY GROUP INC NEW,6798.0
82880610,105.84,102.76,2022-10-25,,327352.0,SPG,SIMON PROPERTY GROUP INC NEW,6798.0
82880610,105.53,105.74,2022-10-26,,327352.0,SPG,SIMON PROPERTY GROUP INC NEW,6798.0
82880610,106.39,106.9,2022-10-27,,327352.0,SPG,SIMON PROPERTY GROUP INC NEW,6798.0
82880610,108.96,105.94,2022-10-28,,327352.0,SPG,SIMON PROPERTY GROUP INC NEW,6798.0
82880610,108.98,107.86,2022-10-31,,327352.0,SPG,SIMON PROPERTY GROUP INC NEW,6798.0
82880610,113.84,110.0,2022-11-01,,327352.0,SPG,SIMON PROPERTY GROUP INC NEW,6798.0
82880610,111.61,113.42,2022-11-02,,327352.0,SPG,SIMON PROPERTY GROUP INC NEW,6798.0
82880610,112.58,110.19,2022-11-03,,327352.0,SPG,SIMON PROPERTY GROUP INC NEW,6798.0
82880610,115.57,114.15,2022-11-04,,327352.0,SPG,SIMON PROPERTY GROUP INC NEW,6798.0
82880610,116.87,116.5,2022-11-07,,327352.0,SPG,SIMON PROPERTY GROUP INC NEW,6798.0
82880610,115.42,116.86,2022-11-08,,327352.0,SPG,SIMON PROPERTY GROUP INC NEW,6798.0
82880610,112.92,114.6,2022-11-09,,327352.0,SPG,SIMON PROPERTY GROUP INC NEW,6798.0
82880610,120.04,117.73,2022-11-10,,327352.0,SPG,SIMON PROPERTY GROUP INC NEW,6798.0
82880610,120.2,120.11,2022-11-11,,327352.0,SPG,SIMON PROPERTY GROUP INC NEW,6798.0
82880610,117.53,118.95,2022-11-14,,327352.0,SPG,SIMON PROPERTY GROUP INC NEW,6798.0
82880610,120.16,119.51,2022-11-15,,327352.0,SPG,SIMON PROPERTY GROUP INC NEW,6798.0
82880610,115.59,118.99,2022-11-16,,327352.0,SPG,SIMON PROPERTY GROUP INC NEW,6798.0
82880610,115.79,113.98,2022-11-17,,327352.0,SPG,SIMON PROPERTY GROUP INC NEW,6798.0
82880610,117.9,118.0,2022-11-18,,327352.0,SPG,SIMON PROPERTY GROUP INC NEW,6798.0
82880610,117.18,117.14,2022-11-21,,327352.0,SPG,SIMON PROPERTY GROUP INC NEW,6798.0
82880610,119.38,117.93,2022-11-22,,327352.0,SPG,SIMON PROPERTY GROUP INC NEW,6798.0
82880610,119.61,119.0,2022-11-23,,327352.0,SPG,SIMON PROPERTY GROUP INC NEW,6798.0
82880610,120.7,119.97,2022-11-25,,327352.0,SPG,SIMON PROPERTY GROUP INC NEW,6798.0
82880610,115.76,119.8,2022-11-28,,327352.0,SPG,SIMON PROPERTY GROUP INC NEW,6798.0
82880610,117.46,116.12,2022-11-29,,327352.0,SPG,SIMON PROPERTY GROUP INC NEW,6798.0
82880610,119.44,117.34,2022-11-30,,326946.0,SPG,SIMON PROPERTY GROUP INC NEW,6798.0
82880610,119.01,120.18,2022-12-01,,326946.0,SPG,SIMON PROPERTY GROUP INC NEW,6798.0
82880610,119.34,117.61,2022-12-02,,326946.0,SPG,SIMON PROPERTY GROUP INC NEW,6798.0
82880610,117.69,118.48,2022-12-05,,326946.0,SPG,SIMON PROPERTY GROUP INC NEW,6798.0
82880610,118.26,118.15,2022-12-06,,326946.0,SPG,SIMON PROPERTY GROUP INC NEW,6798.0
82880610,119.05,117.61,2022-12-07,,326946.0,SPG,SIMON PROPERTY GROUP INC NEW,6798.0
82880610,117.12,118.47,2022-12-08,,326946.0,SPG,SIMON PROPERTY GROUP INC NEW,6798.0
82880610,116.75,116.8,2022-12-09,,326946.0,SPG,SIMON PROPERTY GROUP INC NEW,6798.0
82880610,118.62,116.75,2022-12-12,,326946.0,SPG,SIMON PROPERTY GROUP INC NEW,6798.0
82880610,120.24,120.46,2022-12-13,,326946.0,SPG,SIMON PROPERTY GROUP INC NEW,6798.0
82880610,119.71,120.38,2022-12-14,,326946.0,SPG,SIMON PROPERTY GROUP INC NEW,6798.0
82880610,118.21,118.31,2022-12-15,,326946.0,SPG,SIMON PROPERTY GROUP INC NEW,6798.0
82880610,116.32,116.08,2022-12-16,,326946.0,SPG,SIMON PROPERTY GROUP INC NEW,6798.0
82880610,115.62,116.17,2022-12-19,,326946.0,SPG,SIMON PROPERTY GROUP INC NEW,6798.0
82880610,115.66,115.0,2022-12-20,,326946.0,SPG,SIMON PROPERTY GROUP INC NEW,6798.0
82880610,116.55,117.0,2022-12-21,,326946.0,SPG,SIMON PROPERTY GROUP INC NEW,6798.0
82880610,116.36,115.48,2022-12-22,,326946.0,SPG,SIMON PROPERTY GROUP INC NEW,6798.0
82880610,117.91,116.18,2022-12-23,,326946.0,SPG,SIMON PROPERTY GROUP INC NEW,6798.0
82880610,118.1,118.06,2022-12-27,,326946.0,SPG,SIMON PROPERTY GROUP INC NEW,6798.0
82880610,115.06,118.34,2022-12-28,,326946.0,SPG,SIMON PROPERTY GROUP INC NEW,6798.0
82880610,117.32,115.95,2022-12-29,,326946.0,SPG,SIMON PROPERTY GROUP INC NEW,6798.0
82880610,117.48,116.56,2022-12-30,,326946.0,SPG,SIMON PROPERTY GROUP INC NEW,6798.0
82880610,117.54,118.13,2023-01-03,,326946.0,SPG,SIMON PROPERTY GROUP INC NEW,6798.0
82880610,121.16,118.82,2023-01-04,,326946.0,SPG,SIMON PROPERTY GROUP INC NEW,6798.0
82880610,117.42,119.6,2023-01-05,,326946.0,SPG,SIMON PROPERTY GROUP INC NEW,6798.0
82880610,118.87,117.82,2023-01-06,,326946.0,SPG,SIMON PROPERTY GROUP INC NEW,6798.0
82880610,118.32,118.83,2023-01-09,,326946.0,SPG,SIMON PROPERTY GROUP INC NEW,6798.0
82880610,116.85,117.61,2023-01-10,,326946.0,SPG,SIMON PROPERTY GROUP INC NEW,6798.0
82880610,121.36,117.8,2023-01-11,,326946.0,SPG,SIMON PROPERTY GROUP INC NEW,6798.0
82880610,125.99,122.0,2023-01-12,,326946.0,SPG,SIMON PROPERTY GROUP INC NEW,6798.0
82880610,125.57,124.31,2023-01-13,,326946.0,SPG,SIMON PROPERTY GROUP INC NEW,6798.0
82880610,125.02,125.0,2023-01-17,,326946.0,SPG,SIMON PROPERTY GROUP INC NEW,6798.0
82880610,122.25,125.61,2023-01-18,,326946.0,SPG,SIMON PROPERTY GROUP INC NEW,6798.0
82880610,120.93,121.09,2023-01-19,,326946.0,SPG,SIMON PROPERTY GROUP INC NEW,6798.0
82880610,123.65,121.68,2023-01-20,,326946.0,SPG,SIMON PROPERTY GROUP INC NEW,6798.0
82880610,124.97,123.86,2023-01-23,,326946.0,SPG,SIMON PROPERTY GROUP INC NEW,6798.0
82880610,125.45,124.93,2023-01-24,,326946.0,SPG,SIMON PROPERTY GROUP INC NEW,6798.0
82880610,125.19,125.0,2023-01-25,,326946.0,SPG,SIMON PROPERTY GROUP INC NEW,6798.0
82880610,126.33,125.95,2023-01-26,,326946.0,SPG,SIMON PROPERTY GROUP INC NEW,6798.0
82880610,128.61,126.34,2023-01-27,,326946.0,SPG,SIMON PROPERTY GROUP INC NEW,6798.0
82880610,125.95,127.46,2023-01-30,,326946.0,SPG,SIMON PROPERTY GROUP INC NEW,6798.0
82880610,128.46001,126.13,2023-01-31,,326946.0,SPG,SIMON PROPERTY GROUP INC NEW,6798.0
82880610,128.92999,127.9,2023-02-01,,326946.0,SPG,SIMON PROPERTY GROUP INC NEW,6798.0
82880610,131.78999,130.0,2023-02-02,,326946.0,SPG,SIMON PROPERTY GROUP INC NEW,6798.0
82880610,129.81,130.00999,2023-02-03,,326946.0,SPG,SIMON PROPERTY GROUP INC NEW,6798.0
82880610,128.64,128.44,2023-02-06,,326946.0,SPG,SIMON PROPERTY GROUP INC NEW,6798.0
82880610,125.9,127.85,2023-02-07,,326946.0,SPG,SIMON PROPERTY GROUP INC NEW,6798.0
82880610,124.24,125.1,2023-02-08,,326946.0,SPG,SIMON PROPERTY GROUP INC NEW,6798.0
82880610,124.41,125.38,2023-02-09,,326946.0,SPG,SIMON PROPERTY GROUP INC NEW,6798.0
82880610,124.35,123.6,2023-02-10,,326946.0,SPG,SIMON PROPERTY GROUP INC NEW,6798.0
82880610,125.78,124.5,2023-02-13,,326946.0,SPG,SIMON PROPERTY GROUP INC NEW,6798.0
82880610,125.41,125.31,2023-02-14,,326946.0,SPG,SIMON PROPERTY GROUP INC NEW,6798.0
82880610,125.52,124.13,2023-02-15,,326946.0,SPG,SIMON PROPERTY GROUP INC NEW,6798.0
82880610,124.35,124.01,2023-02-16,,326946.0,SPG,SIMON PROPERTY GROUP INC NEW,6798.0
82880610,123.66,124.09,2023-02-17,,326946.0,SPG,SIMON PROPERTY GROUP INC NEW,6798.0
82880610,120.62,122.22,2023-02-21,,326946.0,SPG,SIMON PROPERTY GROUP INC NEW,6798.0
82880610,121.1,121.25,2023-02-22,,326946.0,SPG,SIMON PROPERTY GROUP INC NEW,6798.0
82880610,122.3,122.28,2023-02-23,,326946.0,SPG,SIMON PROPERTY GROUP INC NEW,6798.0
82880610,121.83,120.55,2023-02-24,,326946.0,SPG,SIMON PROPERTY GROUP INC NEW,6798.0
82880610,122.51,123.42,2023-02-27,,326946.0,SPG,SIMON PROPERTY GROUP INC NEW,6798.0
82880610,122.09,122.57,2023-02-28,,326923.0,SPG,SIMON PROPERTY GROUP INC NEW,6798.0
82880610,121.25,122.14,2023-03-01,,326923.0,SPG,SIMON PROPERTY GROUP INC NEW,6798.0
82880610,122.85,120.46,2023-03-02,,326923.0,SPG,SIMON PROPERTY GROUP INC NEW,6798.0
82880610,124.08,123.76,2023-03-03,,326923.0,SPG,SIMON PROPERTY GROUP INC NEW,6798.0
82880610,123.85,124.44,2023-03-06,,326923.0,SPG,SIMON PROPERTY GROUP INC NEW,6798.0
82880610,120.61,123.78,2023-03-07,,326923.0,SPG,SIMON PROPERTY GROUP INC NEW,6798.0
82880610,122.18,120.88,2023-03-08,,326923.0,SPG,SIMON PROPERTY GROUP INC NEW,6798.0
82880610,117.3,120.5,2023-03-09,,326923.0,SPG,SIMON PROPERTY GROUP INC NEW,6798.0
82880610,111.5,117.0,2023-03-10,,326923.0,SPG,SIMON PROPERTY GROUP INC NEW,6798.0
82880610,111.42,109.89,2023-03-13,,326923.0,SPG,SIMON PROPERTY GROUP INC NEW,6798.0
82880610,112.2,114.03,2023-03-14,,326923.0,SPG,SIMON PROPERTY GROUP INC NEW,6798.0
82880610,109.69,109.93,2023-03-15,,326923.0,SPG,SIMON PROPERTY GROUP INC NEW,6798.0
82880610,109.2,108.24,2023-03-16,,326923.0,SPG,SIMON PROPERTY GROUP INC NEW,6798.0
82880610,104.31,108.26,2023-03-17,,326923.0,SPG,SIMON PROPERTY GROUP INC NEW,6798.0
82880610,107.12,105.23,2023-03-20,,326923.0,SPG,SIMON PROPERTY GROUP INC NEW,6798.0
82880610,109.12,108.78,2023-03-21,,326923.0,SPG,SIMON PROPERTY GROUP INC NEW,6798.0
82880610,104.31,108.09,2023-03-22,,326923.0,SPG,SIMON PROPERTY GROUP INC NEW,6798.0
82880610,102.38,104.7,2023-03-23,,326923.0,SPG,SIMON PROPERTY GROUP INC NEW,6798.0
82880610,103.48,101.36,2023-03-24,,326923.0,SPG,SIMON PROPERTY GROUP INC NEW,6798.0
82880610,103.3,105.0,2023-03-27,,326923.0,SPG,SIMON PROPERTY GROUP INC NEW,6798.0
82880610,104.15,102.93,2023-03-28,,326923.0,SPG,SIMON PROPERTY GROUP INC NEW,6798.0
82880610,106.59,105.93,2023-03-29,,326923.0,SPG,SIMON PROPERTY GROUP INC NEW,6798.0
82880610,107.56,107.95,2023-03-30,,326923.0,SPG,SIMON PROPERTY GROUP INC NEW,6798.0
82880610,111.97,108.21,2023-03-31,,326923.0,SPG,SIMON PROPERTY GROUP INC NEW,6798.0
82880610,112.42,112.52,2023-04-03,,326923.0,SPG,SIMON PROPERTY GROUP INC NEW,6798.0
82880610,111.31,112.6,2023-04-04,,326923.0,SPG,SIMON PROPERTY GROUP INC NEW,6798.0
82880610,109.95,110.53,2023-04-05,,326923.0,SPG,SIMON PROPERTY GROUP INC NEW,6798.0
82880610,109.77,110.31,2023-04-06,,326923.0,SPG,SIMON PROPERTY GROUP INC NEW,6798.0
82880610,109.56,109.48,2023-04-10,,326923.0,SPG,SIMON PROPERTY GROUP INC NEW,6798.0
82880610,110.16,110.41,2023-04-11,,326923.0,SPG,SIMON PROPERTY GROUP INC NEW,6798.0
82880610,109.51,111.4,2023-04-12,,326923.0,SPG,SIMON PROPERTY GROUP INC NEW,6798.0
82880610,108.94,109.34,2023-04-13,,326923.0,SPG,SIMON PROPERTY GROUP INC NEW,6798.0
82880610,107.56,109.57,2023-04-14,,326923.0,SPG,SIMON PROPERTY GROUP INC NEW,6798.0
82880610,111.35,108.02,2023-04-17,,326923.0,SPG,SIMON PROPERTY GROUP INC NEW,6798.0
82880610,111.3,111.69,2023-04-18,,326923.0,SPG,SIMON PROPERTY GROUP INC NEW,6798.0
82880610,112.06,110.31,2023-04-19,,326923.0,SPG,SIMON PROPERTY GROUP INC NEW,6798.0
82880610,110.77,111.16,2023-04-20,,326923.0,SPG,SIMON PROPERTY GROUP INC NEW,6798.0
82880610,110.66,111.18,2023-04-21,,326923.0,SPG,SIMON PROPERTY GROUP INC NEW,6798.0
82880610,110.23,110.78,2023-04-24,,326923.0,SPG,SIMON PROPERTY GROUP INC NEW,6798.0
82880610,109.22,109.28,2023-04-25,,326923.0,SPG,SIMON PROPERTY GROUP INC NEW,6798.0
82880610,108.34,109.24,2023-04-26,,326923.0,SPG,SIMON PROPERTY GROUP INC NEW,6798.0
82880610,110.6,108.67,2023-04-27,,326923.0,SPG,SIMON PROPERTY GROUP INC NEW,6798.0
82880610,113.32,110.54,2023-04-28,,326923.0,SPG,SIMON PROPERTY GROUP INC NEW,6798.0
82880610,113.49,113.0,2023-05-01,,326923.0,SPG,SIMON PROPERTY GROUP INC NEW,6798.0
82880610,112.05,112.51,2023-05-02,,326923.0,SPG,SIMON PROPERTY GROUP INC NEW,6798.0
82880610,107.59,113.0,2023-05-03,,326923.0,SPG,SIMON PROPERTY GROUP INC NEW,6798.0
82880610,107.85,107.4,2023-05-04,,326923.0,SPG,SIMON PROPERTY GROUP INC NEW,6798.0
82880610,109.55,109.35,2023-05-05,,326923.0,SPG,SIMON PROPERTY GROUP INC NEW,6798.0
82880610,108.0,109.25,2023-05-08,,326923.0,SPG,SIMON PROPERTY GROUP INC NEW,6798.0
82880610,106.49,107.3,2023-05-09,,326923.0,SPG,SIMON PROPERTY GROUP INC NEW,6798.0
82880610,106.53,107.29,2023-05-10,,326923.0,SPG,SIMON PROPERTY GROUP INC NEW,6798.0
82880610,106.25,105.45,2023-05-11,,326923.0,SPG,SIMON PROPERTY GROUP INC NEW,6798.0
82880610,106.35,106.42,2023-05-12,,326923.0,SPG,SIMON PROPERTY GROUP INC NEW,6798.0
82880610,106.93,106.62,2023-05-15,,326923.0,SPG,SIMON PROPERTY GROUP INC NEW,6798.0
82880610,103.73,106.88,2023-05-16,,326923.0,SPG,SIMON PROPERTY GROUP INC NEW,6798.0
82880610,106.3,104.83,2023-05-17,,326923.0,SPG,SIMON PROPERTY GROUP INC NEW,6798.0
82880610,105.54,105.99,2023-05-18,,326923.0,SPG,SIMON PROPERTY GROUP INC NEW,6798.0
82880610,105.36,106.515,2023-05-19,,326923.0,SPG,SIMON PROPERTY GROUP INC NEW,6798.0
82880610,105.98,105.15,2023-05-22,,326923.0,SPG,SIMON PROPERTY GROUP INC NEW,6798.0
82880610,104.13,106.05,2023-05-23,,326923.0,SPG,SIMON PROPERTY GROUP INC NEW,6798.0
82880610,102.16,103.5,2023-05-24,,326923.0,SPG,SIMON PROPERTY GROUP INC NEW,6798.0
82880610,101.25,102.13,2023-05-25,,326923.0,SPG,SIMON PROPERTY GROUP INC NEW,6798.0
82880610,102.36,101.4,2023-05-26,,326923.0,SPG,SIMON PROPERTY GROUP INC NEW,6798.0
82880610,103.51,102.98,2023-05-30,,326923.0,SPG,SIMON PROPERTY GROUP INC NEW,6798.0
82880610,105.15,103.45,2023-05-31,,326988.0,SPG,SIMON PROPERTY GROUP INC NEW,6798.0
82880610,103.4,105.23,2023-06-01,,326988.0,SPG,SIMON PROPERTY GROUP INC NEW,6798.0
82880610,106.51,105.06,2023-06-02,,326988.0,SPG,SIMON PROPERTY GROUP INC NEW,6798.0
82880610,106.55,106.71,2023-06-05,,326988.0,SPG,SIMON PROPERTY GROUP INC NEW,6798.0
82880610,109.17,106.7,2023-06-06,,326988.0,SPG,SIMON PROPERTY GROUP INC NEW,6798.0
82880610,112.7,109.99,2023-06-07,,326988.0,SPG,SIMON PROPERTY GROUP INC NEW,6798.0
82880610,109.71,110.11,2023-06-08,,326988.0,SPG,SIMON PROPERTY GROUP INC NEW,6798.0
82880610,110.7,109.69,2023-06-09,,326988.0,SPG,SIMON PROPERTY GROUP INC NEW,6798.0
82880610,109.96,111.0,2023-06-12,,326988.0,SPG,SIMON PROPERTY GROUP INC NEW,6798.0
82880610,110.96,110.12,2023-06-13,,326988.0,SPG,SIMON PROPERTY GROUP INC NEW,6798.0
82880610,110.9,111.78,2023-06-14,,326988.0,SPG,SIMON PROPERTY GROUP INC NEW,6798.0
82880610,110.92,110.48,2023-06-15,,326988.0,SPG,SIMON PROPERTY GROUP INC NEW,6798.0
82880610,112.79,112.23,2023-06-16,,326988.0,SPG,SIMON PROPERTY GROUP INC NEW,6798.0
82880610,110.73,112.48,2023-06-20,,326988.0,SPG,SIMON PROPERTY GROUP INC NEW,6798.0
82880610,110.73,110.24,2023-06-21,,326988.0,SPG,SIMON PROPERTY GROUP INC NEW,6798.0
82880610,109.08,110.77,2023-06-22,,326988.0,SPG,SIMON PROPERTY GROUP INC NEW,6798.0
82880610,107.74,108.0,2023-06-23,,326988.0,SPG,SIMON PROPERTY GROUP INC NEW,6798.0
82880610,111.07,107.56,2023-06-26,,326988.0,SPG,SIMON PROPERTY GROUP INC NEW,6798.0
82880610,113.07,111.045,2023-06-27,,326988.0,SPG,SIMON PROPERTY GROUP INC NEW,6798.0
82880610,112.79,113.19,2023-06-28,,326988.0,SPG,SIMON PROPERTY GROUP INC NEW,6798.0
82880610,114.76,112.32,2023-06-29,,326988.0,SPG,SIMON PROPERTY GROUP INC NEW,6798.0
82880610,115.48,116.24,2023-06-30,,326988.0,SPG,SIMON PROPERTY GROUP INC NEW,6798.0
82880610,117.04,115.09,2023-07-03,,326988.0,SPG,SIMON PROPERTY GROUP INC NEW,6798.0
82880610,118.21,116.35,2023-07-05,,326988.0,SPG,SIMON PROPERTY GROUP INC NEW,6798.0
82880610,119.1,117.64,2023-07-06,,326988.0,SPG,SIMON PROPERTY GROUP INC NEW,6798.0
82880610,118.55,118.09,2023-07-07,,326988.0,SPG,SIMON PROPERTY GROUP INC NEW,6798.0
82880610,120.95,118.68,2023-07-10,,326988.0,SPG,SIMON PROPERTY GROUP INC NEW,6798.0
82880610,123.01,121.53,2023-07-11,,326988.0,SPG,SIMON PROPERTY GROUP INC NEW,6798.0
82880610,122.44,124.39,2023-07-12,,326988.0,SPG,SIMON PROPERTY GROUP INC NEW,6798.0
82880610,121.84,122.42,2023-07-13,,326988.0,SPG,SIMON PROPERTY GROUP INC NEW,6798.0
82880610,121.28,121.51,2023-07-14,,326988.0,SPG,SIMON PROPERTY GROUP INC NEW,6798.0
82880610,121.65,120.31,2023-07-17,,326988.0,SPG,SIMON PROPERTY GROUP INC NEW,6798.0
82880610,121.52,121.13,2023-07-18,,326988.0,SPG,SIMON PROPERTY GROUP INC NEW,6798.0
82880610,123.41,122.0,2023-07-19,,326988.0,SPG,SIMON PROPERTY GROUP INC NEW,6798.0
82880610,123.75,123.34,2023-07-20,,326988.0,SPG,SIMON PROPERTY GROUP INC NEW,6798.0
82880610,123.65,124.17,2023-07-21,,326988.0,SPG,SIMON PROPERTY GROUP INC NEW,6798.0
82880610,124.41,123.68,2023-07-24,,326988.0,SPG,SIMON PROPERTY GROUP INC NEW,6798.0
82880610,123.69,124.92,2023-07-25,,326988.0,SPG,SIMON PROPERTY GROUP INC NEW,6798.0
82880610,124.17,123.46,2023-07-26,,326988.0,SPG,SIMON PROPERTY GROUP INC NEW,6798.0
82880610,123.0,124.97,2023-07-27,,326988.0,SPG,SIMON PROPERTY GROUP INC NEW,6798.0
82880610,124.48,124.26,2023-07-28,,326988.0,SPG,SIMON PROPERTY GROUP INC NEW,6798.0
82880610,124.6,124.48,2023-07-31,,326988.0,SPG,SIMON PROPERTY GROUP INC NEW,6798.0
82880610,125.44,124.44,2023-08-01,,326988.0,SPG,SIMON PROPERTY GROUP INC NEW,6798.0
82880610,124.06,124.21,2023-08-02,,326988.0,SPG,SIMON PROPERTY GROUP INC NEW,6798.0
82880610,118.37,118.63,2023-08-03,,326988.0,SPG,SIMON PROPERTY GROUP INC NEW,6798.0
82880610,118.29,118.79,2023-08-04,,326988.0,SPG,SIMON PROPERTY GROUP INC NEW,6798.0
82880610,119.66,118.53,2023-08-07,,326988.0,SPG,SIMON PROPERTY GROUP INC NEW,6798.0
82880610,119.0,118.57,2023-08-08,,326988.0,SPG,SIMON PROPERTY GROUP INC NEW,6798.0
82880610,118.8,118.83,2023-08-09,,326988.0,SPG,SIMON PROPERTY GROUP INC NEW,6798.0
82880610,118.85,119.55,2023-08-10,,326988.0,SPG,SIMON PROPERTY GROUP INC NEW,6798.0
82880610,118.87,117.84,2023-08-11,,326988.0,SPG,SIMON PROPERTY GROUP INC NEW,6798.0
82880610,119.02,118.24,2023-08-14,,326988.0,SPG,SIMON PROPERTY GROUP INC NEW,6798.0
82880610,117.87,117.76,2023-08-15,,326988.0,SPG,SIMON PROPERTY GROUP INC NEW,6798.0
82880610,115.61,117.92,2023-08-16,,326988.0,SPG,SIMON PROPERTY GROUP INC NEW,6798.0
82880610,114.15,115.88,2023-08-17,,326988.0,SPG,SIMON PROPERTY GROUP INC NEW,6798.0
82880610,115.6,113.5,2023-08-18,,326988.0,SPG,SIMON PROPERTY GROUP INC NEW,6798.0
82880610,112.72,115.53,2023-08-21,,326988.0,SPG,SIMON PROPERTY GROUP INC NEW,6798.0
82880610,110.93,113.54,2023-08-22,,326988.0,SPG,SIMON PROPERTY GROUP INC NEW,6798.0
82880610,111.64,111.17,2023-08-23,,326988.0,SPG,SIMON PROPERTY GROUP INC NEW,6798.0
82880610,110.66,111.62,2023-08-24,,326988.0,SPG,SIMON PROPERTY GROUP INC NEW,6798.0
82880610,110.73,110.91,2023-08-25,,326988.0,SPG,SIMON PROPERTY GROUP INC NEW,6798.0
82880610,111.67,111.12,2023-08-28,,326988.0,SPG,SIMON PROPERTY GROUP INC NEW,6798.0
82880610,113.53,111.68,2023-08-29,,326988.0,SPG,SIMON PROPERTY GROUP INC NEW,6798.0
82880610,113.51,113.55,2023-08-30,,326988.0,SPG,SIMON PROPERTY GROUP INC NEW,6798.0
82880610,113.49,113.42,2023-08-31,,327191.0,SPG,SIMON PROPERTY GROUP INC NEW,6798.0
82880610,114.91,114.36,2023-09-01,,327191.0,SPG,SIMON PROPERTY GROUP INC NEW,6798.0
82880610,114.94,114.8,2023-09-05,,327191.0,SPG,SIMON PROPERTY GROUP INC NEW,6798.0
82880610,115.75,114.37,2023-09-06,,327191.0,SPG,SIMON PROPERTY GROUP INC NEW,6798.0
82880610,114.45,113.67,2023-09-07,,327191.0,SPG,SIMON PROPERTY GROUP INC NEW,6798.0
82880610,114.62,114.45,2023-09-08,,327191.0,SPG,SIMON PROPERTY GROUP INC NEW,6798.0
82880610,114.74,114.74,2023-09-11,,327191.0,SPG,SIMON PROPERTY GROUP INC NEW,6798.0
82880610,115.48,114.25,2023-09-12,,327191.0,SPG,SIMON PROPERTY GROUP INC NEW,6798.0
82880610,114.77,115.52,2023-09-13,,327191.0,SPG,SIMON PROPERTY GROUP INC NEW,6798.0
82880610,117.38,115.71,2023-09-14,,327191.0,SPG,SIMON PROPERTY GROUP INC NEW,6798.0
82880610,116.41,117.26,2023-09-15,,327191.0,SPG,SIMON PROPERTY GROUP INC NEW,6798.0
82880610,114.25,116.33,2023-09-18,,327191.0,SPG,SIMON PROPERTY GROUP INC NEW,6798.0
82880610,114.26,114.01,2023-09-19,,327191.0,SPG,SIMON PROPERTY GROUP INC NEW,6798.0
82880610,113.76,115.32,2023-09-20,,327191.0,SPG,SIMON PROPERTY GROUP INC NEW,6798.0
82880610,111.64,113.06,2023-09-21,,327191.0,SPG,SIMON PROPERTY GROUP INC NEW,6798.0
82880610,111.68,111.87,2023-09-22,,327191.0,SPG,SIMON PROPERTY GROUP INC NEW,6798.0
82880610,112.13,111.22,2023-09-25,,327191.0,SPG,SIMON PROPERTY GROUP INC NEW,6798.0
82880610,109.15,111.03,2023-09-26,,327191.0,SPG,SIMON PROPERTY GROUP INC NEW,6798.0
82880610,108.19,109.58,2023-09-27,,327191.0,SPG,SIMON PROPERTY GROUP INC NEW,6798.0
82880610,108.83,108.66,2023-09-28,,327191.0,SPG,SIMON PROPERTY GROUP INC NEW,6798.0
82880610,108.03,110.15,2023-09-29,,327191.0,SPG,SIMON PROPERTY GROUP INC NEW,6798.0
82880610,104.63,107.5,2023-10-02,,327191.0,SPG,SIMON PROPERTY GROUP INC NEW,6798.0
82880610,103.37,104.0,2023-10-03,,327191.0,SPG,SIMON PROPERTY GROUP INC NEW,6798.0
82880610,104.44,103.87,2023-10-04,,327191.0,SPG,SIMON PROPERTY GROUP INC NEW,6798.0
82880610,104.54,104.16,2023-10-05,,327191.0,SPG,SIMON PROPERTY GROUP INC NEW,6798.0
82880610,104.41,103.77,2023-10-06,,327191.0,SPG,SIMON PROPERTY GROUP INC NEW,6798.0
82880610,105.44,103.69,2023-10-09,,327191.0,SPG,SIMON PROPERTY GROUP INC NEW,6798.0
82880610,106.15,105.44,2023-10-10,,327191.0,SPG,SIMON PROPERTY GROUP INC NEW,6798.0
82880610,108.33,107.11,2023-10-11,,327191.0,SPG,SIMON PROPERTY GROUP INC NEW,6798.0
82880610,107.35,108.05,2023-10-12,,327191.0,SPG,SIMON PROPERTY GROUP INC NEW,6798.0
82880610,107.03,107.89,2023-10-13,,327191.0,SPG,SIMON PROPERTY GROUP INC NEW,6798.0
82880610,108.33,108.0,2023-10-16,,327191.0,SPG,SIMON PROPERTY GROUP INC NEW,6798.0
82880610,110.15,107.69,2023-10-17,,327191.0,SPG,SIMON PROPERTY GROUP INC NEW,6798.0
82880610,108.55,109.51,2023-10-18,,327191.0,SPG,SIMON PROPERTY GROUP INC NEW,6798.0
82880610,106.5,107.99,2023-10-19,,327191.0,SPG,SIMON PROPERTY GROUP INC NEW,6798.0
82880610,106.15,106.92,2023-10-20,,327191.0,SPG,SIMON PROPERTY GROUP INC NEW,6798.0
82880610,105.21,105.25,2023-10-23,,327191.0,SPG,SIMON PROPERTY GROUP INC NEW,6798.0
82880610,105.97,106.15,2023-10-24,,327191.0,SPG,SIMON PROPERTY GROUP INC NEW,6798.0
82880610,104.98,105.73,2023-10-25,,327191.0,SPG,SIMON PROPERTY GROUP INC NEW,6798.0
82880610,106.32,105.08,2023-10-26,,327191.0,SPG,SIMON PROPERTY GROUP INC NEW,6798.0
82880610,104.54,106.67,2023-10-27,,327191.0,SPG,SIMON PROPERTY GROUP INC NEW,6798.0
82880610,105.33,105.57,2023-10-30,,327191.0,SPG,SIMON PROPERTY GROUP INC NEW,6798.0
82880610,109.89,106.41,2023-10-31,,327191.0,SPG,SIMON PROPERTY GROUP INC NEW,6798.0
82880610,112.49,110.99,2023-11-01,,327191.0,SPG,SIMON PROPERTY GROUP INC NEW,6798.0
82880610,115.84,114.25,2023-11-02,,327191.0,SPG,SIMON PROPERTY GROUP INC NEW,6798.0
82880610,117.89,118.03,2023-11-03,,327191.0,SPG,SIMON PROPERTY GROUP INC NEW,6798.0
82880610,117.08,117.84,2023-11-06,,327191.0,SPG,SIMON PROPERTY GROUP INC NEW,6798.0
82880610,115.24,116.88,2023-11-07,,327191.0,SPG,SIMON PROPERTY GROUP INC NEW,6798.0
82880610,115.44,115.65,2023-11-08,,327191.0,SPG,SIMON PROPERTY GROUP INC NEW,6798.0
82880610,113.79,115.9,2023-11-09,,327191.0,SPG,SIMON PROPERTY GROUP INC NEW,6798.0
82880610,115.33,114.8,2023-11-10,,327191.0,SPG,SIMON PROPERTY GROUP INC NEW,6798.0
82880610,115.54,114.57,2023-11-13,,327191.0,SPG,SIMON PROPERTY GROUP INC NEW,6798.0
82880610,120.79,118.62,2023-11-14,,327191.0,SPG,SIMON PROPERTY GROUP INC NEW,6798.0
82880610,120.54,120.5,2023-11-15,,327191.0,SPG,SIMON PROPERTY GROUP INC NEW,6798.0
82880610,120.42,120.6,2023-11-16,,327191.0,SPG,SIMON PROPERTY GROUP INC NEW,6798.0
82880610,121.68,121.34,2023-11-17,,327191.0,SPG,SIMON PROPERTY GROUP INC NEW,6798.0
82880610,122.75,121.61,2023-11-20,,327191.0,SPG,SIMON PROPERTY GROUP INC NEW,6798.0
82880610,121.75,122.16,2023-11-21,,327191.0,SPG,SIMON PROPERTY GROUP INC NEW,6798.0
82880610,121.1,122.71,2023-11-22,,327191.0,SPG,SIMON PROPERTY GROUP INC NEW,6798.0
82880610,120.84,121.2,2023-11-24,,327191.0,SPG,SIMON PROPERTY GROUP INC NEW,6798.0
82880610,121.71,120.84,2023-11-27,,327191.0,SPG,SIMON PROPERTY GROUP INC NEW,6798.0
82880610,122.1,121.5,2023-11-28,,327191.0,SPG,SIMON PROPERTY GROUP INC NEW,6798.0
82880610,122.76,123.17,2023-11-29,,327191.0,SPG,SIMON PROPERTY GROUP INC NEW,6798.0
82880610,124.89,122.52,2023-11-30,,326239.0,SPG,SIMON PROPERTY GROUP INC NEW,6798.0
82880610,128.82001,125.04,2023-12-01,,326239.0,SPG,SIMON PROPERTY GROUP INC NEW,6798.0
82880610,130.85001,128.12,2023-12-04,,326239.0,SPG,SIMON PROPERTY GROUP INC NEW,6798.0
82880610,130.78,129.895,2023-12-05,,326239.0,SPG,SIMON PROPERTY GROUP INC NEW,6798.0
82880610,131.73,131.39999,2023-12-06,,326239.0,SPG,SIMON PROPERTY GROUP INC NEW,6798.0
82880610,131.35001,130.0,2023-12-07,,326239.0,SPG,SIMON PROPERTY GROUP INC NEW,6798.0
82880610,132.88,130.81,2023-12-08,,326239.0,SPG,SIMON PROPERTY GROUP INC NEW,6798.0
82880610,134.78,132.5,2023-12-11,,326239.0,SPG,SIMON PROPERTY GROUP INC NEW,6798.0
82880610,134.49001,134.41,2023-12-12,,326239.0,SPG,SIMON PROPERTY GROUP INC NEW,6798.0
82880610,139.25999,134.49001,2023-12-13,,326239.0,SPG,SIMON PROPERTY GROUP INC NEW,6798.0
82880610,146.58,140.71001,2023-12-14,,326239.0,SPG,SIMON PROPERTY GROUP INC NEW,6798.0
82880610,144.35001,145.56,2023-12-15,,326239.0,SPG,SIMON PROPERTY GROUP INC NEW,6798.0
82880610,143.62,145.25999,2023-12-18,,326239.0,SPG,SIMON PROPERTY GROUP INC NEW,6798.0
82880610,145.16,143.91,2023-12-19,,326239.0,SPG,SIMON PROPERTY GROUP INC NEW,6798.0
82880610,144.11,145.16,2023-12-20,,326239.0,SPG,SIMON PROPERTY GROUP INC NEW,6798.0
82880610,142.22,145.07001,2023-12-21,,326239.0,SPG,SIMON PROPERTY GROUP INC NEW,6798.0
82880610,142.3,142.39999,2023-12-22,,326239.0,SPG,SIMON PROPERTY GROUP INC NEW,6798.0
82880610,143.66,142.3,2023-12-26,,326239.0,SPG,SIMON PROPERTY GROUP INC NEW,6798.0
82880610,143.67,143.86,2023-12-27,,326239.0,SPG,SIMON PROPERTY GROUP INC NEW,6798.0
82880610,144.28,143.0,2023-12-28,,326239.0,SPG,SIMON PROPERTY GROUP INC NEW,6798.0
82880610,142.64,143.69,2023-12-29,,326239.0,SPG,SIMON PROPERTY GROUP INC NEW,6798.0
