cusip,prc,openprc,date,htick,hcomnam,hsiccd,numshr
00724F10,224.57001,219.91,2019-01-02,ADBE,ADOBE INC,7372.0,275.0
00724F10,215.7,220.88,2019-01-03,ADBE,ADOBE INC,7372.0,275.0
00724F10,226.19,219.84,2019-01-04,ADBE,ADOBE INC,7372.0,275.0
00724F10,229.25999,229.95,2019-01-07,ADBE,ADOBE INC,7372.0,275.0
00724F10,232.67999,232.64999,2019-01-08,ADBE,ADOBE INC,7372.0,275.0
00724F10,235.42999,234.00999,2019-01-09,ADBE,ADOBE INC,7372.0,275.0
00724F10,237.77,233.77,2019-01-10,ADBE,ADOBE INC,7372.0,275.0
00724F10,237.55,235.71001,2019-01-11,ADBE,ADOBE INC,7372.0,275.0
00724F10,234.56,235.33,2019-01-14,ADBE,ADOBE INC,7372.0,275.0
00724F10,242.36,237.89999,2019-01-15,ADBE,ADOBE INC,7372.0,275.0
00724F10,241.95,243.60001,2019-01-16,ADBE,ADOBE INC,7372.0,275.0
00724F10,244.39999,240.13,2019-01-17,ADBE,ADOBE INC,7372.0,275.0
00724F10,247.50999,247.45,2019-01-18,ADBE,ADOBE INC,7372.0,275.0
00724F10,243.85001,245.13,2019-01-22,ADBE,ADOBE INC,7372.0,275.0
00724F10,245.14,244.91,2019-01-23,ADBE,ADOBE INC,7372.0,275.0
00724F10,242.56,245.62,2019-01-24,ADBE,ADOBE INC,7372.0,275.0
00724F10,244.95,244.99001,2019-01-25,ADBE,ADOBE INC,7372.0,275.0
00724F10,241.85001,241.0,2019-01-28,ADBE,ADOBE INC,7372.0,275.0
00724F10,238.27,241.81,2019-01-29,ADBE,ADOBE INC,7372.0,275.0
00724F10,242.67,240.16,2019-01-30,ADBE,ADOBE INC,7372.0,275.0
00724F10,247.82001,243.0,2019-01-31,ADBE,ADOBE INC,7372.0,275.0
00724F10,247.38,247.82001,2019-02-01,ADBE,ADOBE INC,7372.0,275.0
00724F10,254.74001,248.56,2019-02-04,ADBE,ADOBE INC,7372.0,275.0
00724F10,254.82001,256.73999,2019-02-05,ADBE,ADOBE INC,7372.0,275.0
00724F10,254.35001,255.06,2019-02-06,ADBE,ADOBE INC,7372.0,275.0
00724F10,253.74001,251.33,2019-02-07,ADBE,ADOBE INC,7372.0,275.0
00724F10,257.0,251.39,2019-02-08,ADBE,ADOBE INC,7372.0,275.0
00724F10,258.39001,258.89001,2019-02-11,ADBE,ADOBE INC,7372.0,275.0
00724F10,261.37,260.14999,2019-02-12,ADBE,ADOBE INC,7372.0,275.0
00724F10,260.23001,263.13,2019-02-13,ADBE,ADOBE INC,7372.0,275.0
00724F10,260.14001,259.39999,2019-02-14,ADBE,ADOBE INC,7372.0,275.0
00724F10,259.45001,260.34,2019-02-15,ADBE,ADOBE INC,7372.0,275.0
00724F10,257.81,258.98001,2019-02-19,ADBE,ADOBE INC,7372.0,275.0
00724F10,258.10001,258.13,2019-02-20,ADBE,ADOBE INC,7372.0,275.0
00724F10,257.76001,257.29999,2019-02-21,ADBE,ADOBE INC,7372.0,275.0
00724F10,258.89999,257.60999,2019-02-22,ADBE,ADOBE INC,7372.0,275.0
00724F10,258.62,261.5,2019-02-25,ADBE,ADOBE INC,7372.0,275.0
00724F10,261.22,258.0,2019-02-26,ADBE,ADOBE INC,7372.0,275.0
00724F10,262.89999,259.76999,2019-02-27,ADBE,ADOBE INC,7372.0,275.0
00724F10,262.5,262.39999,2019-02-28,ADBE,ADOBE INC,7372.0,275.0
00724F10,264.01001,265.75,2019-03-01,ADBE,ADOBE INC,7372.0,275.0
00724F10,258.16,266.70001,2019-03-04,ADBE,ADOBE INC,7372.0,275.0
00724F10,257.38,259.0,2019-03-05,ADBE,ADOBE INC,7372.0,275.0
00724F10,256.39999,257.39999,2019-03-06,ADBE,ADOBE INC,7372.0,275.0
00724F10,255.46001,255.77,2019-03-07,ADBE,ADOBE INC,7372.0,275.0
00724F10,254.74001,251.49001,2019-03-08,ADBE,ADOBE INC,7372.0,275.0
00724F10,260.95999,255.98,2019-03-11,ADBE,ADOBE INC,7372.0,275.0
00724F10,263.51001,261.85999,2019-03-12,ADBE,ADOBE INC,7372.0,275.0
00724F10,264.38,265.5,2019-03-13,ADBE,ADOBE INC,7372.0,275.0
00724F10,267.69,265.26001,2019-03-14,ADBE,ADOBE INC,7372.0,275.0
00724F10,257.09,258.03,2019-03-15,ADBE,ADOBE INC,7372.0,275.0
00724F10,257.76001,257.10999,2019-03-18,ADBE,ADOBE INC,7372.0,275.0
00724F10,260.42001,259.42999,2019-03-19,ADBE,ADOBE INC,7372.0,275.0
00724F10,259.73999,260.54001,2019-03-20,ADBE,ADOBE INC,7372.0,275.0
00724F10,264.17999,259.0,2019-03-21,ADBE,ADOBE INC,7372.0,275.0
00724F10,259.69,263.47,2019-03-22,ADBE,ADOBE INC,7372.0,275.0
00724F10,262.26999,259.20999,2019-03-25,ADBE,ADOBE INC,7372.0,275.0
00724F10,265.59,265.04999,2019-03-26,ADBE,ADOBE INC,7372.0,275.0
00724F10,262.34,265.53,2019-03-27,ADBE,ADOBE INC,7372.0,275.0
00724F10,263.53,263.5,2019-03-28,ADBE,ADOBE INC,7372.0,275.0
00724F10,266.48999,265.47,2019-03-29,ADBE,ADOBE INC,7372.0,275.0
00724F10,272.17001,269.85001,2019-04-01,ADBE,ADOBE INC,7372.0,275.0
00724F10,271.35001,272.89001,2019-04-02,ADBE,ADOBE INC,7372.0,275.0
00724F10,271.5,273.70999,2019-04-03,ADBE,ADOBE INC,7372.0,275.0
00724F10,267.89001,270.98001,2019-04-04,ADBE,ADOBE INC,7372.0,275.0
00724F10,267.45001,269.44,2019-04-05,ADBE,ADOBE INC,7372.0,275.0
00724F10,268.81,266.95999,2019-04-08,ADBE,ADOBE INC,7372.0,275.0
00724F10,268.98999,267.12,2019-04-09,ADBE,ADOBE INC,7372.0,275.0
00724F10,271.57999,269.47,2019-04-10,ADBE,ADOBE INC,7372.0,275.0
00724F10,271.89999,271.95001,2019-04-11,ADBE,ADOBE INC,7372.0,275.0
00724F10,271.85999,273.01001,2019-04-12,ADBE,ADOBE INC,7372.0,275.0
00724F10,272.22,271.85999,2019-04-15,ADBE,ADOBE INC,7372.0,275.0
00724F10,271.42999,273.07001,2019-04-16,ADBE,ADOBE INC,7372.0,275.0
00724F10,269.45001,272.17001,2019-04-17,ADBE,ADOBE INC,7372.0,275.0
00724F10,270.57001,270.09,2019-04-18,ADBE,ADOBE INC,7372.0,275.0
00724F10,272.20999,269.82001,2019-04-22,ADBE,ADOBE INC,7372.0,275.0
00724F10,278.48999,272.54001,2019-04-23,ADBE,ADOBE INC,7372.0,275.0
00724F10,275.45001,279.22,2019-04-24,ADBE,ADOBE INC,7372.0,275.0
00724F10,277.66,278.39999,2019-04-25,ADBE,ADOBE INC,7372.0,275.0
00724F10,281.95999,278.17999,2019-04-26,ADBE,ADOBE INC,7372.0,275.0
00724F10,286.14001,286.45999,2019-04-29,ADBE,ADOBE INC,7372.0,275.0
00724F10,289.25,286.10001,2019-04-30,ADBE,ADOBE INC,7372.0,275.0
00724F10,283.35001,291.0,2019-05-01,ADBE,ADOBE INC,7372.0,275.0
00724F10,279.64001,283.14001,2019-05-02,ADBE,ADOBE INC,7372.0,275.0
00724F10,285.57999,282.56,2019-05-03,ADBE,ADOBE INC,7372.0,275.0
00724F10,283.66,277.60001,2019-05-06,ADBE,ADOBE INC,7372.0,275.0
00724F10,277.07001,278.82001,2019-05-07,ADBE,ADOBE INC,7372.0,275.0
00724F10,276.76999,275.82999,2019-05-08,ADBE,ADOBE INC,7372.0,275.0
00724F10,275.79001,274.16,2019-05-09,ADBE,ADOBE INC,7372.0,275.0
00724F10,278.48001,273.57999,2019-05-10,ADBE,ADOBE INC,7372.0,275.0
00724F10,267.70001,270.565,2019-05-13,ADBE,ADOBE INC,7372.0,275.0
00724F10,271.85999,269.42999,2019-05-14,ADBE,ADOBE INC,7372.0,275.0
00724F10,276.82001,269.82001,2019-05-15,ADBE,ADOBE INC,7372.0,275.0
00724F10,283.54999,278.63,2019-05-16,ADBE,ADOBE INC,7372.0,275.0
00724F10,279.85001,281.67999,2019-05-17,ADBE,ADOBE INC,7372.0,275.0
00724F10,275.45001,276.10001,2019-05-20,ADBE,ADOBE INC,7372.0,275.0
00724F10,278.07001,278.20999,2019-05-21,ADBE,ADOBE INC,7372.0,275.0
00724F10,281.82001,277.42001,2019-05-22,ADBE,ADOBE INC,7372.0,275.0
00724F10,274.25,278.29001,2019-05-23,ADBE,ADOBE INC,7372.0,275.0
00724F10,274.76999,273.54001,2019-05-24,ADBE,ADOBE INC,7372.0,275.0
00724F10,278.25,276.48999,2019-05-28,ADBE,ADOBE INC,7372.0,275.0
00724F10,273.38,275.29001,2019-05-29,ADBE,ADOBE INC,7372.0,275.0
00724F10,274.51001,274.42999,2019-05-30,ADBE,ADOBE INC,7372.0,275.0
00724F10,270.89999,271.28,2019-05-31,ADBE,ADOBE INC,7372.0,275.0
00724F10,259.03,270.51001,2019-06-03,ADBE,ADOBE INC,7372.0,275.0
00724F10,268.70999,263.26999,2019-06-04,ADBE,ADOBE INC,7372.0,275.0
00724F10,272.85999,272.78,2019-06-05,ADBE,ADOBE INC,7372.0,275.0
00724F10,274.79999,273.72,2019-06-06,ADBE,ADOBE INC,7372.0,275.0
00724F10,278.16,275.87,2019-06-07,ADBE,ADOBE INC,7372.0,275.0
00724F10,280.34,280.98001,2019-06-10,ADBE,ADOBE INC,7372.0,275.0
00724F10,275.98999,283.91,2019-06-11,ADBE,ADOBE INC,7372.0,275.0
00724F10,276.84,276.13,2019-06-12,ADBE,ADOBE INC,7372.0,275.0
00724F10,276.29999,278.59,2019-06-13,ADBE,ADOBE INC,7372.0,275.0
00724F10,274.28,275.91,2019-06-14,ADBE,ADOBE INC,7372.0,275.0
00724F10,275.60001,274.63,2019-06-17,ADBE,ADOBE INC,7372.0,275.0
00724F10,276.78,280.37,2019-06-18,ADBE,ADOBE INC,7372.0,275.0
00724F10,291.20999,287.0,2019-06-19,ADBE,ADOBE INC,7372.0,275.0
00724F10,302.10999,293.25,2019-06-20,ADBE,ADOBE INC,7372.0,275.0
00724F10,299.32999,301.45999,2019-06-21,ADBE,ADOBE INC,7372.0,275.0
00724F10,299.87,300.0,2019-06-24,ADBE,ADOBE INC,7372.0,275.0
00724F10,287.97,299.20999,2019-06-25,ADBE,ADOBE INC,7372.0,275.0
00724F10,288.72,291.26001,2019-06-26,ADBE,ADOBE INC,7372.0,275.0
00724F10,293.23001,290.04001,2019-06-27,ADBE,ADOBE INC,7372.0,275.0
00724F10,294.64999,294.5,2019-06-28,ADBE,ADOBE INC,7372.0,275.0
00724F10,300.97,299.54999,2019-07-01,ADBE,ADOBE INC,7372.0,275.0
00724F10,301.39001,301.19,2019-07-02,ADBE,ADOBE INC,7372.0,275.0
00724F10,305.70001,302.0,2019-07-03,ADBE,ADOBE INC,7372.0,275.0
00724F10,303.98001,304.01001,2019-07-05,ADBE,ADOBE INC,7372.0,275.0
00724F10,302.92001,302.76001,2019-07-08,ADBE,ADOBE INC,7372.0,275.0
00724F10,304.20001,300.56,2019-07-09,ADBE,ADOBE INC,7372.0,275.0
00724F10,306.98001,305.10001,2019-07-10,ADBE,ADOBE INC,7372.0,275.0
00724F10,307.60001,307.39001,2019-07-11,ADBE,ADOBE INC,7372.0,275.0
00724F10,309.42001,308.01001,2019-07-12,ADBE,ADOBE INC,7372.0,275.0
00724F10,308.76001,310.0,2019-07-15,ADBE,ADOBE INC,7372.0,275.0
00724F10,305.70001,308.0,2019-07-16,ADBE,ADOBE INC,7372.0,275.0
00724F10,309.39001,307.13,2019-07-17,ADBE,ADOBE INC,7372.0,275.0
00724F10,310.07999,307.20999,2019-07-18,ADBE,ADOBE INC,7372.0,275.0
00724F10,306.87,311.56,2019-07-19,ADBE,ADOBE INC,7372.0,275.0
00724F10,308.54999,308.39001,2019-07-22,ADBE,ADOBE INC,7372.0,275.0
00724F10,307.88,309.91,2019-07-23,ADBE,ADOBE INC,7372.0,275.0
00724F10,310.26999,305.81,2019-07-24,ADBE,ADOBE INC,7372.0,275.0
00724F10,308.73001,308.66,2019-07-25,ADBE,ADOBE INC,7372.0,275.0
00724F10,311.26999,309.97,2019-07-26,ADBE,ADOBE INC,7372.0,275.0
00724F10,307.22,311.94,2019-07-29,ADBE,ADOBE INC,7372.0,275.0
00724F10,303.64001,305.07001,2019-07-30,ADBE,ADOBE INC,7372.0,275.0
00724F10,298.85999,303.60999,2019-07-31,ADBE,ADOBE INC,7372.0,275.0
00724F10,298.44,299.14999,2019-08-01,ADBE,ADOBE INC,7372.0,275.0
00724F10,293.70999,295.57001,2019-08-02,ADBE,ADOBE INC,7372.0,275.0
00724F10,280.35999,285.04001,2019-08-05,ADBE,ADOBE INC,7372.0,275.0
00724F10,286.20999,283.63,2019-08-06,ADBE,ADOBE INC,7372.0,275.0
00724F10,289.01999,282.23999,2019-08-07,ADBE,ADOBE INC,7372.0,275.0
00724F10,297.78,292.75,2019-08-08,ADBE,ADOBE INC,7372.0,275.0
00724F10,294.82999,296.14001,2019-08-09,ADBE,ADOBE INC,7372.0,275.0
00724F10,288.64999,293.14001,2019-08-12,ADBE,ADOBE INC,7372.0,275.0
00724F10,293.17001,288.23001,2019-08-13,ADBE,ADOBE INC,7372.0,275.0
00724F10,283.66,287.60001,2019-08-14,ADBE,ADOBE INC,7372.0,275.0
00724F10,282.70999,285.64001,2019-08-15,ADBE,ADOBE INC,7372.0,275.0
00724F10,287.45001,285.57999,2019-08-16,ADBE,ADOBE INC,7372.0,275.0
00724F10,287.97,291.32001,2019-08-19,ADBE,ADOBE INC,7372.0,275.0
00724F10,285.70999,287.97,2019-08-20,ADBE,ADOBE INC,7372.0,275.0
00724F10,291.53,288.54001,2019-08-21,ADBE,ADOBE INC,7372.0,275.0
00724F10,287.69,292.57001,2019-08-22,ADBE,ADOBE INC,7372.0,275.0
00724F10,282.44,289.23001,2019-08-23,ADBE,ADOBE INC,7372.0,275.0
00724F10,288.73999,284.85999,2019-08-26,ADBE,ADOBE INC,7372.0,275.0
00724F10,289.45001,290.66,2019-08-27,ADBE,ADOBE INC,7372.0,275.0
00724F10,282.13,286.54999,2019-08-28,ADBE,ADOBE INC,7372.0,275.0
00724F10,286.63,285.70999,2019-08-29,ADBE,ADOBE INC,7372.0,275.0
00724F10,284.51001,287.41,2019-08-30,ADBE,ADOBE INC,7372.0,275.0
00724F10,282.45001,284.25,2019-09-03,ADBE,ADOBE INC,7372.0,275.0
00724F10,284.60001,286.04001,2019-09-04,ADBE,ADOBE INC,7372.0,275.0
00724F10,287.75,287.82999,2019-09-05,ADBE,ADOBE INC,7372.0,275.0
00724F10,284.94,288.20001,2019-09-06,ADBE,ADOBE INC,7372.0,275.0
00724F10,279.29999,286.51999,2019-09-09,ADBE,ADOBE INC,7372.0,275.0
00724F10,276.14001,277.57999,2019-09-10,ADBE,ADOBE INC,7372.0,275.0
00724F10,277.78,277.66,2019-09-11,ADBE,ADOBE INC,7372.0,275.0
00724F10,278.01999,281.0,2019-09-12,ADBE,ADOBE INC,7372.0,275.0
00724F10,278.35001,278.22,2019-09-13,ADBE,ADOBE INC,7372.0,275.0
00724F10,282.92999,276.62,2019-09-16,ADBE,ADOBE INC,7372.0,275.0
00724F10,284.69,284.04001,2019-09-17,ADBE,ADOBE INC,7372.0,275.0
00724F10,279.72,275.35001,2019-09-18,ADBE,ADOBE INC,7372.0,275.0
00724F10,281.26001,280.17001,2019-09-19,ADBE,ADOBE INC,7372.0,275.0
00724F10,277.91,281.60001,2019-09-20,ADBE,ADOBE INC,7372.0,275.0
00724F10,277.44,275.92999,2019-09-23,ADBE,ADOBE INC,7372.0,275.0
00724F10,272.47,279.57999,2019-09-24,ADBE,ADOBE INC,7372.0,275.0
00724F10,277.42999,271.89999,2019-09-25,ADBE,ADOBE INC,7372.0,275.0
00724F10,283.81,278.45999,2019-09-26,ADBE,ADOBE INC,7372.0,275.0
00724F10,277.54001,284.63,2019-09-27,ADBE,ADOBE INC,7372.0,275.0
00724F10,276.25,277.54001,2019-09-30,ADBE,ADOBE INC,7372.0,275.0
00724F10,272.70999,278.98999,2019-10-01,ADBE,ADOBE INC,7372.0,275.0
00724F10,266.66,271.17999,2019-10-02,ADBE,ADOBE INC,7372.0,275.0
00724F10,272.39999,266.92001,2019-10-03,ADBE,ADOBE INC,7372.0,275.0
00724F10,276.95999,273.10999,2019-10-04,ADBE,ADOBE INC,7372.0,275.0
00724F10,276.89999,276.32001,2019-10-07,ADBE,ADOBE INC,7372.0,275.0
00724F10,270.82999,274.45999,2019-10-08,ADBE,ADOBE INC,7372.0,275.0
00724F10,274.26999,273.51999,2019-10-09,ADBE,ADOBE INC,7372.0,275.0
00724F10,274.98001,274.06,2019-10-10,ADBE,ADOBE INC,7372.0,275.0
00724F10,278.29001,278.37,2019-10-11,ADBE,ADOBE INC,7372.0,275.0
00724F10,277.78,278.10999,2019-10-14,ADBE,ADOBE INC,7372.0,275.0
00724F10,279.39001,278.17001,2019-10-15,ADBE,ADOBE INC,7372.0,275.0
00724F10,272.70001,270.23001,2019-10-16,ADBE,ADOBE INC,7372.0,275.0
00724F10,269.23999,272.60999,2019-10-17,ADBE,ADOBE INC,7372.0,275.0
00724F10,265.51999,269.35999,2019-10-18,ADBE,ADOBE INC,7372.0,275.0
00724F10,266.84,265.63,2019-10-21,ADBE,ADOBE INC,7372.0,275.0
00724F10,261.09,268.48999,2019-10-22,ADBE,ADOBE INC,7372.0,275.0
00724F10,261.32001,261.0,2019-10-23,ADBE,ADOBE INC,7372.0,275.0
00724F10,269.70001,264.04001,2019-10-24,ADBE,ADOBE INC,7372.0,275.0
00724F10,270.98001,267.79999,2019-10-25,ADBE,ADOBE INC,7372.0,275.0
00724F10,271.35001,271.57999,2019-10-28,ADBE,ADOBE INC,7372.0,275.0
00724F10,271.45001,271.67999,2019-10-29,ADBE,ADOBE INC,7372.0,275.0
00724F10,278.41,273.25,2019-10-30,ADBE,ADOBE INC,7372.0,275.0
00724F10,277.92999,278.26999,2019-10-31,ADBE,ADOBE INC,7372.0,275.0
00724F10,277.82001,279.14001,2019-11-01,ADBE,ADOBE INC,7372.0,275.0
00724F10,277.5,280.56,2019-11-04,ADBE,ADOBE INC,7372.0,275.0
00724F10,289.29001,292.10999,2019-11-05,ADBE,ADOBE INC,7372.0,275.0
00724F10,287.39999,289.10999,2019-11-06,ADBE,ADOBE INC,7372.0,275.0
00724F10,290.76999,288.29999,2019-11-07,ADBE,ADOBE INC,7372.0,275.0
00724F10,292.45999,290.01999,2019-11-08,ADBE,ADOBE INC,7372.0,275.0
00724F10,290.26999,291.95001,2019-11-11,ADBE,ADOBE INC,7372.0,275.0
00724F10,291.72,290.79001,2019-11-12,ADBE,ADOBE INC,7372.0,275.0
00724F10,293.54001,291.85999,2019-11-13,ADBE,ADOBE INC,7372.0,275.0
00724F10,294.53,293.54001,2019-11-14,ADBE,ADOBE INC,7372.0,275.0
00724F10,297.5,296.54001,2019-11-15,ADBE,ADOBE INC,7372.0,275.0
00724F10,297.16,297.54999,2019-11-18,ADBE,ADOBE INC,7372.0,275.0
00724F10,300.60001,298.75,2019-11-19,ADBE,ADOBE INC,7372.0,275.0
00724F10,300.10001,299.39001,2019-11-20,ADBE,ADOBE INC,7372.0,275.0
00724F10,298.79999,298.98999,2019-11-21,ADBE,ADOBE INC,7372.0,275.0
00724F10,299.29999,299.59,2019-11-22,ADBE,ADOBE INC,7372.0,275.0
00724F10,305.28,300.48001,2019-11-25,ADBE,ADOBE INC,7372.0,275.0
00724F10,307.89999,305.0,2019-11-26,ADBE,ADOBE INC,7372.0,275.0
00724F10,309.06,308.5,2019-11-27,ADBE,ADOBE INC,7372.0,275.0
00724F10,309.53,308.51999,2019-11-29,ADBE,ADOBE INC,7372.0,275.0
00724F10,302.75,309.22,2019-12-02,ADBE,ADOBE INC,7372.0,275.0
00724F10,303.91,298.23999,2019-12-03,ADBE,ADOBE INC,7372.0,275.0
00724F10,302.51001,305.0,2019-12-04,ADBE,ADOBE INC,7372.0,275.0
00724F10,303.03,303.13,2019-12-05,ADBE,ADOBE INC,7372.0,275.0
00724F10,306.23001,306.20001,2019-12-06,ADBE,ADOBE INC,7372.0,275.0
00724F10,307.04999,308.91,2019-12-09,ADBE,ADOBE INC,7372.0,275.0
00724F10,304.17001,306.62,2019-12-10,ADBE,ADOBE INC,7372.0,275.0
00724F10,303.73999,305.14999,2019-12-11,ADBE,ADOBE INC,7372.0,275.0
00724F10,305.95999,303.0,2019-12-12,ADBE,ADOBE INC,7372.0,275.0
00724F10,317.94,314.10999,2019-12-13,ADBE,ADOBE INC,7372.0,275.0
00724F10,323.79999,319.26999,2019-12-16,ADBE,ADOBE INC,7372.0,275.0
00724F10,322.85001,325.04001,2019-12-17,ADBE,ADOBE INC,7372.0,275.0
00724F10,324.38,322.10001,2019-12-18,ADBE,ADOBE INC,7372.0,275.0
00724F10,327.63,324.38,2019-12-19,ADBE,ADOBE INC,7372.0,275.0
00724F10,327.60999,328.37,2019-12-20,ADBE,ADOBE INC,7372.0,275.0
00724F10,328.95001,328.82999,2019-12-23,ADBE,ADOBE INC,7372.0,275.0
00724F10,329.64001,329.0,2019-12-24,ADBE,ADOBE INC,7372.0,275.0
00724F10,331.20001,329.63,2019-12-26,ADBE,ADOBE INC,7372.0,275.0
00724F10,330.79001,332.88,2019-12-27,ADBE,ADOBE INC,7372.0,275.0
00724F10,328.34,330.35001,2019-12-30,ADBE,ADOBE INC,7372.0,275.0
00724F10,329.81,326.25,2019-12-31,ADBE,ADOBE INC,7372.0,275.0
00724F10,334.42999,330.0,2020-01-02,ADBE,ADOBE INC,7372.0,275.0
00724F10,331.81,329.17001,2020-01-03,ADBE,ADOBE INC,7372.0,275.0
00724F10,333.70999,328.29001,2020-01-06,ADBE,ADOBE INC,7372.0,275.0
00724F10,333.39001,334.14999,2020-01-07,ADBE,ADOBE INC,7372.0,275.0
00724F10,337.87,333.81,2020-01-08,ADBE,ADOBE INC,7372.0,275.0
00724F10,340.45001,340.14001,2020-01-09,ADBE,ADOBE INC,7372.0,275.0
00724F10,339.81,342.04999,2020-01-10,ADBE,ADOBE INC,7372.0,275.0
00724F10,345.63,341.54001,2020-01-13,ADBE,ADOBE INC,7372.0,275.0
00724F10,344.63,347.01001,2020-01-14,ADBE,ADOBE INC,7372.0,275.0
00724F10,342.94,346.42001,2020-01-15,ADBE,ADOBE INC,7372.0,275.0
00724F10,345.38,345.98001,2020-01-16,ADBE,ADOBE INC,7372.0,275.0
00724F10,349.73999,349.0,2020-01-17,ADBE,ADOBE INC,7372.0,275.0
00724F10,350.0,346.37,2020-01-21,ADBE,ADOBE INC,7372.0,275.0
00724F10,350.06,352.60001,2020-01-22,ADBE,ADOBE INC,7372.0,275.0
00724F10,351.76001,351.01999,2020-01-23,ADBE,ADOBE INC,7372.0,275.0
00724F10,351.37,354.10001,2020-01-24,ADBE,ADOBE INC,7372.0,275.0
00724F10,346.89999,341.04001,2020-01-27,ADBE,ADOBE INC,7372.0,275.0
00724F10,354.63,349.0,2020-01-28,ADBE,ADOBE INC,7372.0,275.0
00724F10,351.66,356.6965,2020-01-29,ADBE,ADOBE INC,7372.0,275.0
00724F10,356.73999,349.69351,2020-01-30,ADBE,ADOBE INC,7372.0,275.0
00724F10,351.14001,355.84,2020-01-31,ADBE,ADOBE INC,7372.0,275.0
00724F10,358.0,353.41,2020-02-03,ADBE,ADOBE INC,7372.0,275.0
00724F10,366.73999,363.42999,2020-02-04,ADBE,ADOBE INC,7372.0,275.0
00724F10,365.54999,373.98999,2020-02-05,ADBE,ADOBE INC,7372.0,275.0
00724F10,367.45999,366.16,2020-02-06,ADBE,ADOBE INC,7372.0,275.0
00724F10,366.09,366.0,2020-02-07,ADBE,ADOBE INC,7372.0,275.0
00724F10,370.0,365.44,2020-02-10,ADBE,ADOBE INC,7372.0,275.0
00724F10,369.28,373.03,2020-02-11,ADBE,ADOBE INC,7372.0,275.0
00724F10,374.29001,370.64001,2020-02-12,ADBE,ADOBE INC,7372.0,275.0
00724F10,374.84,372.56,2020-02-13,ADBE,ADOBE INC,7372.0,275.0
00724F10,379.67001,376.28,2020-02-14,ADBE,ADOBE INC,7372.0,275.0
00724F10,378.85001,380.20001,2020-02-18,ADBE,ADOBE INC,7372.0,275.0
00724F10,383.28,383.82999,2020-02-19,ADBE,ADOBE INC,7372.0,275.0
00724F10,378.95999,384.0,2020-02-20,ADBE,ADOBE INC,7372.0,275.0
00724F10,372.95001,378.01999,2020-02-21,ADBE,ADOBE INC,7372.0,275.0
00724F10,357.41,355.39001,2020-02-24,ADBE,ADOBE INC,7372.0,275.0
00724F10,347.79999,361.0,2020-02-25,ADBE,ADOBE INC,7372.0,275.0
00724F10,351.34,349.39999,2020-02-26,ADBE,ADOBE INC,7372.0,275.0
00724F10,337.51999,340.0,2020-02-27,ADBE,ADOBE INC,7372.0,275.0
00724F10,345.12,324.42001,2020-02-28,ADBE,ADOBE INC,7372.0,275.0
00724F10,360.28,349.81,2020-03-02,ADBE,ADOBE INC,7372.0,275.0
00724F10,348.34,361.76001,2020-03-03,ADBE,ADOBE INC,7372.0,275.0
00724F10,363.85001,354.38,2020-03-04,ADBE,ADOBE INC,7372.0,275.0
00724F10,351.03,355.06,2020-03-05,ADBE,ADOBE INC,7372.0,275.0
00724F10,336.76999,340.45001,2020-03-06,ADBE,ADOBE INC,7372.0,275.0
00724F10,305.79001,311.67999,2020-03-09,ADBE,ADOBE INC,7372.0,275.0
00724F10,332.38,318.98001,2020-03-10,ADBE,ADOBE INC,7372.0,275.0
00724F10,315.23001,324.32001,2020-03-11,ADBE,ADOBE INC,7372.0,275.0
00724F10,285.0,290.41,2020-03-12,ADBE,ADOBE INC,7372.0,275.0
00724F10,335.5,312.88,2020-03-13,ADBE,ADOBE INC,7372.0,275.0
00724F10,286.03,288.35599,2020-03-16,ADBE,ADOBE INC,7372.0,275.0
00724F10,311.81,291.20001,2020-03-17,ADBE,ADOBE INC,7372.0,275.0
00724F10,294.60999,290.0,2020-03-18,ADBE,ADOBE INC,7372.0,275.0
00724F10,307.51001,291.76999,2020-03-19,ADBE,ADOBE INC,7372.0,275.0
00724F10,295.34,312.92001,2020-03-20,ADBE,ADOBE INC,7372.0,275.0
00724F10,307.26999,296.67001,2020-03-23,ADBE,ADOBE INC,7372.0,275.0
00724F10,310.0,322.95999,2020-03-24,ADBE,ADOBE INC,7372.0,275.0
00724F10,305.91,308.0,2020-03-25,ADBE,ADOBE INC,7372.0,275.0
00724F10,322.67001,305.98999,2020-03-26,ADBE,ADOBE INC,7372.0,275.0
00724F10,305.82999,311.70001,2020-03-27,ADBE,ADOBE INC,7372.0,275.0
00724F10,318.39001,308.89001,2020-03-30,ADBE,ADOBE INC,7372.0,275.0
00724F10,318.23999,316.41,2020-03-31,ADBE,ADOBE INC,7372.0,275.0
00724F10,301.20999,307.0,2020-04-01,ADBE,ADOBE INC,7372.0,275.0
00724F10,303.95999,297.76001,2020-04-02,ADBE,ADOBE INC,7372.0,275.0
00724F10,293.60999,302.06,2020-04-03,ADBE,ADOBE INC,7372.0,275.0
00724F10,319.13,306.56,2020-04-06,ADBE,ADOBE INC,7372.0,275.0
00724F10,308.92999,327.41,2020-04-07,ADBE,ADOBE INC,7372.0,275.0
00724F10,317.17999,313.88,2020-04-08,ADBE,ADOBE INC,7372.0,275.0
00724F10,318.70001,318.64999,2020-04-09,ADBE,ADOBE INC,7372.0,275.0
00724F10,320.64999,315.94,2020-04-13,ADBE,ADOBE INC,7372.0,275.0
00724F10,340.76501,328.76999,2020-04-14,ADBE,ADOBE INC,7372.0,275.0
00724F10,332.54999,335.34,2020-04-15,ADBE,ADOBE INC,7372.0,275.0
00724F10,342.70001,339.70999,2020-04-16,ADBE,ADOBE INC,7372.0,275.0
00724F10,344.10999,350.091,2020-04-17,ADBE,ADOBE INC,7372.0,275.0
00724F10,344.88,340.79001,2020-04-20,ADBE,ADOBE INC,7372.0,275.0
00724F10,328.98999,340.89999,2020-04-21,ADBE,ADOBE INC,7372.0,275.0
00724F10,336.76999,337.41,2020-04-22,ADBE,ADOBE INC,7372.0,275.0
00724F10,335.37,338.89999,2020-04-23,ADBE,ADOBE INC,7372.0,275.0
00724F10,344.10001,338.0,2020-04-24,ADBE,ADOBE INC,7372.0,275.0
00724F10,348.5,348.79999,2020-04-27,ADBE,ADOBE INC,7372.0,275.0
00724F10,333.45001,353.09,2020-04-28,ADBE,ADOBE INC,7372.0,275.0
00724F10,349.17001,339.53,2020-04-29,ADBE,ADOBE INC,7372.0,275.0
00724F10,353.64001,348.01001,2020-04-30,ADBE,ADOBE INC,7372.0,275.0
00724F10,343.84,347.23999,2020-05-01,ADBE,ADOBE INC,7372.0,275.0
00724F10,349.10999,340.73999,2020-05-04,ADBE,ADOBE INC,7372.0,275.0
00724F10,356.13,353.38,2020-05-05,ADBE,ADOBE INC,7372.0,275.0
00724F10,362.51999,357.92001,2020-05-06,ADBE,ADOBE INC,7372.0,275.0
00724F10,366.78,368.82001,2020-05-07,ADBE,ADOBE INC,7372.0,275.0
00724F10,367.51001,370.0,2020-05-08,ADBE,ADOBE INC,7372.0,275.0
00724F10,371.42001,365.84,2020-05-11,ADBE,ADOBE INC,7372.0,275.0
00724F10,365.10001,371.45999,2020-05-12,ADBE,ADOBE INC,7372.0,275.0
00724F10,358.56,366.45001,2020-05-13,ADBE,ADOBE INC,7372.0,275.0
00724F10,355.39001,354.0,2020-05-14,ADBE,ADOBE INC,7372.0,275.0
00724F10,365.29999,351.57001,2020-05-15,ADBE,ADOBE INC,7372.0,275.0
00724F10,367.97,371.59,2020-05-18,ADBE,ADOBE INC,7372.0,275.0
00724F10,372.20001,369.88,2020-05-19,ADBE,ADOBE INC,7372.0,275.0
00724F10,383.63,377.20999,2020-05-20,ADBE,ADOBE INC,7372.0,275.0
00724F10,382.17001,382.0,2020-05-21,ADBE,ADOBE INC,7372.0,275.0
00724F10,385.26001,381.39001,2020-05-22,ADBE,ADOBE INC,7372.0,275.0
00724F10,376.63,391.0,2020-05-26,ADBE,ADOBE INC,7372.0,275.0
00724F10,375.17001,373.23999,2020-05-27,ADBE,ADOBE INC,7372.0,275.0
00724F10,379.82999,372.5,2020-05-28,ADBE,ADOBE INC,7372.0,275.0
00724F10,386.60001,382.62,2020-05-29,ADBE,ADOBE INC,7372.0,275.0
00724F10,389.67999,387.07999,2020-06-01,ADBE,ADOBE INC,7372.0,275.0
00724F10,390.44,389.92001,2020-06-02,ADBE,ADOBE INC,7372.0,275.0
00724F10,389.92001,390.82001,2020-06-03,ADBE,ADOBE INC,7372.0,275.0
00724F10,385.79999,389.5,2020-06-04,ADBE,ADOBE INC,7372.0,275.0
00724F10,392.89999,384.64001,2020-06-05,ADBE,ADOBE INC,7372.0,275.0
00724F10,397.78,391.0,2020-06-08,ADBE,ADOBE INC,7372.0,275.0
00724F10,397.16,397.03,2020-06-09,ADBE,ADOBE INC,7372.0,275.0
00724F10,406.82001,399.59,2020-06-10,ADBE,ADOBE INC,7372.0,275.0
00724F10,387.67001,400.0,2020-06-11,ADBE,ADOBE INC,7372.0,275.0
00724F10,406.54001,409.29999,2020-06-12,ADBE,ADOBE INC,7372.0,275.0
00724F10,401.34,398.79999,2020-06-15,ADBE,ADOBE INC,7372.0,275.0
00724F10,411.67001,407.82999,2020-06-16,ADBE,ADOBE INC,7372.0,275.0
00724F10,413.48999,414.0,2020-06-17,ADBE,ADOBE INC,7372.0,275.0
00724F10,420.45999,413.5,2020-06-18,ADBE,ADOBE INC,7372.0,275.0
00724F10,428.01001,423.76001,2020-06-19,ADBE,ADOBE INC,7372.0,275.0
00724F10,438.64001,428.95999,2020-06-22,ADBE,ADOBE INC,7372.0,275.0
00724F10,440.54999,440.07001,2020-06-23,ADBE,ADOBE INC,7372.0,275.0
00724F10,431.67999,440.0,2020-06-24,ADBE,ADOBE INC,7372.0,275.0
00724F10,436.95001,430.01001,2020-06-25,ADBE,ADOBE INC,7372.0,275.0
00724F10,426.92001,436.0,2020-06-26,ADBE,ADOBE INC,7372.0,275.0
00724F10,424.20001,427.10999,2020-06-29,ADBE,ADOBE INC,7372.0,275.0
00724F10,435.31,426.67999,2020-06-30,ADBE,ADOBE INC,7372.0,275.0
00724F10,439.81,434.79999,2020-07-01,ADBE,ADOBE INC,7372.0,275.0
00724F10,442.95001,445.0,2020-07-02,ADBE,ADOBE INC,7372.0,275.0
00724F10,452.59,448.0,2020-07-06,ADBE,ADOBE INC,7372.0,275.0
00724F10,449.35999,452.59,2020-07-07,ADBE,ADOBE INC,7372.0,275.0
00724F10,457.67999,453.76001,2020-07-08,ADBE,ADOBE INC,7372.0,275.0
00724F10,460.84,460.44,2020-07-09,ADBE,ADOBE INC,7372.0,275.0
00724F10,466.20001,460.82999,2020-07-10,ADBE,ADOBE INC,7372.0,275.0
00724F10,442.47,469.76999,2020-07-13,ADBE,ADOBE INC,7372.0,275.0
00724F10,433.78,435.73999,2020-07-14,ADBE,ADOBE INC,7372.0,275.0
00724F10,433.01001,434.91,2020-07-15,ADBE,ADOBE INC,7372.0,275.0
00724F10,426.29001,428.42999,2020-07-16,ADBE,ADOBE INC,7372.0,275.0
00724F10,432.42001,428.12,2020-07-17,ADBE,ADOBE INC,7372.0,275.0
00724F10,455.26999,434.06,2020-07-20,ADBE,ADOBE INC,7372.0,275.0
00724F10,444.28,456.07001,2020-07-21,ADBE,ADOBE INC,7372.0,275.0
00724F10,445.04999,447.54999,2020-07-22,ADBE,ADOBE INC,7372.0,275.0
00724F10,431.73999,445.04001,2020-07-23,ADBE,ADOBE INC,7372.0,275.0
00724F10,430.31,425.0,2020-07-24,ADBE,ADOBE INC,7372.0,275.0
00724F10,437.10001,431.76999,2020-07-27,ADBE,ADOBE INC,7372.0,275.0
00724F10,432.26001,436.82999,2020-07-28,ADBE,ADOBE INC,7372.0,275.0
00724F10,436.29999,435.16,2020-07-29,ADBE,ADOBE INC,7372.0,275.0
00724F10,438.88,429.98001,2020-07-30,ADBE,ADOBE INC,7372.0,275.0
00724F10,444.32001,441.98001,2020-07-31,ADBE,ADOBE INC,7372.0,275.0
00724F10,447.97,449.84,2020-08-03,ADBE,ADOBE INC,7372.0,275.0
00724F10,446.92001,448.26001,2020-08-04,ADBE,ADOBE INC,7372.0,275.0
00724F10,449.51001,449.09,2020-08-05,ADBE,ADOBE INC,7372.0,275.0
00724F10,464.10999,451.35001,2020-08-06,ADBE,ADOBE INC,7372.0,275.0
00724F10,449.57001,460.87,2020-08-07,ADBE,ADOBE INC,7372.0,275.0
00724F10,443.29001,450.37,2020-08-10,ADBE,ADOBE INC,7372.0,275.0
00724F10,435.23001,440.26001,2020-08-11,ADBE,ADOBE INC,7372.0,275.0
00724F10,445.35999,437.37,2020-08-12,ADBE,ADOBE INC,7372.0,275.0
00724F10,450.01999,446.07001,2020-08-13,ADBE,ADOBE INC,7372.0,275.0
00724F10,447.60001,451.39001,2020-08-14,ADBE,ADOBE INC,7372.0,275.0
00724F10,451.57999,450.0,2020-08-17,ADBE,ADOBE INC,7372.0,275.0
00724F10,463.51001,454.79001,2020-08-18,ADBE,ADOBE INC,7372.0,275.0
00724F10,462.01001,464.29001,2020-08-19,ADBE,ADOBE INC,7372.0,275.0
00724F10,478.48001,460.98999,2020-08-20,ADBE,ADOBE INC,7372.0,275.0
00724F10,473.22,477.09,2020-08-21,ADBE,ADOBE INC,7372.0,275.0
00724F10,476.29999,478.14001,2020-08-24,ADBE,ADOBE INC,7372.0,275.0
00724F10,484.42999,476.67001,2020-08-25,ADBE,ADOBE INC,7372.0,275.0
00724F10,528.48999,496.95001,2020-08-26,ADBE,ADOBE INC,7372.0,275.0
00724F10,510.32001,519.01001,2020-08-27,ADBE,ADOBE INC,7372.0,275.0
00724F10,516.44,512.33002,2020-08-28,ADBE,ADOBE INC,7372.0,275.0
00724F10,513.39001,513.85999,2020-08-31,ADBE,ADOBE INC,7372.0,275.0
00724F10,527.95001,515.0,2020-09-01,ADBE,ADOBE INC,7372.0,275.0
00724F10,533.79999,536.25,2020-09-02,ADBE,ADOBE INC,7372.0,275.0
00724F10,507.79999,526.03497,2020-09-03,ADBE,ADOBE INC,7372.0,275.0
00724F10,491.94,504.64999,2020-09-04,ADBE,ADOBE INC,7372.0,275.0
00724F10,462.13,471.89499,2020-09-08,ADBE,ADOBE INC,7372.0,275.0
00724F10,479.45999,473.905,2020-09-09,ADBE,ADOBE INC,7372.0,275.0
00724F10,476.26001,491.14999,2020-09-10,ADBE,ADOBE INC,7372.0,275.0
00724F10,471.35001,487.07999,2020-09-11,ADBE,ADOBE INC,7372.0,275.0
00724F10,485.91,484.98999,2020-09-14,ADBE,ADOBE INC,7372.0,275.0
00724F10,497.67001,493.73999,2020-09-15,ADBE,ADOBE INC,7372.0,275.0
00724F10,476.0,505.5,2020-09-16,ADBE,ADOBE INC,7372.0,275.0
00724F10,474.29999,464.44199,2020-09-17,ADBE,ADOBE INC,7372.0,275.0
00724F10,467.54999,477.39499,2020-09-18,ADBE,ADOBE INC,7372.0,275.0
00724F10,475.64001,460.31,2020-09-21,ADBE,ADOBE INC,7372.0,275.0
00724F10,486.78,479.31,2020-09-22,ADBE,ADOBE INC,7372.0,275.0
00724F10,470.39001,486.88,2020-09-23,ADBE,ADOBE INC,7372.0,275.0
00724F10,467.67001,466.92999,2020-09-24,ADBE,ADOBE INC,7372.0,275.0
00724F10,479.78,469.23001,2020-09-25,ADBE,ADOBE INC,7372.0,275.0
00724F10,488.51001,487.97,2020-09-28,ADBE,ADOBE INC,7372.0,275.0
00724F10,489.32999,489.94,2020-09-29,ADBE,ADOBE INC,7372.0,275.0
00724F10,490.42999,488.13,2020-09-30,ADBE,ADOBE INC,7372.0,275.0
00724F10,499.51001,497.42499,2020-10-01,ADBE,ADOBE INC,7372.0,275.0
00724F10,478.98999,487.98999,2020-10-02,ADBE,ADOBE INC,7372.0,275.0
00724F10,486.47,483.25,2020-10-05,ADBE,ADOBE INC,7372.0,275.0
00724F10,478.98001,485.0,2020-10-06,ADBE,ADOBE INC,7372.0,275.0
00724F10,493.14999,484.35001,2020-10-07,ADBE,ADOBE INC,7372.0,275.0
00724F10,490.84,499.04999,2020-10-08,ADBE,ADOBE INC,7372.0,275.0
00724F10,502.16,491.76999,2020-10-09,ADBE,ADOBE INC,7372.0,275.0
00724F10,510.89001,508.26001,2020-10-12,ADBE,ADOBE INC,7372.0,275.0
00724F10,514.31,512.19,2020-10-13,ADBE,ADOBE INC,7372.0,275.0
00724F10,506.31,514.34003,2020-10-14,ADBE,ADOBE INC,7372.0,275.0
00724F10,501.14999,499.26001,2020-10-15,ADBE,ADOBE INC,7372.0,275.0
00724F10,502.82001,504.0,2020-10-16,ADBE,ADOBE INC,7372.0,275.0
00724F10,495.20001,507.75,2020-10-19,ADBE,ADOBE INC,7372.0,275.0
00724F10,494.57999,495.25,2020-10-20,ADBE,ADOBE INC,7372.0,275.0
00724F10,495.95999,492.04999,2020-10-21,ADBE,ADOBE INC,7372.0,275.0
00724F10,483.60001,496.72,2020-10-22,ADBE,ADOBE INC,7372.0,275.0
00724F10,488.5,486.41,2020-10-23,ADBE,ADOBE INC,7372.0,275.0
00724F10,475.20001,480.884,2020-10-26,ADBE,ADOBE INC,7372.0,275.0
00724F10,478.56,479.78,2020-10-27,ADBE,ADOBE INC,7372.0,275.0
00724F10,456.97,469.16501,2020-10-28,ADBE,ADOBE INC,7372.0,275.0
00724F10,461.10999,459.32001,2020-10-29,ADBE,ADOBE INC,7372.0,275.0
00724F10,447.10001,458.32001,2020-10-30,ADBE,ADOBE INC,7372.0,275.0
00724F10,444.94,451.0,2020-11-02,ADBE,ADOBE INC,7372.0,275.0
00724F10,454.01999,448.98999,2020-11-03,ADBE,ADOBE INC,7372.0,275.0
00724F10,487.23001,477.92999,2020-11-04,ADBE,ADOBE INC,7372.0,275.0
00724F10,496.47,499.26999,2020-11-05,ADBE,ADOBE INC,7372.0,275.0
00724F10,494.63,494.95001,2020-11-06,ADBE,ADOBE INC,7372.0,275.0
00724F10,471.14001,494.69601,2020-11-09,ADBE,ADOBE INC,7372.0,275.0
00724F10,452.0,466.72,2020-11-10,ADBE,ADOBE INC,7372.0,275.0
00724F10,467.75,458.48999,2020-11-11,ADBE,ADOBE INC,7372.0,275.0
00724F10,462.57999,473.48999,2020-11-12,ADBE,ADOBE INC,7372.0,275.0
00724F10,469.34,467.45001,2020-11-13,ADBE,ADOBE INC,7372.0,275.0
00724F10,460.95001,460.42999,2020-11-16,ADBE,ADOBE INC,7372.0,275.0
00724F10,467.95001,461.66,2020-11-17,ADBE,ADOBE INC,7372.0,275.0
00724F10,459.47,466.70999,2020-11-18,ADBE,ADOBE INC,7372.0,275.0
00724F10,466.41,460.0,2020-11-19,ADBE,ADOBE INC,7372.0,275.0
00724F10,462.92001,465.16,2020-11-20,ADBE,ADOBE INC,7372.0,275.0
00724F10,460.60999,464.633,2020-11-23,ADBE,ADOBE INC,7372.0,275.0
00724F10,462.70001,461.41,2020-11-24,ADBE,ADOBE INC,7372.0,275.0
00724F10,470.07999,466.29001,2020-11-25,ADBE,ADOBE INC,7372.0,275.0
00724F10,477.03,476.89999,2020-11-27,ADBE,ADOBE INC,7372.0,275.0
00724F10,478.47,480.0,2020-11-30,ADBE,ADOBE INC,7372.0,275.0
00724F10,479.14999,482.01001,2020-12-01,ADBE,ADOBE INC,7372.0,275.0
00724F10,481.26001,475.67001,2020-12-02,ADBE,ADOBE INC,7372.0,275.0
00724F10,484.28,482.20999,2020-12-03,ADBE,ADOBE INC,7372.0,275.0
00724F10,486.0,485.67001,2020-12-04,ADBE,ADOBE INC,7372.0,275.0
00724F10,492.25,487.0,2020-12-07,ADBE,ADOBE INC,7372.0,275.0
00724F10,495.28,492.29001,2020-12-08,ADBE,ADOBE INC,7372.0,275.0
00724F10,483.73999,496.03,2020-12-09,ADBE,ADOBE INC,7372.0,275.0
00724F10,476.87,483.73999,2020-12-10,ADBE,ADOBE INC,7372.0,275.0
00724F10,475.91,475.97501,2020-12-11,ADBE,ADOBE INC,7372.0,275.0
00724F10,486.42001,475.60999,2020-12-14,ADBE,ADOBE INC,7372.0,275.0
00724F10,482.64001,489.04999,2020-12-15,ADBE,ADOBE INC,7372.0,275.0
00724F10,489.89999,485.0,2020-12-16,ADBE,ADOBE INC,7372.0,275.0
00724F10,495.35999,493.0,2020-12-17,ADBE,ADOBE INC,7372.0,275.0
00724F10,502.95001,497.60999,2020-12-18,ADBE,ADOBE INC,7372.0,275.0
00724F10,498.39001,498.04999,2020-12-21,ADBE,ADOBE INC,7372.0,275.0
00724F10,504.17001,498.35999,2020-12-22,ADBE,ADOBE INC,7372.0,275.0
00724F10,496.91,505.13,2020-12-23,ADBE,ADOBE INC,7372.0,275.0
00724F10,499.85999,499.16,2020-12-24,ADBE,ADOBE INC,7372.0,275.0
00724F10,498.95001,505.60999,2020-12-28,ADBE,ADOBE INC,7372.0,275.0
00724F10,502.10999,501.16501,2020-12-29,ADBE,ADOBE INC,7372.0,275.0
00724F10,497.45001,503.04999,2020-12-30,ADBE,ADOBE INC,7372.0,275.0
00724F10,500.12,497.98999,2020-12-31,ADBE,ADOBE INC,7372.0,275.0
00724F10,485.34,500.29999,2021-01-04,ADBE,ADOBE INC,7372.0,275.0
00724F10,485.69,485.88,2021-01-05,ADBE,ADOBE INC,7372.0,275.0
00724F10,466.31,474.09839,2021-01-06,ADBE,ADOBE INC,7372.0,275.0
00724F10,477.73999,471.0,2021-01-07,ADBE,ADOBE INC,7372.0,275.0
00724F10,485.10001,480.0,2021-01-08,ADBE,ADOBE INC,7372.0,275.0
00724F10,474.23999,481.98999,2021-01-11,ADBE,ADOBE INC,7372.0,275.0
00724F10,471.64999,474.41,2021-01-12,ADBE,ADOBE INC,7372.0,275.0
00724F10,472.04999,472.0,2021-01-13,ADBE,ADOBE INC,7372.0,275.0
00724F10,463.26999,472.41,2021-01-14,ADBE,ADOBE INC,7372.0,275.0
00724F10,458.07999,462.5,2021-01-15,ADBE,ADOBE INC,7372.0,275.0
00724F10,456.5,461.17001,2021-01-19,ADBE,ADOBE INC,7372.0,275.0
00724F10,469.73001,462.73001,2021-01-20,ADBE,ADOBE INC,7372.0,275.0
00724F10,472.01999,470.26001,2021-01-21,ADBE,ADOBE INC,7372.0,275.0
00724F10,472.44,472.5,2021-01-22,ADBE,ADOBE INC,7372.0,275.0
00724F10,473.44,474.51001,2021-01-25,ADBE,ADOBE INC,7372.0,275.0
00724F10,476.28,473.73001,2021-01-26,ADBE,ADOBE INC,7372.0,275.0
00724F10,460.0,470.98999,2021-01-27,ADBE,ADOBE INC,7372.0,275.0
00724F10,465.67001,459.07001,2021-01-28,ADBE,ADOBE INC,7372.0,275.0
00724F10,458.76999,462.17001,2021-01-29,ADBE,ADOBE INC,7372.0,275.0
00724F10,470.0,462.28,2021-02-01,ADBE,ADOBE INC,7372.0,275.0
00724F10,484.92999,473.64999,2021-02-02,ADBE,ADOBE INC,7372.0,275.0
00724F10,481.92001,487.09,2021-02-03,ADBE,ADOBE INC,7372.0,275.0
00724F10,489.38,484.22,2021-02-04,ADBE,ADOBE INC,7372.0,275.0
00724F10,492.12,490.92001,2021-02-05,ADBE,ADOBE INC,7372.0,275.0
00724F10,493.76001,494.26001,2021-02-08,ADBE,ADOBE INC,7372.0,275.0
00724F10,496.04999,495.0,2021-02-09,ADBE,ADOBE INC,7372.0,275.0
00724F10,492.67001,499.17001,2021-02-10,ADBE,ADOBE INC,7372.0,275.0
00724F10,496.62,494.53,2021-02-11,ADBE,ADOBE INC,7372.0,275.0
00724F10,498.84,495.16,2021-02-12,ADBE,ADOBE INC,7372.0,275.0
00724F10,501.64001,500.03,2021-02-16,ADBE,ADOBE INC,7372.0,275.0
00724F10,491.23001,495.41,2021-02-17,ADBE,ADOBE INC,7372.0,275.0
00724F10,488.37,486.32001,2021-02-18,ADBE,ADOBE INC,7372.0,275.0
00724F10,479.12,487.16,2021-02-19,ADBE,ADOBE INC,7372.0,275.0
00724F10,467.32999,470.48001,2021-02-22,ADBE,ADOBE INC,7372.0,275.0
00724F10,467.79999,461.01999,2021-02-23,ADBE,ADOBE INC,7372.0,275.0
00724F10,476.62,463.48999,2021-02-24,ADBE,ADOBE INC,7372.0,275.0
00724F10,459.16,471.23999,2021-02-25,ADBE,ADOBE INC,7372.0,275.0
00724F10,459.67001,462.80499,2021-02-26,ADBE,ADOBE INC,7372.0,275.0
00724F10,469.57001,465.67999,2021-03-01,ADBE,ADOBE INC,7372.0,275.0
00724F10,466.59,473.03,2021-03-02,ADBE,ADOBE INC,7372.0,275.0
00724F10,448.45001,463.22,2021-03-03,ADBE,ADOBE INC,7372.0,275.0
00724F10,439.06,446.45001,2021-03-04,ADBE,ADOBE INC,7372.0,275.0
00724F10,440.82999,444.88,2021-03-05,ADBE,ADOBE INC,7372.0,275.0
00724F10,421.20001,439.76001,2021-03-08,ADBE,ADOBE INC,7372.0,275.0
00724F10,439.17999,437.84,2021-03-09,ADBE,ADOBE INC,7372.0,275.0
00724F10,437.01001,445.728,2021-03-10,ADBE,ADOBE INC,7372.0,275.0
00724F10,451.06,448.13599,2021-03-11,ADBE,ADOBE INC,7372.0,275.0
00724F10,444.29999,443.45001,2021-03-12,ADBE,ADOBE INC,7372.0,275.0
00724F10,447.59,444.39999,2021-03-15,ADBE,ADOBE INC,7372.0,275.0
00724F10,450.54001,452.01001,2021-03-16,ADBE,ADOBE INC,7372.0,275.0
00724F10,451.01001,445.44,2021-03-17,ADBE,ADOBE INC,7372.0,275.0
00724F10,439.17999,443.16,2021-03-18,ADBE,ADOBE INC,7372.0,275.0
00724F10,441.5,439.17999,2021-03-19,ADBE,ADOBE INC,7372.0,275.0
00724F10,452.41,444.85999,2021-03-22,ADBE,ADOBE INC,7372.0,275.0
00724F10,460.20001,457.35001,2021-03-23,ADBE,ADOBE INC,7372.0,275.0
00724F10,451.51001,464.76401,2021-03-24,ADBE,ADOBE INC,7372.0,275.0
00724F10,450.98999,448.32999,2021-03-25,ADBE,ADOBE INC,7372.0,275.0
00724F10,469.09,450.25,2021-03-26,ADBE,ADOBE INC,7372.0,275.0
00724F10,469.32001,469.03,2021-03-29,ADBE,ADOBE INC,7372.0,275.0
00724F10,465.45999,462.57999,2021-03-30,ADBE,ADOBE INC,7372.0,275.0
00724F10,475.37,469.70001,2021-03-31,ADBE,ADOBE INC,7372.0,275.0
00724F10,483.34,483.12,2021-04-01,ADBE,ADOBE INC,7372.0,275.0
00724F10,491.62,483.69,2021-04-05,ADBE,ADOBE INC,7372.0,275.0
00724F10,491.34,492.32001,2021-04-06,ADBE,ADOBE INC,7372.0,275.0
00724F10,493.41,492.98001,2021-04-07,ADBE,ADOBE INC,7372.0,275.0
00724F10,499.84,500.16,2021-04-08,ADBE,ADOBE INC,7372.0,275.0
00724F10,504.04001,498.37,2021-04-09,ADBE,ADOBE INC,7372.0,275.0
00724F10,506.03,499.29001,2021-04-12,ADBE,ADOBE INC,7372.0,275.0
00724F10,514.85999,506.85001,2021-04-13,ADBE,ADOBE INC,7372.0,275.0
00724F10,510.63,514.0,2021-04-14,ADBE,ADOBE INC,7372.0,275.0
00724F10,523.25,515.66998,2021-04-15,ADBE,ADOBE INC,7372.0,275.0
00724F10,525.08002,524.21002,2021-04-16,ADBE,ADOBE INC,7372.0,275.0
00724F10,516.16998,523.13,2021-04-19,ADBE,ADOBE INC,7372.0,275.0
00724F10,514.21002,515.28998,2021-04-20,ADBE,ADOBE INC,7372.0,275.0
00724F10,512.34003,515.02002,2021-04-21,ADBE,ADOBE INC,7372.0,275.0
00724F10,507.29001,508.07999,2021-04-22,ADBE,ADOBE INC,7372.0,275.0
00724F10,515.84003,508.79001,2021-04-23,ADBE,ADOBE INC,7372.0,275.0
00724F10,515.70001,513.57001,2021-04-26,ADBE,ADOBE INC,7372.0,275.0
00724F10,517.32001,518.0,2021-04-27,ADBE,ADOBE INC,7372.0,275.0
00724F10,515.47998,515.23999,2021-04-28,ADBE,ADOBE INC,7372.0,275.0
00724F10,516.09003,518.10999,2021-04-29,ADBE,ADOBE INC,7372.0,275.0
00724F10,508.34,514.13,2021-04-30,ADBE,ADOBE INC,7372.0,275.0
00724F10,503.45999,510.97,2021-05-03,ADBE,ADOBE INC,7372.0,275.0
00724F10,490.70001,499.47,2021-05-04,ADBE,ADOBE INC,7372.0,275.0
00724F10,486.69,495.69,2021-05-05,ADBE,ADOBE INC,7372.0,275.0
00724F10,483.60999,485.67001,2021-05-06,ADBE,ADOBE INC,7372.0,275.0
00724F10,488.73001,496.0,2021-05-07,ADBE,ADOBE INC,7372.0,275.0
00724F10,479.38,487.54001,2021-05-10,ADBE,ADOBE INC,7372.0,275.0
00724F10,485.19,471.03,2021-05-11,ADBE,ADOBE INC,7372.0,275.0
00724F10,472.09,477.189,2021-05-12,ADBE,ADOBE INC,7372.0,275.0
00724F10,474.16,478.01001,2021-05-13,ADBE,ADOBE INC,7372.0,275.0
00724F10,486.56,481.63,2021-05-14,ADBE,ADOBE INC,7372.0,275.0
00724F10,482.73999,487.03,2021-05-17,ADBE,ADOBE INC,7372.0,275.0
00724F10,480.62,484.63,2021-05-18,ADBE,ADOBE INC,7372.0,275.0
00724F10,480.47,473.01999,2021-05-19,ADBE,ADOBE INC,7372.0,275.0
00724F10,491.67001,483.67999,2021-05-20,ADBE,ADOBE INC,7372.0,275.0
00724F10,488.07001,494.19,2021-05-21,ADBE,ADOBE INC,7372.0,275.0
00724F10,497.82999,494.64001,2021-05-24,ADBE,ADOBE INC,7372.0,275.0
00724F10,505.07999,499.01999,2021-05-25,ADBE,ADOBE INC,7372.0,275.0
00724F10,506.98001,506.26999,2021-05-26,ADBE,ADOBE INC,7372.0,275.0
00724F10,498.28,505.0,2021-05-27,ADBE,ADOBE INC,7372.0,275.0
00724F10,504.57999,506.07999,2021-05-28,ADBE,ADOBE INC,7372.0,275.0
00724F10,495.91,504.54001,2021-06-01,ADBE,ADOBE INC,7372.0,275.0
00724F10,495.76999,495.17999,2021-06-02,ADBE,ADOBE INC,7372.0,275.0
00724F10,493.14001,492.39999,2021-06-03,ADBE,ADOBE INC,7372.0,275.0
00724F10,504.5,498.73001,2021-06-04,ADBE,ADOBE INC,7372.0,275.0
00724F10,509.47,504.98999,2021-06-07,ADBE,ADOBE INC,7372.0,275.0
00724F10,509.20001,511.14999,2021-06-08,ADBE,ADOBE INC,7372.0,275.0
00724F10,514.67999,513.98999,2021-06-09,ADBE,ADOBE INC,7372.0,275.0
00724F10,535.52002,513.98999,2021-06-10,ADBE,ADOBE INC,7372.0,275.0
00724F10,541.26001,529.75,2021-06-11,ADBE,ADOBE INC,7372.0,275.0
00724F10,556.95001,545.03998,2021-06-14,ADBE,ADOBE INC,7372.0,275.0
00724F10,548.46002,554.98999,2021-06-15,ADBE,ADOBE INC,7372.0,275.0
00724F10,543.33002,548.46002,2021-06-16,ADBE,ADOBE INC,7372.0,275.0
00724F10,551.35999,539.98999,2021-06-17,ADBE,ADOBE INC,7372.0,275.0
00724F10,565.59003,569.961,2021-06-18,ADBE,ADOBE INC,7372.0,275.0
00724F10,567.34998,565.98999,2021-06-21,ADBE,ADOBE INC,7372.0,275.0
00724F10,575.73999,568.505,2021-06-22,ADBE,ADOBE INC,7372.0,275.0
00724F10,574.22998,577.98999,2021-06-23,ADBE,ADOBE INC,7372.0,275.0
00724F10,578.26001,575.90002,2021-06-24,ADBE,ADOBE INC,7372.0,275.0
00724F10,579.65997,578.64001,2021-06-25,ADBE,ADOBE INC,7372.0,275.0
00724F10,588.79999,582.71002,2021-06-28,ADBE,ADOBE INC,7372.0,275.0
00724F10,590.75,586.78003,2021-06-29,ADBE,ADOBE INC,7372.0,275.0
00724F10,585.64001,590.75,2021-06-30,ADBE,ADOBE INC,7372.0,275.0
00724F10,584.72998,583.33002,2021-07-01,ADBE,ADOBE INC,7372.0,275.0
00724F10,593.07001,588.66998,2021-07-02,ADBE,ADOBE INC,7372.0,275.0
00724F10,596.90002,595.87,2021-07-06,ADBE,ADOBE INC,7372.0,275.0
00724F10,605.77002,600.0,2021-07-07,ADBE,ADOBE INC,7372.0,275.0
00724F10,605.95001,595.64001,2021-07-08,ADBE,ADOBE INC,7372.0,275.0
00724F10,604.5,601.42999,2021-07-09,ADBE,ADOBE INC,7372.0,275.0
00724F10,600.20001,606.0,2021-07-12,ADBE,ADOBE INC,7372.0,275.0
00724F10,605.01001,600.56,2021-07-13,ADBE,ADOBE INC,7372.0,275.0
00724F10,608.83002,608.14001,2021-07-14,ADBE,ADOBE INC,7372.0,275.0
00724F10,606.16998,608.40002,2021-07-15,ADBE,ADOBE INC,7372.0,275.0
00724F10,606.09998,608.71002,2021-07-16,ADBE,ADOBE INC,7372.0,275.0
00724F10,602.04999,602.75,2021-07-19,ADBE,ADOBE INC,7372.0,275.0
00724F10,608.71997,605.39001,2021-07-20,ADBE,ADOBE INC,7372.0,275.0
00724F10,612.26001,605.71997,2021-07-21,ADBE,ADOBE INC,7372.0,275.0
00724F10,623.67999,614.58002,2021-07-22,ADBE,ADOBE INC,7372.0,275.0
00724F10,625.87,625.76001,2021-07-23,ADBE,ADOBE INC,7372.0,275.0
00724F10,620.79999,624.17999,2021-07-26,ADBE,ADOBE INC,7372.0,275.0
00724F10,618.28003,620.99597,2021-07-27,ADBE,ADOBE INC,7372.0,275.0
00724F10,620.91998,620.98999,2021-07-28,ADBE,ADOBE INC,7372.0,275.0
00724F10,621.70001,617.03998,2021-07-29,ADBE,ADOBE INC,7372.0,275.0
00724F10,621.63,619.03003,2021-07-30,ADBE,ADOBE INC,7372.0,275.0
00724F10,618.75,625.87,2021-08-02,ADBE,ADOBE INC,7372.0,275.0
00724F10,621.28003,620.22998,2021-08-03,ADBE,ADOBE INC,7372.0,275.0
00724F10,625.67999,622.46997,2021-08-04,ADBE,ADOBE INC,7372.0,275.0
00724F10,632.08002,626.98999,2021-08-05,ADBE,ADOBE INC,7372.0,275.0
00724F10,631.38,629.27002,2021-08-06,ADBE,ADOBE INC,7372.0,275.0
00724F10,629.21997,634.97998,2021-08-09,ADBE,ADOBE INC,7372.0,275.0
00724F10,621.73999,630.47998,2021-08-10,ADBE,ADOBE INC,7372.0,275.0
00724F10,626.03003,623.76001,2021-08-11,ADBE,ADOBE INC,7372.0,275.0
00724F10,634.34998,626.0,2021-08-12,ADBE,ADOBE INC,7372.0,275.0
00724F10,637.31,634.48999,2021-08-13,ADBE,ADOBE INC,7372.0,275.0
00724F10,636.94,637.03003,2021-08-16,ADBE,ADOBE INC,7372.0,275.0
00724F10,635.01001,636.54999,2021-08-17,ADBE,ADOBE INC,7372.0,275.0
00724F10,626.77002,632.79999,2021-08-18,ADBE,ADOBE INC,7372.0,275.0
00724F10,637.65997,624.88,2021-08-19,ADBE,ADOBE INC,7372.0,275.0
00724F10,647.34003,639.84003,2021-08-20,ADBE,ADOBE INC,7372.0,275.0
00724F10,656.85999,645.87,2021-08-23,ADBE,ADOBE INC,7372.0,275.0
00724F10,657.23999,659.14001,2021-08-24,ADBE,ADOBE INC,7372.0,275.0
00724F10,656.79999,658.60999,2021-08-25,ADBE,ADOBE INC,7372.0,275.0
00724F10,652.39001,653.59003,2021-08-26,ADBE,ADOBE INC,7372.0,275.0
00724F10,658.52002,652.52002,2021-08-27,ADBE,ADOBE INC,7372.0,275.0
00724F10,665.98999,659.7774,2021-08-30,ADBE,ADOBE INC,7372.0,275.0
00724F10,663.70001,667.90002,2021-08-31,ADBE,ADOBE INC,7372.0,275.0
00724F10,665.89001,664.51001,2021-09-01,ADBE,ADOBE INC,7372.0,275.0
00724F10,664.64001,669.82001,2021-09-02,ADBE,ADOBE INC,7372.0,275.0
00724F10,666.59003,664.42999,2021-09-03,ADBE,ADOBE INC,7372.0,275.0
00724F10,661.39001,667.34998,2021-09-07,ADBE,ADOBE INC,7372.0,275.0
00724F10,663.21997,660.15002,2021-09-08,ADBE,ADOBE INC,7372.0,275.0
00724F10,661.67999,664.84003,2021-09-09,ADBE,ADOBE INC,7372.0,275.0
00724F10,658.94,666.17999,2021-09-10,ADBE,ADOBE INC,7372.0,275.0
00724F10,645.15002,663.03998,2021-09-13,ADBE,ADOBE INC,7372.0,275.0
00724F10,645.01001,646.0,2021-09-14,ADBE,ADOBE INC,7372.0,275.0
00724F10,661.08002,652.315,2021-09-15,ADBE,ADOBE INC,7372.0,275.0
00724F10,665.10999,657.53003,2021-09-16,ADBE,ADOBE INC,7372.0,275.0
00724F10,654.47998,663.21002,2021-09-17,ADBE,ADOBE INC,7372.0,275.0
00724F10,641.28998,646.03497,2021-09-20,ADBE,ADOBE INC,7372.0,275.0
00724F10,645.89001,646.87598,2021-09-21,ADBE,ADOBE INC,7372.0,275.0
00724F10,626.08002,624.78998,2021-09-22,ADBE,ADOBE INC,7372.0,275.0
00724F10,630.84003,632.28802,2021-09-23,ADBE,ADOBE INC,7372.0,275.0
00724F10,622.71002,628.0,2021-09-24,ADBE,ADOBE INC,7372.0,275.0
00724F10,603.65002,615.79999,2021-09-27,ADBE,ADOBE INC,7372.0,275.0
00724F10,578.77002,596.31421,2021-09-28,ADBE,ADOBE INC,7372.0,275.0
00724F10,577.70001,585.45001,2021-09-29,ADBE,ADOBE INC,7372.0,275.0
00724F10,575.71997,580.64001,2021-09-30,ADBE,ADOBE INC,7372.0,275.0
00724F10,577.46997,577.52002,2021-10-01,ADBE,ADOBE INC,7372.0,275.0
00724F10,558.48999,574.59003,2021-10-04,ADBE,ADOBE INC,7372.0,275.0
00724F10,566.70001,563.90997,2021-10-05,ADBE,ADOBE INC,7372.0,275.0
00724F10,570.31,561.23999,2021-10-06,ADBE,ADOBE INC,7372.0,275.0
00724F10,578.96002,578.46002,2021-10-07,ADBE,ADOBE INC,7372.0,275.0
00724F10,576.85999,581.29999,2021-10-08,ADBE,ADOBE INC,7372.0,275.0
00724F10,573.07001,574.5,2021-10-11,ADBE,ADOBE INC,7372.0,275.0
00724F10,580.69,579.15698,2021-10-12,ADBE,ADOBE INC,7372.0,275.0
00724F10,591.12,585.26001,2021-10-13,ADBE,ADOBE INC,7372.0,275.0
00724F10,607.51001,600.0,2021-10-14,ADBE,ADOBE INC,7372.0,275.0
00724F10,610.09003,611.69397,2021-10-15,ADBE,ADOBE INC,7372.0,275.0
00724F10,622.83002,610.65002,2021-10-18,ADBE,ADOBE INC,7372.0,275.0
00724F10,636.07001,625.26001,2021-10-19,ADBE,ADOBE INC,7372.0,275.0
00724F10,632.37,639.28003,2021-10-20,ADBE,ADOBE INC,7372.0,275.0
00724F10,638.65997,632.0,2021-10-21,ADBE,ADOBE INC,7372.0,275.0
00724F10,643.58002,640.42999,2021-10-22,ADBE,ADOBE INC,7372.0,275.0
00724F10,646.96997,644.46997,2021-10-25,ADBE,ADOBE INC,7372.0,275.0
00724F10,642.5,650.90997,2021-10-26,ADBE,ADOBE INC,7372.0,275.0
00724F10,640.08002,644.47998,2021-10-27,ADBE,ADOBE INC,7372.0,275.0
00724F10,639.28003,638.0,2021-10-28,ADBE,ADOBE INC,7372.0,275.0
00724F10,650.35999,637.77002,2021-10-29,ADBE,ADOBE INC,7372.0,275.0
00724F10,640.20001,651.04999,2021-11-01,ADBE,ADOBE INC,7372.0,275.0
00724F10,640.40002,641.12,2021-11-02,ADBE,ADOBE INC,7372.0,275.0
00724F10,655.17999,645.52002,2021-11-03,ADBE,ADOBE INC,7372.0,275.0
00724F10,674.08002,659.44,2021-11-04,ADBE,ADOBE INC,7372.0,275.0
00724F10,662.71997,676.73999,2021-11-05,ADBE,ADOBE INC,7372.0,275.0
00724F10,666.02002,666.56,2021-11-08,ADBE,ADOBE INC,7372.0,275.0
00724F10,667.91998,667.69,2021-11-09,ADBE,ADOBE INC,7372.0,275.0
00724F10,647.5,663.20001,2021-11-10,ADBE,ADOBE INC,7372.0,275.0
00724F10,643.16998,649.60999,2021-11-11,ADBE,ADOBE INC,7372.0,275.0
00724F10,657.59998,649.01001,2021-11-12,ADBE,ADOBE INC,7372.0,275.0
00724F10,659.72998,658.37,2021-11-15,ADBE,ADOBE INC,7372.0,275.0
00724F10,671.03003,659.14001,2021-11-16,ADBE,ADOBE INC,7372.0,275.0
00724F10,670.66998,671.76001,2021-11-17,ADBE,ADOBE INC,7372.0,275.0
00724F10,670.96002,670.62,2021-11-18,ADBE,ADOBE INC,7372.0,275.0
00724F10,688.37,681.26001,2021-11-19,ADBE,ADOBE INC,7372.0,275.0
00724F10,673.57001,696.27502,2021-11-22,ADBE,ADOBE INC,7372.0,275.0
00724F10,665.15997,662.70349,2021-11-23,ADBE,ADOBE INC,7372.0,275.0
00724F10,668.32001,655.83002,2021-11-24,ADBE,ADOBE INC,7372.0,275.0
00724F10,662.09998,670.25293,2021-11-26,ADBE,ADOBE INC,7372.0,275.0
00724F10,687.48999,668.0,2021-11-29,ADBE,ADOBE INC,7372.0,275.0
00724F10,669.84998,687.21997,2021-11-30,ADBE,ADOBE INC,7372.0,275.0
00724F10,657.40997,676.0,2021-12-01,ADBE,ADOBE INC,7372.0,275.0
00724F10,671.88,655.95001,2021-12-02,ADBE,ADOBE INC,7372.0,275.0
00724F10,616.53003,658.09998,2021-12-03,ADBE,ADOBE INC,7372.0,275.0
00724F10,622.03998,617.46997,2021-12-06,ADBE,ADOBE INC,7372.0,275.0
00724F10,649.96002,644.19299,2021-12-07,ADBE,ADOBE INC,7372.0,275.0
00724F10,653.09998,647.29999,2021-12-08,ADBE,ADOBE INC,7372.0,275.0
00724F10,632.57001,650.91998,2021-12-09,ADBE,ADOBE INC,7372.0,275.0
00724F10,654.45001,638.13,2021-12-10,ADBE,ADOBE INC,7372.0,275.0
00724F10,658.29999,652.77002,2021-12-13,ADBE,ADOBE INC,7372.0,275.0
00724F10,614.85999,635.35999,2021-12-14,ADBE,ADOBE INC,7372.0,275.0
00724F10,630.33002,615.96002,2021-12-15,ADBE,ADOBE INC,7372.0,275.0
00724F10,566.09003,578.40002,2021-12-16,ADBE,ADOBE INC,7372.0,275.0
00724F10,556.64001,566.09003,2021-12-17,ADBE,ADOBE INC,7372.0,275.0
00724F10,549.77002,545.60999,2021-12-20,ADBE,ADOBE INC,7372.0,275.0
00724F10,557.52002,550.90997,2021-12-21,ADBE,ADOBE INC,7372.0,275.0
00724F10,563.97998,560.29999,2021-12-22,ADBE,ADOBE INC,7372.0,275.0
00724F10,569.62,568.96002,2021-12-23,ADBE,ADOBE INC,7372.0,275.0
00724F10,577.67999,575.03998,2021-12-27,ADBE,ADOBE INC,7372.0,275.0
00724F10,569.35999,582.84003,2021-12-28,ADBE,ADOBE INC,7372.0,275.0
00724F10,569.28998,573.32898,2021-12-29,ADBE,ADOBE INC,7372.0,275.0
00724F10,570.53003,570.57001,2021-12-30,ADBE,ADOBE INC,7372.0,275.0
00724F10,567.06,570.0,2021-12-31,ADBE,ADOBE INC,7372.0,275.0
00724F10,564.37,566.65002,2022-01-03,ADBE,ADOBE INC,7372.0,275.0
00724F10,554.0,563.90002,2022-01-04,ADBE,ADOBE INC,7372.0,275.0
00724F10,514.42999,535.0,2022-01-05,ADBE,ADOBE INC,7372.0,275.0
00724F10,514.12,510.0,2022-01-06,ADBE,ADOBE INC,7372.0,275.0
00724F10,510.70001,513.65997,2022-01-07,ADBE,ADOBE INC,7372.0,275.0
00724F10,525.83002,500.0,2022-01-10,ADBE,ADOBE INC,7372.0,275.0
00724F10,529.89001,525.55328,2022-01-11,ADBE,ADOBE INC,7372.0,275.0
00724F10,532.37,533.09003,2022-01-12,ADBE,ADOBE INC,7372.0,275.0
00724F10,516.90002,532.21997,2022-01-13,ADBE,ADOBE INC,7372.0,275.0
00724F10,520.59998,514.48999,2022-01-14,ADBE,ADOBE INC,7372.0,275.0
00724F10,513.34003,510.39001,2022-01-18,ADBE,ADOBE INC,7372.0,275.0
00724F10,516.58002,516.47998,2022-01-19,ADBE,ADOBE INC,7372.0,275.0
00724F10,510.85001,522.38,2022-01-20,ADBE,ADOBE INC,7372.0,275.0
00724F10,499.91,508.5,2022-01-21,ADBE,ADOBE INC,7372.0,275.0
00724F10,519.65997,491.07001,2022-01-24,ADBE,ADOBE INC,7372.0,275.0
00724F10,502.72,505.51001,2022-01-25,ADBE,ADOBE INC,7372.0,275.0
00724F10,500.81,514.0,2022-01-26,ADBE,ADOBE INC,7372.0,275.0
00724F10,493.04999,508.94,2022-01-27,ADBE,ADOBE INC,7372.0,275.0
00724F10,518.15997,494.09,2022-01-28,ADBE,ADOBE INC,7372.0,275.0
00724F10,534.29999,518.97998,2022-01-31,ADBE,ADOBE INC,7372.0,275.0
00724F10,535.97998,536.0,2022-02-01,ADBE,ADOBE INC,7372.0,275.0
00724F10,533.09003,536.25,2022-02-02,ADBE,ADOBE INC,7372.0,275.0
00724F10,510.82999,522.87,2022-02-03,ADBE,ADOBE INC,7372.0,275.0
00724F10,513.53998,503.76999,2022-02-04,ADBE,ADOBE INC,7372.0,275.0
00724F10,507.10001,516.0,2022-02-07,ADBE,ADOBE INC,7372.0,275.0
00724F10,511.31,501.63,2022-02-08,ADBE,ADOBE INC,7372.0,275.0
00724F10,521.75,520.34998,2022-02-09,ADBE,ADOBE INC,7372.0,275.0
00724F10,495.01999,508.07999,2022-02-10,ADBE,ADOBE INC,7372.0,275.0
00724F10,473.97,497.92001,2022-02-11,ADBE,ADOBE INC,7372.0,275.0
00724F10,474.01001,473.20001,2022-02-14,ADBE,ADOBE INC,7372.0,275.0
00724F10,479.5,482.53369,2022-02-15,ADBE,ADOBE INC,7372.0,275.0
00724F10,477.70001,476.48499,2022-02-16,ADBE,ADOBE INC,7372.0,275.0
00724F10,457.70999,473.14001,2022-02-17,ADBE,ADOBE INC,7372.0,275.0
00724F10,442.56,458.69,2022-02-18,ADBE,ADOBE INC,7372.0,275.0
00724F10,438.39999,440.35001,2022-02-22,ADBE,ADOBE INC,7372.0,275.0
00724F10,429.45001,447.78,2022-02-23,ADBE,ADOBE INC,7372.0,275.0
00724F10,463.82001,418.59,2022-02-24,ADBE,ADOBE INC,7372.0,275.0
00724F10,465.54001,465.39001,2022-02-25,ADBE,ADOBE INC,7372.0,275.0
00724F10,467.67999,462.39999,2022-02-28,ADBE,ADOBE INC,7372.0,275.0
00724F10,466.67999,468.0,2022-03-01,ADBE,ADOBE INC,7372.0,275.0
00724F10,471.17999,471.94,2022-03-02,ADBE,ADOBE INC,7372.0,275.0
00724F10,459.07999,475.82999,2022-03-03,ADBE,ADOBE INC,7372.0,275.0
00724F10,452.13,455.48999,2022-03-04,ADBE,ADOBE INC,7372.0,275.0
00724F10,437.97,456.22,2022-03-07,ADBE,ADOBE INC,7372.0,275.0
00724F10,431.53,432.51001,2022-03-08,ADBE,ADOBE INC,7372.0,275.0
00724F10,450.87,443.79999,2022-03-09,ADBE,ADOBE INC,7372.0,275.0
00724F10,438.95001,444.67999,2022-03-10,ADBE,ADOBE INC,7372.0,275.0
00724F10,416.38,439.66,2022-03-11,ADBE,ADOBE INC,7372.0,275.0
00724F10,411.5,413.35999,2022-03-14,ADBE,ADOBE INC,7372.0,275.0
00724F10,421.66,415.97,2022-03-15,ADBE,ADOBE INC,7372.0,275.0
00724F10,442.35999,431.73999,2022-03-16,ADBE,ADOBE INC,7372.0,275.0
00724F10,444.35999,441.26001,2022-03-17,ADBE,ADOBE INC,7372.0,275.0
00724F10,453.32999,439.20001,2022-03-18,ADBE,ADOBE INC,7372.0,275.0
00724F10,453.59,451.42001,2022-03-21,ADBE,ADOBE INC,7372.0,275.0
00724F10,466.45001,453.5,2022-03-22,ADBE,ADOBE INC,7372.0,275.0
00724F10,422.89999,437.51001,2022-03-23,ADBE,ADOBE INC,7372.0,275.0
00724F10,432.14001,426.07999,2022-03-24,ADBE,ADOBE INC,7372.0,275.0
00724F10,431.62,435.44,2022-03-25,ADBE,ADOBE INC,7372.0,275.0
00724F10,450.01001,433.41501,2022-03-28,ADBE,ADOBE INC,7372.0,275.0
00724F10,466.32999,459.16,2022-03-29,ADBE,ADOBE INC,7372.0,275.0
00724F10,460.06,461.51999,2022-03-30,ADBE,ADOBE INC,7372.0,275.0
00724F10,455.62,461.59,2022-03-31,ADBE,ADOBE INC,7372.0,275.0
00724F10,458.19,455.0,2022-04-01,ADBE,ADOBE INC,7372.0,275.0
00724F10,468.81,461.04001,2022-04-04,ADBE,ADOBE INC,7372.0,275.0
00724F10,458.57999,469.32001,2022-04-05,ADBE,ADOBE INC,7372.0,275.0
00724F10,444.32999,448.23499,2022-04-06,ADBE,ADOBE INC,7372.0,275.0
00724F10,452.72,444.09,2022-04-07,ADBE,ADOBE INC,7372.0,275.0
00724F10,445.34,449.95001,2022-04-08,ADBE,ADOBE INC,7372.0,275.0
00724F10,434.44,438.81,2022-04-11,ADBE,ADOBE INC,7372.0,275.0
00724F10,426.76999,442.685,2022-04-12,ADBE,ADOBE INC,7372.0,275.0
00724F10,431.67001,427.29999,2022-04-13,ADBE,ADOBE INC,7372.0,275.0
00724F10,420.44,435.85999,2022-04-14,ADBE,ADOBE INC,7372.0,275.0
00724F10,425.47,419.39999,2022-04-18,ADBE,ADOBE INC,7372.0,275.0
00724F10,436.39999,422.01999,2022-04-19,ADBE,ADOBE INC,7372.0,275.0
00724F10,428.10999,440.59,2022-04-20,ADBE,ADOBE INC,7372.0,275.0
00724F10,417.48001,432.69,2022-04-21,ADBE,ADOBE INC,7372.0,275.0
00724F10,408.67001,420.70999,2022-04-22,ADBE,ADOBE INC,7372.0,275.0
00724F10,413.95001,405.70001,2022-04-25,ADBE,ADOBE INC,7372.0,275.0
00724F10,399.12,410.17001,2022-04-26,ADBE,ADOBE INC,7372.0,275.0
00724F10,397.89999,401.44,2022-04-27,ADBE,ADOBE INC,7372.0,275.0
00724F10,410.53,406.13,2022-04-28,ADBE,ADOBE INC,7372.0,275.0
00724F10,395.95001,407.47,2022-04-29,ADBE,ADOBE INC,7372.0,275.0
00724F10,407.29001,397.13,2022-05-02,ADBE,ADOBE INC,7372.0,275.0
00724F10,407.57999,406.59,2022-05-03,ADBE,ADOBE INC,7372.0,275.0
00724F10,423.35001,407.29001,2022-05-04,ADBE,ADOBE INC,7372.0,275.0
00724F10,400.51001,415.54999,2022-05-05,ADBE,ADOBE INC,7372.0,275.0
00724F10,391.01001,395.0,2022-05-06,ADBE,ADOBE INC,7372.0,275.0
00724F10,376.91,381.95001,2022-05-09,ADBE,ADOBE INC,7372.0,275.0
00724F10,393.03,385.72,2022-05-10,ADBE,ADOBE INC,7372.0,275.0
00724F10,379.32999,389.98999,2022-05-11,ADBE,ADOBE INC,7372.0,275.0
00724F10,388.48999,373.39999,2022-05-12,ADBE,ADOBE INC,7372.0,275.0
00724F10,405.45001,396.47,2022-05-13,ADBE,ADOBE INC,7372.0,275.0
00724F10,402.85999,399.73999,2022-05-16,ADBE,ADOBE INC,7372.0,275.0
00724F10,409.64999,413.07999,2022-05-17,ADBE,ADOBE INC,7372.0,275.0
00724F10,397.88,404.38,2022-05-18,ADBE,ADOBE INC,7372.0,275.0
00724F10,394.38,399.01001,2022-05-19,ADBE,ADOBE INC,7372.0,275.0
00724F10,399.09,401.39001,2022-05-20,ADBE,ADOBE INC,7372.0,275.0
00724F10,406.76001,404.01001,2022-05-23,ADBE,ADOBE INC,7372.0,275.0
00724F10,398.41,401.60999,2022-05-24,ADBE,ADOBE INC,7372.0,275.0
00724F10,402.5,395.32001,2022-05-25,ADBE,ADOBE INC,7372.0,275.0
00724F10,408.60001,405.09,2022-05-26,ADBE,ADOBE INC,7372.0,275.0
00724F10,428.22,414.79999,2022-05-27,ADBE,ADOBE INC,7372.0,275.0
00724F10,416.48001,427.22,2022-05-31,ADBE,ADOBE INC,7372.0,275.0
00724F10,418.16,428.0,2022-06-01,ADBE,ADOBE INC,7372.0,275.0
00724F10,441.28,418.10999,2022-06-02,ADBE,ADOBE INC,7372.0,275.0
00724F10,429.76001,430.70999,2022-06-03,ADBE,ADOBE INC,7372.0,275.0
00724F10,429.45999,437.59,2022-06-06,ADBE,ADOBE INC,7372.0,275.0
00724F10,433.42001,423.98001,2022-06-07,ADBE,ADOBE INC,7372.0,275.0
00724F10,428.84,430.54001,2022-06-08,ADBE,ADOBE INC,7372.0,275.0
00724F10,426.42001,424.17001,2022-06-09,ADBE,ADOBE INC,7372.0,275.0
00724F10,393.84,412.89999,2022-06-10,ADBE,ADOBE INC,7372.0,275.0
00724F10,371.64999,377.35999,2022-06-13,ADBE,ADOBE INC,7372.0,275.0
00724F10,370.82001,371.44,2022-06-14,ADBE,ADOBE INC,7372.0,275.0
00724F10,376.92001,376.03,2022-06-15,ADBE,ADOBE INC,7372.0,275.0
00724F10,365.07999,369.37,2022-06-16,ADBE,ADOBE INC,7372.0,275.0
00724F10,360.79001,349.23999,2022-06-17,ADBE,ADOBE INC,7372.0,275.0
00724F10,362.98999,355.01999,2022-06-21,ADBE,ADOBE INC,7372.0,275.0
00724F10,365.32999,360.79001,2022-06-22,ADBE,ADOBE INC,7372.0,275.0
00724F10,376.64001,371.70999,2022-06-23,ADBE,ADOBE INC,7372.0,275.0
00724F10,387.72,380.64001,2022-06-24,ADBE,ADOBE INC,7372.0,275.0
00724F10,381.07001,388.79999,2022-06-27,ADBE,ADOBE INC,7372.0,275.0
00724F10,365.63,381.0,2022-06-28,ADBE,ADOBE INC,7372.0,275.0
00724F10,368.5,367.94,2022-06-29,ADBE,ADOBE INC,7372.0,275.0
00724F10,366.06,362.89999,2022-06-30,ADBE,ADOBE INC,7372.0,275.0
00724F10,368.48001,364.17499,2022-07-01,ADBE,ADOBE INC,7372.0,275.0
00724F10,376.48999,363.5,2022-07-05,ADBE,ADOBE INC,7372.0,275.0
00724F10,382.82999,378.54001,2022-07-06,ADBE,ADOBE INC,7372.0,275.0
00724F10,390.89001,382.5,2022-07-07,ADBE,ADOBE INC,7372.0,275.0
00724F10,389.44,384.35001,2022-07-08,ADBE,ADOBE INC,7372.0,275.0
00724F10,384.16,386.57001,2022-07-11,ADBE,ADOBE INC,7372.0,275.0
00724F10,375.54001,383.89999,2022-07-12,ADBE,ADOBE INC,7372.0,275.0
00724F10,371.94,368.20001,2022-07-13,ADBE,ADOBE INC,7372.0,275.0
00724F10,372.95999,368.82999,2022-07-14,ADBE,ADOBE INC,7372.0,275.0
00724F10,379.85999,377.79001,2022-07-15,ADBE,ADOBE INC,7372.0,275.0
00724F10,375.23001,383.82999,2022-07-18,ADBE,ADOBE INC,7372.0,275.0
00724F10,387.82999,382.89001,2022-07-19,ADBE,ADOBE INC,7372.0,275.0
00724F10,401.48999,392.19,2022-07-20,ADBE,ADOBE INC,7372.0,275.0
00724F10,408.91,404.12,2022-07-21,ADBE,ADOBE INC,7372.0,275.0
00724F10,401.89999,410.03,2022-07-22,ADBE,ADOBE INC,7372.0,275.0
00724F10,391.95999,400.10999,2022-07-25,ADBE,ADOBE INC,7372.0,275.0
00724F10,379.26001,393.57999,2022-07-26,ADBE,ADOBE INC,7372.0,275.0
00724F10,392.78,385.07999,2022-07-27,ADBE,ADOBE INC,7372.0,275.0
00724F10,403.5,392.76001,2022-07-28,ADBE,ADOBE INC,7372.0,275.0
00724F10,410.12,404.69,2022-07-29,ADBE,ADOBE INC,7372.0,275.0
00724F10,411.09,406.51001,2022-08-01,ADBE,ADOBE INC,7372.0,275.0
00724F10,409.95999,405.34,2022-08-02,ADBE,ADOBE INC,7372.0,275.0
00724F10,424.54001,412.81,2022-08-03,ADBE,ADOBE INC,7372.0,275.0
00724F10,430.59,425.45001,2022-08-04,ADBE,ADOBE INC,7372.0,275.0
00724F10,433.42999,423.0,2022-08-05,ADBE,ADOBE INC,7372.0,275.0
00724F10,434.34,435.0,2022-08-08,ADBE,ADOBE INC,7372.0,275.0
00724F10,426.57001,434.34,2022-08-09,ADBE,ADOBE INC,7372.0,275.0
00724F10,438.39999,441.42001,2022-08-10,ADBE,ADOBE INC,7372.0,275.0
00724F10,434.89001,445.26001,2022-08-11,ADBE,ADOBE INC,7372.0,275.0
00724F10,445.67001,439.60999,2022-08-12,ADBE,ADOBE INC,7372.0,275.0
00724F10,451.01999,445.07001,2022-08-15,ADBE,ADOBE INC,7372.0,275.0
00724F10,447.56,446.12,2022-08-16,ADBE,ADOBE INC,7372.0,275.0
00724F10,437.82001,440.87,2022-08-17,ADBE,ADOBE INC,7372.0,275.0
00724F10,439.03,438.60999,2022-08-18,ADBE,ADOBE INC,7372.0,275.0
00724F10,425.05499,431.57999,2022-08-19,ADBE,ADOBE INC,7372.0,275.0
00724F10,411.35001,419.41,2022-08-22,ADBE,ADOBE INC,7372.0,275.0
00724F10,410.41,410.37,2022-08-23,ADBE,ADOBE INC,7372.0,275.0
00724F10,405.64999,410.67999,2022-08-24,ADBE,ADOBE INC,7372.0,275.0
00724F10,403.92999,405.79001,2022-08-25,ADBE,ADOBE INC,7372.0,275.0
00724F10,381.01999,403.98999,2022-08-26,ADBE,ADOBE INC,7372.0,275.0
00724F10,375.26001,380.09,2022-08-29,ADBE,ADOBE INC,7372.0,275.0
00724F10,375.07001,379.92001,2022-08-30,ADBE,ADOBE INC,7372.0,275.0
00724F10,373.44,378.53,2022-08-31,ADBE,ADOBE INC,7372.0,275.0
00724F10,370.53,371.0,2022-09-01,ADBE,ADOBE INC,7372.0,275.0
00724F10,368.14001,374.53,2022-09-02,ADBE,ADOBE INC,7372.0,275.0
00724F10,368.29999,367.23001,2022-09-06,ADBE,ADOBE INC,7372.0,275.0
00724F10,379.72,368.20001,2022-09-07,ADBE,ADOBE INC,7372.0,275.0
00724F10,383.63,377.20001,2022-09-08,ADBE,ADOBE INC,7372.0,275.0
00724F10,394.78,390.19,2022-09-09,ADBE,ADOBE INC,7372.0,275.0
00724F10,396.35999,391.09,2022-09-12,ADBE,ADOBE INC,7372.0,275.0
00724F10,368.39001,382.54999,2022-09-13,ADBE,ADOBE INC,7372.0,275.0
00724F10,371.51999,369.57001,2022-09-14,ADBE,ADOBE INC,7372.0,275.0
00724F10,309.13,323.14999,2022-09-15,ADBE,ADOBE INC,7372.0,275.0
00724F10,299.5,298.32001,2022-09-16,ADBE,ADOBE INC,7372.0,275.0
00724F10,296.06,294.88,2022-09-19,ADBE,ADOBE INC,7372.0,275.0
00724F10,291.06,292.82001,2022-09-20,ADBE,ADOBE INC,7372.0,275.0
00724F10,286.29999,292.84,2022-09-21,ADBE,ADOBE INC,7372.0,275.0
00724F10,287.06,282.0,2022-09-22,ADBE,ADOBE INC,7372.0,275.0
00724F10,284.56,285.57001,2022-09-23,ADBE,ADOBE INC,7372.0,275.0
00724F10,276.95999,286.03,2022-09-26,ADBE,ADOBE INC,7372.0,275.0
00724F10,277.57001,281.70001,2022-09-27,ADBE,ADOBE INC,7372.0,275.0
00724F10,281.39999,280.38,2022-09-28,ADBE,ADOBE INC,7372.0,275.0
00724F10,278.25,277.79999,2022-09-29,ADBE,ADOBE INC,7372.0,275.0
00724F10,275.20001,279.69,2022-09-30,ADBE,ADOBE INC,7372.0,275.0
00724F10,285.23999,278.26901,2022-10-03,ADBE,ADOBE INC,7372.0,275.0
00724F10,294.97,290.95001,2022-10-04,ADBE,ADOBE INC,7372.0,275.0
00724F10,297.38,291.41,2022-10-05,ADBE,ADOBE INC,7372.0,275.0
00724F10,298.41,297.14999,2022-10-06,ADBE,ADOBE INC,7372.0,275.0
00724F10,288.76999,291.35999,2022-10-07,ADBE,ADOBE INC,7372.0,275.0
00724F10,285.72,289.75,2022-10-10,ADBE,ADOBE INC,7372.0,275.0
00724F10,284.82999,285.69,2022-10-11,ADBE,ADOBE INC,7372.0,275.0
00724F10,286.14999,284.69,2022-10-12,ADBE,ADOBE INC,7372.0,275.0
00724F10,294.73999,279.70999,2022-10-13,ADBE,ADOBE INC,7372.0,275.0
00724F10,287.94,295.12,2022-10-14,ADBE,ADOBE INC,7372.0,275.0
00724F10,293.5,297.45001,2022-10-17,ADBE,ADOBE INC,7372.0,275.0
00724F10,292.98001,302.67999,2022-10-18,ADBE,ADOBE INC,7372.0,275.0
00724F10,299.82999,295.39999,2022-10-19,ADBE,ADOBE INC,7372.0,275.0
00724F10,302.38,301.03,2022-10-20,ADBE,ADOBE INC,7372.0,275.0
00724F10,306.37,300.98999,2022-10-21,ADBE,ADOBE INC,7372.0,275.0
00724F10,316.22,308.42999,2022-10-24,ADBE,ADOBE INC,7372.0,275.0
00724F10,323.79001,319.12,2022-10-25,ADBE,ADOBE INC,7372.0,275.0
00724F10,320.48001,318.16,2022-10-26,ADBE,ADOBE INC,7372.0,275.0
00724F10,318.64999,322.95999,2022-10-27,ADBE,ADOBE INC,7372.0,275.0
00724F10,325.67999,318.67001,2022-10-28,ADBE,ADOBE INC,7372.0,275.0
00724F10,318.5,323.48999,2022-10-31,ADBE,ADOBE INC,7372.0,275.0
00724F10,316.01999,321.01001,2022-11-01,ADBE,ADOBE INC,7372.0,275.0
00724F10,301.22,318.84,2022-11-02,ADBE,ADOBE INC,7372.0,275.0
00724F10,285.92999,297.07001,2022-11-03,ADBE,ADOBE INC,7372.0,275.0
00724F10,285.75,290.38,2022-11-04,ADBE,ADOBE INC,7372.0,275.0
00724F10,299.54001,288.97,2022-11-07,ADBE,ADOBE INC,7372.0,275.0
00724F10,302.17001,301.14999,2022-11-08,ADBE,ADOBE INC,7372.0,275.0
00724F10,298.87,299.64999,2022-11-09,ADBE,ADOBE INC,7372.0,275.0
00724F10,329.95001,318.54999,2022-11-10,ADBE,ADOBE INC,7372.0,275.0
00724F10,341.14999,330.34,2022-11-11,ADBE,ADOBE INC,7372.0,275.0
00724F10,340.37,338.07001,2022-11-14,ADBE,ADOBE INC,7372.0,275.0
00724F10,345.95999,348.41,2022-11-15,ADBE,ADOBE INC,7372.0,275.0
00724F10,338.41,345.0,2022-11-16,ADBE,ADOBE INC,7372.0,275.0
00724F10,337.82999,331.73999,2022-11-17,ADBE,ADOBE INC,7372.0,275.0
00724F10,330.85999,344.29999,2022-11-18,ADBE,ADOBE INC,7372.0,275.0
00724F10,321.48999,329.53,2022-11-21,ADBE,ADOBE INC,7372.0,275.0
00724F10,330.88,322.48999,2022-11-22,ADBE,ADOBE INC,7372.0,275.0
00724F10,335.78,329.92999,2022-11-23,ADBE,ADOBE INC,7372.0,275.0
00724F10,334.29999,332.88501,2022-11-25,ADBE,ADOBE INC,7372.0,275.0
00724F10,328.97,335.82999,2022-11-28,ADBE,ADOBE INC,7372.0,275.0
00724F10,326.78,326.69,2022-11-29,ADBE,ADOBE INC,7372.0,275.0
00724F10,344.92999,327.12,2022-11-30,ADBE,ADOBE INC,7372.0,275.0
00724F10,344.10999,348.03,2022-12-01,ADBE,ADOBE INC,7372.0,275.0
00724F10,341.53,337.20001,2022-12-02,ADBE,ADOBE INC,7372.0,275.0
00724F10,334.09,337.79999,2022-12-05,ADBE,ADOBE INC,7372.0,275.0
00724F10,331.14999,334.09,2022-12-06,ADBE,ADOBE INC,7372.0,275.0
00724F10,326.67999,327.53,2022-12-07,ADBE,ADOBE INC,7372.0,275.0
00724F10,332.57999,325.70999,2022-12-08,ADBE,ADOBE INC,7372.0,275.0
00724F10,330.64001,331.5,2022-12-09,ADBE,ADOBE INC,7372.0,275.0
00724F10,338.17001,334.76001,2022-12-12,ADBE,ADOBE INC,7372.0,275.0
00724F10,342.45999,353.63,2022-12-13,ADBE,ADOBE INC,7372.0,275.0
00724F10,339.92001,343.89001,2022-12-14,ADBE,ADOBE INC,7372.0,275.0
00724F10,328.70999,332.76001,2022-12-15,ADBE,ADOBE INC,7372.0,275.0
00724F10,338.54001,345.0,2022-12-16,ADBE,ADOBE INC,7372.0,275.0
00724F10,328.76001,338.0,2022-12-19,ADBE,ADOBE INC,7372.0,275.0
00724F10,338.22,327.0,2022-12-20,ADBE,ADOBE INC,7372.0,275.0
00724F10,341.38,340.29001,2022-12-21,ADBE,ADOBE INC,7372.0,275.0
00724F10,336.51999,336.01001,2022-12-22,ADBE,ADOBE INC,7372.0,275.0
00724F10,338.45001,335.0,2022-12-23,ADBE,ADOBE INC,7372.0,275.0
00724F10,335.09,338.0,2022-12-27,ADBE,ADOBE INC,7372.0,275.0
00724F10,328.32999,335.06,2022-12-28,ADBE,ADOBE INC,7372.0,275.0
00724F10,337.57999,330.75,2022-12-29,ADBE,ADOBE INC,7372.0,275.0
00724F10,336.53,333.0,2022-12-30,ADBE,ADOBE INC,7372.0,275.0
00724F10,336.92001,340.16,2023-01-03,ADBE,ADOBE INC,7372.0,275.0
00724F10,341.41,342.89001,2023-01-04,ADBE,ADOBE INC,7372.0,275.0
00724F10,328.44,337.53,2023-01-05,ADBE,ADOBE INC,7372.0,275.0
00724F10,332.75,332.28,2023-01-06,ADBE,ADOBE INC,7372.0,275.0
00724F10,341.98001,338.89999,2023-01-09,ADBE,ADOBE INC,7372.0,275.0
00724F10,338.70001,337.64999,2023-01-10,ADBE,ADOBE INC,7372.0,275.0
00724F10,342.92999,337.39001,2023-01-11,ADBE,ADOBE INC,7372.0,275.0
00724F10,344.54001,344.16501,2023-01-12,ADBE,ADOBE INC,7372.0,275.0
00724F10,344.38,340.25,2023-01-13,ADBE,ADOBE INC,7372.0,275.0
00724F10,344.38,344.38,2023-01-17,ADBE,ADOBE INC,7372.0,275.0
00724F10,341.31,345.01001,2023-01-18,ADBE,ADOBE INC,7372.0,275.0
00724F10,342.53,340.56,2023-01-19,ADBE,ADOBE INC,7372.0,275.0
00724F10,356.38,343.26999,2023-01-20,ADBE,ADOBE INC,7372.0,275.0
00724F10,364.98001,358.28,2023-01-23,ADBE,ADOBE INC,7372.0,275.0
00724F10,361.32001,364.10001,2023-01-24,ADBE,ADOBE INC,7372.0,275.0
00724F10,358.17001,355.66501,2023-01-25,ADBE,ADOBE INC,7372.0,275.0
00724F10,365.82001,362.76001,2023-01-26,ADBE,ADOBE INC,7372.0,275.0
00724F10,370.70999,363.48999,2023-01-27,ADBE,ADOBE INC,7372.0,275.0
00724F10,363.42001,365.89999,2023-01-30,ADBE,ADOBE INC,7372.0,275.0
00724F10,370.34,364.70999,2023-01-31,ADBE,ADOBE INC,7372.0,275.0
00724F10,383.92001,370.01001,2023-02-01,ADBE,ADOBE INC,7372.0,275.0
00724F10,392.23001,393.28,2023-02-02,ADBE,ADOBE INC,7372.0,275.0
00724F10,379.32999,384.29001,2023-02-03,ADBE,ADOBE INC,7372.0,275.0
00724F10,375.23001,376.20999,2023-02-06,ADBE,ADOBE INC,7372.0,275.0
00724F10,383.82001,373.42999,2023-02-07,ADBE,ADOBE INC,7372.0,275.0
00724F10,378.35999,382.48999,2023-02-08,ADBE,ADOBE INC,7372.0,275.0
00724F10,375.81,384.97,2023-02-09,ADBE,ADOBE INC,7372.0,275.0
00724F10,370.98999,371.63,2023-02-10,ADBE,ADOBE INC,7372.0,275.0
00724F10,375.0,373.41,2023-02-13,ADBE,ADOBE INC,7372.0,275.0
00724F10,377.89999,375.0,2023-02-14,ADBE,ADOBE INC,7372.0,275.0
00724F10,375.94,375.60001,2023-02-15,ADBE,ADOBE INC,7372.0,275.0
00724F10,365.16,366.04001,2023-02-16,ADBE,ADOBE INC,7372.0,275.0
00724F10,356.85001,359.31,2023-02-17,ADBE,ADOBE INC,7372.0,275.0
00724F10,346.70001,350.78,2023-02-21,ADBE,ADOBE INC,7372.0,275.0
00724F10,348.72,346.69,2023-02-22,ADBE,ADOBE INC,7372.0,275.0
00724F10,347.01999,350.44,2023-02-23,ADBE,ADOBE INC,7372.0,275.0
00724F10,320.54001,328.12,2023-02-24,ADBE,ADOBE INC,7372.0,275.0
00724F10,322.32001,322.01999,2023-02-27,ADBE,ADOBE INC,7372.0,275.0
00724F10,323.95001,323.37,2023-02-28,ADBE,ADOBE INC,7372.0,275.0
00724F10,323.38,323.79999,2023-03-01,ADBE,ADOBE INC,7372.0,275.0
00724F10,333.5,323.38,2023-03-02,ADBE,ADOBE INC,7372.0,275.0
00724F10,344.04001,334.69,2023-03-03,ADBE,ADOBE INC,7372.0,275.0
00724F10,347.01999,344.32999,2023-03-06,ADBE,ADOBE INC,7372.0,275.0
00724F10,344.79999,347.85999,2023-03-07,ADBE,ADOBE INC,7372.0,275.0
00724F10,345.84,346.73999,2023-03-08,ADBE,ADOBE INC,7372.0,275.0
00724F10,338.37,344.72,2023-03-09,ADBE,ADOBE INC,7372.0,275.0
00724F10,329.29999,338.34,2023-03-10,ADBE,ADOBE INC,7372.0,275.0
00724F10,324.26999,329.42001,2023-03-13,ADBE,ADOBE INC,7372.0,275.0
00724F10,333.32999,332.20999,2023-03-14,ADBE,ADOBE INC,7372.0,275.0
00724F10,333.60999,330.0,2023-03-15,ADBE,ADOBE INC,7372.0,275.0
00724F10,353.29001,344.57001,2023-03-16,ADBE,ADOBE INC,7372.0,275.0
00724F10,358.14001,354.78,2023-03-17,ADBE,ADOBE INC,7372.0,275.0
00724F10,362.88,357.60999,2023-03-20,ADBE,ADOBE INC,7372.0,275.0
00724F10,374.22,364.63,2023-03-21,ADBE,ADOBE INC,7372.0,275.0
00724F10,361.70999,375.0,2023-03-22,ADBE,ADOBE INC,7372.0,275.0
00724F10,369.0,368.98999,2023-03-23,ADBE,ADOBE INC,7372.0,275.0
00724F10,374.95999,370.23001,2023-03-24,ADBE,ADOBE INC,7372.0,275.0
00724F10,373.14999,376.51001,2023-03-27,ADBE,ADOBE INC,7372.0,275.0
00724F10,373.39999,373.42001,2023-03-28,ADBE,ADOBE INC,7372.0,275.0
00724F10,379.16,376.67999,2023-03-29,ADBE,ADOBE INC,7372.0,275.0
00724F10,381.89999,381.64999,2023-03-30,ADBE,ADOBE INC,7372.0,275.0
00724F10,385.37,382.29001,2023-03-31,ADBE,ADOBE INC,7372.0,275.0
00724F10,380.07999,380.88,2023-04-03,ADBE,ADOBE INC,7372.0,275.0
00724F10,385.14999,382.23999,2023-04-04,ADBE,ADOBE INC,7372.0,275.0
00724F10,382.01999,384.09,2023-04-05,ADBE,ADOBE INC,7372.0,275.0
00724F10,380.60001,379.31,2023-04-06,ADBE,ADOBE INC,7372.0,275.0
00724F10,376.25,375.48001,2023-04-10,ADBE,ADOBE INC,7372.0,275.0
00724F10,371.10999,374.01001,2023-04-11,ADBE,ADOBE INC,7372.0,275.0
00724F10,369.89001,376.42001,2023-04-12,ADBE,ADOBE INC,7372.0,275.0
00724F10,378.79999,373.20001,2023-04-13,ADBE,ADOBE INC,7372.0,275.0
00724F10,379.38,376.37,2023-04-14,ADBE,ADOBE INC,7372.0,275.0
00724F10,377.92001,379.60999,2023-04-17,ADBE,ADOBE INC,7372.0,275.0
00724F10,377.54999,380.89999,2023-04-18,ADBE,ADOBE INC,7372.0,275.0
00724F10,380.10999,377.89999,2023-04-19,ADBE,ADOBE INC,7372.0,275.0
00724F10,380.26001,376.04001,2023-04-20,ADBE,ADOBE INC,7372.0,275.0
00724F10,377.67001,379.97,2023-04-21,ADBE,ADOBE INC,7372.0,275.0
00724F10,377.34,376.59,2023-04-24,ADBE,ADOBE INC,7372.0,275.0
00724F10,369.59,373.63,2023-04-25,ADBE,ADOBE INC,7372.0,275.0
00724F10,363.06,368.60001,2023-04-26,ADBE,ADOBE INC,7372.0,275.0
00724F10,371.42001,365.94,2023-04-27,ADBE,ADOBE INC,7372.0,275.0
00724F10,377.56,371.42001,2023-04-28,ADBE,ADOBE INC,7372.0,275.0
00724F10,374.14999,376.51001,2023-05-01,ADBE,ADOBE INC,7372.0,275.0
00724F10,368.66,374.35501,2023-05-02,ADBE,ADOBE INC,7372.0,275.0
00724F10,345.25,363.48999,2023-05-03,ADBE,ADOBE INC,7372.0,275.0
00724F10,335.82999,347.97,2023-05-04,ADBE,ADOBE INC,7372.0,275.0
00724F10,348.39999,338.98001,2023-05-05,ADBE,ADOBE INC,7372.0,275.0
00724F10,344.06,348.0,2023-05-08,ADBE,ADOBE INC,7372.0,275.0
00724F10,342.64999,342.5,2023-05-09,ADBE,ADOBE INC,7372.0,275.0
00724F10,344.01999,348.25,2023-05-10,ADBE,ADOBE INC,7372.0,275.0
00724F10,341.57999,341.88,2023-05-11,ADBE,ADOBE INC,7372.0,275.0
00724F10,335.45001,340.51001,2023-05-12,ADBE,ADOBE INC,7372.0,275.0
00724F10,345.67001,337.35001,2023-05-15,ADBE,ADOBE INC,7372.0,275.0
00724F10,345.10999,344.20001,2023-05-16,ADBE,ADOBE INC,7372.0,275.0
00724F10,356.63,345.35999,2023-05-17,ADBE,ADOBE INC,7372.0,275.0
00724F10,360.42999,357.0,2023-05-18,ADBE,ADOBE INC,7372.0,275.0
00724F10,371.25,363.0,2023-05-19,ADBE,ADOBE INC,7372.0,275.0
00724F10,372.04999,371.25,2023-05-22,ADBE,ADOBE INC,7372.0,275.0
00724F10,370.42001,371.81,2023-05-23,ADBE,ADOBE INC,7372.0,275.0
00724F10,365.76001,368.41,2023-05-24,ADBE,ADOBE INC,7372.0,275.0
00724F10,392.06,375.48999,2023-05-25,ADBE,ADOBE INC,7372.0,275.0
00724F10,415.39001,396.72,2023-05-26,ADBE,ADOBE INC,7372.0,275.0
00724F10,417.20999,429.94,2023-05-30,ADBE,ADOBE INC,7372.0,275.0
00724F10,417.79001,413.89999,2023-05-31,ADBE,ADOBE INC,7372.0,275.0
00724F10,426.75,412.29001,2023-06-01,ADBE,ADOBE INC,7372.0,275.0
00724F10,436.37,432.0,2023-06-02,ADBE,ADOBE INC,7372.0,275.0
00724F10,434.17999,433.01001,2023-06-05,ADBE,ADOBE INC,7372.0,275.0
00724F10,432.89001,432.54999,2023-06-06,ADBE,ADOBE INC,7372.0,275.0
00724F10,418.32001,434.56,2023-06-07,ADBE,ADOBE INC,7372.0,275.0
00724F10,439.03,424.14999,2023-06-08,ADBE,ADOBE INC,7372.0,275.0
00724F10,454.0,456.91,2023-06-09,ADBE,ADOBE INC,7372.0,275.0
00724F10,474.63,463.70499,2023-06-12,ADBE,ADOBE INC,7372.0,275.0
00724F10,478.98999,489.70999,2023-06-13,ADBE,ADOBE INC,7372.0,275.0
00724F10,479.53,476.14999,2023-06-14,ADBE,ADOBE INC,7372.0,275.0
00724F10,490.91,475.47,2023-06-15,ADBE,ADOBE INC,7372.0,275.0
00724F10,495.17999,518.22998,2023-06-16,ADBE,ADOBE INC,7372.0,275.0
00724F10,485.85999,485.63,2023-06-20,ADBE,ADOBE INC,7372.0,275.0
00724F10,477.48001,492.0,2023-06-21,ADBE,ADOBE INC,7372.0,275.0
00724F10,477.57999,474.12,2023-06-22,ADBE,ADOBE INC,7372.0,275.0
00724F10,484.72,472.95001,2023-06-23,ADBE,ADOBE INC,7372.0,275.0
00724F10,479.51001,483.01001,2023-06-26,ADBE,ADOBE INC,7372.0,275.0
00724F10,489.26999,480.0,2023-06-27,ADBE,ADOBE INC,7372.0,275.0
00724F10,482.42999,482.0,2023-06-28,ADBE,ADOBE INC,7372.0,275.0
00724F10,483.76999,484.47,2023-06-29,ADBE,ADOBE INC,7372.0,275.0
00724F10,488.98999,482.73999,2023-06-30,ADBE,ADOBE INC,7372.0,275.0
00724F10,485.20999,486.39001,2023-07-03,ADBE,ADOBE INC,7372.0,275.0
00724F10,487.26001,480.98999,2023-07-05,ADBE,ADOBE INC,7372.0,275.0
00724F10,481.29001,479.98999,2023-07-06,ADBE,ADOBE INC,7372.0,275.0
00724F10,485.26999,481.98001,2023-07-07,ADBE,ADOBE INC,7372.0,275.0
00724F10,496.35001,485.26999,2023-07-10,ADBE,ADOBE INC,7372.0,275.0
00724F10,504.73999,497.28,2023-07-11,ADBE,ADOBE INC,7372.0,275.0
00724F10,507.35999,509.405,2023-07-12,ADBE,ADOBE INC,7372.0,275.0
00724F10,517.28003,509.62,2023-07-13,ADBE,ADOBE INC,7372.0,275.0
00724F10,514.83002,517.34003,2023-07-14,ADBE,ADOBE INC,7372.0,275.0
00724F10,522.0,513.0,2023-07-17,ADBE,ADOBE INC,7372.0,275.0
00724F10,532.22998,519.64001,2023-07-18,ADBE,ADOBE INC,7372.0,275.0
00724F10,527.16998,534.47998,2023-07-19,ADBE,ADOBE INC,7372.0,275.0
00724F10,516.88,522.03003,2023-07-20,ADBE,ADOBE INC,7372.0,275.0
00724F10,520.22998,521.75,2023-07-21,ADBE,ADOBE INC,7372.0,275.0
00724F10,523.85999,520.0,2023-07-24,ADBE,ADOBE INC,7372.0,275.0
00724F10,525.34003,519.41998,2023-07-25,ADBE,ADOBE INC,7372.0,275.0
00724F10,514.54999,520.48999,2023-07-26,ADBE,ADOBE INC,7372.0,275.0
00724F10,513.96997,523.15997,2023-07-27,ADBE,ADOBE INC,7372.0,275.0
00724F10,528.87,515.42999,2023-07-28,ADBE,ADOBE INC,7372.0,275.0
00724F10,546.16998,541.87,2023-07-31,ADBE,ADOBE INC,7372.0,275.0
00724F10,549.09998,545.78003,2023-08-01,ADBE,ADOBE INC,7372.0,275.0
00724F10,530.29999,539.32001,2023-08-02,ADBE,ADOBE INC,7372.0,275.0
00724F10,523.76001,523.0,2023-08-03,ADBE,ADOBE INC,7372.0,275.0
00724F10,526.88,526.73999,2023-08-04,ADBE,ADOBE INC,7372.0,275.0
00724F10,529.72998,530.0,2023-08-07,ADBE,ADOBE INC,7372.0,275.0
00724F10,520.59998,523.98999,2023-08-08,ADBE,ADOBE INC,7372.0,275.0
00724F10,513.78003,520.54999,2023-08-09,ADBE,ADOBE INC,7372.0,275.0
00724F10,515.83002,521.03003,2023-08-10,ADBE,ADOBE INC,7372.0,275.0
00724F10,508.45001,510.82999,2023-08-11,ADBE,ADOBE INC,7372.0,275.0
00724F10,522.25,506.78,2023-08-14,ADBE,ADOBE INC,7372.0,275.0
00724F10,518.70001,518.34998,2023-08-15,ADBE,ADOBE INC,7372.0,275.0
00724F10,514.48999,517.81,2023-08-16,ADBE,ADOBE INC,7372.0,275.0
00724F10,511.67001,525.0,2023-08-17,ADBE,ADOBE INC,7372.0,275.0
00724F10,508.13,504.64999,2023-08-18,ADBE,ADOBE INC,7372.0,275.0
00724F10,520.46997,510.29001,2023-08-21,ADBE,ADOBE INC,7372.0,275.0
00724F10,519.47998,529.71503,2023-08-22,ADBE,ADOBE INC,7372.0,275.0
00724F10,530.71002,522.72998,2023-08-23,ADBE,ADOBE INC,7372.0,275.0
00724F10,512.42999,539.0,2023-08-24,ADBE,ADOBE INC,7372.0,275.0
00724F10,525.06,514.91998,2023-08-25,ADBE,ADOBE INC,7372.0,275.0
00724F10,529.91998,525.70001,2023-08-28,ADBE,ADOBE INC,7372.0,275.0
00724F10,540.57001,527.70001,2023-08-29,ADBE,ADOBE INC,7372.0,275.0
00724F10,545.35999,540.09998,2023-08-30,ADBE,ADOBE INC,7372.0,275.0
00724F10,559.34003,547.0,2023-08-31,ADBE,ADOBE INC,7372.0,275.0
00724F10,563.21002,564.79999,2023-09-01,ADBE,ADOBE INC,7372.0,275.0
00724F10,564.88,557.88,2023-09-05,ADBE,ADOBE INC,7372.0,275.0
00724F10,561.94,560.45001,2023-09-06,ADBE,ADOBE INC,7372.0,275.0
00724F10,560.46002,554.0,2023-09-07,ADBE,ADOBE INC,7372.0,275.0
00724F10,560.35999,568.90002,2023-09-08,ADBE,ADOBE INC,7372.0,275.0
00724F10,564.5,562.0,2023-09-11,ADBE,ADOBE INC,7372.0,275.0
00724F10,542.21002,555.63,2023-09-12,ADBE,ADOBE INC,7372.0,275.0
00724F10,553.56,557.02002,2023-09-13,ADBE,ADOBE INC,7372.0,275.0
00724F10,552.15997,551.09003,2023-09-14,ADBE,ADOBE INC,7372.0,275.0
00724F10,528.89001,532.10999,2023-09-15,ADBE,ADOBE INC,7372.0,275.0
00724F10,532.41998,524.22998,2023-09-18,ADBE,ADOBE INC,7372.0,275.0
00724F10,541.69,531.34998,2023-09-19,ADBE,ADOBE INC,7372.0,275.0
00724F10,535.78003,541.69,2023-09-20,ADBE,ADOBE INC,7372.0,275.0
00724F10,513.88,519.47998,2023-09-21,ADBE,ADOBE INC,7372.0,275.0
00724F10,512.90002,513.09003,2023-09-22,ADBE,ADOBE INC,7372.0,275.0
00724F10,511.60001,511.45001,2023-09-25,ADBE,ADOBE INC,7372.0,275.0
00724F10,506.29999,510.14001,2023-09-26,ADBE,ADOBE INC,7372.0,275.0
00724F10,502.60001,507.51001,2023-09-27,ADBE,ADOBE INC,7372.0,275.0
00724F10,504.67001,500.0,2023-09-28,ADBE,ADOBE INC,7372.0,275.0
00724F10,509.89999,505.44,2023-09-29,ADBE,ADOBE INC,7372.0,275.0
00724F10,521.13,508.23999,2023-10-02,ADBE,ADOBE INC,7372.0,275.0
00724F10,507.03,517.52002,2023-10-03,ADBE,ADOBE INC,7372.0,275.0
00724F10,518.41998,511.92999,2023-10-04,ADBE,ADOBE INC,7372.0,275.0
00724F10,516.44,519.84003,2023-10-05,ADBE,ADOBE INC,7372.0,275.0
00724F10,526.67999,513.21997,2023-10-06,ADBE,ADOBE INC,7372.0,275.0
00724F10,529.28998,522.0,2023-10-09,ADBE,ADOBE INC,7372.0,275.0
00724F10,532.71997,530.90997,2023-10-10,ADBE,ADOBE INC,7372.0,275.0
00724F10,549.90997,538.59003,2023-10-11,ADBE,ADOBE INC,7372.0,275.0
00724F10,559.63,553.70001,2023-10-12,ADBE,ADOBE INC,7372.0,275.0
00724F10,548.76001,560.0,2023-10-13,ADBE,ADOBE INC,7372.0,275.0
00724F10,550.73999,553.17999,2023-10-16,ADBE,ADOBE INC,7372.0,275.0
00724F10,560.09003,545.40997,2023-10-17,ADBE,ADOBE INC,7372.0,275.0
00724F10,557.87,554.47998,2023-10-18,ADBE,ADOBE INC,7372.0,275.0
00724F10,555.73999,560.0,2023-10-19,ADBE,ADOBE INC,7372.0,275.0
00724F10,540.96002,555.73999,2023-10-20,ADBE,ADOBE INC,7372.0,275.0
00724F10,540.40997,535.81,2023-10-23,ADBE,ADOBE INC,7372.0,275.0
00724F10,539.56,544.64001,2023-10-24,ADBE,ADOBE INC,7372.0,275.0
00724F10,521.14001,533.56,2023-10-25,ADBE,ADOBE INC,7372.0,275.0
00724F10,514.28003,530.0,2023-10-26,ADBE,ADOBE INC,7372.0,275.0
00724F10,508.12,517.5,2023-10-27,ADBE,ADOBE INC,7372.0,275.0
00724F10,526.94,516.10999,2023-10-30,ADBE,ADOBE INC,7372.0,275.0
00724F10,532.06,530.64001,2023-10-31,ADBE,ADOBE INC,7372.0,275.0
00724F10,544.5,535.0,2023-11-01,ADBE,ADOBE INC,7372.0,275.0
00724F10,558.71002,550.44,2023-11-02,ADBE,ADOBE INC,7372.0,275.0
00724F10,563.65997,560.0,2023-11-03,ADBE,ADOBE INC,7372.0,275.0
00724F10,565.45001,566.0,2023-11-06,ADBE,ADOBE INC,7372.0,275.0
00724F10,585.20001,568.81,2023-11-07,ADBE,ADOBE INC,7372.0,275.0
00724F10,585.31,589.0,2023-11-08,ADBE,ADOBE INC,7372.0,275.0
00724F10,577.73999,587.51001,2023-11-09,ADBE,ADOBE INC,7372.0,275.0
00724F10,597.21997,580.48999,2023-11-10,ADBE,ADOBE INC,7372.0,275.0
00724F10,590.34003,589.97998,2023-11-13,ADBE,ADOBE INC,7372.0,275.0
00724F10,604.33002,601.56,2023-11-14,ADBE,ADOBE INC,7372.0,275.0
00724F10,595.31,605.0,2023-11-15,ADBE,ADOBE INC,7372.0,275.0
00724F10,602.06,595.45001,2023-11-16,ADBE,ADOBE INC,7372.0,275.0
00724F10,602.65997,602.07001,2023-11-17,ADBE,ADOBE INC,7372.0,275.0
00724F10,612.70001,605.31,2023-11-20,ADBE,ADOBE INC,7372.0,275.0
00724F10,610.98999,610.63,2023-11-21,ADBE,ADOBE INC,7372.0,275.0
00724F10,619.71997,616.63,2023-11-22,ADBE,ADOBE INC,7372.0,275.0
00724F10,619.42999,616.26001,2023-11-24,ADBE,ADOBE INC,7372.0,275.0
00724F10,619.27002,618.79999,2023-11-27,ADBE,ADOBE INC,7372.0,275.0
00724F10,623.32001,613.97498,2023-11-28,ADBE,ADOBE INC,7372.0,275.0
00724F10,617.39001,625.94,2023-11-29,ADBE,ADOBE INC,7372.0,275.0
00724F10,611.01001,620.0,2023-11-30,ADBE,ADOBE INC,7372.0,275.0
00724F10,612.46997,609.23999,2023-12-01,ADBE,ADOBE INC,7372.0,275.0
00724F10,604.56,604.90997,2023-12-04,ADBE,ADOBE INC,7372.0,275.0
00724F10,602.21997,596.77002,2023-12-05,ADBE,ADOBE INC,7372.0,275.0
00724F10,595.70001,608.06,2023-12-06,ADBE,ADOBE INC,7372.0,275.0
00724F10,608.78003,598.91998,2023-12-07,ADBE,ADOBE INC,7372.0,275.0
00724F10,610.01001,605.0,2023-12-08,ADBE,ADOBE INC,7372.0,275.0
00724F10,625.20001,616.88,2023-12-11,ADBE,ADOBE INC,7372.0,275.0
00724F10,633.65997,625.85999,2023-12-12,ADBE,ADOBE INC,7372.0,275.0
00724F10,624.26001,630.40997,2023-12-13,ADBE,ADOBE INC,7372.0,275.0
00724F10,584.64001,593.0,2023-12-14,ADBE,ADOBE INC,7372.0,275.0
00724F10,584.67999,580.59998,2023-12-15,ADBE,ADOBE INC,7372.0,275.0
00724F10,599.13,591.52002,2023-12-18,ADBE,ADOBE INC,7372.0,275.0
00724F10,604.64001,600.0,2023-12-19,ADBE,ADOBE INC,7372.0,275.0
00724F10,596.06,600.71002,2023-12-20,ADBE,ADOBE INC,7372.0,275.0
00724F10,600.14001,603.0,2023-12-21,ADBE,ADOBE INC,7372.0,275.0
00724F10,598.75,600.79999,2023-12-22,ADBE,ADOBE INC,7372.0,275.0
00724F10,598.26001,598.91998,2023-12-26,ADBE,ADOBE INC,7372.0,275.0
00724F10,596.08002,598.59998,2023-12-27,ADBE,ADOBE INC,7372.0,275.0
00724F10,595.52002,597.44,2023-12-28,ADBE,ADOBE INC,7372.0,275.0
00724F10,596.59998,596.09003,2023-12-29,ADBE,ADOBE INC,7372.0,275.0
