cusip,prc,openprc,date,htick,hcomnam,hsiccd,numshr
37950E64,15.335,15.12,2019-01-02,ASEA,GLOBAL X FUNDS,6726.0,159.0
37950E64,15.2,15.2,2019-01-03,ASEA,GLOBAL X FUNDS,6726.0,159.0
37950E64,15.665,15.48,2019-01-04,ASEA,GLOBAL X FUNDS,6726.0,159.0
37950E64,15.735,15.57,2019-01-07,ASEA,GLOBAL X FUNDS,6726.0,159.0
37950E64,15.8416,15.7728,2019-01-08,ASEA,GLOBAL X FUNDS,6726.0,159.0
37950E64,16.0077,15.94,2019-01-09,ASEA,GLOBAL X FUNDS,6726.0,159.0
37950E64,16.0251,15.95,2019-01-10,ASEA,GLOBAL X FUNDS,6726.0,159.0
37950E64,15.96,16.01,2019-01-11,ASEA,GLOBAL X FUNDS,6726.0,159.0
37950E64,15.935,15.9,2019-01-14,ASEA,GLOBAL X FUNDS,6726.0,159.0
37950E64,15.94,15.95,2019-01-15,ASEA,GLOBAL X FUNDS,6726.0,159.0
37950E64,16.14,15.86,2019-01-16,ASEA,GLOBAL X FUNDS,6726.0,159.0
37950E64,16.0404,16.04,2019-01-17,ASEA,GLOBAL X FUNDS,6726.0,159.0
37950E64,16.12,15.99,2019-01-18,ASEA,GLOBAL X FUNDS,6726.0,159.0
37950E64,15.76,16.01,2019-01-22,ASEA,GLOBAL X FUNDS,6726.0,159.0
37950E64,16.0,15.97,2019-01-23,ASEA,GLOBAL X FUNDS,6726.0,159.0
37950E64,16.05,15.95,2019-01-24,ASEA,GLOBAL X FUNDS,6726.0,159.0
37950E64,16.085,16.1899,2019-01-25,ASEA,GLOBAL X FUNDS,6726.0,159.0
37950E64,15.966,16.06,2019-01-28,ASEA,GLOBAL X FUNDS,6726.0,159.0
37950E64,15.97,15.96,2019-01-29,ASEA,GLOBAL X FUNDS,6726.0,159.0
37950E64,16.1197,15.96,2019-01-30,ASEA,GLOBAL X FUNDS,6726.0,159.0
37950E64,16.18,16.045,2019-01-31,ASEA,GLOBAL X FUNDS,6726.0,159.0
37950E64,16.18,16.12,2019-02-01,ASEA,GLOBAL X FUNDS,6726.0,159.0
37950E64,16.18,16.13,2019-02-04,ASEA,GLOBAL X FUNDS,6726.0,159.0
37950E64,16.31,16.18,2019-02-05,ASEA,GLOBAL X FUNDS,6726.0,159.0
37950E64,16.14,16.31,2019-02-06,ASEA,GLOBAL X FUNDS,6726.0,159.0
37950E64,16.0493,16.16,2019-02-07,ASEA,GLOBAL X FUNDS,6726.0,159.0
37950E64,16.0,16.0,2019-02-08,ASEA,GLOBAL X FUNDS,6726.0,159.0
37950E64,15.935,15.883,2019-02-11,ASEA,GLOBAL X FUNDS,6726.0,159.0
37950E64,16.06,16.0,2019-02-12,ASEA,GLOBAL X FUNDS,6726.0,159.0
37950E64,15.96,15.8964,2019-02-13,ASEA,GLOBAL X FUNDS,6726.0,159.0
37950E64,16.08,15.95,2019-02-14,ASEA,GLOBAL X FUNDS,6726.0,159.0
37950E64,16.06,16.08,2019-02-15,ASEA,GLOBAL X FUNDS,6726.0,159.0
37950E64,16.23,16.02,2019-02-19,ASEA,GLOBAL X FUNDS,6726.0,159.0
37950E64,16.28,16.21,2019-02-20,ASEA,GLOBAL X FUNDS,6726.0,159.0
37950E64,16.05,16.2,2019-02-21,ASEA,GLOBAL X FUNDS,6726.0,159.0
37950E64,16.23,16.1955,2019-02-22,ASEA,GLOBAL X FUNDS,6726.0,159.0
37950E64,16.38,16.23,2019-02-25,ASEA,GLOBAL X FUNDS,6726.0,159.0
37950E64,16.37,16.25,2019-02-26,ASEA,GLOBAL X FUNDS,6726.0,159.0
37950E64,16.12,16.11,2019-02-27,ASEA,GLOBAL X FUNDS,6726.0,159.0
37950E64,15.97,16.02,2019-02-28,ASEA,GLOBAL X FUNDS,6726.0,159.0
37950E64,15.92,15.823,2019-03-01,ASEA,GLOBAL X FUNDS,6726.0,159.0
37950E64,15.91,15.92,2019-03-04,ASEA,GLOBAL X FUNDS,6726.0,159.0
37950E64,15.99,15.95,2019-03-05,ASEA,GLOBAL X FUNDS,6726.0,159.0
37950E64,15.86,15.8258,2019-03-06,ASEA,GLOBAL X FUNDS,6726.0,159.0
37950E64,15.77,15.82,2019-03-07,ASEA,GLOBAL X FUNDS,6726.0,159.0
37950E64,15.6209,15.63,2019-03-08,ASEA,GLOBAL X FUNDS,6726.0,159.0
37950E64,15.85,15.62,2019-03-11,ASEA,GLOBAL X FUNDS,6726.0,159.0
37950E64,15.83,15.817,2019-03-12,ASEA,GLOBAL X FUNDS,6726.0,159.0
37950E64,15.81,15.71,2019-03-13,ASEA,GLOBAL X FUNDS,6726.0,159.0
37950E64,15.79,15.7373,2019-03-14,ASEA,GLOBAL X FUNDS,6726.0,159.0
37950E64,15.96,15.8422,2019-03-15,ASEA,GLOBAL X FUNDS,6726.0,159.0
37950E64,16.03,15.941,2019-03-18,ASEA,GLOBAL X FUNDS,6726.0,159.0
37950E64,15.99,15.94,2019-03-19,ASEA,GLOBAL X FUNDS,6726.0,159.0
37950E64,16.09,15.88,2019-03-20,ASEA,GLOBAL X FUNDS,6726.0,159.0
37950E64,16.07,15.91,2019-03-21,ASEA,GLOBAL X FUNDS,6726.0,159.0
37950E64,15.73,15.7917,2019-03-22,ASEA,GLOBAL X FUNDS,6726.0,159.0
37950E64,15.86,15.83,2019-03-25,ASEA,GLOBAL X FUNDS,6726.0,159.0
37950E64,15.87,15.7664,2019-03-26,ASEA,GLOBAL X FUNDS,6726.0,159.0
37950E64,15.675,15.9,2019-03-27,ASEA,GLOBAL X FUNDS,6726.0,159.0
37950E64,15.725,15.72,2019-03-28,ASEA,GLOBAL X FUNDS,6726.0,159.0
37950E64,15.8192,15.89,2019-03-29,ASEA,GLOBAL X FUNDS,6726.0,159.0
37950E64,16.03,15.79,2019-04-01,ASEA,GLOBAL X FUNDS,6726.0,159.0
37950E64,16.01,15.931,2019-04-02,ASEA,GLOBAL X FUNDS,6726.0,159.0
37950E64,16.2,16.19,2019-04-03,ASEA,GLOBAL X FUNDS,6726.0,159.0
37950E64,16.28,16.27,2019-04-04,ASEA,GLOBAL X FUNDS,6726.0,159.0
37950E64,16.29,16.2506,2019-04-05,ASEA,GLOBAL X FUNDS,6726.0,159.0
37950E64,16.2338,16.2,2019-04-08,ASEA,GLOBAL X FUNDS,6726.0,159.0
37950E64,16.265,16.2,2019-04-09,ASEA,GLOBAL X FUNDS,6726.0,159.0
37950E64,16.33,16.3,2019-04-10,ASEA,GLOBAL X FUNDS,6726.0,159.0
37950E64,16.155,16.33,2019-04-11,ASEA,GLOBAL X FUNDS,6726.0,159.0
37950E64,16.27,16.22,2019-04-12,ASEA,GLOBAL X FUNDS,6726.0,159.0
37950E64,16.235,16.22,2019-04-15,ASEA,GLOBAL X FUNDS,6726.0,159.0
37950E64,16.24,16.2,2019-04-16,ASEA,GLOBAL X FUNDS,6726.0,159.0
37950E64,16.3199,16.33,2019-04-17,ASEA,GLOBAL X FUNDS,6726.0,159.0
37950E64,16.38,16.36,2019-04-18,ASEA,GLOBAL X FUNDS,6726.0,159.0
37950E64,16.3,16.14,2019-04-22,ASEA,GLOBAL X FUNDS,6726.0,159.0
37950E64,16.35,16.21,2019-04-23,ASEA,GLOBAL X FUNDS,6726.0,159.0
37950E64,16.21,16.35,2019-04-24,ASEA,GLOBAL X FUNDS,6726.0,159.0
37950E64,16.2,15.9419,2019-04-25,ASEA,GLOBAL X FUNDS,6726.0,159.0
37950E64,16.27,16.23,2019-04-26,ASEA,GLOBAL X FUNDS,6726.0,159.0
37950E64,16.36,16.25,2019-04-29,ASEA,GLOBAL X FUNDS,6726.0,159.0
37950E64,16.37,16.34,2019-04-30,ASEA,GLOBAL X FUNDS,6726.0,159.0
37950E64,16.2729,16.48,2019-05-01,ASEA,GLOBAL X FUNDS,6726.0,159.0
37950E64,16.375,16.25,2019-05-02,ASEA,GLOBAL X FUNDS,6726.0,159.0
37950E64,16.45,16.31,2019-05-03,ASEA,GLOBAL X FUNDS,6726.0,159.0
37950E64,16.215,16.14,2019-05-06,ASEA,GLOBAL X FUNDS,6726.0,159.0
37950E64,16.135,16.18,2019-05-07,ASEA,GLOBAL X FUNDS,6726.0,159.0
37950E64,16.14,16.14,2019-05-08,ASEA,GLOBAL X FUNDS,6726.0,159.0
37950E64,15.87,15.95,2019-05-09,ASEA,GLOBAL X FUNDS,6726.0,159.0
37950E64,16.065,15.99,2019-05-10,ASEA,GLOBAL X FUNDS,6726.0,159.0
37950E64,15.61,15.75,2019-05-13,ASEA,GLOBAL X FUNDS,6726.0,159.0
37950E64,15.84,15.91,2019-05-14,ASEA,GLOBAL X FUNDS,6726.0,159.0
37950E64,15.6,15.54,2019-05-15,ASEA,GLOBAL X FUNDS,6726.0,159.0
37950E64,15.64,15.71,2019-05-16,ASEA,GLOBAL X FUNDS,6726.0,159.0
37950E64,15.47,15.57,2019-05-17,ASEA,GLOBAL X FUNDS,6726.0,159.0
37950E64,15.585,15.56,2019-05-20,ASEA,GLOBAL X FUNDS,6726.0,159.0
37950E64,15.475,15.66,2019-05-21,ASEA,GLOBAL X FUNDS,6726.0,159.0
37950E64,15.4871,15.63,2019-05-22,ASEA,GLOBAL X FUNDS,6726.0,159.0
37950E64,15.625,15.711,2019-05-23,ASEA,GLOBAL X FUNDS,6726.0,159.0
37950E64,15.6,15.7734,2019-05-24,ASEA,GLOBAL X FUNDS,6726.0,159.0
37950E64,15.72,15.4848,2019-05-28,ASEA,GLOBAL X FUNDS,6726.0,159.0
37950E64,15.625,15.55,2019-05-29,ASEA,GLOBAL X FUNDS,6726.0,159.0
37950E64,15.55,15.6962,2019-05-30,ASEA,GLOBAL X FUNDS,6726.0,159.0
37950E64,15.84,15.66,2019-05-31,ASEA,GLOBAL X FUNDS,6726.0,159.0
37950E64,15.955,15.8,2019-06-03,ASEA,GLOBAL X FUNDS,6726.0,159.0
37950E64,15.9,15.8532,2019-06-04,ASEA,GLOBAL X FUNDS,6726.0,159.0
37950E64,15.94,16.17,2019-06-05,ASEA,GLOBAL X FUNDS,6726.0,159.0
37950E64,16.105,16.2184,2019-06-06,ASEA,GLOBAL X FUNDS,6726.0,159.0
37950E64,16.2,16.2,2019-06-07,ASEA,GLOBAL X FUNDS,6726.0,159.0
37950E64,16.24,16.2,2019-06-10,ASEA,GLOBAL X FUNDS,6726.0,159.0
37950E64,16.2,16.227,2019-06-11,ASEA,GLOBAL X FUNDS,6726.0,159.0
37950E64,16.2,16.1,2019-06-12,ASEA,GLOBAL X FUNDS,6726.0,159.0
37950E64,16.07,16.169,2019-06-13,ASEA,GLOBAL X FUNDS,6726.0,159.0
37950E64,16.135,15.995,2019-06-14,ASEA,GLOBAL X FUNDS,6726.0,159.0
37950E64,16.045,16.3,2019-06-17,ASEA,GLOBAL X FUNDS,6726.0,159.0
37950E64,16.32,16.3,2019-06-18,ASEA,GLOBAL X FUNDS,6726.0,159.0
37950E64,16.49,16.6,2019-06-19,ASEA,GLOBAL X FUNDS,6726.0,159.0
37950E64,16.79,16.91,2019-06-20,ASEA,GLOBAL X FUNDS,6726.0,159.0
37950E64,16.73,16.64,2019-06-21,ASEA,GLOBAL X FUNDS,6726.0,159.0
37950E64,16.9145,16.89,2019-06-24,ASEA,GLOBAL X FUNDS,6726.0,159.0
37950E64,16.59,16.482,2019-06-25,ASEA,GLOBAL X FUNDS,6726.0,159.0
37950E64,16.7945,16.5,2019-06-26,ASEA,GLOBAL X FUNDS,6726.0,159.0
37950E64,16.57,16.3313,2019-06-27,ASEA,GLOBAL X FUNDS,6726.0,159.0
37950E64,16.75,16.8,2019-06-28,ASEA,GLOBAL X FUNDS,6726.0,159.0
37950E64,16.77,16.98,2019-07-01,ASEA,GLOBAL X FUNDS,6726.0,159.0
37950E64,16.88,16.84,2019-07-02,ASEA,GLOBAL X FUNDS,6726.0,159.0
37950E64,16.7214,16.73,2019-07-03,ASEA,GLOBAL X FUNDS,6726.0,159.0
37950E64,16.535,16.45,2019-07-05,ASEA,GLOBAL X FUNDS,6726.0,159.0
37950E64,16.67,16.7,2019-07-08,ASEA,GLOBAL X FUNDS,6726.0,159.0
37950E64,16.6396,16.6007,2019-07-09,ASEA,GLOBAL X FUNDS,6726.0,159.0
37950E64,16.71,16.997,2019-07-10,ASEA,GLOBAL X FUNDS,6726.0,159.0
37950E64,16.66,16.85,2019-07-11,ASEA,GLOBAL X FUNDS,6726.0,159.0
37950E64,16.6198,16.53,2019-07-12,ASEA,GLOBAL X FUNDS,6726.0,159.0
37950E64,16.975,16.77,2019-07-15,ASEA,GLOBAL X FUNDS,6726.0,159.0
37950E64,16.66,16.73,2019-07-16,ASEA,GLOBAL X FUNDS,6726.0,159.0
37950E64,16.785,16.9299,2019-07-17,ASEA,GLOBAL X FUNDS,6726.0,159.0
37950E64,16.745,16.7,2019-07-18,ASEA,GLOBAL X FUNDS,6726.0,159.0
37950E64,16.9291,16.57,2019-07-19,ASEA,GLOBAL X FUNDS,6726.0,159.0
37950E64,16.7895,16.92,2019-07-22,ASEA,GLOBAL X FUNDS,6726.0,159.0
37950E64,16.8,16.8,2019-07-23,ASEA,GLOBAL X FUNDS,6726.0,159.0
37950E64,16.805,16.6931,2019-07-24,ASEA,GLOBAL X FUNDS,6726.0,159.0
37950E64,16.765,16.6,2019-07-25,ASEA,GLOBAL X FUNDS,6726.0,159.0
37950E64,16.71,16.55,2019-07-26,ASEA,GLOBAL X FUNDS,6726.0,159.0
37950E64,16.3841,16.42,2019-07-29,ASEA,GLOBAL X FUNDS,6726.0,159.0
37950E64,16.565,16.42,2019-07-30,ASEA,GLOBAL X FUNDS,6726.0,159.0
37950E64,16.43,16.735,2019-07-31,ASEA,GLOBAL X FUNDS,6726.0,159.0
37950E64,16.1901,16.29,2019-08-01,ASEA,GLOBAL X FUNDS,6726.0,159.0
37950E64,16.055,15.9896,2019-08-02,ASEA,GLOBAL X FUNDS,6726.0,159.0
37950E64,15.7245,15.75,2019-08-05,ASEA,GLOBAL X FUNDS,6726.0,159.0
37950E64,15.825,15.84,2019-08-06,ASEA,GLOBAL X FUNDS,6726.0,159.0
37950E64,15.8552,15.92,2019-08-07,ASEA,GLOBAL X FUNDS,6726.0,159.0
37950E64,15.965,15.8801,2019-08-08,ASEA,GLOBAL X FUNDS,6726.0,159.0
37950E64,15.865,16.05,2019-08-09,ASEA,GLOBAL X FUNDS,6726.0,159.0
37950E64,15.65,15.89,2019-08-12,ASEA,GLOBAL X FUNDS,6726.0,159.0
37950E64,15.915,15.75,2019-08-13,ASEA,GLOBAL X FUNDS,6726.0,159.0
37950E64,15.575,15.5,2019-08-14,ASEA,GLOBAL X FUNDS,6726.0,159.0
37950E64,15.46,15.26,2019-08-15,ASEA,GLOBAL X FUNDS,6726.0,159.0
37950E64,15.6046,15.51,2019-08-16,ASEA,GLOBAL X FUNDS,6726.0,159.0
37950E64,15.565,15.58,2019-08-19,ASEA,GLOBAL X FUNDS,6726.0,159.0
37950E64,15.585,15.74,2019-08-20,ASEA,GLOBAL X FUNDS,6726.0,159.0
37950E64,15.72,15.85,2019-08-21,ASEA,GLOBAL X FUNDS,6726.0,159.0
37950E64,15.375,15.56,2019-08-22,ASEA,GLOBAL X FUNDS,6726.0,159.0
37950E64,15.315,15.38,2019-08-23,ASEA,GLOBAL X FUNDS,6726.0,159.0
37950E64,15.43,15.34,2019-08-26,ASEA,GLOBAL X FUNDS,6726.0,159.0
37950E64,15.4835,15.42,2019-08-27,ASEA,GLOBAL X FUNDS,6726.0,159.0
37950E64,15.43,15.31,2019-08-28,ASEA,GLOBAL X FUNDS,6726.0,159.0
37950E64,15.56,15.56,2019-08-29,ASEA,GLOBAL X FUNDS,6726.0,159.0
37950E64,15.65,15.6,2019-08-30,ASEA,GLOBAL X FUNDS,6726.0,159.0
37950E64,15.5,15.6499,2019-09-03,ASEA,GLOBAL X FUNDS,6726.0,159.0
37950E64,15.63,15.51,2019-09-04,ASEA,GLOBAL X FUNDS,6726.0,159.0
37950E64,15.58,15.6,2019-09-05,ASEA,GLOBAL X FUNDS,6726.0,159.0
37950E64,15.685,15.685,2019-09-06,ASEA,GLOBAL X FUNDS,6726.0,159.0
37950E64,15.75,15.678,2019-09-09,ASEA,GLOBAL X FUNDS,6726.0,159.0
37950E64,15.9541,15.74,2019-09-10,ASEA,GLOBAL X FUNDS,6726.0,159.0
37950E64,16.14,16.1343,2019-09-11,ASEA,GLOBAL X FUNDS,6726.0,159.0
37950E64,16.16,16.26,2019-09-12,ASEA,GLOBAL X FUNDS,6726.0,159.0
37950E64,16.1165,16.33,2019-09-13,ASEA,GLOBAL X FUNDS,6726.0,159.0
37950E64,16.0,15.8855,2019-09-16,ASEA,GLOBAL X FUNDS,6726.0,159.0
37950E64,15.9899,15.79,2019-09-17,ASEA,GLOBAL X FUNDS,6726.0,159.0
37950E64,15.925,16.02,2019-09-18,ASEA,GLOBAL X FUNDS,6726.0,159.0
37950E64,15.91,15.75,2019-09-19,ASEA,GLOBAL X FUNDS,6726.0,159.0
37950E64,15.9,16.05,2019-09-20,ASEA,GLOBAL X FUNDS,6726.0,159.0
37950E64,15.795,15.62,2019-09-23,ASEA,GLOBAL X FUNDS,6726.0,159.0
37950E64,15.75,15.804,2019-09-24,ASEA,GLOBAL X FUNDS,6726.0,159.0
37950E64,15.6199,15.8,2019-09-25,ASEA,GLOBAL X FUNDS,6726.0,159.0
37950E64,15.6251,15.5001,2019-09-26,ASEA,GLOBAL X FUNDS,6726.0,159.0
37950E64,15.6,15.5743,2019-09-27,ASEA,GLOBAL X FUNDS,6726.0,159.0
37950E64,15.58,15.5301,2019-09-30,ASEA,GLOBAL X FUNDS,6726.0,159.0
37950E64,15.55,15.56,2019-10-01,ASEA,GLOBAL X FUNDS,6726.0,159.0
37950E64,15.415,15.48,2019-10-02,ASEA,GLOBAL X FUNDS,6726.0,159.0
37950E64,15.451,15.42,2019-10-03,ASEA,GLOBAL X FUNDS,6726.0,159.0
37950E64,15.435,15.42,2019-10-04,ASEA,GLOBAL X FUNDS,6726.0,159.0
37950E64,15.48,15.51,2019-10-07,ASEA,GLOBAL X FUNDS,6726.0,159.0
37950E64,15.39,15.58,2019-10-08,ASEA,GLOBAL X FUNDS,6726.0,159.0
37950E64,15.52,15.53,2019-10-09,ASEA,GLOBAL X FUNDS,6726.0,159.0
37950E64,15.45,15.35,2019-10-10,ASEA,GLOBAL X FUNDS,6726.0,159.0
37950E64,15.7,15.69,2019-10-11,ASEA,GLOBAL X FUNDS,6726.0,159.0
37950E64,15.6201,15.54,2019-10-14,ASEA,GLOBAL X FUNDS,6726.0,159.0
37950E64,15.644,15.62,2019-10-15,ASEA,GLOBAL X FUNDS,6726.0,159.0
37950E64,15.69,15.6,2019-10-16,ASEA,GLOBAL X FUNDS,6726.0,159.0
37950E64,15.665,15.78,2019-10-17,ASEA,GLOBAL X FUNDS,6726.0,159.0
37950E64,15.675,15.675,2019-10-18,ASEA,GLOBAL X FUNDS,6726.0,159.0
37950E64,15.765,15.81,2019-10-21,ASEA,GLOBAL X FUNDS,6726.0,159.0
37950E64,15.755,15.755,2019-10-22,ASEA,GLOBAL X FUNDS,6726.0,159.0
37950E64,15.75,15.7387,2019-10-23,ASEA,GLOBAL X FUNDS,6726.0,159.0
37950E64,15.73,15.73,2019-10-24,ASEA,GLOBAL X FUNDS,6726.0,159.0
37950E64,15.795,15.7293,2019-10-25,ASEA,GLOBAL X FUNDS,6726.0,159.0
37950E64,15.8,15.74,2019-10-28,ASEA,GLOBAL X FUNDS,6726.0,159.0
37950E64,15.855,15.8,2019-10-29,ASEA,GLOBAL X FUNDS,6726.0,159.0
37950E64,15.9349,15.85,2019-10-30,ASEA,GLOBAL X FUNDS,6726.0,159.0
37950E64,15.895,15.8883,2019-10-31,ASEA,GLOBAL X FUNDS,6726.0,159.0
37950E64,15.9681,15.9881,2019-11-01,ASEA,GLOBAL X FUNDS,6726.0,159.0
37950E64,16.229,16.2,2019-11-04,ASEA,GLOBAL X FUNDS,6726.0,159.0
37950E64,16.2199,16.3155,2019-11-05,ASEA,GLOBAL X FUNDS,6726.0,159.0
37950E64,16.1899,16.2,2019-11-06,ASEA,GLOBAL X FUNDS,6726.0,159.0
37950E64,16.1957,16.215,2019-11-07,ASEA,GLOBAL X FUNDS,6726.0,159.0
37950E64,16.24,16.33,2019-11-08,ASEA,GLOBAL X FUNDS,6726.0,159.0
37950E64,16.12,16.23,2019-11-11,ASEA,GLOBAL X FUNDS,6726.0,159.0
37950E64,16.27,16.155,2019-11-12,ASEA,GLOBAL X FUNDS,6726.0,159.0
37950E64,16.075,16.072,2019-11-13,ASEA,GLOBAL X FUNDS,6726.0,159.0
37950E64,16.0501,16.1444,2019-11-14,ASEA,GLOBAL X FUNDS,6726.0,159.0
37950E64,16.07,16.1,2019-11-15,ASEA,GLOBAL X FUNDS,6726.0,159.0
37950E64,16.0551,16.0,2019-11-18,ASEA,GLOBAL X FUNDS,6726.0,159.0
37950E64,16.015,16.12,2019-11-19,ASEA,GLOBAL X FUNDS,6726.0,159.0
37950E64,16.0087,16.01,2019-11-20,ASEA,GLOBAL X FUNDS,6726.0,159.0
37950E64,15.96,16.015,2019-11-21,ASEA,GLOBAL X FUNDS,6726.0,159.0
37950E64,15.9,15.94,2019-11-22,ASEA,GLOBAL X FUNDS,6726.0,159.0
37950E64,15.96,15.89,2019-11-25,ASEA,GLOBAL X FUNDS,6726.0,159.0
37950E64,15.84,15.96,2019-11-26,ASEA,GLOBAL X FUNDS,6726.0,159.0
37950E64,15.84,15.86,2019-11-27,ASEA,GLOBAL X FUNDS,6726.0,159.0
37950E64,15.79,15.8,2019-11-29,ASEA,GLOBAL X FUNDS,6726.0,159.0
37950E64,15.6553,15.69,2019-12-02,ASEA,GLOBAL X FUNDS,6726.0,159.0
37950E64,15.5756,15.5594,2019-12-03,ASEA,GLOBAL X FUNDS,6726.0,159.0
37950E64,15.735,15.6701,2019-12-04,ASEA,GLOBAL X FUNDS,6726.0,159.0
37950E64,15.69,15.62,2019-12-05,ASEA,GLOBAL X FUNDS,6726.0,159.0
37950E64,15.655,15.59,2019-12-06,ASEA,GLOBAL X FUNDS,6726.0,159.0
37950E64,15.625,15.5632,2019-12-09,ASEA,GLOBAL X FUNDS,6726.0,159.0
37950E64,15.69,15.61,2019-12-10,ASEA,GLOBAL X FUNDS,6726.0,159.0
37950E64,15.73,15.77,2019-12-11,ASEA,GLOBAL X FUNDS,6726.0,159.0
37950E64,15.86,15.84,2019-12-12,ASEA,GLOBAL X FUNDS,6726.0,159.0
37950E64,15.93,15.96,2019-12-13,ASEA,GLOBAL X FUNDS,6726.0,159.0
37950E64,15.94,15.86,2019-12-16,ASEA,GLOBAL X FUNDS,6726.0,159.0
37950E64,15.89,15.85,2019-12-17,ASEA,GLOBAL X FUNDS,6726.0,159.0
37950E64,16.32,16.07,2019-12-18,ASEA,GLOBAL X FUNDS,6726.0,159.0
37950E64,16.12,16.22,2019-12-19,ASEA,GLOBAL X FUNDS,6726.0,159.0
37950E64,16.15,16.03,2019-12-20,ASEA,GLOBAL X FUNDS,6726.0,159.0
37950E64,16.195,16.35,2019-12-23,ASEA,GLOBAL X FUNDS,6726.0,159.0
37950E64,16.17,16.15,2019-12-24,ASEA,GLOBAL X FUNDS,6726.0,159.0
37950E64,16.1989,16.08,2019-12-26,ASEA,GLOBAL X FUNDS,6726.0,159.0
37950E64,16.1674,16.1674,2019-12-27,ASEA,GLOBAL X FUNDS,6726.0,159.0
37950E64,16.045,16.1062,2019-12-30,ASEA,GLOBAL X FUNDS,6726.0,159.0
37950E64,16.115,16.095,2019-12-31,ASEA,GLOBAL X FUNDS,6726.0,159.0
37950E64,16.35,16.28,2020-01-02,ASEA,GLOBAL X FUNDS,6726.0,159.0
37950E64,15.988,16.23,2020-01-03,ASEA,GLOBAL X FUNDS,6726.0,159.0
37950E64,15.9846,15.9979,2020-01-06,ASEA,GLOBAL X FUNDS,6726.0,159.0
37950E64,15.9199,15.87,2020-01-07,ASEA,GLOBAL X FUNDS,6726.0,159.0
37950E64,15.9385,15.8852,2020-01-08,ASEA,GLOBAL X FUNDS,6726.0,159.0
37950E64,15.9506,15.9999,2020-01-09,ASEA,GLOBAL X FUNDS,6726.0,159.0
37950E64,16.0999,15.96,2020-01-10,ASEA,GLOBAL X FUNDS,6726.0,159.0
37950E64,16.26,16.2,2020-01-13,ASEA,GLOBAL X FUNDS,6726.0,159.0
37950E64,16.2,16.202,2020-01-14,ASEA,GLOBAL X FUNDS,6726.0,159.0
37950E64,16.0349,16.14,2020-01-15,ASEA,GLOBAL X FUNDS,6726.0,159.0
37950E64,16.11,16.03,2020-01-16,ASEA,GLOBAL X FUNDS,6726.0,159.0
37950E64,16.215,16.31,2020-01-17,ASEA,GLOBAL X FUNDS,6726.0,159.0
37950E64,15.96,16.08,2020-01-21,ASEA,GLOBAL X FUNDS,6726.0,159.0
37950E64,15.97,15.95,2020-01-22,ASEA,GLOBAL X FUNDS,6726.0,159.0
37950E64,15.8917,15.99,2020-01-23,ASEA,GLOBAL X FUNDS,6726.0,159.0
37950E64,15.875,15.82,2020-01-24,ASEA,GLOBAL X FUNDS,6726.0,159.0
37950E64,15.3943,15.35,2020-01-27,ASEA,GLOBAL X FUNDS,6726.0,159.0
37950E64,15.49,15.38,2020-01-28,ASEA,GLOBAL X FUNDS,6726.0,159.0
37950E64,15.4511,15.43,2020-01-29,ASEA,GLOBAL X FUNDS,6726.0,159.0
37950E64,15.38,15.29,2020-01-30,ASEA,GLOBAL X FUNDS,6726.0,159.0
37950E64,15.09,15.2,2020-01-31,ASEA,GLOBAL X FUNDS,6726.0,159.0
37950E64,14.94,15.05,2020-02-03,ASEA,GLOBAL X FUNDS,6726.0,159.0
37950E64,15.25,15.17,2020-02-04,ASEA,GLOBAL X FUNDS,6726.0,159.0
37950E64,15.275,15.36,2020-02-05,ASEA,GLOBAL X FUNDS,6726.0,159.0
37950E64,15.285,15.32,2020-02-06,ASEA,GLOBAL X FUNDS,6726.0,159.0
37950E64,15.145,15.09,2020-02-07,ASEA,GLOBAL X FUNDS,6726.0,159.0
37950E64,15.22,15.2,2020-02-10,ASEA,GLOBAL X FUNDS,6726.0,159.0
37950E64,15.22,15.38,2020-02-11,ASEA,GLOBAL X FUNDS,6726.0,159.0
37950E64,15.335,15.28,2020-02-12,ASEA,GLOBAL X FUNDS,6726.0,159.0
37950E64,15.155,15.33,2020-02-13,ASEA,GLOBAL X FUNDS,6726.0,159.0
37950E64,15.14,15.21,2020-02-14,ASEA,GLOBAL X FUNDS,6726.0,159.0
37950E64,15.045,15.02,2020-02-18,ASEA,GLOBAL X FUNDS,6726.0,159.0
37950E64,15.175,15.03,2020-02-19,ASEA,GLOBAL X FUNDS,6726.0,159.0
37950E64,14.95,15.05,2020-02-20,ASEA,GLOBAL X FUNDS,6726.0,159.0
37950E64,14.875,14.88,2020-02-21,ASEA,GLOBAL X FUNDS,6726.0,159.0
37950E64,14.3922,14.44,2020-02-24,ASEA,GLOBAL X FUNDS,6726.0,159.0
37950E64,14.3075,14.66,2020-02-25,ASEA,GLOBAL X FUNDS,6726.0,159.0
37950E64,14.2106,14.26,2020-02-26,ASEA,GLOBAL X FUNDS,6726.0,159.0
37950E64,14.1082,14.08,2020-02-27,ASEA,GLOBAL X FUNDS,6726.0,159.0
37950E64,13.92,13.6,2020-02-28,ASEA,GLOBAL X FUNDS,6726.0,159.0
37950E64,13.98,13.91,2020-03-02,ASEA,GLOBAL X FUNDS,6726.0,159.0
37950E64,14.1452,14.0,2020-03-03,ASEA,GLOBAL X FUNDS,6726.0,159.0
37950E64,14.165,14.3073,2020-03-04,ASEA,GLOBAL X FUNDS,6726.0,159.0
37950E64,13.93,14.21,2020-03-05,ASEA,GLOBAL X FUNDS,6726.0,159.0
37950E64,13.65,13.8818,2020-03-06,ASEA,GLOBAL X FUNDS,6726.0,159.0
37950E64,12.58,12.34,2020-03-09,ASEA,GLOBAL X FUNDS,6726.0,159.0
37950E64,13.0,13.13,2020-03-10,ASEA,GLOBAL X FUNDS,6726.0,159.0
37950E64,12.53,12.66,2020-03-11,ASEA,GLOBAL X FUNDS,6726.0,159.0
37950E64,11.08,11.5,2020-03-12,ASEA,GLOBAL X FUNDS,6726.0,159.0
37950E64,11.555,12.32,2020-03-13,ASEA,GLOBAL X FUNDS,6726.0,159.0
37950E64,10.4,10.86,2020-03-16,ASEA,GLOBAL X FUNDS,6726.0,159.0
37950E64,10.942,10.58,2020-03-17,ASEA,GLOBAL X FUNDS,6726.0,159.0
37950E64,10.504,10.34,2020-03-18,ASEA,GLOBAL X FUNDS,6726.0,159.0
37950E64,9.71,10.12,2020-03-19,ASEA,GLOBAL X FUNDS,6726.0,159.0
37950E64,9.79,10.4274,2020-03-20,ASEA,GLOBAL X FUNDS,6726.0,159.0
37950E64,9.6747,9.68,2020-03-23,ASEA,GLOBAL X FUNDS,6726.0,159.0
37950E64,10.39,10.3456,2020-03-24,ASEA,GLOBAL X FUNDS,6726.0,159.0
37950E64,10.5963,10.555,2020-03-25,ASEA,GLOBAL X FUNDS,6726.0,159.0
37950E64,11.39,10.95,2020-03-26,ASEA,GLOBAL X FUNDS,6726.0,159.0
37950E64,10.99,10.69,2020-03-27,ASEA,GLOBAL X FUNDS,6726.0,159.0
37950E64,10.855,10.86,2020-03-30,ASEA,GLOBAL X FUNDS,6726.0,159.0
37950E64,11.0253,10.97,2020-03-31,ASEA,GLOBAL X FUNDS,6726.0,159.0
37950E64,10.513,10.71,2020-04-01,ASEA,GLOBAL X FUNDS,6726.0,159.0
37950E64,10.935,10.66,2020-04-02,ASEA,GLOBAL X FUNDS,6726.0,159.0
37950E64,10.6882,10.76,2020-04-03,ASEA,GLOBAL X FUNDS,6726.0,159.0
37950E64,11.34,11.23,2020-04-06,ASEA,GLOBAL X FUNDS,6726.0,159.0
37950E64,11.44,11.57,2020-04-07,ASEA,GLOBAL X FUNDS,6726.0,159.0
37950E64,11.4,11.425,2020-04-08,ASEA,GLOBAL X FUNDS,6726.0,159.0
37950E64,11.53,11.68,2020-04-09,ASEA,GLOBAL X FUNDS,6726.0,159.0
37950E64,11.525,11.64,2020-04-13,ASEA,GLOBAL X FUNDS,6726.0,159.0
37950E64,11.7802,11.72,2020-04-14,ASEA,GLOBAL X FUNDS,6726.0,159.0
37950E64,11.505,11.66,2020-04-15,ASEA,GLOBAL X FUNDS,6726.0,159.0
37950E64,11.3,11.4,2020-04-16,ASEA,GLOBAL X FUNDS,6726.0,159.0
37950E64,11.675,11.6287,2020-04-17,ASEA,GLOBAL X FUNDS,6726.0,159.0
37950E64,11.6397,11.6,2020-04-20,ASEA,GLOBAL X FUNDS,6726.0,159.0
37950E64,11.2592,11.31,2020-04-21,ASEA,GLOBAL X FUNDS,6726.0,159.0
37950E64,11.44,11.3642,2020-04-22,ASEA,GLOBAL X FUNDS,6726.0,159.0
37950E64,11.4055,11.59,2020-04-23,ASEA,GLOBAL X FUNDS,6726.0,159.0
37950E64,11.3152,11.28,2020-04-24,ASEA,GLOBAL X FUNDS,6726.0,159.0
37950E64,11.465,11.42,2020-04-27,ASEA,GLOBAL X FUNDS,6726.0,159.0
37950E64,11.51,11.63,2020-04-28,ASEA,GLOBAL X FUNDS,6726.0,159.0
37950E64,11.7152,11.72,2020-04-29,ASEA,GLOBAL X FUNDS,6726.0,159.0
37950E64,11.7261,11.89,2020-04-30,ASEA,GLOBAL X FUNDS,6726.0,159.0
37950E64,11.36,11.55,2020-05-01,ASEA,GLOBAL X FUNDS,6726.0,159.0
37950E64,11.54,11.39,2020-05-04,ASEA,GLOBAL X FUNDS,6726.0,159.0
37950E64,11.7152,11.755,2020-05-05,ASEA,GLOBAL X FUNDS,6726.0,159.0
37950E64,11.5849,11.6385,2020-05-06,ASEA,GLOBAL X FUNDS,6726.0,159.0
37950E64,11.655,11.59,2020-05-07,ASEA,GLOBAL X FUNDS,6726.0,159.0
37950E64,11.795,11.83,2020-05-08,ASEA,GLOBAL X FUNDS,6726.0,159.0
37950E64,11.8135,11.8987,2020-05-11,ASEA,GLOBAL X FUNDS,6726.0,159.0
37950E64,11.71,11.75,2020-05-12,ASEA,GLOBAL X FUNDS,6726.0,159.0
37950E64,11.65,11.71,2020-05-13,ASEA,GLOBAL X FUNDS,6726.0,159.0
37950E64,11.6349,11.4416,2020-05-14,ASEA,GLOBAL X FUNDS,6726.0,159.0
37950E64,11.36,11.39,2020-05-15,ASEA,GLOBAL X FUNDS,6726.0,159.0
37950E64,11.68,11.55,2020-05-18,ASEA,GLOBAL X FUNDS,6726.0,159.0
37950E64,11.87,11.78,2020-05-19,ASEA,GLOBAL X FUNDS,6726.0,159.0
37950E64,11.87,11.85,2020-05-20,ASEA,GLOBAL X FUNDS,6726.0,159.0
37950E64,11.8231,11.9094,2020-05-21,ASEA,GLOBAL X FUNDS,6726.0,159.0
37950E64,11.52,11.67,2020-05-22,ASEA,GLOBAL X FUNDS,6726.0,159.0
37950E64,11.85,11.97,2020-05-26,ASEA,GLOBAL X FUNDS,6726.0,159.0
37950E64,11.79,11.88,2020-05-27,ASEA,GLOBAL X FUNDS,6726.0,159.0
37950E64,11.845,11.82,2020-05-28,ASEA,GLOBAL X FUNDS,6726.0,159.0
37950E64,12.0446,11.88,2020-05-29,ASEA,GLOBAL X FUNDS,6726.0,159.0
37950E64,12.3,12.08,2020-06-01,ASEA,GLOBAL X FUNDS,6726.0,159.0
37950E64,12.655,12.5496,2020-06-02,ASEA,GLOBAL X FUNDS,6726.0,159.0
37950E64,13.345,12.99,2020-06-03,ASEA,GLOBAL X FUNDS,6726.0,159.0
37950E64,13.175,13.2,2020-06-04,ASEA,GLOBAL X FUNDS,6726.0,159.0
37950E64,13.53,13.5799,2020-06-05,ASEA,GLOBAL X FUNDS,6726.0,159.0
37950E64,13.6549,13.6615,2020-06-08,ASEA,GLOBAL X FUNDS,6726.0,159.0
37950E64,13.485,13.35,2020-06-09,ASEA,GLOBAL X FUNDS,6726.0,159.0
37950E64,13.4957,13.42,2020-06-10,ASEA,GLOBAL X FUNDS,6726.0,159.0
37950E64,12.622,13.11,2020-06-11,ASEA,GLOBAL X FUNDS,6726.0,159.0
37950E64,12.9149,12.85,2020-06-12,ASEA,GLOBAL X FUNDS,6726.0,159.0
37950E64,12.7351,12.6599,2020-06-15,ASEA,GLOBAL X FUNDS,6726.0,159.0
37950E64,12.8305,13.15,2020-06-16,ASEA,GLOBAL X FUNDS,6726.0,159.0
37950E64,12.8961,12.9861,2020-06-17,ASEA,GLOBAL X FUNDS,6726.0,159.0
37950E64,12.7849,12.8999,2020-06-18,ASEA,GLOBAL X FUNDS,6726.0,159.0
37950E64,12.66,12.83,2020-06-19,ASEA,GLOBAL X FUNDS,6726.0,159.0
37950E64,12.7682,12.76,2020-06-22,ASEA,GLOBAL X FUNDS,6726.0,159.0
37950E64,12.765,12.76,2020-06-23,ASEA,GLOBAL X FUNDS,6726.0,159.0
37950E64,12.555,12.6072,2020-06-24,ASEA,GLOBAL X FUNDS,6726.0,159.0
37950E64,12.66,12.47,2020-06-25,ASEA,GLOBAL X FUNDS,6726.0,159.0
37950E64,12.5,12.5,2020-06-26,ASEA,GLOBAL X FUNDS,6726.0,159.0
37950E64,12.34,12.25,2020-06-29,ASEA,GLOBAL X FUNDS,6726.0,159.0
37950E64,12.3399,12.3399,2020-06-30,ASEA,GLOBAL X FUNDS,6726.0,159.0
37950E64,12.39,12.41,2020-07-01,ASEA,GLOBAL X FUNDS,6726.0,159.0
37950E64,12.6552,12.6353,2020-07-02,ASEA,GLOBAL X FUNDS,6726.0,159.0
37950E64,12.9,12.75,2020-07-06,ASEA,GLOBAL X FUNDS,6726.0,159.0
37950E64,12.65,12.8,2020-07-07,ASEA,GLOBAL X FUNDS,6726.0,159.0
37950E64,12.8349,12.82,2020-07-08,ASEA,GLOBAL X FUNDS,6726.0,159.0
37950E64,12.6327,12.64,2020-07-09,ASEA,GLOBAL X FUNDS,6726.0,159.0
37950E64,12.625,12.73,2020-07-10,ASEA,GLOBAL X FUNDS,6726.0,159.0
37950E64,12.52,12.6,2020-07-13,ASEA,GLOBAL X FUNDS,6726.0,159.0
37950E64,12.635,12.41,2020-07-14,ASEA,GLOBAL X FUNDS,6726.0,159.0
37950E64,12.665,12.7499,2020-07-15,ASEA,GLOBAL X FUNDS,6726.0,159.0
37950E64,12.665,12.6,2020-07-16,ASEA,GLOBAL X FUNDS,6726.0,159.0
37950E64,12.53,12.46,2020-07-17,ASEA,GLOBAL X FUNDS,6726.0,159.0
37950E64,12.52,12.51,2020-07-20,ASEA,GLOBAL X FUNDS,6726.0,159.0
37950E64,12.57,12.42,2020-07-21,ASEA,GLOBAL X FUNDS,6726.0,159.0
37950E64,12.5,12.64,2020-07-22,ASEA,GLOBAL X FUNDS,6726.0,159.0
37950E64,12.4149,12.6,2020-07-23,ASEA,GLOBAL X FUNDS,6726.0,159.0
37950E64,12.4439,12.51,2020-07-24,ASEA,GLOBAL X FUNDS,6726.0,159.0
37950E64,12.57,12.44,2020-07-27,ASEA,GLOBAL X FUNDS,6726.0,159.0
37950E64,12.3998,12.4309,2020-07-28,ASEA,GLOBAL X FUNDS,6726.0,159.0
37950E64,12.49,12.43,2020-07-29,ASEA,GLOBAL X FUNDS,6726.0,159.0
37950E64,12.28,12.18,2020-07-30,ASEA,GLOBAL X FUNDS,6726.0,159.0
37950E64,12.1229,12.18,2020-07-31,ASEA,GLOBAL X FUNDS,6726.0,159.0
37950E64,12.03,12.06,2020-08-03,ASEA,GLOBAL X FUNDS,6726.0,159.0
37950E64,12.2,12.13,2020-08-04,ASEA,GLOBAL X FUNDS,6726.0,159.0
37950E64,12.32,12.21,2020-08-05,ASEA,GLOBAL X FUNDS,6726.0,159.0
37950E64,12.4394,12.43,2020-08-06,ASEA,GLOBAL X FUNDS,6726.0,159.0
37950E64,12.3853,12.38,2020-08-07,ASEA,GLOBAL X FUNDS,6726.0,159.0
37950E64,12.385,12.48,2020-08-10,ASEA,GLOBAL X FUNDS,6726.0,159.0
37950E64,12.4026,12.52,2020-08-11,ASEA,GLOBAL X FUNDS,6726.0,159.0
37950E64,12.6695,12.615,2020-08-12,ASEA,GLOBAL X FUNDS,6726.0,159.0
37950E64,12.745,12.77,2020-08-13,ASEA,GLOBAL X FUNDS,6726.0,159.0
37950E64,12.69,12.75,2020-08-14,ASEA,GLOBAL X FUNDS,6726.0,159.0
37950E64,12.81,12.7713,2020-08-17,ASEA,GLOBAL X FUNDS,6726.0,159.0
37950E64,12.64,12.76,2020-08-18,ASEA,GLOBAL X FUNDS,6726.0,159.0
37950E64,12.5,12.7799,2020-08-19,ASEA,GLOBAL X FUNDS,6726.0,159.0
37950E64,12.52,12.44,2020-08-20,ASEA,GLOBAL X FUNDS,6726.0,159.0
37950E64,12.47,12.52,2020-08-21,ASEA,GLOBAL X FUNDS,6726.0,159.0
37950E64,12.47,12.67,2020-08-24,ASEA,GLOBAL X FUNDS,6726.0,159.0
37950E64,12.61,12.455,2020-08-25,ASEA,GLOBAL X FUNDS,6726.0,159.0
37950E64,12.56,12.56,2020-08-26,ASEA,GLOBAL X FUNDS,6726.0,159.0
37950E64,12.45,12.555,2020-08-27,ASEA,GLOBAL X FUNDS,6726.0,159.0
37950E64,12.526,12.5755,2020-08-28,ASEA,GLOBAL X FUNDS,6726.0,159.0
37950E64,12.45,12.45,2020-08-31,ASEA,GLOBAL X FUNDS,6726.0,159.0
37950E64,12.45,12.45,2020-09-01,ASEA,GLOBAL X FUNDS,6726.0,159.0
37950E64,12.415,12.415,2020-09-02,ASEA,GLOBAL X FUNDS,6726.0,159.0
37950E64,12.1545,12.4,2020-09-03,ASEA,GLOBAL X FUNDS,6726.0,159.0
37950E64,12.26,12.175,2020-09-04,ASEA,GLOBAL X FUNDS,6726.0,159.0
37950E64,12.24,12.32,2020-09-08,ASEA,GLOBAL X FUNDS,6726.0,159.0
37950E64,12.3139,12.335,2020-09-09,ASEA,GLOBAL X FUNDS,6726.0,159.0
37950E64,11.97,12.2,2020-09-10,ASEA,GLOBAL X FUNDS,6726.0,159.0
37950E64,11.9203,12.0,2020-09-11,ASEA,GLOBAL X FUNDS,6726.0,159.0
37950E64,12.18,12.08,2020-09-14,ASEA,GLOBAL X FUNDS,6726.0,159.0
37950E64,12.27,12.3,2020-09-15,ASEA,GLOBAL X FUNDS,6726.0,159.0
37950E64,12.19,12.28,2020-09-16,ASEA,GLOBAL X FUNDS,6726.0,159.0
37950E64,12.1201,12.115,2020-09-17,ASEA,GLOBAL X FUNDS,6726.0,159.0
37950E64,12.0846,12.268,2020-09-18,ASEA,GLOBAL X FUNDS,6726.0,159.0
37950E64,11.99,12.0,2020-09-21,ASEA,GLOBAL X FUNDS,6726.0,159.0
37950E64,11.85,11.93,2020-09-22,ASEA,GLOBAL X FUNDS,6726.0,159.0
37950E64,11.5506,11.75,2020-09-23,ASEA,GLOBAL X FUNDS,6726.0,159.0
37950E64,11.5312,11.4001,2020-09-24,ASEA,GLOBAL X FUNDS,6726.0,159.0
37950E64,11.6536,11.689,2020-09-25,ASEA,GLOBAL X FUNDS,6726.0,159.0
37950E64,11.76,11.8,2020-09-28,ASEA,GLOBAL X FUNDS,6726.0,159.0
37950E64,11.7296,11.76,2020-09-29,ASEA,GLOBAL X FUNDS,6726.0,159.0
37950E64,11.6999,11.59,2020-09-30,ASEA,GLOBAL X FUNDS,6726.0,159.0
37950E64,11.8442,11.75,2020-10-01,ASEA,GLOBAL X FUNDS,6726.0,159.0
37950E64,11.8,11.8,2020-10-02,ASEA,GLOBAL X FUNDS,6726.0,159.0
37950E64,11.9578,11.97,2020-10-05,ASEA,GLOBAL X FUNDS,6726.0,159.0
37950E64,11.9585,12.0101,2020-10-06,ASEA,GLOBAL X FUNDS,6726.0,159.0
37950E64,11.998,11.98,2020-10-07,ASEA,GLOBAL X FUNDS,6726.0,159.0
37950E64,12.0692,12.07,2020-10-08,ASEA,GLOBAL X FUNDS,6726.0,159.0
37950E64,12.1848,12.205,2020-10-09,ASEA,GLOBAL X FUNDS,6726.0,159.0
37950E64,12.1686,12.14,2020-10-12,ASEA,GLOBAL X FUNDS,6726.0,159.0
37950E64,12.1141,12.16,2020-10-13,ASEA,GLOBAL X FUNDS,6726.0,159.0
37950E64,12.1,12.2,2020-10-14,ASEA,GLOBAL X FUNDS,6726.0,159.0
37950E64,11.9793,11.93,2020-10-15,ASEA,GLOBAL X FUNDS,6726.0,159.0
37950E64,11.9681,12.0,2020-10-16,ASEA,GLOBAL X FUNDS,6726.0,159.0
37950E64,11.9233,12.05,2020-10-19,ASEA,GLOBAL X FUNDS,6726.0,159.0
37950E64,11.9478,11.94,2020-10-20,ASEA,GLOBAL X FUNDS,6726.0,159.0
37950E64,12.0701,12.0398,2020-10-21,ASEA,GLOBAL X FUNDS,6726.0,159.0
37950E64,12.02,11.9801,2020-10-22,ASEA,GLOBAL X FUNDS,6726.0,159.0
37950E64,12.1132,12.0,2020-10-23,ASEA,GLOBAL X FUNDS,6726.0,159.0
37950E64,11.98,12.06,2020-10-26,ASEA,GLOBAL X FUNDS,6726.0,159.0
37950E64,11.9816,11.96,2020-10-27,ASEA,GLOBAL X FUNDS,6726.0,159.0
37950E64,11.73,11.84,2020-10-28,ASEA,GLOBAL X FUNDS,6726.0,159.0
37950E64,11.7354,11.79,2020-10-29,ASEA,GLOBAL X FUNDS,6726.0,159.0
37950E64,11.67,11.709,2020-10-30,ASEA,GLOBAL X FUNDS,6726.0,159.0
37950E64,11.8154,11.89,2020-11-02,ASEA,GLOBAL X FUNDS,6726.0,159.0
37950E64,12.0493,11.84,2020-11-03,ASEA,GLOBAL X FUNDS,6726.0,159.0
37950E64,12.26,12.21,2020-11-04,ASEA,GLOBAL X FUNDS,6726.0,159.0
37950E64,12.69,12.59,2020-11-05,ASEA,GLOBAL X FUNDS,6726.0,159.0
37950E64,12.7892,12.83,2020-11-06,ASEA,GLOBAL X FUNDS,6726.0,159.0
37950E64,13.085,13.4,2020-11-09,ASEA,GLOBAL X FUNDS,6726.0,159.0
37950E64,13.78,13.46,2020-11-10,ASEA,GLOBAL X FUNDS,6726.0,159.0
37950E64,13.73,13.7,2020-11-11,ASEA,GLOBAL X FUNDS,6726.0,159.0
37950E64,13.61,13.73,2020-11-12,ASEA,GLOBAL X FUNDS,6726.0,159.0
37950E64,13.74,13.79,2020-11-13,ASEA,GLOBAL X FUNDS,6726.0,159.0
37950E64,13.9224,13.96,2020-11-16,ASEA,GLOBAL X FUNDS,6726.0,159.0
37950E64,14.0,13.75,2020-11-17,ASEA,GLOBAL X FUNDS,6726.0,159.0
37950E64,14.0,14.17,2020-11-18,ASEA,GLOBAL X FUNDS,6726.0,159.0
37950E64,13.9889,13.86,2020-11-19,ASEA,GLOBAL X FUNDS,6726.0,159.0
37950E64,14.165,13.99,2020-11-20,ASEA,GLOBAL X FUNDS,6726.0,159.0
37950E64,14.24,14.2,2020-11-23,ASEA,GLOBAL X FUNDS,6726.0,159.0
37950E64,14.4502,14.38,2020-11-24,ASEA,GLOBAL X FUNDS,6726.0,159.0
37950E64,14.47,14.46,2020-11-25,ASEA,GLOBAL X FUNDS,6726.0,159.0
37950E64,14.5,14.54,2020-11-27,ASEA,GLOBAL X FUNDS,6726.0,159.0
37950E64,13.985,14.23,2020-11-30,ASEA,GLOBAL X FUNDS,6726.0,159.0
37950E64,14.28,14.27,2020-12-01,ASEA,GLOBAL X FUNDS,6726.0,159.0
37950E64,14.34,14.4,2020-12-02,ASEA,GLOBAL X FUNDS,6726.0,159.0
37950E64,14.51,14.69,2020-12-03,ASEA,GLOBAL X FUNDS,6726.0,159.0
37950E64,14.53,14.59,2020-12-04,ASEA,GLOBAL X FUNDS,6726.0,159.0
37950E64,14.59,14.65,2020-12-07,ASEA,GLOBAL X FUNDS,6726.0,159.0
37950E64,14.6,14.6,2020-12-08,ASEA,GLOBAL X FUNDS,6726.0,159.0
37950E64,14.6,14.7,2020-12-09,ASEA,GLOBAL X FUNDS,6726.0,159.0
37950E64,14.77,14.64,2020-12-10,ASEA,GLOBAL X FUNDS,6726.0,159.0
37950E64,14.8,14.77,2020-12-11,ASEA,GLOBAL X FUNDS,6726.0,159.0
37950E64,14.72,14.83,2020-12-14,ASEA,GLOBAL X FUNDS,6726.0,159.0
37950E64,14.93,14.865,2020-12-15,ASEA,GLOBAL X FUNDS,6726.0,159.0
37950E64,15.01,15.01,2020-12-16,ASEA,GLOBAL X FUNDS,6726.0,159.0
37950E64,15.02,15.04,2020-12-17,ASEA,GLOBAL X FUNDS,6726.0,159.0
37950E64,14.9,14.93,2020-12-18,ASEA,GLOBAL X FUNDS,6726.0,159.0
37950E64,14.47,14.48,2020-12-21,ASEA,GLOBAL X FUNDS,6726.0,159.0
37950E64,14.4,14.5,2020-12-22,ASEA,GLOBAL X FUNDS,6726.0,159.0
37950E64,14.46,14.48,2020-12-23,ASEA,GLOBAL X FUNDS,6726.0,159.0
37950E64,14.5481,14.5,2020-12-24,ASEA,GLOBAL X FUNDS,6726.0,159.0
37950E64,14.55,14.58,2020-12-28,ASEA,GLOBAL X FUNDS,6726.0,159.0
37950E64,14.68,14.68,2020-12-29,ASEA,GLOBAL X FUNDS,6726.0,159.0
37950E64,14.55,14.66,2020-12-30,ASEA,GLOBAL X FUNDS,6726.0,159.0
37950E64,14.47,14.52,2020-12-31,ASEA,GLOBAL X FUNDS,6726.0,159.0
37950E64,14.63,14.69,2021-01-04,ASEA,GLOBAL X FUNDS,6726.0,159.0
37950E64,14.76,14.64,2021-01-05,ASEA,GLOBAL X FUNDS,6726.0,159.0
37950E64,14.76,14.72,2021-01-06,ASEA,GLOBAL X FUNDS,6726.0,159.0
37950E64,14.8,14.8,2021-01-07,ASEA,GLOBAL X FUNDS,6726.0,159.0
37950E64,15.18,15.16,2021-01-08,ASEA,GLOBAL X FUNDS,6726.0,159.0
37950E64,14.98,15.0,2021-01-11,ASEA,GLOBAL X FUNDS,6726.0,159.0
37950E64,15.04,15.02,2021-01-12,ASEA,GLOBAL X FUNDS,6726.0,159.0
37950E64,15.145,15.15,2021-01-13,ASEA,GLOBAL X FUNDS,6726.0,159.0
37950E64,15.17,15.17,2021-01-14,ASEA,GLOBAL X FUNDS,6726.0,159.0
37950E64,14.98,15.09,2021-01-15,ASEA,GLOBAL X FUNDS,6726.0,159.0
37950E64,14.87,15.01,2021-01-19,ASEA,GLOBAL X FUNDS,6726.0,159.0
37950E64,15.06,15.03,2021-01-20,ASEA,GLOBAL X FUNDS,6726.0,159.0
37950E64,14.99,15.02,2021-01-21,ASEA,GLOBAL X FUNDS,6726.0,159.0
37950E64,14.83,14.94,2021-01-22,ASEA,GLOBAL X FUNDS,6726.0,159.0
37950E64,14.7,14.85,2021-01-25,ASEA,GLOBAL X FUNDS,6726.0,159.0
37950E64,14.62,14.65,2021-01-26,ASEA,GLOBAL X FUNDS,6726.0,159.0
37950E64,14.4,14.51,2021-01-27,ASEA,GLOBAL X FUNDS,6726.0,159.0
37950E64,14.44,14.56,2021-01-28,ASEA,GLOBAL X FUNDS,6726.0,159.0
37950E64,14.06,14.37,2021-01-29,ASEA,GLOBAL X FUNDS,6726.0,159.0
37950E64,14.27,14.11,2021-02-01,ASEA,GLOBAL X FUNDS,6726.0,159.0
37950E64,14.33,14.27,2021-02-02,ASEA,GLOBAL X FUNDS,6726.0,159.0
37950E64,14.34,14.45,2021-02-03,ASEA,GLOBAL X FUNDS,6726.0,159.0
37950E64,14.25,14.39,2021-02-04,ASEA,GLOBAL X FUNDS,6726.0,159.0
37950E64,14.45,14.45,2021-02-05,ASEA,GLOBAL X FUNDS,6726.0,159.0
37950E64,14.5957,14.45,2021-02-08,ASEA,GLOBAL X FUNDS,6726.0,159.0
37950E64,14.6739,14.655,2021-02-09,ASEA,GLOBAL X FUNDS,6726.0,159.0
37950E64,14.6956,14.67,2021-02-10,ASEA,GLOBAL X FUNDS,6726.0,159.0
37950E64,14.66,14.62,2021-02-11,ASEA,GLOBAL X FUNDS,6726.0,159.0
37950E64,14.75,14.65,2021-02-12,ASEA,GLOBAL X FUNDS,6726.0,159.0
37950E64,14.62,14.82,2021-02-16,ASEA,GLOBAL X FUNDS,6726.0,159.0
37950E64,14.56,14.51,2021-02-17,ASEA,GLOBAL X FUNDS,6726.0,159.0
37950E64,14.5,14.55,2021-02-18,ASEA,GLOBAL X FUNDS,6726.0,159.0
37950E64,14.46,14.527,2021-02-19,ASEA,GLOBAL X FUNDS,6726.0,159.0
37950E64,14.41,14.35,2021-02-22,ASEA,GLOBAL X FUNDS,6726.0,159.0
37950E64,14.54,14.41,2021-02-23,ASEA,GLOBAL X FUNDS,6726.0,159.0
37950E64,14.69,14.47,2021-02-24,ASEA,GLOBAL X FUNDS,6726.0,159.0
37950E64,14.37,14.72,2021-02-25,ASEA,GLOBAL X FUNDS,6726.0,159.0
37950E64,14.45,14.45,2021-02-26,ASEA,GLOBAL X FUNDS,6726.0,159.0
37950E64,14.84,14.67,2021-03-01,ASEA,GLOBAL X FUNDS,6726.0,159.0
37950E64,14.73,14.75,2021-03-02,ASEA,GLOBAL X FUNDS,6726.0,159.0
37950E64,14.76,14.7501,2021-03-03,ASEA,GLOBAL X FUNDS,6726.0,159.0
37950E64,14.7,14.83,2021-03-04,ASEA,GLOBAL X FUNDS,6726.0,159.0
37950E64,14.92,14.85,2021-03-05,ASEA,GLOBAL X FUNDS,6726.0,159.0
37950E64,14.87,14.99,2021-03-08,ASEA,GLOBAL X FUNDS,6726.0,159.0
37950E64,14.95,14.89,2021-03-09,ASEA,GLOBAL X FUNDS,6726.0,159.0
37950E64,14.98,14.95,2021-03-10,ASEA,GLOBAL X FUNDS,6726.0,159.0
37950E64,15.1106,15.0999,2021-03-11,ASEA,GLOBAL X FUNDS,6726.0,159.0
37950E64,14.9312,15.0,2021-03-12,ASEA,GLOBAL X FUNDS,6726.0,159.0
37950E64,14.94,14.96,2021-03-15,ASEA,GLOBAL X FUNDS,6726.0,159.0
37950E64,14.855,14.99,2021-03-16,ASEA,GLOBAL X FUNDS,6726.0,159.0
37950E64,14.97,14.82,2021-03-17,ASEA,GLOBAL X FUNDS,6726.0,159.0
37950E64,14.86,14.99,2021-03-18,ASEA,GLOBAL X FUNDS,6726.0,159.0
37950E64,14.999,14.86,2021-03-19,ASEA,GLOBAL X FUNDS,6726.0,159.0
37950E64,14.91,14.856,2021-03-22,ASEA,GLOBAL X FUNDS,6726.0,159.0
37950E64,14.6742,14.745,2021-03-23,ASEA,GLOBAL X FUNDS,6726.0,159.0
37950E64,14.73,14.65,2021-03-24,ASEA,GLOBAL X FUNDS,6726.0,159.0
37950E64,14.79,14.58,2021-03-25,ASEA,GLOBAL X FUNDS,6726.0,159.0
37950E64,15.02,14.79,2021-03-26,ASEA,GLOBAL X FUNDS,6726.0,159.0
37950E64,14.97,15.01,2021-03-29,ASEA,GLOBAL X FUNDS,6726.0,159.0
37950E64,14.85,14.89,2021-03-30,ASEA,GLOBAL X FUNDS,6726.0,159.0
37950E64,14.7472,14.83,2021-03-31,ASEA,GLOBAL X FUNDS,6726.0,159.0
37950E64,14.78,14.77,2021-04-01,ASEA,GLOBAL X FUNDS,6726.0,159.0
37950E64,14.7999,14.77,2021-04-05,ASEA,GLOBAL X FUNDS,6726.0,159.0
37950E64,14.87,14.86,2021-04-06,ASEA,GLOBAL X FUNDS,6726.0,159.0
37950E64,14.7301,14.79,2021-04-07,ASEA,GLOBAL X FUNDS,6726.0,159.0
37950E64,14.75,14.76,2021-04-08,ASEA,GLOBAL X FUNDS,6726.0,159.0
37950E64,14.75,14.75,2021-04-09,ASEA,GLOBAL X FUNDS,6726.0,159.0
37950E64,14.66,14.64,2021-04-12,ASEA,GLOBAL X FUNDS,6726.0,159.0
37950E64,14.66,14.66,2021-04-13,ASEA,GLOBAL X FUNDS,6726.0,159.0
37950E64,14.78,14.74,2021-04-14,ASEA,GLOBAL X FUNDS,6726.0,159.0
37950E64,14.9154,14.8601,2021-04-15,ASEA,GLOBAL X FUNDS,6726.0,159.0
37950E64,14.91,14.88,2021-04-16,ASEA,GLOBAL X FUNDS,6726.0,159.0
37950E64,14.88,14.81,2021-04-19,ASEA,GLOBAL X FUNDS,6726.0,159.0
37950E64,14.82,14.8944,2021-04-20,ASEA,GLOBAL X FUNDS,6726.0,159.0
37950E64,14.85,14.67,2021-04-21,ASEA,GLOBAL X FUNDS,6726.0,159.0
37950E64,14.7743,14.86,2021-04-22,ASEA,GLOBAL X FUNDS,6726.0,159.0
37950E64,14.87,14.91,2021-04-23,ASEA,GLOBAL X FUNDS,6726.0,159.0
37950E64,14.93,14.93,2021-04-26,ASEA,GLOBAL X FUNDS,6726.0,159.0
37950E64,14.83,14.84,2021-04-27,ASEA,GLOBAL X FUNDS,6726.0,159.0
37950E64,15.0086,14.83,2021-04-28,ASEA,GLOBAL X FUNDS,6726.0,159.0
37950E64,14.98,15.11,2021-04-29,ASEA,GLOBAL X FUNDS,6726.0,159.0
37950E64,14.8858,14.9599,2021-04-30,ASEA,GLOBAL X FUNDS,6726.0,159.0
37950E64,14.83,14.82,2021-05-03,ASEA,GLOBAL X FUNDS,6726.0,159.0
37950E64,14.74,14.79,2021-05-04,ASEA,GLOBAL X FUNDS,6726.0,159.0
37950E64,14.76,14.74,2021-05-05,ASEA,GLOBAL X FUNDS,6726.0,159.0
37950E64,14.85,14.83,2021-05-06,ASEA,GLOBAL X FUNDS,6726.0,159.0
37950E64,15.072,14.9,2021-05-07,ASEA,GLOBAL X FUNDS,6726.0,159.0
37950E64,14.9101,15.0,2021-05-10,ASEA,GLOBAL X FUNDS,6726.0,159.0
37950E64,14.86,14.9,2021-05-11,ASEA,GLOBAL X FUNDS,6726.0,159.0
37950E64,14.55,14.78,2021-05-12,ASEA,GLOBAL X FUNDS,6726.0,159.0
37950E64,14.58,14.59,2021-05-13,ASEA,GLOBAL X FUNDS,6726.0,159.0
37950E64,14.67,14.65,2021-05-14,ASEA,GLOBAL X FUNDS,6726.0,159.0
37950E64,14.6133,14.6,2021-05-17,ASEA,GLOBAL X FUNDS,6726.0,159.0
37950E64,14.71,14.69,2021-05-18,ASEA,GLOBAL X FUNDS,6726.0,159.0
37950E64,14.6,14.5,2021-05-19,ASEA,GLOBAL X FUNDS,6726.0,159.0
37950E64,14.62,14.57,2021-05-20,ASEA,GLOBAL X FUNDS,6726.0,159.0
37950E64,14.485,14.66,2021-05-21,ASEA,GLOBAL X FUNDS,6726.0,159.0
37950E64,14.59,14.598,2021-05-24,ASEA,GLOBAL X FUNDS,6726.0,159.0
37950E64,14.73,14.73,2021-05-25,ASEA,GLOBAL X FUNDS,6726.0,159.0
37950E64,14.79,14.87,2021-05-26,ASEA,GLOBAL X FUNDS,6726.0,159.0
37950E64,14.9021,14.89,2021-05-27,ASEA,GLOBAL X FUNDS,6726.0,159.0
37950E64,15.0,14.99,2021-05-28,ASEA,GLOBAL X FUNDS,6726.0,159.0
37950E64,15.1655,15.06,2021-06-01,ASEA,GLOBAL X FUNDS,6726.0,159.0
37950E64,15.18,15.13,2021-06-02,ASEA,GLOBAL X FUNDS,6726.0,159.0
37950E64,15.11,15.14,2021-06-03,ASEA,GLOBAL X FUNDS,6726.0,159.0
37950E64,15.16,15.1,2021-06-04,ASEA,GLOBAL X FUNDS,6726.0,159.0
37950E64,15.155,15.2,2021-06-07,ASEA,GLOBAL X FUNDS,6726.0,159.0
37950E64,15.105,15.16,2021-06-08,ASEA,GLOBAL X FUNDS,6726.0,159.0
37950E64,15.19,15.18,2021-06-09,ASEA,GLOBAL X FUNDS,6726.0,159.0
37950E64,15.25,15.18,2021-06-10,ASEA,GLOBAL X FUNDS,6726.0,159.0
37950E64,15.2041,15.26,2021-06-11,ASEA,GLOBAL X FUNDS,6726.0,159.0
37950E64,15.23,15.2,2021-06-14,ASEA,GLOBAL X FUNDS,6726.0,159.0
37950E64,15.175,15.19,2021-06-15,ASEA,GLOBAL X FUNDS,6726.0,159.0
37950E64,15.0,15.082,2021-06-16,ASEA,GLOBAL X FUNDS,6726.0,159.0
37950E64,14.8601,15.02,2021-06-17,ASEA,GLOBAL X FUNDS,6726.0,159.0
37950E64,14.6828,14.82,2021-06-18,ASEA,GLOBAL X FUNDS,6726.0,159.0
37950E64,14.7672,14.68,2021-06-21,ASEA,GLOBAL X FUNDS,6726.0,159.0
37950E64,14.73,14.74,2021-06-22,ASEA,GLOBAL X FUNDS,6726.0,159.0
37950E64,14.6157,14.68,2021-06-23,ASEA,GLOBAL X FUNDS,6726.0,159.0
37950E64,14.615,14.7,2021-06-24,ASEA,GLOBAL X FUNDS,6726.0,159.0
37950E64,14.65,14.64,2021-06-25,ASEA,GLOBAL X FUNDS,6726.0,159.0
37950E64,14.54,14.64,2021-06-28,ASEA,GLOBAL X FUNDS,6726.0,159.0
37950E64,14.36,14.4,2021-06-29,ASEA,GLOBAL X FUNDS,6726.0,159.0
37950E64,14.3635,14.37,2021-06-30,ASEA,GLOBAL X FUNDS,6726.0,159.0
37950E64,14.35,14.43,2021-07-01,ASEA,GLOBAL X FUNDS,6726.0,159.0
37950E64,14.36,14.36,2021-07-02,ASEA,GLOBAL X FUNDS,6726.0,159.0
37950E64,14.34,14.44,2021-07-06,ASEA,GLOBAL X FUNDS,6726.0,159.0
37950E64,14.14,14.29,2021-07-07,ASEA,GLOBAL X FUNDS,6726.0,159.0
37950E64,13.89,14.05,2021-07-08,ASEA,GLOBAL X FUNDS,6726.0,159.0
37950E64,14.108,14.08,2021-07-09,ASEA,GLOBAL X FUNDS,6726.0,159.0
37950E64,14.08,14.04,2021-07-12,ASEA,GLOBAL X FUNDS,6726.0,159.0
37950E64,14.055,14.11,2021-07-13,ASEA,GLOBAL X FUNDS,6726.0,159.0
37950E64,14.0351,14.13,2021-07-14,ASEA,GLOBAL X FUNDS,6726.0,159.0
37950E64,14.0059,14.015,2021-07-15,ASEA,GLOBAL X FUNDS,6726.0,159.0
37950E64,13.87,14.05,2021-07-16,ASEA,GLOBAL X FUNDS,6726.0,159.0
37950E64,13.65,13.75,2021-07-19,ASEA,GLOBAL X FUNDS,6726.0,159.0
37950E64,13.74,13.7001,2021-07-20,ASEA,GLOBAL X FUNDS,6726.0,159.0
37950E64,13.8,13.71,2021-07-21,ASEA,GLOBAL X FUNDS,6726.0,159.0
37950E64,13.94,13.88,2021-07-22,ASEA,GLOBAL X FUNDS,6726.0,159.0
37950E64,13.79,13.91,2021-07-23,ASEA,GLOBAL X FUNDS,6726.0,159.0
37950E64,13.72,13.68,2021-07-26,ASEA,GLOBAL X FUNDS,6726.0,159.0
37950E64,13.8,13.69,2021-07-27,ASEA,GLOBAL X FUNDS,6726.0,159.0
37950E64,13.835,13.84,2021-07-28,ASEA,GLOBAL X FUNDS,6726.0,159.0
37950E64,13.935,13.939,2021-07-29,ASEA,GLOBAL X FUNDS,6726.0,159.0
37950E64,13.815,13.75,2021-07-30,ASEA,GLOBAL X FUNDS,6726.0,159.0
37950E64,13.77,13.85,2021-08-02,ASEA,GLOBAL X FUNDS,6726.0,159.0
37950E64,13.96,13.87,2021-08-03,ASEA,GLOBAL X FUNDS,6726.0,159.0
37950E64,13.968,14.0334,2021-08-04,ASEA,GLOBAL X FUNDS,6726.0,159.0
37950E64,14.0,14.01,2021-08-05,ASEA,GLOBAL X FUNDS,6726.0,159.0
37950E64,13.91,14.03,2021-08-06,ASEA,GLOBAL X FUNDS,6726.0,159.0
37950E64,13.9,13.9,2021-08-09,ASEA,GLOBAL X FUNDS,6726.0,159.0
37950E64,13.977,13.92,2021-08-10,ASEA,GLOBAL X FUNDS,6726.0,159.0
37950E64,14.04,14.05,2021-08-11,ASEA,GLOBAL X FUNDS,6726.0,159.0
37950E64,13.97,13.96,2021-08-12,ASEA,GLOBAL X FUNDS,6726.0,159.0
37950E64,13.98,13.945,2021-08-13,ASEA,GLOBAL X FUNDS,6726.0,159.0
37950E64,14.0173,13.96,2021-08-16,ASEA,GLOBAL X FUNDS,6726.0,159.0
37950E64,13.93,13.98,2021-08-17,ASEA,GLOBAL X FUNDS,6726.0,159.0
37950E64,14.0311,13.98,2021-08-18,ASEA,GLOBAL X FUNDS,6726.0,159.0
37950E64,13.935,13.97,2021-08-19,ASEA,GLOBAL X FUNDS,6726.0,159.0
37950E64,14.0201,14.03,2021-08-20,ASEA,GLOBAL X FUNDS,6726.0,159.0
37950E64,14.11,14.11,2021-08-23,ASEA,GLOBAL X FUNDS,6726.0,159.0
37950E64,14.24,14.28,2021-08-24,ASEA,GLOBAL X FUNDS,6726.0,159.0
37950E64,14.3,14.3,2021-08-25,ASEA,GLOBAL X FUNDS,6726.0,159.0
37950E64,14.26,14.2,2021-08-26,ASEA,GLOBAL X FUNDS,6726.0,159.0
37950E64,14.44,14.25,2021-08-27,ASEA,GLOBAL X FUNDS,6726.0,159.0
37950E64,14.57,14.51,2021-08-30,ASEA,GLOBAL X FUNDS,6726.0,159.0
37950E64,14.54,14.66,2021-08-31,ASEA,GLOBAL X FUNDS,6726.0,159.0
37950E64,14.58,14.58,2021-09-01,ASEA,GLOBAL X FUNDS,6726.0,159.0
37950E64,14.5666,14.569,2021-09-02,ASEA,GLOBAL X FUNDS,6726.0,159.0
37950E64,14.6371,14.67,2021-09-03,ASEA,GLOBAL X FUNDS,6726.0,159.0
37950E64,14.5952,14.66,2021-09-07,ASEA,GLOBAL X FUNDS,6726.0,159.0
37950E64,14.39,14.37,2021-09-08,ASEA,GLOBAL X FUNDS,6726.0,159.0
37950E64,14.56,14.5,2021-09-09,ASEA,GLOBAL X FUNDS,6726.0,159.0
37950E64,14.615,14.61,2021-09-10,ASEA,GLOBAL X FUNDS,6726.0,159.0
37950E64,14.5479,14.6,2021-09-13,ASEA,GLOBAL X FUNDS,6726.0,159.0
37950E64,14.34,14.48,2021-09-14,ASEA,GLOBAL X FUNDS,6726.0,159.0
37950E64,14.4,14.36,2021-09-15,ASEA,GLOBAL X FUNDS,6726.0,159.0
37950E64,14.3759,14.335,2021-09-16,ASEA,GLOBAL X FUNDS,6726.0,159.0
37950E64,14.3,14.2,2021-09-17,ASEA,GLOBAL X FUNDS,6726.0,159.0
37950E64,14.09,14.19,2021-09-20,ASEA,GLOBAL X FUNDS,6726.0,159.0
37950E64,14.1596,14.215,2021-09-21,ASEA,GLOBAL X FUNDS,6726.0,159.0
37950E64,14.2949,14.3,2021-09-22,ASEA,GLOBAL X FUNDS,6726.0,159.0
37950E64,14.43,14.34,2021-09-23,ASEA,GLOBAL X FUNDS,6726.0,159.0
37950E64,14.335,14.36,2021-09-24,ASEA,GLOBAL X FUNDS,6726.0,159.0
37950E64,14.41,14.35,2021-09-27,ASEA,GLOBAL X FUNDS,6726.0,159.0
37950E64,14.2647,14.43,2021-09-28,ASEA,GLOBAL X FUNDS,6726.0,159.0
37950E64,14.285,14.31,2021-09-29,ASEA,GLOBAL X FUNDS,6726.0,159.0
37950E64,14.4118,14.43,2021-09-30,ASEA,GLOBAL X FUNDS,6726.0,159.0
37950E64,14.4754,14.43,2021-10-01,ASEA,GLOBAL X FUNDS,6726.0,159.0
37950E64,14.48,14.52,2021-10-04,ASEA,GLOBAL X FUNDS,6726.0,159.0
37950E64,14.5878,14.565,2021-10-05,ASEA,GLOBAL X FUNDS,6726.0,159.0
37950E64,14.7784,14.62,2021-10-06,ASEA,GLOBAL X FUNDS,6726.0,159.0
37950E64,14.82,14.83,2021-10-07,ASEA,GLOBAL X FUNDS,6726.0,159.0
37950E64,14.8758,14.95,2021-10-08,ASEA,GLOBAL X FUNDS,6726.0,159.0
37950E64,14.945,14.97,2021-10-11,ASEA,GLOBAL X FUNDS,6726.0,159.0
37950E64,15.0362,15.0001,2021-10-12,ASEA,GLOBAL X FUNDS,6726.0,159.0
37950E64,15.2935,15.08,2021-10-13,ASEA,GLOBAL X FUNDS,6726.0,159.0
37950E64,15.3396,15.27,2021-10-14,ASEA,GLOBAL X FUNDS,6726.0,159.0
37950E64,15.345,15.27,2021-10-15,ASEA,GLOBAL X FUNDS,6726.0,159.0
37950E64,15.33,15.37,2021-10-18,ASEA,GLOBAL X FUNDS,6726.0,159.0
37950E64,15.4478,15.28,2021-10-19,ASEA,GLOBAL X FUNDS,6726.0,159.0
37950E64,15.4699,15.4487,2021-10-20,ASEA,GLOBAL X FUNDS,6726.0,159.0
37950E64,15.3447,15.44,2021-10-21,ASEA,GLOBAL X FUNDS,6726.0,159.0
37950E64,15.34,15.42,2021-10-22,ASEA,GLOBAL X FUNDS,6726.0,159.0
37950E64,15.39,15.46,2021-10-25,ASEA,GLOBAL X FUNDS,6726.0,159.0
37950E64,15.3199,15.39,2021-10-26,ASEA,GLOBAL X FUNDS,6726.0,159.0
37950E64,15.21,15.27,2021-10-27,ASEA,GLOBAL X FUNDS,6726.0,159.0
37950E64,15.2132,15.23,2021-10-28,ASEA,GLOBAL X FUNDS,6726.0,159.0
37950E64,15.1053,15.17,2021-10-29,ASEA,GLOBAL X FUNDS,6726.0,159.0
37950E64,15.105,15.08,2021-11-01,ASEA,GLOBAL X FUNDS,6726.0,159.0
37950E64,15.1153,15.14,2021-11-02,ASEA,GLOBAL X FUNDS,6726.0,159.0
37950E64,15.17,15.24,2021-11-03,ASEA,GLOBAL X FUNDS,6726.0,159.0
37950E64,14.99,15.14,2021-11-04,ASEA,GLOBAL X FUNDS,6726.0,159.0
37950E64,15.15,15.04,2021-11-05,ASEA,GLOBAL X FUNDS,6726.0,159.0
37950E64,15.34,15.4,2021-11-08,ASEA,GLOBAL X FUNDS,6726.0,159.0
37950E64,15.25,15.28,2021-11-09,ASEA,GLOBAL X FUNDS,6726.0,159.0
37950E64,15.1775,15.27,2021-11-10,ASEA,GLOBAL X FUNDS,6726.0,159.0
37950E64,15.24,15.17,2021-11-11,ASEA,GLOBAL X FUNDS,6726.0,159.0
37950E64,15.24,15.259,2021-11-12,ASEA,GLOBAL X FUNDS,6726.0,159.0
37950E64,15.2027,15.29,2021-11-15,ASEA,GLOBAL X FUNDS,6726.0,159.0
37950E64,15.1658,15.2,2021-11-16,ASEA,GLOBAL X FUNDS,6726.0,159.0
37950E64,15.07,15.2,2021-11-17,ASEA,GLOBAL X FUNDS,6726.0,159.0
37950E64,15.13,15.1,2021-11-18,ASEA,GLOBAL X FUNDS,6726.0,159.0
37950E64,15.0521,15.13,2021-11-19,ASEA,GLOBAL X FUNDS,6726.0,159.0
37950E64,15.03,15.02,2021-11-22,ASEA,GLOBAL X FUNDS,6726.0,159.0
37950E64,15.05,15.04,2021-11-23,ASEA,GLOBAL X FUNDS,6726.0,159.0
37950E64,14.93,14.91,2021-11-24,ASEA,GLOBAL X FUNDS,6726.0,159.0
37950E64,14.53,14.77,2021-11-26,ASEA,GLOBAL X FUNDS,6726.0,159.0
37950E64,14.52,14.53,2021-11-29,ASEA,GLOBAL X FUNDS,6726.0,159.0
37950E64,14.34,14.51,2021-11-30,ASEA,GLOBAL X FUNDS,6726.0,159.0
37950E64,14.42,14.5,2021-12-01,ASEA,GLOBAL X FUNDS,6726.0,159.0
37950E64,14.48,14.38,2021-12-02,ASEA,GLOBAL X FUNDS,6726.0,159.0
37950E64,14.4,14.48,2021-12-03,ASEA,GLOBAL X FUNDS,6726.0,159.0
37950E64,14.6,14.41,2021-12-06,ASEA,GLOBAL X FUNDS,6726.0,159.0
37950E64,14.8,14.78,2021-12-07,ASEA,GLOBAL X FUNDS,6726.0,159.0
37950E64,14.76,14.64,2021-12-08,ASEA,GLOBAL X FUNDS,6726.0,159.0
37950E64,14.725,14.76,2021-12-09,ASEA,GLOBAL X FUNDS,6726.0,159.0
37950E64,14.75,14.81,2021-12-10,ASEA,GLOBAL X FUNDS,6726.0,159.0
37950E64,14.577,14.71,2021-12-13,ASEA,GLOBAL X FUNDS,6726.0,159.0
37950E64,14.675,14.65,2021-12-14,ASEA,GLOBAL X FUNDS,6726.0,159.0
37950E64,14.6471,14.65,2021-12-15,ASEA,GLOBAL X FUNDS,6726.0,159.0
37950E64,14.7656,14.84,2021-12-16,ASEA,GLOBAL X FUNDS,6726.0,159.0
37950E64,14.7276,14.66,2021-12-17,ASEA,GLOBAL X FUNDS,6726.0,159.0
37950E64,14.61,14.7,2021-12-20,ASEA,GLOBAL X FUNDS,6726.0,159.0
37950E64,14.7,14.72,2021-12-21,ASEA,GLOBAL X FUNDS,6726.0,159.0
37950E64,14.7555,14.65,2021-12-22,ASEA,GLOBAL X FUNDS,6726.0,159.0
37950E64,14.8266,14.82,2021-12-23,ASEA,GLOBAL X FUNDS,6726.0,159.0
37950E64,14.9001,14.87,2021-12-27,ASEA,GLOBAL X FUNDS,6726.0,159.0
37950E64,14.9194,14.92,2021-12-28,ASEA,GLOBAL X FUNDS,6726.0,159.0
37950E64,14.9955,14.9999,2021-12-29,ASEA,GLOBAL X FUNDS,6726.0,159.0
37950E64,14.57,14.5,2021-12-30,ASEA,GLOBAL X FUNDS,6726.0,159.0
37950E64,14.53,14.65,2021-12-31,ASEA,GLOBAL X FUNDS,6726.0,159.0
37950E64,14.58,14.62,2022-01-03,ASEA,GLOBAL X FUNDS,6726.0,159.0
37950E64,14.592,14.55,2022-01-04,ASEA,GLOBAL X FUNDS,6726.0,159.0
37950E64,14.55,14.68,2022-01-05,ASEA,GLOBAL X FUNDS,6726.0,159.0
37950E64,14.5455,14.41,2022-01-06,ASEA,GLOBAL X FUNDS,6726.0,159.0
37950E64,14.6675,14.59,2022-01-07,ASEA,GLOBAL X FUNDS,6726.0,159.0
37950E64,14.74,14.74,2022-01-10,ASEA,GLOBAL X FUNDS,6726.0,159.0
37950E64,14.96,14.76,2022-01-11,ASEA,GLOBAL X FUNDS,6726.0,159.0
37950E64,15.1,14.99,2022-01-12,ASEA,GLOBAL X FUNDS,6726.0,159.0
37950E64,15.0,14.96,2022-01-13,ASEA,GLOBAL X FUNDS,6726.0,159.0
37950E64,15.138,15.1,2022-01-14,ASEA,GLOBAL X FUNDS,6726.0,159.0
37950E64,14.92,14.99,2022-01-18,ASEA,GLOBAL X FUNDS,6726.0,159.0
37950E64,14.9714,15.0,2022-01-19,ASEA,GLOBAL X FUNDS,6726.0,159.0
37950E64,15.0186,15.09,2022-01-20,ASEA,GLOBAL X FUNDS,6726.0,159.0
37950E64,14.9949,15.09,2022-01-21,ASEA,GLOBAL X FUNDS,6726.0,159.0
37950E64,14.87,14.91,2022-01-24,ASEA,GLOBAL X FUNDS,6726.0,159.0
37950E64,14.93,14.7,2022-01-25,ASEA,GLOBAL X FUNDS,6726.0,159.0
37950E64,14.885,14.98,2022-01-26,ASEA,GLOBAL X FUNDS,6726.0,159.0
37950E64,14.947,14.93,2022-01-27,ASEA,GLOBAL X FUNDS,6726.0,159.0
37950E64,14.9338,14.83,2022-01-28,ASEA,GLOBAL X FUNDS,6726.0,159.0
37950E64,15.065,14.92,2022-01-31,ASEA,GLOBAL X FUNDS,6726.0,159.0
37950E64,15.1155,15.09,2022-02-01,ASEA,GLOBAL X FUNDS,6726.0,159.0
37950E64,15.19,15.13,2022-02-02,ASEA,GLOBAL X FUNDS,6726.0,159.0
37950E64,15.2601,15.26,2022-02-03,ASEA,GLOBAL X FUNDS,6726.0,159.0
37950E64,15.35,15.33,2022-02-04,ASEA,GLOBAL X FUNDS,6726.0,159.0
37950E64,15.53,15.49,2022-02-07,ASEA,GLOBAL X FUNDS,6726.0,159.0
37950E64,15.6347,15.6,2022-02-08,ASEA,GLOBAL X FUNDS,6726.0,159.0
37950E64,15.9212,15.74,2022-02-09,ASEA,GLOBAL X FUNDS,6726.0,159.0
37950E64,15.77,15.8,2022-02-10,ASEA,GLOBAL X FUNDS,6726.0,159.0
37950E64,15.709,15.82,2022-02-11,ASEA,GLOBAL X FUNDS,6726.0,159.0
37950E64,15.89,15.77,2022-02-14,ASEA,GLOBAL X FUNDS,6726.0,159.0
37950E64,16.04,16.01,2022-02-15,ASEA,GLOBAL X FUNDS,6726.0,159.0
37950E64,16.16,16.04,2022-02-16,ASEA,GLOBAL X FUNDS,6726.0,159.0
37950E64,16.0149,16.03,2022-02-17,ASEA,GLOBAL X FUNDS,6726.0,159.0
37950E64,15.95,16.02,2022-02-18,ASEA,GLOBAL X FUNDS,6726.0,159.0
37950E64,15.81,15.85,2022-02-22,ASEA,GLOBAL X FUNDS,6726.0,159.0
37950E64,15.76,15.89,2022-02-23,ASEA,GLOBAL X FUNDS,6726.0,159.0
37950E64,15.39,15.26,2022-02-24,ASEA,GLOBAL X FUNDS,6726.0,159.0
37950E64,15.7,15.53,2022-02-25,ASEA,GLOBAL X FUNDS,6726.0,159.0
37950E64,15.54,15.5,2022-02-28,ASEA,GLOBAL X FUNDS,6726.0,159.0
37950E64,15.5236,15.5,2022-03-01,ASEA,GLOBAL X FUNDS,6726.0,159.0
37950E64,15.57,15.47,2022-03-02,ASEA,GLOBAL X FUNDS,6726.0,159.0
37950E64,15.4609,15.54,2022-03-03,ASEA,GLOBAL X FUNDS,6726.0,159.0
37950E64,15.36,15.31,2022-03-04,ASEA,GLOBAL X FUNDS,6726.0,159.0
37950E64,15.02,15.11,2022-03-07,ASEA,GLOBAL X FUNDS,6726.0,159.0
37950E64,14.94,15.0,2022-03-08,ASEA,GLOBAL X FUNDS,6726.0,159.0
37950E64,15.34,15.13,2022-03-09,ASEA,GLOBAL X FUNDS,6726.0,159.0
37950E64,15.23,15.32,2022-03-10,ASEA,GLOBAL X FUNDS,6726.0,159.0
37950E64,15.15,15.42,2022-03-11,ASEA,GLOBAL X FUNDS,6726.0,159.0
37950E64,15.2,15.23,2022-03-14,ASEA,GLOBAL X FUNDS,6726.0,159.0
37950E64,15.45,15.3,2022-03-15,ASEA,GLOBAL X FUNDS,6726.0,159.0
37950E64,15.92,15.66,2022-03-16,ASEA,GLOBAL X FUNDS,6726.0,159.0
37950E64,15.8,15.63,2022-03-17,ASEA,GLOBAL X FUNDS,6726.0,159.0
37950E64,15.8,15.7,2022-03-18,ASEA,GLOBAL X FUNDS,6726.0,159.0
37950E64,15.65,15.76,2022-03-21,ASEA,GLOBAL X FUNDS,6726.0,159.0
37950E64,15.7,15.65,2022-03-22,ASEA,GLOBAL X FUNDS,6726.0,159.0
37950E64,15.58,15.58,2022-03-23,ASEA,GLOBAL X FUNDS,6726.0,159.0
37950E64,15.82,15.75,2022-03-24,ASEA,GLOBAL X FUNDS,6726.0,159.0
37950E64,15.77,15.73,2022-03-25,ASEA,GLOBAL X FUNDS,6726.0,159.0
37950E64,15.815,15.82,2022-03-28,ASEA,GLOBAL X FUNDS,6726.0,159.0
37950E64,15.92,15.97,2022-03-29,ASEA,GLOBAL X FUNDS,6726.0,159.0
37950E64,15.86,15.79,2022-03-30,ASEA,GLOBAL X FUNDS,6726.0,159.0
37950E64,15.76,15.91,2022-03-31,ASEA,GLOBAL X FUNDS,6726.0,159.0
37950E64,15.79,15.74,2022-04-01,ASEA,GLOBAL X FUNDS,6726.0,159.0
37950E64,15.85,15.75,2022-04-04,ASEA,GLOBAL X FUNDS,6726.0,159.0
37950E64,15.76,15.89,2022-04-05,ASEA,GLOBAL X FUNDS,6726.0,159.0
37950E64,15.66,15.74,2022-04-06,ASEA,GLOBAL X FUNDS,6726.0,159.0
37950E64,15.61,15.566,2022-04-07,ASEA,GLOBAL X FUNDS,6726.0,159.0
37950E64,15.58,15.59,2022-04-08,ASEA,GLOBAL X FUNDS,6726.0,159.0
37950E64,15.49,15.56,2022-04-11,ASEA,GLOBAL X FUNDS,6726.0,159.0
37950E64,15.4,15.438,2022-04-12,ASEA,GLOBAL X FUNDS,6726.0,159.0
37950E64,15.45,15.49,2022-04-13,ASEA,GLOBAL X FUNDS,6726.0,159.0
37950E64,15.28,15.41,2022-04-14,ASEA,GLOBAL X FUNDS,6726.0,159.0
37950E64,15.28,15.31,2022-04-18,ASEA,GLOBAL X FUNDS,6726.0,159.0
37950E64,15.17,15.25,2022-04-19,ASEA,GLOBAL X FUNDS,6726.0,159.0
37950E64,15.29,15.27,2022-04-20,ASEA,GLOBAL X FUNDS,6726.0,159.0
37950E64,15.3031,15.455,2022-04-21,ASEA,GLOBAL X FUNDS,6726.0,159.0
37950E64,15.24,15.29,2022-04-22,ASEA,GLOBAL X FUNDS,6726.0,159.0
37950E64,15.315,15.24,2022-04-25,ASEA,GLOBAL X FUNDS,6726.0,159.0
37950E64,15.125,15.3,2022-04-26,ASEA,GLOBAL X FUNDS,6726.0,159.0
37950E64,15.136,15.09,2022-04-27,ASEA,GLOBAL X FUNDS,6726.0,159.0
37950E64,15.31,15.25,2022-04-28,ASEA,GLOBAL X FUNDS,6726.0,159.0
37950E64,15.33,15.36,2022-04-29,ASEA,GLOBAL X FUNDS,6726.0,159.0
37950E64,15.31,15.33,2022-05-02,ASEA,GLOBAL X FUNDS,6726.0,159.0
37950E64,15.3888,15.3409,2022-05-03,ASEA,GLOBAL X FUNDS,6726.0,159.0
37950E64,15.659,15.32,2022-05-04,ASEA,GLOBAL X FUNDS,6726.0,159.0
37950E64,15.3,15.48,2022-05-05,ASEA,GLOBAL X FUNDS,6726.0,159.0
37950E64,15.17,15.13,2022-05-06,ASEA,GLOBAL X FUNDS,6726.0,159.0
37950E64,14.7259,14.99,2022-05-09,ASEA,GLOBAL X FUNDS,6726.0,159.0
37950E64,14.69,14.74,2022-05-10,ASEA,GLOBAL X FUNDS,6726.0,159.0
37950E64,14.68,14.67,2022-05-11,ASEA,GLOBAL X FUNDS,6726.0,159.0
37950E64,14.4335,14.57,2022-05-12,ASEA,GLOBAL X FUNDS,6726.0,159.0
37950E64,14.61,14.44,2022-05-13,ASEA,GLOBAL X FUNDS,6726.0,159.0
37950E64,14.65,14.57,2022-05-16,ASEA,GLOBAL X FUNDS,6726.0,159.0
37950E64,14.8129,14.81,2022-05-17,ASEA,GLOBAL X FUNDS,6726.0,159.0
37950E64,14.61,14.6,2022-05-18,ASEA,GLOBAL X FUNDS,6726.0,159.0
37950E64,14.8,14.62,2022-05-19,ASEA,GLOBAL X FUNDS,6726.0,159.0
37950E64,14.82,14.87,2022-05-20,ASEA,GLOBAL X FUNDS,6726.0,159.0
37950E64,14.955,14.95,2022-05-23,ASEA,GLOBAL X FUNDS,6726.0,159.0
37950E64,14.88,14.91,2022-05-24,ASEA,GLOBAL X FUNDS,6726.0,159.0
37950E64,14.7748,14.75,2022-05-25,ASEA,GLOBAL X FUNDS,6726.0,159.0
37950E64,15.0074,14.94,2022-05-26,ASEA,GLOBAL X FUNDS,6726.0,159.0
37950E64,15.1,15.19,2022-05-27,ASEA,GLOBAL X FUNDS,6726.0,159.0
37950E64,15.1102,15.26,2022-05-31,ASEA,GLOBAL X FUNDS,6726.0,159.0
37950E64,15.049,15.12,2022-06-01,ASEA,GLOBAL X FUNDS,6726.0,159.0
37950E64,15.075,15.02,2022-06-02,ASEA,GLOBAL X FUNDS,6726.0,159.0
37950E64,14.94,15.01,2022-06-03,ASEA,GLOBAL X FUNDS,6726.0,159.0
37950E64,14.8428,15.04,2022-06-06,ASEA,GLOBAL X FUNDS,6726.0,159.0
37950E64,14.87,14.77,2022-06-07,ASEA,GLOBAL X FUNDS,6726.0,159.0
37950E64,14.7701,14.87,2022-06-08,ASEA,GLOBAL X FUNDS,6726.0,159.0
37950E64,14.51,14.69,2022-06-09,ASEA,GLOBAL X FUNDS,6726.0,159.0
37950E64,14.38,14.43,2022-06-10,ASEA,GLOBAL X FUNDS,6726.0,159.0
37950E64,14.0592,14.11,2022-06-13,ASEA,GLOBAL X FUNDS,6726.0,159.0
37950E64,14.1094,14.15,2022-06-14,ASEA,GLOBAL X FUNDS,6726.0,159.0
37950E64,14.25,14.12,2022-06-15,ASEA,GLOBAL X FUNDS,6726.0,159.0
37950E64,14.03,14.15,2022-06-16,ASEA,GLOBAL X FUNDS,6726.0,159.0
37950E64,14.0301,14.11,2022-06-17,ASEA,GLOBAL X FUNDS,6726.0,159.0
37950E64,14.1599,14.13,2022-06-21,ASEA,GLOBAL X FUNDS,6726.0,159.0
37950E64,14.015,13.93,2022-06-22,ASEA,GLOBAL X FUNDS,6726.0,159.0
37950E64,13.91,13.948,2022-06-23,ASEA,GLOBAL X FUNDS,6726.0,159.0
37950E64,14.12,14.05,2022-06-24,ASEA,GLOBAL X FUNDS,6726.0,159.0
37950E64,14.028,14.13,2022-06-27,ASEA,GLOBAL X FUNDS,6726.0,159.0
37950E64,14.0384,14.19,2022-06-28,ASEA,GLOBAL X FUNDS,6726.0,159.0
37950E64,13.83,13.91,2022-06-29,ASEA,GLOBAL X FUNDS,6726.0,159.0
37950E64,13.7108,13.61,2022-06-30,ASEA,GLOBAL X FUNDS,6726.0,159.0
37950E64,13.58,13.64,2022-07-01,ASEA,GLOBAL X FUNDS,6726.0,159.0
37950E64,13.39,13.4,2022-07-05,ASEA,GLOBAL X FUNDS,6726.0,159.0
37950E64,13.37,13.35,2022-07-06,ASEA,GLOBAL X FUNDS,6726.0,159.0
37950E64,13.55,13.56,2022-07-07,ASEA,GLOBAL X FUNDS,6726.0,159.0
37950E64,13.5557,13.5,2022-07-08,ASEA,GLOBAL X FUNDS,6726.0,159.0
37950E64,13.428,13.43,2022-07-11,ASEA,GLOBAL X FUNDS,6726.0,159.0
37950E64,13.43,13.42,2022-07-12,ASEA,GLOBAL X FUNDS,6726.0,159.0
37950E64,13.32,13.33,2022-07-13,ASEA,GLOBAL X FUNDS,6726.0,159.0
37950E64,13.2,13.2,2022-07-14,ASEA,GLOBAL X FUNDS,6726.0,159.0
37950E64,13.3001,13.27,2022-07-15,ASEA,GLOBAL X FUNDS,6726.0,159.0
37950E64,13.32,13.38,2022-07-18,ASEA,GLOBAL X FUNDS,6726.0,159.0
37950E64,13.47,13.4,2022-07-19,ASEA,GLOBAL X FUNDS,6726.0,159.0
37950E64,13.58,13.681,2022-07-20,ASEA,GLOBAL X FUNDS,6726.0,159.0
37950E64,13.61,13.58,2022-07-21,ASEA,GLOBAL X FUNDS,6726.0,159.0
37950E64,13.6,13.61,2022-07-22,ASEA,GLOBAL X FUNDS,6726.0,159.0
37950E64,13.65,13.62,2022-07-25,ASEA,GLOBAL X FUNDS,6726.0,159.0
37950E64,13.61,13.64,2022-07-26,ASEA,GLOBAL X FUNDS,6726.0,159.0
37950E64,13.9,13.67,2022-07-27,ASEA,GLOBAL X FUNDS,6726.0,159.0
37950E64,14.0,14.02,2022-07-28,ASEA,GLOBAL X FUNDS,6726.0,159.0
37950E64,14.06,14.03,2022-07-29,ASEA,GLOBAL X FUNDS,6726.0,159.0
37950E64,14.13,14.03,2022-08-01,ASEA,GLOBAL X FUNDS,6726.0,159.0
37950E64,14.08,14.12,2022-08-02,ASEA,GLOBAL X FUNDS,6726.0,159.0
37950E64,14.28,14.14,2022-08-03,ASEA,GLOBAL X FUNDS,6726.0,159.0
37950E64,14.31,14.22,2022-08-04,ASEA,GLOBAL X FUNDS,6726.0,159.0
37950E64,14.37,14.28,2022-08-05,ASEA,GLOBAL X FUNDS,6726.0,159.0
37950E64,14.451,14.465,2022-08-08,ASEA,GLOBAL X FUNDS,6726.0,159.0
37950E64,14.4699,14.46,2022-08-09,ASEA,GLOBAL X FUNDS,6726.0,159.0
37950E64,14.7091,14.53,2022-08-10,ASEA,GLOBAL X FUNDS,6726.0,159.0
37950E64,14.75,14.79,2022-08-11,ASEA,GLOBAL X FUNDS,6726.0,159.0
37950E64,14.75,14.75,2022-08-12,ASEA,GLOBAL X FUNDS,6726.0,159.0
37950E64,14.59,14.58,2022-08-15,ASEA,GLOBAL X FUNDS,6726.0,159.0
37950E64,14.6388,14.6105,2022-08-16,ASEA,GLOBAL X FUNDS,6726.0,159.0
37950E64,14.57,14.56,2022-08-17,ASEA,GLOBAL X FUNDS,6726.0,159.0
37950E64,14.6065,14.5746,2022-08-18,ASEA,GLOBAL X FUNDS,6726.0,159.0
37950E64,14.4452,14.5,2022-08-19,ASEA,GLOBAL X FUNDS,6726.0,159.0
37950E64,14.28,14.34,2022-08-22,ASEA,GLOBAL X FUNDS,6726.0,159.0
37950E64,14.416,14.43,2022-08-23,ASEA,GLOBAL X FUNDS,6726.0,159.0
37950E64,14.43,14.35,2022-08-24,ASEA,GLOBAL X FUNDS,6726.0,159.0
37950E64,14.56,14.55,2022-08-25,ASEA,GLOBAL X FUNDS,6726.0,159.0
37950E64,14.37,14.615,2022-08-26,ASEA,GLOBAL X FUNDS,6726.0,159.0
37950E64,14.38,14.42,2022-08-29,ASEA,GLOBAL X FUNDS,6726.0,159.0
37950E64,14.375,14.4,2022-08-30,ASEA,GLOBAL X FUNDS,6726.0,159.0
37950E64,14.3744,14.46,2022-08-31,ASEA,GLOBAL X FUNDS,6726.0,159.0
37950E64,14.3,14.36,2022-09-01,ASEA,GLOBAL X FUNDS,6726.0,159.0
37950E64,14.3209,14.35,2022-09-02,ASEA,GLOBAL X FUNDS,6726.0,159.0
37950E64,14.37,14.43,2022-09-06,ASEA,GLOBAL X FUNDS,6726.0,159.0
37950E64,14.4159,14.34,2022-09-07,ASEA,GLOBAL X FUNDS,6726.0,159.0
37950E64,14.52,14.45,2022-09-08,ASEA,GLOBAL X FUNDS,6726.0,159.0
37950E64,14.648,14.59,2022-09-09,ASEA,GLOBAL X FUNDS,6726.0,159.0
37950E64,14.79,14.71,2022-09-12,ASEA,GLOBAL X FUNDS,6726.0,159.0
37950E64,14.5,14.63,2022-09-13,ASEA,GLOBAL X FUNDS,6726.0,159.0
37950E64,14.59,14.52,2022-09-14,ASEA,GLOBAL X FUNDS,6726.0,159.0
37950E64,14.48,14.52,2022-09-15,ASEA,GLOBAL X FUNDS,6726.0,159.0
37950E64,14.39,14.41,2022-09-16,ASEA,GLOBAL X FUNDS,6726.0,159.0
37950E64,14.52,14.37,2022-09-19,ASEA,GLOBAL X FUNDS,6726.0,159.0
37950E64,14.3969,14.4498,2022-09-20,ASEA,GLOBAL X FUNDS,6726.0,159.0
37950E64,14.3141,14.345,2022-09-21,ASEA,GLOBAL X FUNDS,6726.0,159.0
37950E64,14.2856,14.26,2022-09-22,ASEA,GLOBAL X FUNDS,6726.0,159.0
37950E64,14.04,14.15,2022-09-23,ASEA,GLOBAL X FUNDS,6726.0,159.0
37950E64,13.92,13.92,2022-09-26,ASEA,GLOBAL X FUNDS,6726.0,159.0
37950E64,13.74,13.89,2022-09-27,ASEA,GLOBAL X FUNDS,6726.0,159.0
37950E64,13.84,13.68,2022-09-28,ASEA,GLOBAL X FUNDS,6726.0,159.0
37950E64,13.73,13.7,2022-09-29,ASEA,GLOBAL X FUNDS,6726.0,159.0
37950E64,13.6649,13.74,2022-09-30,ASEA,GLOBAL X FUNDS,6726.0,159.0
37950E64,13.7233,13.7,2022-10-03,ASEA,GLOBAL X FUNDS,6726.0,159.0
37950E64,13.9,13.86,2022-10-04,ASEA,GLOBAL X FUNDS,6726.0,159.0
37950E64,13.865,13.87,2022-10-05,ASEA,GLOBAL X FUNDS,6726.0,159.0
37950E64,13.815,13.89,2022-10-06,ASEA,GLOBAL X FUNDS,6726.0,159.0
37950E64,13.6046,13.74,2022-10-07,ASEA,GLOBAL X FUNDS,6726.0,159.0
37950E64,13.53,13.58,2022-10-10,ASEA,GLOBAL X FUNDS,6726.0,159.0
37950E64,13.4938,13.5,2022-10-11,ASEA,GLOBAL X FUNDS,6726.0,159.0
37950E64,13.5235,13.495,2022-10-12,ASEA,GLOBAL X FUNDS,6726.0,159.0
37950E64,13.4984,13.26,2022-10-13,ASEA,GLOBAL X FUNDS,6726.0,159.0
37950E64,13.3493,13.36,2022-10-14,ASEA,GLOBAL X FUNDS,6726.0,159.0
37950E64,13.5304,13.5201,2022-10-17,ASEA,GLOBAL X FUNDS,6726.0,159.0
37950E64,13.505,13.5067,2022-10-18,ASEA,GLOBAL X FUNDS,6726.0,159.0
37950E64,13.4874,13.46,2022-10-19,ASEA,GLOBAL X FUNDS,6726.0,159.0
37950E64,13.69,13.66,2022-10-20,ASEA,GLOBAL X FUNDS,6726.0,159.0
37950E64,13.85,13.69,2022-10-21,ASEA,GLOBAL X FUNDS,6726.0,159.0
37950E64,13.78,13.72,2022-10-24,ASEA,GLOBAL X FUNDS,6726.0,159.0
37950E64,13.8969,13.78,2022-10-25,ASEA,GLOBAL X FUNDS,6726.0,159.0
37950E64,13.97,13.89,2022-10-26,ASEA,GLOBAL X FUNDS,6726.0,159.0
37950E64,13.9155,13.93,2022-10-27,ASEA,GLOBAL X FUNDS,6726.0,159.0
37950E64,14.0764,13.98,2022-10-28,ASEA,GLOBAL X FUNDS,6726.0,159.0
37950E64,14.1357,14.1,2022-10-31,ASEA,GLOBAL X FUNDS,6726.0,159.0
37950E64,14.15,14.24,2022-11-01,ASEA,GLOBAL X FUNDS,6726.0,159.0
37950E64,14.02,14.15,2022-11-02,ASEA,GLOBAL X FUNDS,6726.0,159.0
37950E64,13.93,13.88,2022-11-03,ASEA,GLOBAL X FUNDS,6726.0,159.0
37950E64,14.3152,14.32,2022-11-04,ASEA,GLOBAL X FUNDS,6726.0,159.0
37950E64,14.2805,14.37,2022-11-07,ASEA,GLOBAL X FUNDS,6726.0,159.0
37950E64,14.4478,14.29,2022-11-08,ASEA,GLOBAL X FUNDS,6726.0,159.0
37950E64,14.3141,14.36,2022-11-09,ASEA,GLOBAL X FUNDS,6726.0,159.0
37950E64,14.82,14.69,2022-11-10,ASEA,GLOBAL X FUNDS,6726.0,159.0
37950E64,14.875,14.93,2022-11-11,ASEA,GLOBAL X FUNDS,6726.0,159.0
37950E64,14.7955,14.84,2022-11-14,ASEA,GLOBAL X FUNDS,6726.0,159.0
37950E64,14.83,15.02,2022-11-15,ASEA,GLOBAL X FUNDS,6726.0,159.0
37950E64,14.695,14.7259,2022-11-16,ASEA,GLOBAL X FUNDS,6726.0,159.0
37950E64,14.7854,14.6734,2022-11-17,ASEA,GLOBAL X FUNDS,6726.0,159.0
37950E64,14.8159,14.86,2022-11-18,ASEA,GLOBAL X FUNDS,6726.0,159.0
37950E64,14.6593,14.67,2022-11-21,ASEA,GLOBAL X FUNDS,6726.0,159.0
37950E64,14.81,14.74,2022-11-22,ASEA,GLOBAL X FUNDS,6726.0,159.0
37950E64,14.8001,14.75,2022-11-23,ASEA,GLOBAL X FUNDS,6726.0,159.0
37950E64,14.88,14.89,2022-11-25,ASEA,GLOBAL X FUNDS,6726.0,159.0
37950E64,14.89,14.85,2022-11-28,ASEA,GLOBAL X FUNDS,6726.0,159.0
37950E64,15.0,14.99,2022-11-29,ASEA,GLOBAL X FUNDS,6726.0,159.0
37950E64,15.28,15.25,2022-11-30,ASEA,GLOBAL X FUNDS,6726.0,159.0
37950E64,15.35,15.42,2022-12-01,ASEA,GLOBAL X FUNDS,6726.0,159.0
37950E64,15.26,15.2,2022-12-02,ASEA,GLOBAL X FUNDS,6726.0,159.0
37950E64,15.11,15.27,2022-12-05,ASEA,GLOBAL X FUNDS,6726.0,159.0
37950E64,14.9649,14.99,2022-12-06,ASEA,GLOBAL X FUNDS,6726.0,159.0
37950E64,14.87,14.9,2022-12-07,ASEA,GLOBAL X FUNDS,6726.0,159.0
37950E64,14.96,14.98,2022-12-08,ASEA,GLOBAL X FUNDS,6726.0,159.0
37950E64,14.8899,14.92,2022-12-09,ASEA,GLOBAL X FUNDS,6726.0,159.0
37950E64,14.942,14.91,2022-12-12,ASEA,GLOBAL X FUNDS,6726.0,159.0
37950E64,15.24,15.34,2022-12-13,ASEA,GLOBAL X FUNDS,6726.0,159.0
37950E64,15.09,15.15,2022-12-14,ASEA,GLOBAL X FUNDS,6726.0,159.0
37950E64,14.7688,14.93,2022-12-15,ASEA,GLOBAL X FUNDS,6726.0,159.0
37950E64,14.8724,14.84,2022-12-16,ASEA,GLOBAL X FUNDS,6726.0,159.0
37950E64,14.9,14.9,2022-12-19,ASEA,GLOBAL X FUNDS,6726.0,159.0
37950E64,14.8902,14.89,2022-12-20,ASEA,GLOBAL X FUNDS,6726.0,159.0
37950E64,14.98,14.9501,2022-12-21,ASEA,GLOBAL X FUNDS,6726.0,159.0
37950E64,14.855,14.94,2022-12-22,ASEA,GLOBAL X FUNDS,6726.0,159.0
37950E64,14.9,14.84,2022-12-23,ASEA,GLOBAL X FUNDS,6726.0,159.0
37950E64,15.02,14.95,2022-12-27,ASEA,GLOBAL X FUNDS,6726.0,159.0
37950E64,14.8746,14.98,2022-12-28,ASEA,GLOBAL X FUNDS,6726.0,159.0
37950E64,14.96,14.9716,2022-12-29,ASEA,GLOBAL X FUNDS,6726.0,159.0
37950E64,14.94,15.05,2022-12-30,ASEA,GLOBAL X FUNDS,6726.0,159.0
37950E64,14.9,15.01,2023-01-03,ASEA,GLOBAL X FUNDS,6726.0,159.0
37950E64,15.0402,14.96,2023-01-04,ASEA,GLOBAL X FUNDS,6726.0,159.0
37950E64,14.95,14.95,2023-01-05,ASEA,GLOBAL X FUNDS,6726.0,159.0
37950E64,15.1251,14.96,2023-01-06,ASEA,GLOBAL X FUNDS,6726.0,159.0
37950E64,15.23,15.23,2023-01-09,ASEA,GLOBAL X FUNDS,6726.0,159.0
37950E64,15.055,15.1,2023-01-10,ASEA,GLOBAL X FUNDS,6726.0,159.0
37950E64,15.04,15.06,2023-01-11,ASEA,GLOBAL X FUNDS,6726.0,159.0
37950E64,15.2568,15.19,2023-01-12,ASEA,GLOBAL X FUNDS,6726.0,159.0
37950E64,15.36,15.25,2023-01-13,ASEA,GLOBAL X FUNDS,6726.0,159.0
37950E64,15.34,15.33,2023-01-17,ASEA,GLOBAL X FUNDS,6726.0,159.0
37950E64,15.3565,15.49,2023-01-18,ASEA,GLOBAL X FUNDS,6726.0,159.0
37950E64,15.3702,15.375,2023-01-19,ASEA,GLOBAL X FUNDS,6726.0,159.0
37950E64,15.54,15.48,2023-01-20,ASEA,GLOBAL X FUNDS,6726.0,159.0
37950E64,15.63,15.51,2023-01-23,ASEA,GLOBAL X FUNDS,6726.0,159.0
37950E64,15.6,15.59,2023-01-24,ASEA,GLOBAL X FUNDS,6726.0,159.0
37950E64,15.6251,15.58,2023-01-25,ASEA,GLOBAL X FUNDS,6726.0,159.0
37950E64,15.755,15.67,2023-01-26,ASEA,GLOBAL X FUNDS,6726.0,159.0
37950E64,15.8,15.7,2023-01-27,ASEA,GLOBAL X FUNDS,6726.0,159.0
37950E64,15.66,15.75,2023-01-30,ASEA,GLOBAL X FUNDS,6726.0,159.0
37950E64,15.62,15.59,2023-01-31,ASEA,GLOBAL X FUNDS,6726.0,159.0
37950E64,15.72,15.62,2023-02-01,ASEA,GLOBAL X FUNDS,6726.0,159.0
37950E64,15.64,15.76,2023-02-02,ASEA,GLOBAL X FUNDS,6726.0,159.0
37950E64,15.5041,15.6,2023-02-03,ASEA,GLOBAL X FUNDS,6726.0,159.0
37950E64,15.4446,15.5,2023-02-06,ASEA,GLOBAL X FUNDS,6726.0,159.0
37950E64,15.489,15.46,2023-02-07,ASEA,GLOBAL X FUNDS,6726.0,159.0
37950E64,15.42,15.545,2023-02-08,ASEA,GLOBAL X FUNDS,6726.0,159.0
37950E64,15.36,15.51,2023-02-09,ASEA,GLOBAL X FUNDS,6726.0,159.0
37950E64,15.4346,15.32,2023-02-10,ASEA,GLOBAL X FUNDS,6726.0,159.0
37950E64,15.31,15.35,2023-02-13,ASEA,GLOBAL X FUNDS,6726.0,159.0
37950E64,15.32,15.3,2023-02-14,ASEA,GLOBAL X FUNDS,6726.0,159.0
37950E64,15.12,15.19,2023-02-15,ASEA,GLOBAL X FUNDS,6726.0,159.0
37950E64,15.13,15.05,2023-02-16,ASEA,GLOBAL X FUNDS,6726.0,159.0
37950E64,15.18,15.08,2023-02-17,ASEA,GLOBAL X FUNDS,6726.0,159.0
37950E64,15.0749,15.23,2023-02-21,ASEA,GLOBAL X FUNDS,6726.0,159.0
37950E64,15.0,15.01,2023-02-22,ASEA,GLOBAL X FUNDS,6726.0,159.0
37950E64,14.9175,15.0,2023-02-23,ASEA,GLOBAL X FUNDS,6726.0,159.0
37950E64,14.74,14.75,2023-02-24,ASEA,GLOBAL X FUNDS,6726.0,159.0
37950E64,14.77,14.74,2023-02-27,ASEA,GLOBAL X FUNDS,6726.0,159.0
37950E64,14.67,14.75,2023-02-28,ASEA,GLOBAL X FUNDS,6726.0,159.0
37950E64,14.72,14.74,2023-03-01,ASEA,GLOBAL X FUNDS,6726.0,159.0
37950E64,14.72,14.64,2023-03-02,ASEA,GLOBAL X FUNDS,6726.0,159.0
37950E64,14.7569,14.69,2023-03-03,ASEA,GLOBAL X FUNDS,6726.0,159.0
37950E64,14.67,14.69,2023-03-06,ASEA,GLOBAL X FUNDS,6726.0,159.0
37950E64,14.58,14.67,2023-03-07,ASEA,GLOBAL X FUNDS,6726.0,159.0
37950E64,14.695,14.63,2023-03-08,ASEA,GLOBAL X FUNDS,6726.0,159.0
37950E64,14.5737,14.7591,2023-03-09,ASEA,GLOBAL X FUNDS,6726.0,159.0
37950E64,14.5,14.57,2023-03-10,ASEA,GLOBAL X FUNDS,6726.0,159.0
37950E64,14.4282,14.38,2023-03-13,ASEA,GLOBAL X FUNDS,6726.0,159.0
37950E64,14.3,14.4,2023-03-14,ASEA,GLOBAL X FUNDS,6726.0,159.0
37950E64,14.2,14.27,2023-03-15,ASEA,GLOBAL X FUNDS,6726.0,159.0
37950E64,14.419,14.22,2023-03-16,ASEA,GLOBAL X FUNDS,6726.0,159.0
37950E64,14.51,14.58,2023-03-17,ASEA,GLOBAL X FUNDS,6726.0,159.0
37950E64,14.56,14.46,2023-03-20,ASEA,GLOBAL X FUNDS,6726.0,159.0
37950E64,14.7257,14.63,2023-03-21,ASEA,GLOBAL X FUNDS,6726.0,159.0
37950E64,14.89,14.76,2023-03-22,ASEA,GLOBAL X FUNDS,6726.0,159.0
37950E64,14.9006,14.94,2023-03-23,ASEA,GLOBAL X FUNDS,6726.0,159.0
37950E64,14.8802,14.8803,2023-03-24,ASEA,GLOBAL X FUNDS,6726.0,159.0
37950E64,14.9,14.85,2023-03-27,ASEA,GLOBAL X FUNDS,6726.0,159.0
37950E64,15.0998,15.0,2023-03-28,ASEA,GLOBAL X FUNDS,6726.0,159.0
37950E64,15.1898,15.23,2023-03-29,ASEA,GLOBAL X FUNDS,6726.0,159.0
37950E64,15.1746,15.208,2023-03-30,ASEA,GLOBAL X FUNDS,6726.0,159.0
37950E64,15.135,15.18,2023-03-31,ASEA,GLOBAL X FUNDS,6726.0,159.0
37950E64,15.24,15.2,2023-04-03,ASEA,GLOBAL X FUNDS,6726.0,159.0
37950E64,15.29,15.33,2023-04-04,ASEA,GLOBAL X FUNDS,6726.0,159.0
37950E64,15.13,15.2,2023-04-05,ASEA,GLOBAL X FUNDS,6726.0,159.0
37950E64,15.1896,15.15,2023-04-06,ASEA,GLOBAL X FUNDS,6726.0,159.0
37950E64,15.13,15.19,2023-04-10,ASEA,GLOBAL X FUNDS,6726.0,159.0
37950E64,15.23,15.33,2023-04-11,ASEA,GLOBAL X FUNDS,6726.0,159.0
37950E64,15.26,15.39,2023-04-12,ASEA,GLOBAL X FUNDS,6726.0,159.0
37950E64,15.44,15.32,2023-04-13,ASEA,GLOBAL X FUNDS,6726.0,159.0
37950E64,15.33,15.44,2023-04-14,ASEA,GLOBAL X FUNDS,6726.0,159.0
37950E64,15.2819,15.305,2023-04-17,ASEA,GLOBAL X FUNDS,6726.0,159.0
37950E64,15.2596,15.22,2023-04-18,ASEA,GLOBAL X FUNDS,6726.0,159.0
37950E64,15.24,15.22,2023-04-19,ASEA,GLOBAL X FUNDS,6726.0,159.0
37950E64,15.18,15.23,2023-04-20,ASEA,GLOBAL X FUNDS,6726.0,159.0
37950E64,15.18,15.21,2023-04-21,ASEA,GLOBAL X FUNDS,6726.0,159.0
37950E64,15.2295,15.2001,2023-04-24,ASEA,GLOBAL X FUNDS,6726.0,159.0
37950E64,15.09,15.19,2023-04-25,ASEA,GLOBAL X FUNDS,6726.0,159.0
37950E64,15.2,15.18,2023-04-26,ASEA,GLOBAL X FUNDS,6726.0,159.0
37950E64,15.34,15.22,2023-04-27,ASEA,GLOBAL X FUNDS,6726.0,159.0
37950E64,15.3318,15.33,2023-04-28,ASEA,GLOBAL X FUNDS,6726.0,159.0
37950E64,15.335,15.32,2023-05-01,ASEA,GLOBAL X FUNDS,6726.0,159.0
37950E64,15.269,15.22,2023-05-02,ASEA,GLOBAL X FUNDS,6726.0,159.0
37950E64,15.18,15.26,2023-05-03,ASEA,GLOBAL X FUNDS,6726.0,159.0
37950E64,15.29,15.305,2023-05-04,ASEA,GLOBAL X FUNDS,6726.0,159.0
37950E64,15.42,15.47,2023-05-05,ASEA,GLOBAL X FUNDS,6726.0,159.0
37950E64,15.35,15.39,2023-05-08,ASEA,GLOBAL X FUNDS,6726.0,159.0
37950E64,15.3846,15.4,2023-05-09,ASEA,GLOBAL X FUNDS,6726.0,159.0
37950E64,15.4,15.38,2023-05-10,ASEA,GLOBAL X FUNDS,6726.0,159.0
37950E64,15.24,15.4,2023-05-11,ASEA,GLOBAL X FUNDS,6726.0,159.0
37950E64,15.0592,15.21,2023-05-12,ASEA,GLOBAL X FUNDS,6726.0,159.0
37950E64,15.1762,15.03,2023-05-15,ASEA,GLOBAL X FUNDS,6726.0,159.0
37950E64,15.035,15.17,2023-05-16,ASEA,GLOBAL X FUNDS,6726.0,159.0
37950E64,14.82,14.96,2023-05-17,ASEA,GLOBAL X FUNDS,6726.0,159.0
37950E64,14.94,14.858,2023-05-18,ASEA,GLOBAL X FUNDS,6726.0,159.0
37950E64,15.03,14.97,2023-05-19,ASEA,GLOBAL X FUNDS,6726.0,159.0
37950E64,15.11,15.1199,2023-05-22,ASEA,GLOBAL X FUNDS,6726.0,159.0
37950E64,15.0223,15.14,2023-05-23,ASEA,GLOBAL X FUNDS,6726.0,159.0
37950E64,14.965,15.0,2023-05-24,ASEA,GLOBAL X FUNDS,6726.0,159.0
37950E64,14.9407,14.9,2023-05-25,ASEA,GLOBAL X FUNDS,6726.0,159.0
37950E64,15.09,14.91,2023-05-26,ASEA,GLOBAL X FUNDS,6726.0,159.0
37950E64,14.96,15.06,2023-05-30,ASEA,GLOBAL X FUNDS,6726.0,159.0
37950E64,14.75,14.75,2023-05-31,ASEA,GLOBAL X FUNDS,6726.0,159.0
37950E64,14.95,14.89,2023-06-01,ASEA,GLOBAL X FUNDS,6726.0,159.0
37950E64,15.02,15.01,2023-06-02,ASEA,GLOBAL X FUNDS,6726.0,159.0
37950E64,14.95,15.01,2023-06-05,ASEA,GLOBAL X FUNDS,6726.0,159.0
37950E64,15.0378,14.96,2023-06-06,ASEA,GLOBAL X FUNDS,6726.0,159.0
37950E64,14.91,15.01,2023-06-07,ASEA,GLOBAL X FUNDS,6726.0,159.0
37950E64,15.14,15.03,2023-06-08,ASEA,GLOBAL X FUNDS,6726.0,159.0
37950E64,15.1,15.17,2023-06-09,ASEA,GLOBAL X FUNDS,6726.0,159.0
37950E64,15.11,15.13,2023-06-12,ASEA,GLOBAL X FUNDS,6726.0,159.0
37950E64,15.08,15.2,2023-06-13,ASEA,GLOBAL X FUNDS,6726.0,159.0
37950E64,15.18,15.18,2023-06-14,ASEA,GLOBAL X FUNDS,6726.0,159.0
37950E64,15.18,15.12,2023-06-15,ASEA,GLOBAL X FUNDS,6726.0,159.0
37950E64,15.1917,15.18,2023-06-16,ASEA,GLOBAL X FUNDS,6726.0,159.0
37950E64,14.9975,15.15,2023-06-20,ASEA,GLOBAL X FUNDS,6726.0,159.0
37950E64,15.0557,15.11,2023-06-21,ASEA,GLOBAL X FUNDS,6726.0,159.0
37950E64,14.9833,15.0592,2023-06-22,ASEA,GLOBAL X FUNDS,6726.0,159.0
37950E64,14.77,14.94,2023-06-23,ASEA,GLOBAL X FUNDS,6726.0,159.0
37950E64,14.86,14.87,2023-06-26,ASEA,GLOBAL X FUNDS,6726.0,159.0
37950E64,14.865,14.84,2023-06-27,ASEA,GLOBAL X FUNDS,6726.0,159.0
37950E64,14.7443,14.75,2023-06-28,ASEA,GLOBAL X FUNDS,6726.0,159.0
37950E64,14.4662,14.5,2023-06-29,ASEA,GLOBAL X FUNDS,6726.0,159.0
37950E64,14.553,14.6,2023-06-30,ASEA,GLOBAL X FUNDS,6726.0,159.0
37950E64,14.645,14.62,2023-07-03,ASEA,GLOBAL X FUNDS,6726.0,159.0
37950E64,14.6,14.66,2023-07-05,ASEA,GLOBAL X FUNDS,6726.0,159.0
37950E64,14.3222,14.48,2023-07-06,ASEA,GLOBAL X FUNDS,6726.0,159.0
37950E64,14.4602,14.48,2023-07-07,ASEA,GLOBAL X FUNDS,6726.0,159.0
37950E64,14.515,14.5,2023-07-10,ASEA,GLOBAL X FUNDS,6726.0,159.0
37950E64,14.6,14.6,2023-07-11,ASEA,GLOBAL X FUNDS,6726.0,159.0
37950E64,14.88,14.68,2023-07-12,ASEA,GLOBAL X FUNDS,6726.0,159.0
37950E64,15.0753,15.0299,2023-07-13,ASEA,GLOBAL X FUNDS,6726.0,159.0
37950E64,15.07,15.14,2023-07-14,ASEA,GLOBAL X FUNDS,6726.0,159.0
37950E64,15.1448,15.07,2023-07-17,ASEA,GLOBAL X FUNDS,6726.0,159.0
37950E64,15.175,15.175,2023-07-18,ASEA,GLOBAL X FUNDS,6726.0,159.0
37950E64,15.18,15.24,2023-07-19,ASEA,GLOBAL X FUNDS,6726.0,159.0
37950E64,15.09,15.1,2023-07-20,ASEA,GLOBAL X FUNDS,6726.0,159.0
37950E64,15.14,15.2,2023-07-21,ASEA,GLOBAL X FUNDS,6726.0,159.0
37950E64,15.12,15.08,2023-07-24,ASEA,GLOBAL X FUNDS,6726.0,159.0
37950E64,15.17,15.12,2023-07-25,ASEA,GLOBAL X FUNDS,6726.0,159.0
37950E64,15.415,15.27,2023-07-26,ASEA,GLOBAL X FUNDS,6726.0,159.0
37950E64,15.3565,15.48,2023-07-27,ASEA,GLOBAL X FUNDS,6726.0,159.0
37950E64,15.51,15.57,2023-07-28,ASEA,GLOBAL X FUNDS,6726.0,159.0
37950E64,15.72,15.59,2023-07-31,ASEA,GLOBAL X FUNDS,6726.0,159.0
37950E64,15.55,15.6,2023-08-01,ASEA,GLOBAL X FUNDS,6726.0,159.0
37950E64,15.28,15.48,2023-08-02,ASEA,GLOBAL X FUNDS,6726.0,159.0
37950E64,15.285,15.31,2023-08-03,ASEA,GLOBAL X FUNDS,6726.0,159.0
37950E64,15.325,15.24,2023-08-04,ASEA,GLOBAL X FUNDS,6726.0,159.0
37950E64,15.39,15.39,2023-08-07,ASEA,GLOBAL X FUNDS,6726.0,159.0
37950E64,15.26,15.2,2023-08-08,ASEA,GLOBAL X FUNDS,6726.0,159.0
37950E64,15.3,15.25,2023-08-09,ASEA,GLOBAL X FUNDS,6726.0,159.0
37950E64,15.4,15.49,2023-08-10,ASEA,GLOBAL X FUNDS,6726.0,159.0
37950E64,15.26,15.16,2023-08-11,ASEA,GLOBAL X FUNDS,6726.0,159.0
37950E64,15.145,15.08,2023-08-14,ASEA,GLOBAL X FUNDS,6726.0,159.0
37950E64,15.02,15.07,2023-08-15,ASEA,GLOBAL X FUNDS,6726.0,159.0
37950E64,14.935,15.0,2023-08-16,ASEA,GLOBAL X FUNDS,6726.0,159.0
37950E64,14.864,14.92,2023-08-17,ASEA,GLOBAL X FUNDS,6726.0,159.0
37950E64,14.86,14.86,2023-08-18,ASEA,GLOBAL X FUNDS,6726.0,159.0
37950E64,14.8782,14.87,2023-08-21,ASEA,GLOBAL X FUNDS,6726.0,159.0
37950E64,14.94,14.93,2023-08-22,ASEA,GLOBAL X FUNDS,6726.0,159.0
37950E64,15.0963,14.97,2023-08-23,ASEA,GLOBAL X FUNDS,6726.0,159.0
37950E64,14.9501,15.07,2023-08-24,ASEA,GLOBAL X FUNDS,6726.0,159.0
37950E64,14.95,15.01,2023-08-25,ASEA,GLOBAL X FUNDS,6726.0,159.0
37950E64,15.0686,15.1,2023-08-28,ASEA,GLOBAL X FUNDS,6726.0,159.0
37950E64,15.17,15.14,2023-08-29,ASEA,GLOBAL X FUNDS,6726.0,159.0
37950E64,15.2,15.19,2023-08-30,ASEA,GLOBAL X FUNDS,6726.0,159.0
37950E64,15.0703,15.0701,2023-08-31,ASEA,GLOBAL X FUNDS,6726.0,159.0
37950E64,15.1031,15.1882,2023-09-01,ASEA,GLOBAL X FUNDS,6726.0,159.0
37950E64,14.93,14.94,2023-09-05,ASEA,GLOBAL X FUNDS,6726.0,159.0
37950E64,14.99,15.04,2023-09-06,ASEA,GLOBAL X FUNDS,6726.0,159.0
37950E64,14.878,14.87,2023-09-07,ASEA,GLOBAL X FUNDS,6726.0,159.0
37950E64,14.7455,14.85,2023-09-08,ASEA,GLOBAL X FUNDS,6726.0,159.0
37950E64,14.9062,14.945,2023-09-11,ASEA,GLOBAL X FUNDS,6726.0,159.0
37950E64,14.83,14.865,2023-09-12,ASEA,GLOBAL X FUNDS,6726.0,159.0
37950E64,14.8857,14.85,2023-09-13,ASEA,GLOBAL X FUNDS,6726.0,159.0
37950E64,14.9596,14.95,2023-09-14,ASEA,GLOBAL X FUNDS,6726.0,159.0
37950E64,14.985,14.99,2023-09-15,ASEA,GLOBAL X FUNDS,6726.0,159.0
37950E64,14.91,14.885,2023-09-18,ASEA,GLOBAL X FUNDS,6726.0,159.0
37950E64,14.83,14.845,2023-09-19,ASEA,GLOBAL X FUNDS,6726.0,159.0
37950E64,14.69,14.78,2023-09-20,ASEA,GLOBAL X FUNDS,6726.0,159.0
37950E64,14.6102,14.61,2023-09-21,ASEA,GLOBAL X FUNDS,6726.0,159.0
37950E64,14.685,14.7501,2023-09-22,ASEA,GLOBAL X FUNDS,6726.0,159.0
37950E64,14.6535,14.68,2023-09-25,ASEA,GLOBAL X FUNDS,6726.0,159.0
37950E64,14.56,14.61,2023-09-26,ASEA,GLOBAL X FUNDS,6726.0,159.0
37950E64,14.46,14.52,2023-09-27,ASEA,GLOBAL X FUNDS,6726.0,159.0
37950E64,14.6,14.55,2023-09-28,ASEA,GLOBAL X FUNDS,6726.0,159.0
37950E64,14.55,14.67,2023-09-29,ASEA,GLOBAL X FUNDS,6726.0,159.0
37950E64,14.32,14.43,2023-10-02,ASEA,GLOBAL X FUNDS,6726.0,159.0
37950E64,14.39,14.33,2023-10-03,ASEA,GLOBAL X FUNDS,6726.0,159.0
37950E64,14.34,14.41,2023-10-04,ASEA,GLOBAL X FUNDS,6726.0,159.0
37950E64,14.33,14.33,2023-10-05,ASEA,GLOBAL X FUNDS,6726.0,159.0
37950E64,14.42,14.33,2023-10-06,ASEA,GLOBAL X FUNDS,6726.0,159.0
37950E64,14.34,14.33,2023-10-09,ASEA,GLOBAL X FUNDS,6726.0,159.0
37950E64,14.5151,14.465,2023-10-10,ASEA,GLOBAL X FUNDS,6726.0,159.0
37950E64,14.5551,14.6,2023-10-11,ASEA,GLOBAL X FUNDS,6726.0,159.0
37950E64,14.4651,14.555,2023-10-12,ASEA,GLOBAL X FUNDS,6726.0,159.0
37950E64,14.42,14.54,2023-10-13,ASEA,GLOBAL X FUNDS,6726.0,159.0
37950E64,14.48,14.42,2023-10-16,ASEA,GLOBAL X FUNDS,6726.0,159.0
37950E64,14.4601,14.4,2023-10-17,ASEA,GLOBAL X FUNDS,6726.0,159.0
37950E64,14.25,14.34,2023-10-18,ASEA,GLOBAL X FUNDS,6726.0,159.0
37950E64,14.07,14.2,2023-10-19,ASEA,GLOBAL X FUNDS,6726.0,159.0
37950E64,14.0,14.0,2023-10-20,ASEA,GLOBAL X FUNDS,6726.0,159.0
37950E64,14.01,14.05,2023-10-23,ASEA,GLOBAL X FUNDS,6726.0,159.0
37950E64,14.16,14.09,2023-10-24,ASEA,GLOBAL X FUNDS,6726.0,159.0
37950E64,14.1,14.15,2023-10-25,ASEA,GLOBAL X FUNDS,6726.0,159.0
37950E64,13.99,13.99,2023-10-26,ASEA,GLOBAL X FUNDS,6726.0,159.0
37950E64,13.912,14.05,2023-10-27,ASEA,GLOBAL X FUNDS,6726.0,159.0
37950E64,14.11,14.07,2023-10-30,ASEA,GLOBAL X FUNDS,6726.0,159.0
37950E64,14.0,13.96,2023-10-31,ASEA,GLOBAL X FUNDS,6726.0,159.0
37950E64,14.135,13.96,2023-11-01,ASEA,GLOBAL X FUNDS,6726.0,159.0
37950E64,14.27,14.22,2023-11-02,ASEA,GLOBAL X FUNDS,6726.0,159.0
37950E64,14.78,14.51,2023-11-03,ASEA,GLOBAL X FUNDS,6726.0,159.0
37950E64,14.8,14.79,2023-11-06,ASEA,GLOBAL X FUNDS,6726.0,159.0
37950E64,14.76,14.73,2023-11-07,ASEA,GLOBAL X FUNDS,6726.0,159.0
37950E64,14.5749,14.52,2023-11-08,ASEA,GLOBAL X FUNDS,6726.0,159.0
37950E64,14.5,14.59,2023-11-09,ASEA,GLOBAL X FUNDS,6726.0,159.0
37950E64,14.4157,14.34,2023-11-10,ASEA,GLOBAL X FUNDS,6726.0,159.0
37950E64,14.445,14.375,2023-11-13,ASEA,GLOBAL X FUNDS,6726.0,159.0
37950E64,14.74,14.55,2023-11-14,ASEA,GLOBAL X FUNDS,6726.0,159.0
37950E64,14.655,14.71,2023-11-15,ASEA,GLOBAL X FUNDS,6726.0,159.0
37950E64,14.7251,14.65,2023-11-16,ASEA,GLOBAL X FUNDS,6726.0,159.0
37950E64,14.772,14.805,2023-11-17,ASEA,GLOBAL X FUNDS,6726.0,159.0
37950E64,14.7743,14.735,2023-11-20,ASEA,GLOBAL X FUNDS,6726.0,159.0
37950E64,14.68,14.73,2023-11-21,ASEA,GLOBAL X FUNDS,6726.0,159.0
37950E64,14.6353,14.66,2023-11-22,ASEA,GLOBAL X FUNDS,6726.0,159.0
37950E64,14.6448,14.63,2023-11-24,ASEA,GLOBAL X FUNDS,6726.0,159.0
37950E64,14.69,14.66,2023-11-27,ASEA,GLOBAL X FUNDS,6726.0,159.0
37950E64,14.78,14.71,2023-11-28,ASEA,GLOBAL X FUNDS,6726.0,159.0
37950E64,14.6452,14.74,2023-11-29,ASEA,GLOBAL X FUNDS,6726.0,159.0
37950E64,14.53,14.59,2023-11-30,ASEA,GLOBAL X FUNDS,6726.0,159.0
37950E64,14.7644,14.57,2023-12-01,ASEA,GLOBAL X FUNDS,6726.0,159.0
37950E64,14.6692,14.63,2023-12-04,ASEA,GLOBAL X FUNDS,6726.0,159.0
37950E64,14.64,14.59,2023-12-05,ASEA,GLOBAL X FUNDS,6726.0,159.0
37950E64,14.57,14.62,2023-12-06,ASEA,GLOBAL X FUNDS,6726.0,159.0
37950E64,14.54,14.55,2023-12-07,ASEA,GLOBAL X FUNDS,6726.0,159.0
37950E64,14.54,14.53,2023-12-08,ASEA,GLOBAL X FUNDS,6726.0,159.0
37950E64,14.44,14.45,2023-12-11,ASEA,GLOBAL X FUNDS,6726.0,159.0
37950E64,14.4896,14.475,2023-12-12,ASEA,GLOBAL X FUNDS,6726.0,159.0
37950E64,14.72,14.47,2023-12-13,ASEA,GLOBAL X FUNDS,6726.0,159.0
37950E64,14.94,14.84,2023-12-14,ASEA,GLOBAL X FUNDS,6726.0,159.0
37950E64,14.73,14.71,2023-12-15,ASEA,GLOBAL X FUNDS,6726.0,159.0
37950E64,14.83,14.78,2023-12-18,ASEA,GLOBAL X FUNDS,6726.0,159.0
37950E64,14.95,14.8,2023-12-19,ASEA,GLOBAL X FUNDS,6726.0,159.0
37950E64,14.83,14.85,2023-12-20,ASEA,GLOBAL X FUNDS,6726.0,159.0
37950E64,14.9799,14.93,2023-12-21,ASEA,GLOBAL X FUNDS,6726.0,159.0
37950E64,15.095,15.0,2023-12-22,ASEA,GLOBAL X FUNDS,6726.0,159.0
37950E64,15.1496,15.13,2023-12-26,ASEA,GLOBAL X FUNDS,6726.0,159.0
37950E64,15.15,15.17,2023-12-27,ASEA,GLOBAL X FUNDS,6726.0,159.0
37950E64,15.07,15.06,2023-12-28,ASEA,GLOBAL X FUNDS,6726.0,159.0
37950E64,15.0812,15.1,2023-12-29,ASEA,GLOBAL X FUNDS,6726.0,159.0
