cusip,prc,openprc,date,htick,hcomnam,hsiccd,numshr
31891010,32.8,32.32,2019-01-02,FBNC,FIRST BANCORP NC,6020.0,275.0
31891010,32.07,32.64,2019-01-03,FBNC,FIRST BANCORP NC,6020.0,275.0
31891010,32.88,32.47,2019-01-04,FBNC,FIRST BANCORP NC,6020.0,275.0
31891010,33.27,32.65,2019-01-07,FBNC,FIRST BANCORP NC,6020.0,275.0
31891010,33.81,33.5,2019-01-08,FBNC,FIRST BANCORP NC,6020.0,275.0
31891010,33.81,33.8,2019-01-09,FBNC,FIRST BANCORP NC,6020.0,275.0
31891010,33.82,33.64,2019-01-10,FBNC,FIRST BANCORP NC,6020.0,275.0
31891010,34.24,33.62,2019-01-11,FBNC,FIRST BANCORP NC,6020.0,275.0
31891010,34.78,33.96,2019-01-14,FBNC,FIRST BANCORP NC,6020.0,275.0
31891010,34.99,34.79,2019-01-15,FBNC,FIRST BANCORP NC,6020.0,275.0
31891010,35.7,35.13,2019-01-16,FBNC,FIRST BANCORP NC,6020.0,275.0
31891010,35.83,35.54,2019-01-17,FBNC,FIRST BANCORP NC,6020.0,275.0
31891010,36.16,35.84,2019-01-18,FBNC,FIRST BANCORP NC,6020.0,275.0
31891010,35.92,36.04,2019-01-22,FBNC,FIRST BANCORP NC,6020.0,275.0
31891010,35.63,35.99,2019-01-23,FBNC,FIRST BANCORP NC,6020.0,275.0
31891010,36.99,36.64,2019-01-24,FBNC,FIRST BANCORP NC,6020.0,275.0
31891010,38.03,37.32,2019-01-25,FBNC,FIRST BANCORP NC,6020.0,275.0
31891010,37.51,37.9,2019-01-28,FBNC,FIRST BANCORP NC,6020.0,275.0
31891010,37.74,37.7,2019-01-29,FBNC,FIRST BANCORP NC,6020.0,275.0
31891010,37.22,37.86,2019-01-30,FBNC,FIRST BANCORP NC,6020.0,275.0
31891010,36.77,37.05,2019-01-31,FBNC,FIRST BANCORP NC,6020.0,275.0
31891010,37.04,36.96,2019-02-01,FBNC,FIRST BANCORP NC,6020.0,275.0
31891010,37.42,37.08,2019-02-04,FBNC,FIRST BANCORP NC,6020.0,275.0
31891010,37.2,37.49,2019-02-05,FBNC,FIRST BANCORP NC,6020.0,275.0
31891010,37.75,37.17,2019-02-06,FBNC,FIRST BANCORP NC,6020.0,275.0
31891010,37.73,37.85,2019-02-07,FBNC,FIRST BANCORP NC,6020.0,275.0
31891010,37.61,37.64,2019-02-08,FBNC,FIRST BANCORP NC,6020.0,275.0
31891010,37.92,37.78,2019-02-11,FBNC,FIRST BANCORP NC,6020.0,275.0
31891010,38.2,38.05,2019-02-12,FBNC,FIRST BANCORP NC,6020.0,275.0
31891010,38.25,38.21,2019-02-13,FBNC,FIRST BANCORP NC,6020.0,275.0
31891010,37.76,38.09,2019-02-14,FBNC,FIRST BANCORP NC,6020.0,275.0
31891010,38.54,37.96,2019-02-15,FBNC,FIRST BANCORP NC,6020.0,275.0
31891010,38.92,38.31,2019-02-19,FBNC,FIRST BANCORP NC,6020.0,275.0
31891010,39.11,38.91,2019-02-20,FBNC,FIRST BANCORP NC,6020.0,275.0
31891010,38.98,39.1,2019-02-21,FBNC,FIRST BANCORP NC,6020.0,275.0
31891010,39.27,38.99,2019-02-22,FBNC,FIRST BANCORP NC,6020.0,275.0
31891010,39.7,39.46,2019-02-25,FBNC,FIRST BANCORP NC,6020.0,275.0
31891010,39.0,39.59,2019-02-26,FBNC,FIRST BANCORP NC,6020.0,275.0
31891010,39.15,39.12,2019-02-27,FBNC,FIRST BANCORP NC,6020.0,275.0
31891010,39.19,39.21,2019-02-28,FBNC,FIRST BANCORP NC,6020.0,275.0
31891010,39.17,39.38,2019-03-01,FBNC,FIRST BANCORP NC,6020.0,275.0
31891010,38.81,39.11,2019-03-04,FBNC,FIRST BANCORP NC,6020.0,275.0
31891010,38.71,38.79,2019-03-05,FBNC,FIRST BANCORP NC,6020.0,275.0
31891010,37.78,38.69,2019-03-06,FBNC,FIRST BANCORP NC,6020.0,275.0
31891010,37.03,37.69,2019-03-07,FBNC,FIRST BANCORP NC,6020.0,275.0
31891010,37.38,36.88,2019-03-08,FBNC,FIRST BANCORP NC,6020.0,275.0
31891010,37.76,37.39,2019-03-11,FBNC,FIRST BANCORP NC,6020.0,275.0
31891010,37.43,37.78,2019-03-12,FBNC,FIRST BANCORP NC,6020.0,275.0
31891010,37.54,37.51,2019-03-13,FBNC,FIRST BANCORP NC,6020.0,275.0
31891010,37.46,37.5,2019-03-14,FBNC,FIRST BANCORP NC,6020.0,275.0
31891010,37.34,37.46,2019-03-15,FBNC,FIRST BANCORP NC,6020.0,275.0
31891010,37.45,37.4,2019-03-18,FBNC,FIRST BANCORP NC,6020.0,275.0
31891010,36.38,37.64,2019-03-19,FBNC,FIRST BANCORP NC,6020.0,275.0
31891010,35.66,36.24,2019-03-20,FBNC,FIRST BANCORP NC,6020.0,275.0
31891010,35.18,35.43,2019-03-21,FBNC,FIRST BANCORP NC,6020.0,275.0
31891010,33.51,35.15,2019-03-22,FBNC,FIRST BANCORP NC,6020.0,275.0
31891010,34.13,33.91,2019-03-25,FBNC,FIRST BANCORP NC,6020.0,275.0
31891010,34.74,34.31,2019-03-26,FBNC,FIRST BANCORP NC,6020.0,275.0
31891010,34.49,34.75,2019-03-27,FBNC,FIRST BANCORP NC,6020.0,275.0
31891010,34.74,34.49,2019-03-28,FBNC,FIRST BANCORP NC,6020.0,275.0
31891010,34.76,34.96,2019-03-29,FBNC,FIRST BANCORP NC,6020.0,275.0
31891010,35.51,35.05,2019-04-01,FBNC,FIRST BANCORP NC,6020.0,275.0
31891010,35.35,35.54,2019-04-02,FBNC,FIRST BANCORP NC,6020.0,275.0
31891010,35.42,35.65,2019-04-03,FBNC,FIRST BANCORP NC,6020.0,275.0
31891010,35.98,35.43,2019-04-04,FBNC,FIRST BANCORP NC,6020.0,275.0
31891010,36.25,35.99,2019-04-05,FBNC,FIRST BANCORP NC,6020.0,275.0
31891010,36.32,36.21,2019-04-08,FBNC,FIRST BANCORP NC,6020.0,275.0
31891010,35.87,36.21,2019-04-09,FBNC,FIRST BANCORP NC,6020.0,275.0
31891010,36.35,35.86,2019-04-10,FBNC,FIRST BANCORP NC,6020.0,275.0
31891010,36.53,36.35,2019-04-11,FBNC,FIRST BANCORP NC,6020.0,275.0
31891010,36.63,36.82,2019-04-12,FBNC,FIRST BANCORP NC,6020.0,275.0
31891010,36.09,36.63,2019-04-15,FBNC,FIRST BANCORP NC,6020.0,275.0
31891010,36.61,36.11,2019-04-16,FBNC,FIRST BANCORP NC,6020.0,275.0
31891010,36.68,36.65,2019-04-17,FBNC,FIRST BANCORP NC,6020.0,275.0
31891010,36.49,36.51,2019-04-18,FBNC,FIRST BANCORP NC,6020.0,275.0
31891010,36.11,36.5,2019-04-22,FBNC,FIRST BANCORP NC,6020.0,275.0
31891010,36.56,35.96,2019-04-23,FBNC,FIRST BANCORP NC,6020.0,275.0
31891010,37.36,36.66,2019-04-24,FBNC,FIRST BANCORP NC,6020.0,275.0
31891010,37.41,37.52,2019-04-25,FBNC,FIRST BANCORP NC,6020.0,275.0
31891010,38.12,37.54,2019-04-26,FBNC,FIRST BANCORP NC,6020.0,275.0
31891010,38.22,38.26,2019-04-29,FBNC,FIRST BANCORP NC,6020.0,275.0
31891010,37.91,38.19,2019-04-30,FBNC,FIRST BANCORP NC,6020.0,275.0
31891010,38.08,38.03,2019-05-01,FBNC,FIRST BANCORP NC,6020.0,275.0
31891010,38.03,38.08,2019-05-02,FBNC,FIRST BANCORP NC,6020.0,275.0
31891010,39.18,38.22,2019-05-03,FBNC,FIRST BANCORP NC,6020.0,275.0
31891010,39.28,38.71,2019-05-06,FBNC,FIRST BANCORP NC,6020.0,275.0
31891010,38.41,39.0,2019-05-07,FBNC,FIRST BANCORP NC,6020.0,275.0
31891010,37.65,38.24,2019-05-08,FBNC,FIRST BANCORP NC,6020.0,275.0
31891010,37.73,37.45,2019-05-09,FBNC,FIRST BANCORP NC,6020.0,275.0
31891010,37.73,37.65,2019-05-10,FBNC,FIRST BANCORP NC,6020.0,275.0
31891010,36.4,37.22,2019-05-13,FBNC,FIRST BANCORP NC,6020.0,275.0
31891010,37.08,36.6,2019-05-14,FBNC,FIRST BANCORP NC,6020.0,275.0
31891010,36.79,36.8,2019-05-15,FBNC,FIRST BANCORP NC,6020.0,275.0
31891010,36.84,36.94,2019-05-16,FBNC,FIRST BANCORP NC,6020.0,275.0
31891010,36.55,36.62,2019-05-17,FBNC,FIRST BANCORP NC,6020.0,275.0
31891010,36.67,36.38,2019-05-20,FBNC,FIRST BANCORP NC,6020.0,275.0
31891010,36.63,36.76,2019-05-21,FBNC,FIRST BANCORP NC,6020.0,275.0
31891010,36.41,36.55,2019-05-22,FBNC,FIRST BANCORP NC,6020.0,275.0
31891010,35.77,36.13,2019-05-23,FBNC,FIRST BANCORP NC,6020.0,275.0
31891010,36.34,35.98,2019-05-24,FBNC,FIRST BANCORP NC,6020.0,275.0
31891010,36.13,36.27,2019-05-28,FBNC,FIRST BANCORP NC,6020.0,275.0
31891010,36.37,35.93,2019-05-29,FBNC,FIRST BANCORP NC,6020.0,275.0
31891010,35.7,36.46,2019-05-30,FBNC,FIRST BANCORP NC,6020.0,275.0
31891010,35.41,35.31,2019-05-31,FBNC,FIRST BANCORP NC,6020.0,275.0
31891010,35.76,35.36,2019-06-03,FBNC,FIRST BANCORP NC,6020.0,275.0
31891010,36.3,36.1,2019-06-04,FBNC,FIRST BANCORP NC,6020.0,275.0
31891010,35.98,36.2,2019-06-05,FBNC,FIRST BANCORP NC,6020.0,275.0
31891010,36.04,36.02,2019-06-06,FBNC,FIRST BANCORP NC,6020.0,275.0
31891010,35.88,35.89,2019-06-07,FBNC,FIRST BANCORP NC,6020.0,275.0
31891010,36.19,36.06,2019-06-10,FBNC,FIRST BANCORP NC,6020.0,275.0
31891010,36.29,36.43,2019-06-11,FBNC,FIRST BANCORP NC,6020.0,275.0
31891010,36.04,36.25,2019-06-12,FBNC,FIRST BANCORP NC,6020.0,275.0
31891010,36.41,36.2,2019-06-13,FBNC,FIRST BANCORP NC,6020.0,275.0
31891010,36.19,36.29,2019-06-14,FBNC,FIRST BANCORP NC,6020.0,275.0
31891010,35.98,36.17,2019-06-17,FBNC,FIRST BANCORP NC,6020.0,275.0
31891010,36.32,36.0,2019-06-18,FBNC,FIRST BANCORP NC,6020.0,275.0
31891010,36.4,36.21,2019-06-19,FBNC,FIRST BANCORP NC,6020.0,275.0
31891010,36.02,36.67,2019-06-20,FBNC,FIRST BANCORP NC,6020.0,275.0
31891010,35.8,35.91,2019-06-21,FBNC,FIRST BANCORP NC,6020.0,275.0
31891010,36.0,35.63,2019-06-24,FBNC,FIRST BANCORP NC,6020.0,275.0
31891010,35.65,35.97,2019-06-25,FBNC,FIRST BANCORP NC,6020.0,275.0
31891010,35.67,35.65,2019-06-26,FBNC,FIRST BANCORP NC,6020.0,275.0
31891010,36.1,35.45,2019-06-27,FBNC,FIRST BANCORP NC,6020.0,275.0
31891010,36.42,36.26,2019-06-28,FBNC,FIRST BANCORP NC,6020.0,275.0
31891010,36.95,36.67,2019-07-01,FBNC,FIRST BANCORP NC,6020.0,275.0
31891010,36.29,36.82,2019-07-02,FBNC,FIRST BANCORP NC,6020.0,275.0
31891010,36.49,36.45,2019-07-03,FBNC,FIRST BANCORP NC,6020.0,275.0
31891010,36.71,36.58,2019-07-05,FBNC,FIRST BANCORP NC,6020.0,275.0
31891010,36.23,36.48,2019-07-08,FBNC,FIRST BANCORP NC,6020.0,275.0
31891010,36.06,35.99,2019-07-09,FBNC,FIRST BANCORP NC,6020.0,275.0
31891010,35.67,35.88,2019-07-10,FBNC,FIRST BANCORP NC,6020.0,275.0
31891010,35.56,35.65,2019-07-11,FBNC,FIRST BANCORP NC,6020.0,275.0
31891010,36.12,35.59,2019-07-12,FBNC,FIRST BANCORP NC,6020.0,275.0
31891010,35.43,36.31,2019-07-15,FBNC,FIRST BANCORP NC,6020.0,275.0
31891010,35.36,35.44,2019-07-16,FBNC,FIRST BANCORP NC,6020.0,275.0
31891010,34.89,35.3,2019-07-17,FBNC,FIRST BANCORP NC,6020.0,275.0
31891010,35.12,35.01,2019-07-18,FBNC,FIRST BANCORP NC,6020.0,275.0
31891010,35.18,35.0,2019-07-19,FBNC,FIRST BANCORP NC,6020.0,275.0
31891010,34.91,35.1,2019-07-22,FBNC,FIRST BANCORP NC,6020.0,275.0
31891010,34.92,34.97,2019-07-23,FBNC,FIRST BANCORP NC,6020.0,275.0
31891010,35.59,34.72,2019-07-24,FBNC,FIRST BANCORP NC,6020.0,275.0
31891010,36.43,36.59,2019-07-25,FBNC,FIRST BANCORP NC,6020.0,275.0
31891010,37.53,36.5,2019-07-26,FBNC,FIRST BANCORP NC,6020.0,275.0
31891010,36.72,37.52,2019-07-29,FBNC,FIRST BANCORP NC,6020.0,275.0
31891010,37.27,36.36,2019-07-30,FBNC,FIRST BANCORP NC,6020.0,275.0
31891010,36.94,37.13,2019-07-31,FBNC,FIRST BANCORP NC,6020.0,275.0
31891010,36.18,36.89,2019-08-01,FBNC,FIRST BANCORP NC,6020.0,275.0
31891010,35.73,35.99,2019-08-02,FBNC,FIRST BANCORP NC,6020.0,275.0
31891010,34.67,35.24,2019-08-05,FBNC,FIRST BANCORP NC,6020.0,275.0
31891010,35.27,34.76,2019-08-06,FBNC,FIRST BANCORP NC,6020.0,275.0
31891010,35.15,34.87,2019-08-07,FBNC,FIRST BANCORP NC,6020.0,275.0
31891010,36.19,35.37,2019-08-08,FBNC,FIRST BANCORP NC,6020.0,275.0
31891010,36.03,36.08,2019-08-09,FBNC,FIRST BANCORP NC,6020.0,275.0
31891010,35.81,35.65,2019-08-12,FBNC,FIRST BANCORP NC,6020.0,275.0
31891010,36.12,35.65,2019-08-13,FBNC,FIRST BANCORP NC,6020.0,275.0
31891010,35.49,35.54,2019-08-14,FBNC,FIRST BANCORP NC,6020.0,275.0
31891010,35.39,35.52,2019-08-15,FBNC,FIRST BANCORP NC,6020.0,275.0
31891010,36.32,35.55,2019-08-16,FBNC,FIRST BANCORP NC,6020.0,275.0
31891010,36.8,36.82,2019-08-19,FBNC,FIRST BANCORP NC,6020.0,275.0
31891010,35.77,36.63,2019-08-20,FBNC,FIRST BANCORP NC,6020.0,275.0
31891010,36.03,36.0,2019-08-21,FBNC,FIRST BANCORP NC,6020.0,275.0
31891010,35.82,36.27,2019-08-22,FBNC,FIRST BANCORP NC,6020.0,275.0
31891010,34.73,35.52,2019-08-23,FBNC,FIRST BANCORP NC,6020.0,275.0
31891010,35.25,35.06,2019-08-26,FBNC,FIRST BANCORP NC,6020.0,275.0
31891010,34.71,35.47,2019-08-27,FBNC,FIRST BANCORP NC,6020.0,275.0
31891010,35.01,34.52,2019-08-28,FBNC,FIRST BANCORP NC,6020.0,275.0
31891010,35.18,35.05,2019-08-29,FBNC,FIRST BANCORP NC,6020.0,275.0
31891010,35.22,35.41,2019-08-30,FBNC,FIRST BANCORP NC,6020.0,275.0
31891010,34.54,34.95,2019-09-03,FBNC,FIRST BANCORP NC,6020.0,275.0
31891010,34.44,34.95,2019-09-04,FBNC,FIRST BANCORP NC,6020.0,275.0
31891010,34.89,34.95,2019-09-05,FBNC,FIRST BANCORP NC,6020.0,275.0
31891010,34.53,34.9,2019-09-06,FBNC,FIRST BANCORP NC,6020.0,275.0
31891010,35.37,34.72,2019-09-09,FBNC,FIRST BANCORP NC,6020.0,275.0
31891010,35.66,35.43,2019-09-10,FBNC,FIRST BANCORP NC,6020.0,275.0
31891010,36.14,35.54,2019-09-11,FBNC,FIRST BANCORP NC,6020.0,275.0
31891010,36.7,35.99,2019-09-12,FBNC,FIRST BANCORP NC,6020.0,275.0
31891010,37.15,36.99,2019-09-13,FBNC,FIRST BANCORP NC,6020.0,275.0
31891010,37.12,36.92,2019-09-16,FBNC,FIRST BANCORP NC,6020.0,275.0
31891010,36.94,36.88,2019-09-17,FBNC,FIRST BANCORP NC,6020.0,275.0
31891010,37.18,37.01,2019-09-18,FBNC,FIRST BANCORP NC,6020.0,275.0
31891010,36.62,37.18,2019-09-19,FBNC,FIRST BANCORP NC,6020.0,275.0
31891010,36.73,36.61,2019-09-20,FBNC,FIRST BANCORP NC,6020.0,275.0
31891010,36.63,36.64,2019-09-23,FBNC,FIRST BANCORP NC,6020.0,275.0
31891010,35.93,36.72,2019-09-24,FBNC,FIRST BANCORP NC,6020.0,275.0
31891010,36.35,35.86,2019-09-25,FBNC,FIRST BANCORP NC,6020.0,275.0
31891010,36.26,36.23,2019-09-26,FBNC,FIRST BANCORP NC,6020.0,275.0
31891010,36.01,36.44,2019-09-27,FBNC,FIRST BANCORP NC,6020.0,275.0
31891010,35.9,36.03,2019-09-30,FBNC,FIRST BANCORP NC,6020.0,275.0
31891010,35.43,36.12,2019-10-01,FBNC,FIRST BANCORP NC,6020.0,275.0
31891010,35.21,35.14,2019-10-02,FBNC,FIRST BANCORP NC,6020.0,275.0
31891010,35.11,35.19,2019-10-03,FBNC,FIRST BANCORP NC,6020.0,275.0
31891010,35.51,35.18,2019-10-04,FBNC,FIRST BANCORP NC,6020.0,275.0
31891010,35.6,35.31,2019-10-07,FBNC,FIRST BANCORP NC,6020.0,275.0
31891010,34.74,35.25,2019-10-08,FBNC,FIRST BANCORP NC,6020.0,275.0
31891010,34.8,35.09,2019-10-09,FBNC,FIRST BANCORP NC,6020.0,275.0
31891010,35.17,34.9,2019-10-10,FBNC,FIRST BANCORP NC,6020.0,275.0
31891010,35.68,35.73,2019-10-11,FBNC,FIRST BANCORP NC,6020.0,275.0
31891010,35.81,35.71,2019-10-14,FBNC,FIRST BANCORP NC,6020.0,275.0
31891010,36.3,35.9,2019-10-15,FBNC,FIRST BANCORP NC,6020.0,275.0
31891010,36.37,36.3,2019-10-16,FBNC,FIRST BANCORP NC,6020.0,275.0
31891010,36.48,36.47,2019-10-17,FBNC,FIRST BANCORP NC,6020.0,275.0
31891010,36.74,36.29,2019-10-18,FBNC,FIRST BANCORP NC,6020.0,275.0
31891010,37.23,37.08,2019-10-21,FBNC,FIRST BANCORP NC,6020.0,275.0
31891010,37.38,37.07,2019-10-22,FBNC,FIRST BANCORP NC,6020.0,275.0
31891010,37.22,37.46,2019-10-23,FBNC,FIRST BANCORP NC,6020.0,275.0
31891010,37.12,37.96,2019-10-24,FBNC,FIRST BANCORP NC,6020.0,275.0
31891010,37.4,37.28,2019-10-25,FBNC,FIRST BANCORP NC,6020.0,275.0
31891010,37.92,37.5,2019-10-28,FBNC,FIRST BANCORP NC,6020.0,275.0
31891010,38.19,37.96,2019-10-29,FBNC,FIRST BANCORP NC,6020.0,275.0
31891010,37.84,38.02,2019-10-30,FBNC,FIRST BANCORP NC,6020.0,275.0
31891010,37.75,37.59,2019-10-31,FBNC,FIRST BANCORP NC,6020.0,275.0
31891010,38.03,37.87,2019-11-01,FBNC,FIRST BANCORP NC,6020.0,275.0
31891010,38.51,38.28,2019-11-04,FBNC,FIRST BANCORP NC,6020.0,275.0
31891010,38.9,38.73,2019-11-05,FBNC,FIRST BANCORP NC,6020.0,275.0
31891010,38.56,38.76,2019-11-06,FBNC,FIRST BANCORP NC,6020.0,275.0
31891010,38.51,38.93,2019-11-07,FBNC,FIRST BANCORP NC,6020.0,275.0
31891010,38.82,38.31,2019-11-08,FBNC,FIRST BANCORP NC,6020.0,275.0
31891010,38.48,38.64,2019-11-11,FBNC,FIRST BANCORP NC,6020.0,275.0
31891010,38.39,38.59,2019-11-12,FBNC,FIRST BANCORP NC,6020.0,275.0
31891010,38.14,38.15,2019-11-13,FBNC,FIRST BANCORP NC,6020.0,275.0
31891010,38.27,38.0,2019-11-14,FBNC,FIRST BANCORP NC,6020.0,275.0
31891010,38.03,38.51,2019-11-15,FBNC,FIRST BANCORP NC,6020.0,275.0
31891010,38.23,37.89,2019-11-18,FBNC,FIRST BANCORP NC,6020.0,275.0
31891010,38.53,38.34,2019-11-19,FBNC,FIRST BANCORP NC,6020.0,275.0
31891010,38.39,38.56,2019-11-20,FBNC,FIRST BANCORP NC,6020.0,275.0
31891010,38.46,38.6,2019-11-21,FBNC,FIRST BANCORP NC,6020.0,275.0
31891010,38.48,38.54,2019-11-22,FBNC,FIRST BANCORP NC,6020.0,275.0
31891010,39.35,38.37,2019-11-25,FBNC,FIRST BANCORP NC,6020.0,275.0
31891010,39.25,39.32,2019-11-26,FBNC,FIRST BANCORP NC,6020.0,275.0
31891010,39.42,39.34,2019-11-27,FBNC,FIRST BANCORP NC,6020.0,275.0
31891010,39.1,39.12,2019-11-29,FBNC,FIRST BANCORP NC,6020.0,275.0
31891010,39.0,39.3,2019-12-02,FBNC,FIRST BANCORP NC,6020.0,275.0
31891010,38.655,38.76,2019-12-03,FBNC,FIRST BANCORP NC,6020.0,275.0
31891010,39.06,38.8,2019-12-04,FBNC,FIRST BANCORP NC,6020.0,275.0
31891010,39.41,39.17,2019-12-05,FBNC,FIRST BANCORP NC,6020.0,275.0
31891010,39.78,39.79,2019-12-06,FBNC,FIRST BANCORP NC,6020.0,275.0
31891010,39.63,39.63,2019-12-09,FBNC,FIRST BANCORP NC,6020.0,275.0
31891010,39.75,39.72,2019-12-10,FBNC,FIRST BANCORP NC,6020.0,275.0
31891010,39.72,39.87,2019-12-11,FBNC,FIRST BANCORP NC,6020.0,275.0
31891010,40.28,39.76,2019-12-12,FBNC,FIRST BANCORP NC,6020.0,275.0
31891010,40.27,40.11,2019-12-13,FBNC,FIRST BANCORP NC,6020.0,275.0
31891010,40.53,40.55,2019-12-16,FBNC,FIRST BANCORP NC,6020.0,275.0
31891010,40.8,40.51,2019-12-17,FBNC,FIRST BANCORP NC,6020.0,275.0
31891010,40.92,41.07,2019-12-18,FBNC,FIRST BANCORP NC,6020.0,275.0
31891010,41.08,41.07,2019-12-19,FBNC,FIRST BANCORP NC,6020.0,275.0
31891010,41.01,41.17,2019-12-20,FBNC,FIRST BANCORP NC,6020.0,275.0
31891010,40.6,41.01,2019-12-23,FBNC,FIRST BANCORP NC,6020.0,275.0
31891010,40.67,40.6,2019-12-24,FBNC,FIRST BANCORP NC,6020.0,275.0
31891010,40.4,40.66,2019-12-26,FBNC,FIRST BANCORP NC,6020.0,275.0
31891010,40.11,40.42,2019-12-27,FBNC,FIRST BANCORP NC,6020.0,275.0
31891010,40.17,40.12,2019-12-30,FBNC,FIRST BANCORP NC,6020.0,275.0
31891010,39.91,40.09,2019-12-31,FBNC,FIRST BANCORP NC,6020.0,275.0
31891010,39.86,39.95,2020-01-02,FBNC,FIRST BANCORP NC,6020.0,275.0
31891010,39.44,39.45,2020-01-03,FBNC,FIRST BANCORP NC,6020.0,275.0
31891010,39.1,38.96,2020-01-06,FBNC,FIRST BANCORP NC,6020.0,275.0
31891010,39.0,39.05,2020-01-07,FBNC,FIRST BANCORP NC,6020.0,275.0
31891010,39.0,38.82,2020-01-08,FBNC,FIRST BANCORP NC,6020.0,275.0
31891010,38.79,39.16,2020-01-09,FBNC,FIRST BANCORP NC,6020.0,275.0
31891010,38.35,38.77,2020-01-10,FBNC,FIRST BANCORP NC,6020.0,275.0
31891010,38.63,38.47,2020-01-13,FBNC,FIRST BANCORP NC,6020.0,275.0
31891010,38.32,38.71,2020-01-14,FBNC,FIRST BANCORP NC,6020.0,275.0
31891010,37.98,38.16,2020-01-15,FBNC,FIRST BANCORP NC,6020.0,275.0
31891010,38.42,37.83,2020-01-16,FBNC,FIRST BANCORP NC,6020.0,275.0
31891010,38.39,38.66,2020-01-17,FBNC,FIRST BANCORP NC,6020.0,275.0
31891010,37.79,38.09,2020-01-21,FBNC,FIRST BANCORP NC,6020.0,275.0
31891010,37.39,37.98,2020-01-22,FBNC,FIRST BANCORP NC,6020.0,275.0
31891010,36.03,37.03,2020-01-23,FBNC,FIRST BANCORP NC,6020.0,275.0
31891010,36.48,35.97,2020-01-24,FBNC,FIRST BANCORP NC,6020.0,275.0
31891010,35.92,35.84,2020-01-27,FBNC,FIRST BANCORP NC,6020.0,275.0
31891010,36.12,35.84,2020-01-28,FBNC,FIRST BANCORP NC,6020.0,275.0
31891010,35.66,36.01,2020-01-29,FBNC,FIRST BANCORP NC,6020.0,275.0
31891010,36.11,35.47,2020-01-30,FBNC,FIRST BANCORP NC,6020.0,275.0
31891010,35.48,35.87,2020-01-31,FBNC,FIRST BANCORP NC,6020.0,275.0
31891010,35.77,35.62,2020-02-03,FBNC,FIRST BANCORP NC,6020.0,275.0
31891010,36.29,36.1,2020-02-04,FBNC,FIRST BANCORP NC,6020.0,275.0
31891010,37.01,36.52,2020-02-05,FBNC,FIRST BANCORP NC,6020.0,275.0
31891010,37.1,37.19,2020-02-06,FBNC,FIRST BANCORP NC,6020.0,275.0
31891010,36.97,37.01,2020-02-07,FBNC,FIRST BANCORP NC,6020.0,275.0
31891010,36.88,36.88,2020-02-10,FBNC,FIRST BANCORP NC,6020.0,275.0
31891010,37.25,36.99,2020-02-11,FBNC,FIRST BANCORP NC,6020.0,275.0
31891010,37.32,37.57,2020-02-12,FBNC,FIRST BANCORP NC,6020.0,275.0
31891010,37.39,37.2,2020-02-13,FBNC,FIRST BANCORP NC,6020.0,275.0
31891010,36.85,37.31,2020-02-14,FBNC,FIRST BANCORP NC,6020.0,275.0
31891010,36.51,36.66,2020-02-18,FBNC,FIRST BANCORP NC,6020.0,275.0
31891010,36.56,36.47,2020-02-19,FBNC,FIRST BANCORP NC,6020.0,275.0
31891010,36.66,36.41,2020-02-20,FBNC,FIRST BANCORP NC,6020.0,275.0
31891010,36.66,36.66,2020-02-21,FBNC,FIRST BANCORP NC,6020.0,275.0
31891010,35.84,35.77,2020-02-24,FBNC,FIRST BANCORP NC,6020.0,275.0
31891010,34.86,35.77,2020-02-25,FBNC,FIRST BANCORP NC,6020.0,275.0
31891010,34.35,35.06,2020-02-26,FBNC,FIRST BANCORP NC,6020.0,275.0
31891010,33.26,33.87,2020-02-27,FBNC,FIRST BANCORP NC,6020.0,275.0
31891010,32.1,32.85,2020-02-28,FBNC,FIRST BANCORP NC,6020.0,275.0
31891010,33.52,31.76,2020-03-02,FBNC,FIRST BANCORP NC,6020.0,275.0
31891010,32.21,33.4,2020-03-03,FBNC,FIRST BANCORP NC,6020.0,275.0
31891010,32.28,32.45,2020-03-04,FBNC,FIRST BANCORP NC,6020.0,275.0
31891010,30.68,31.61,2020-03-05,FBNC,FIRST BANCORP NC,6020.0,275.0
31891010,29.7,29.52,2020-03-06,FBNC,FIRST BANCORP NC,6020.0,275.0
31891010,26.31,28.01,2020-03-09,FBNC,FIRST BANCORP NC,6020.0,275.0
31891010,27.38,27.11,2020-03-10,FBNC,FIRST BANCORP NC,6020.0,275.0
31891010,25.7,26.52,2020-03-11,FBNC,FIRST BANCORP NC,6020.0,275.0
31891010,23.63,23.95,2020-03-12,FBNC,FIRST BANCORP NC,6020.0,275.0
31891010,24.94,24.44,2020-03-13,FBNC,FIRST BANCORP NC,6020.0,275.0
31891010,22.89,22.0,2020-03-16,FBNC,FIRST BANCORP NC,6020.0,275.0
31891010,25.06,23.19,2020-03-17,FBNC,FIRST BANCORP NC,6020.0,275.0
31891010,19.31,23.56,2020-03-18,FBNC,FIRST BANCORP NC,6020.0,275.0
31891010,21.48,19.44,2020-03-19,FBNC,FIRST BANCORP NC,6020.0,275.0
31891010,20.93,21.38,2020-03-20,FBNC,FIRST BANCORP NC,6020.0,275.0
31891010,20.59,21.01,2020-03-23,FBNC,FIRST BANCORP NC,6020.0,275.0
31891010,21.78,21.77,2020-03-24,FBNC,FIRST BANCORP NC,6020.0,275.0
31891010,20.52,21.88,2020-03-25,FBNC,FIRST BANCORP NC,6020.0,275.0
31891010,22.11,20.7,2020-03-26,FBNC,FIRST BANCORP NC,6020.0,275.0
31891010,21.08,21.46,2020-03-27,FBNC,FIRST BANCORP NC,6020.0,275.0
31891010,22.39,21.05,2020-03-30,FBNC,FIRST BANCORP NC,6020.0,275.0
31891010,23.08,22.2,2020-03-31,FBNC,FIRST BANCORP NC,6020.0,275.0
31891010,21.67,22.49,2020-04-01,FBNC,FIRST BANCORP NC,6020.0,275.0
31891010,21.68,21.27,2020-04-02,FBNC,FIRST BANCORP NC,6020.0,275.0
31891010,20.94,21.3,2020-04-03,FBNC,FIRST BANCORP NC,6020.0,275.0
31891010,22.56,21.7,2020-04-06,FBNC,FIRST BANCORP NC,6020.0,275.0
31891010,22.61,23.23,2020-04-07,FBNC,FIRST BANCORP NC,6020.0,275.0
31891010,23.4,23.01,2020-04-08,FBNC,FIRST BANCORP NC,6020.0,275.0
31891010,26.01,24.1,2020-04-09,FBNC,FIRST BANCORP NC,6020.0,275.0
31891010,24.41,25.82,2020-04-13,FBNC,FIRST BANCORP NC,6020.0,275.0
31891010,24.03,25.12,2020-04-14,FBNC,FIRST BANCORP NC,6020.0,275.0
31891010,22.03,23.01,2020-04-15,FBNC,FIRST BANCORP NC,6020.0,275.0
31891010,20.66,21.98,2020-04-16,FBNC,FIRST BANCORP NC,6020.0,275.0
31891010,23.37,22.06,2020-04-17,FBNC,FIRST BANCORP NC,6020.0,275.0
31891010,22.88,22.52,2020-04-20,FBNC,FIRST BANCORP NC,6020.0,275.0
31891010,22.64,21.89,2020-04-21,FBNC,FIRST BANCORP NC,6020.0,275.0
31891010,22.47,23.38,2020-04-22,FBNC,FIRST BANCORP NC,6020.0,275.0
31891010,22.69,22.52,2020-04-23,FBNC,FIRST BANCORP NC,6020.0,275.0
31891010,23.09,23.22,2020-04-24,FBNC,FIRST BANCORP NC,6020.0,275.0
31891010,24.92,23.41,2020-04-27,FBNC,FIRST BANCORP NC,6020.0,275.0
31891010,25.4,25.87,2020-04-28,FBNC,FIRST BANCORP NC,6020.0,275.0
31891010,28.75,27.17,2020-04-29,FBNC,FIRST BANCORP NC,6020.0,275.0
31891010,26.59,27.91,2020-04-30,FBNC,FIRST BANCORP NC,6020.0,275.0
31891010,25.27,25.71,2020-05-01,FBNC,FIRST BANCORP NC,6020.0,275.0
31891010,25.29,25.09,2020-05-04,FBNC,FIRST BANCORP NC,6020.0,275.0
31891010,24.1,25.78,2020-05-05,FBNC,FIRST BANCORP NC,6020.0,275.0
31891010,22.71,24.08,2020-05-06,FBNC,FIRST BANCORP NC,6020.0,275.0
31891010,22.94,23.04,2020-05-07,FBNC,FIRST BANCORP NC,6020.0,275.0
31891010,24.59,23.56,2020-05-08,FBNC,FIRST BANCORP NC,6020.0,275.0
31891010,22.92,24.05,2020-05-11,FBNC,FIRST BANCORP NC,6020.0,275.0
31891010,21.67,23.05,2020-05-12,FBNC,FIRST BANCORP NC,6020.0,275.0
31891010,20.61,21.37,2020-05-13,FBNC,FIRST BANCORP NC,6020.0,275.0
31891010,20.52,20.7291,2020-05-14,FBNC,FIRST BANCORP NC,6020.0,275.0
31891010,21.26,20.34,2020-05-15,FBNC,FIRST BANCORP NC,6020.0,275.0
31891010,23.67,22.41,2020-05-18,FBNC,FIRST BANCORP NC,6020.0,275.0
31891010,22.05,23.36,2020-05-19,FBNC,FIRST BANCORP NC,6020.0,275.0
31891010,23.15,22.68,2020-05-20,FBNC,FIRST BANCORP NC,6020.0,275.0
31891010,22.92,22.99,2020-05-21,FBNC,FIRST BANCORP NC,6020.0,275.0
31891010,22.72,23.12,2020-05-22,FBNC,FIRST BANCORP NC,6020.0,275.0
31891010,24.97,23.75,2020-05-26,FBNC,FIRST BANCORP NC,6020.0,275.0
31891010,27.27,26.11,2020-05-27,FBNC,FIRST BANCORP NC,6020.0,275.0
31891010,25.72,27.89,2020-05-28,FBNC,FIRST BANCORP NC,6020.0,275.0
31891010,25.42,25.16,2020-05-29,FBNC,FIRST BANCORP NC,6020.0,275.0
31891010,24.87,25.55,2020-06-01,FBNC,FIRST BANCORP NC,6020.0,275.0
31891010,24.48,25.23,2020-06-02,FBNC,FIRST BANCORP NC,6020.0,275.0
31891010,26.62,25.27,2020-06-03,FBNC,FIRST BANCORP NC,6020.0,275.0
31891010,26.54,26.35,2020-06-04,FBNC,FIRST BANCORP NC,6020.0,275.0
31891010,28.66,28.0,2020-06-05,FBNC,FIRST BANCORP NC,6020.0,275.0
31891010,28.92,29.41,2020-06-08,FBNC,FIRST BANCORP NC,6020.0,275.0
31891010,29.04,28.07,2020-06-09,FBNC,FIRST BANCORP NC,6020.0,275.0
31891010,26.51,28.69,2020-06-10,FBNC,FIRST BANCORP NC,6020.0,275.0
31891010,24.29,24.87,2020-06-11,FBNC,FIRST BANCORP NC,6020.0,275.0
31891010,25.08,25.61,2020-06-12,FBNC,FIRST BANCORP NC,6020.0,275.0
31891010,25.0,23.89,2020-06-15,FBNC,FIRST BANCORP NC,6020.0,275.0
31891010,26.22,26.27,2020-06-16,FBNC,FIRST BANCORP NC,6020.0,275.0
31891010,24.66,26.23,2020-06-17,FBNC,FIRST BANCORP NC,6020.0,275.0
31891010,23.72,22.76,2020-06-18,FBNC,FIRST BANCORP NC,6020.0,275.0
31891010,23.21,23.27,2020-06-19,FBNC,FIRST BANCORP NC,6020.0,275.0
31891010,23.71,22.93,2020-06-22,FBNC,FIRST BANCORP NC,6020.0,275.0
31891010,23.85,24.25,2020-06-23,FBNC,FIRST BANCORP NC,6020.0,275.0
31891010,22.55,23.39,2020-06-24,FBNC,FIRST BANCORP NC,6020.0,275.0
31891010,23.68,22.4,2020-06-25,FBNC,FIRST BANCORP NC,6020.0,275.0
31891010,22.73,23.13,2020-06-26,FBNC,FIRST BANCORP NC,6020.0,275.0
31891010,24.34,23.01,2020-06-29,FBNC,FIRST BANCORP NC,6020.0,275.0
31891010,25.08,24.15,2020-06-30,FBNC,FIRST BANCORP NC,6020.0,275.0
31891010,23.1,25.12,2020-07-01,FBNC,FIRST BANCORP NC,6020.0,275.0
31891010,22.95,23.95,2020-07-02,FBNC,FIRST BANCORP NC,6020.0,275.0
31891010,23.1,23.66,2020-07-06,FBNC,FIRST BANCORP NC,6020.0,275.0
31891010,22.08,22.76,2020-07-07,FBNC,FIRST BANCORP NC,6020.0,275.0
31891010,21.75,21.99,2020-07-08,FBNC,FIRST BANCORP NC,6020.0,275.0
31891010,20.75,21.46,2020-07-09,FBNC,FIRST BANCORP NC,6020.0,275.0
31891010,21.9,20.77,2020-07-10,FBNC,FIRST BANCORP NC,6020.0,275.0
31891010,22.33,22.32,2020-07-13,FBNC,FIRST BANCORP NC,6020.0,275.0
31891010,21.92,22.43,2020-07-14,FBNC,FIRST BANCORP NC,6020.0,275.0
31891010,23.46,22.68,2020-07-15,FBNC,FIRST BANCORP NC,6020.0,275.0
31891010,23.32,23.21,2020-07-16,FBNC,FIRST BANCORP NC,6020.0,275.0
31891010,22.67,23.17,2020-07-17,FBNC,FIRST BANCORP NC,6020.0,275.0
31891010,21.86,22.49,2020-07-20,FBNC,FIRST BANCORP NC,6020.0,275.0
31891010,22.955,22.16,2020-07-21,FBNC,FIRST BANCORP NC,6020.0,275.0
31891010,22.32,22.86,2020-07-22,FBNC,FIRST BANCORP NC,6020.0,275.0
31891010,22.56,22.29,2020-07-23,FBNC,FIRST BANCORP NC,6020.0,275.0
31891010,22.94,23.09,2020-07-24,FBNC,FIRST BANCORP NC,6020.0,275.0
31891010,21.83,22.78,2020-07-27,FBNC,FIRST BANCORP NC,6020.0,275.0
31891010,21.62,21.83,2020-07-28,FBNC,FIRST BANCORP NC,6020.0,275.0
31891010,21.27,21.62,2020-07-29,FBNC,FIRST BANCORP NC,6020.0,275.0
31891010,21.24,20.95,2020-07-30,FBNC,FIRST BANCORP NC,6020.0,275.0
31891010,20.66,20.88,2020-07-31,FBNC,FIRST BANCORP NC,6020.0,275.0
31891010,20.71,20.74,2020-08-03,FBNC,FIRST BANCORP NC,6020.0,275.0
31891010,20.46,20.65,2020-08-04,FBNC,FIRST BANCORP NC,6020.0,275.0
31891010,20.79,20.75,2020-08-05,FBNC,FIRST BANCORP NC,6020.0,275.0
31891010,20.79,20.75,2020-08-06,FBNC,FIRST BANCORP NC,6020.0,275.0
31891010,21.84,20.62,2020-08-07,FBNC,FIRST BANCORP NC,6020.0,275.0
31891010,22.97,22.09,2020-08-10,FBNC,FIRST BANCORP NC,6020.0,275.0
31891010,22.82,23.42,2020-08-11,FBNC,FIRST BANCORP NC,6020.0,275.0
31891010,22.61,23.29,2020-08-12,FBNC,FIRST BANCORP NC,6020.0,275.0
31891010,21.95,22.4,2020-08-13,FBNC,FIRST BANCORP NC,6020.0,275.0
31891010,22.08,21.87,2020-08-14,FBNC,FIRST BANCORP NC,6020.0,275.0
31891010,21.8,21.96,2020-08-17,FBNC,FIRST BANCORP NC,6020.0,275.0
31891010,21.37,21.82,2020-08-18,FBNC,FIRST BANCORP NC,6020.0,275.0
31891010,21.34,21.46,2020-08-19,FBNC,FIRST BANCORP NC,6020.0,275.0
31891010,20.91,20.95,2020-08-20,FBNC,FIRST BANCORP NC,6020.0,275.0
31891010,20.36,20.74,2020-08-21,FBNC,FIRST BANCORP NC,6020.0,275.0
31891010,21.29,20.66,2020-08-24,FBNC,FIRST BANCORP NC,6020.0,275.0
31891010,21.47,21.59,2020-08-25,FBNC,FIRST BANCORP NC,6020.0,275.0
31891010,20.66,21.37,2020-08-26,FBNC,FIRST BANCORP NC,6020.0,275.0
31891010,21.06,20.68,2020-08-27,FBNC,FIRST BANCORP NC,6020.0,275.0
31891010,20.96,21.36,2020-08-28,FBNC,FIRST BANCORP NC,6020.0,275.0
31891010,20.45,20.79,2020-08-31,FBNC,FIRST BANCORP NC,6020.0,275.0
31891010,20.5,20.29,2020-09-01,FBNC,FIRST BANCORP NC,6020.0,275.0
31891010,20.82,20.43,2020-09-02,FBNC,FIRST BANCORP NC,6020.0,275.0
31891010,20.88,20.85,2020-09-03,FBNC,FIRST BANCORP NC,6020.0,275.0
31891010,21.4,21.44,2020-09-04,FBNC,FIRST BANCORP NC,6020.0,275.0
31891010,20.64,21.26,2020-09-08,FBNC,FIRST BANCORP NC,6020.0,275.0
31891010,20.57,20.84,2020-09-09,FBNC,FIRST BANCORP NC,6020.0,275.0
31891010,20.43,20.65,2020-09-10,FBNC,FIRST BANCORP NC,6020.0,275.0
31891010,20.37,20.46,2020-09-11,FBNC,FIRST BANCORP NC,6020.0,275.0
31891010,20.76,20.5,2020-09-14,FBNC,FIRST BANCORP NC,6020.0,275.0
31891010,20.9,21.44,2020-09-15,FBNC,FIRST BANCORP NC,6020.0,275.0
31891010,21.27,20.95,2020-09-16,FBNC,FIRST BANCORP NC,6020.0,275.0
31891010,21.04,21.01,2020-09-17,FBNC,FIRST BANCORP NC,6020.0,275.0
31891010,21.22,21.27,2020-09-18,FBNC,FIRST BANCORP NC,6020.0,275.0
31891010,20.21,20.62,2020-09-21,FBNC,FIRST BANCORP NC,6020.0,275.0
31891010,20.3,20.24,2020-09-22,FBNC,FIRST BANCORP NC,6020.0,275.0
31891010,19.88,20.34,2020-09-23,FBNC,FIRST BANCORP NC,6020.0,275.0
31891010,20.44,20.16,2020-09-24,FBNC,FIRST BANCORP NC,6020.0,275.0
31891010,20.37,20.18,2020-09-25,FBNC,FIRST BANCORP NC,6020.0,275.0
31891010,21.3,20.73,2020-09-28,FBNC,FIRST BANCORP NC,6020.0,275.0
31891010,20.96,21.11,2020-09-29,FBNC,FIRST BANCORP NC,6020.0,275.0
31891010,20.93,21.03,2020-09-30,FBNC,FIRST BANCORP NC,6020.0,275.0
31891010,21.1,20.83,2020-10-01,FBNC,FIRST BANCORP NC,6020.0,275.0
31891010,21.76,20.44,2020-10-02,FBNC,FIRST BANCORP NC,6020.0,275.0
31891010,22.15,21.96,2020-10-05,FBNC,FIRST BANCORP NC,6020.0,275.0
31891010,22.23,22.49,2020-10-06,FBNC,FIRST BANCORP NC,6020.0,275.0
31891010,22.85,22.37,2020-10-07,FBNC,FIRST BANCORP NC,6020.0,275.0
31891010,23.07,23.11,2020-10-08,FBNC,FIRST BANCORP NC,6020.0,275.0
31891010,22.81,23.02,2020-10-09,FBNC,FIRST BANCORP NC,6020.0,275.0
31891010,23.23,22.8,2020-10-12,FBNC,FIRST BANCORP NC,6020.0,275.0
31891010,22.45,22.8,2020-10-13,FBNC,FIRST BANCORP NC,6020.0,275.0
31891010,21.99,22.17,2020-10-14,FBNC,FIRST BANCORP NC,6020.0,275.0
31891010,22.69,21.77,2020-10-15,FBNC,FIRST BANCORP NC,6020.0,275.0
31891010,22.82,22.62,2020-10-16,FBNC,FIRST BANCORP NC,6020.0,275.0
31891010,22.67,23.02,2020-10-19,FBNC,FIRST BANCORP NC,6020.0,275.0
31891010,22.94,23.0,2020-10-20,FBNC,FIRST BANCORP NC,6020.0,275.0
31891010,23.62,23.05,2020-10-21,FBNC,FIRST BANCORP NC,6020.0,275.0
31891010,24.5,23.71,2020-10-22,FBNC,FIRST BANCORP NC,6020.0,275.0
31891010,24.33,24.8,2020-10-23,FBNC,FIRST BANCORP NC,6020.0,275.0
31891010,24.09,24.12,2020-10-26,FBNC,FIRST BANCORP NC,6020.0,275.0
31891010,23.11,24.35,2020-10-27,FBNC,FIRST BANCORP NC,6020.0,275.0
31891010,23.34,22.83,2020-10-28,FBNC,FIRST BANCORP NC,6020.0,275.0
31891010,23.93,23.45,2020-10-29,FBNC,FIRST BANCORP NC,6020.0,275.0
31891010,24.09,23.78,2020-10-30,FBNC,FIRST BANCORP NC,6020.0,275.0
31891010,24.63,24.5,2020-11-02,FBNC,FIRST BANCORP NC,6020.0,275.0
31891010,25.31,25.25,2020-11-03,FBNC,FIRST BANCORP NC,6020.0,275.0
31891010,23.57,24.75,2020-11-04,FBNC,FIRST BANCORP NC,6020.0,275.0
31891010,24.42,23.59,2020-11-05,FBNC,FIRST BANCORP NC,6020.0,275.0
31891010,27.39,27.87,2020-11-06,FBNC,FIRST BANCORP NC,6020.0,275.0
31891010,31.39,29.2,2020-11-09,FBNC,FIRST BANCORP NC,6020.0,275.0
31891010,32.4,32.02,2020-11-10,FBNC,FIRST BANCORP NC,6020.0,275.0
31891010,31.2,32.49,2020-11-11,FBNC,FIRST BANCORP NC,6020.0,275.0
31891010,31.14,30.33,2020-11-12,FBNC,FIRST BANCORP NC,6020.0,275.0
31891010,31.49,31.13,2020-11-13,FBNC,FIRST BANCORP NC,6020.0,275.0
31891010,33.51,32.0,2020-11-16,FBNC,FIRST BANCORP NC,6020.0,275.0
31891010,33.87,32.65,2020-11-17,FBNC,FIRST BANCORP NC,6020.0,275.0
31891010,33.36,34.23,2020-11-18,FBNC,FIRST BANCORP NC,6020.0,275.0
31891010,33.56,33.2,2020-11-19,FBNC,FIRST BANCORP NC,6020.0,275.0
31891010,32.78,33.15,2020-11-20,FBNC,FIRST BANCORP NC,6020.0,275.0
31891010,33.31,33.26,2020-11-23,FBNC,FIRST BANCORP NC,6020.0,275.0
31891010,34.31,33.95,2020-11-24,FBNC,FIRST BANCORP NC,6020.0,275.0
31891010,33.24,33.41,2020-11-25,FBNC,FIRST BANCORP NC,6020.0,275.0
31891010,32.97,32.95,2020-11-27,FBNC,FIRST BANCORP NC,6020.0,275.0
31891010,31.38,32.58,2020-11-30,FBNC,FIRST BANCORP NC,6020.0,275.0
31891010,31.68,32.18,2020-12-01,FBNC,FIRST BANCORP NC,6020.0,275.0
31891010,32.47,31.69,2020-12-02,FBNC,FIRST BANCORP NC,6020.0,275.0
31891010,33.04,32.83,2020-12-03,FBNC,FIRST BANCORP NC,6020.0,275.0
31891010,33.54,33.52,2020-12-04,FBNC,FIRST BANCORP NC,6020.0,275.0
31891010,33.4,33.15,2020-12-07,FBNC,FIRST BANCORP NC,6020.0,275.0
31891010,33.645,32.92,2020-12-08,FBNC,FIRST BANCORP NC,6020.0,275.0
31891010,34.02,34.1,2020-12-09,FBNC,FIRST BANCORP NC,6020.0,275.0
31891010,33.96,33.64,2020-12-10,FBNC,FIRST BANCORP NC,6020.0,275.0
31891010,33.34,33.55,2020-12-11,FBNC,FIRST BANCORP NC,6020.0,275.0
31891010,33.4,34.0,2020-12-14,FBNC,FIRST BANCORP NC,6020.0,275.0
31891010,33.88,33.83,2020-12-15,FBNC,FIRST BANCORP NC,6020.0,275.0
31891010,33.79,34.11,2020-12-16,FBNC,FIRST BANCORP NC,6020.0,275.0
31891010,33.64,33.82,2020-12-17,FBNC,FIRST BANCORP NC,6020.0,275.0
31891010,33.29,33.72,2020-12-18,FBNC,FIRST BANCORP NC,6020.0,275.0
31891010,32.96,33.35,2020-12-21,FBNC,FIRST BANCORP NC,6020.0,275.0
31891010,32.61,33.02,2020-12-22,FBNC,FIRST BANCORP NC,6020.0,275.0
31891010,33.45,32.73,2020-12-23,FBNC,FIRST BANCORP NC,6020.0,275.0
31891010,33.51,33.72,2020-12-24,FBNC,FIRST BANCORP NC,6020.0,275.0
31891010,34.1,33.55,2020-12-28,FBNC,FIRST BANCORP NC,6020.0,275.0
31891010,33.24,34.09,2020-12-29,FBNC,FIRST BANCORP NC,6020.0,275.0
31891010,33.6,33.3,2020-12-30,FBNC,FIRST BANCORP NC,6020.0,275.0
31891010,33.83,33.75,2020-12-31,FBNC,FIRST BANCORP NC,6020.0,275.0
31891010,33.13,34.15,2021-01-04,FBNC,FIRST BANCORP NC,6020.0,275.0
31891010,33.54,33.28,2021-01-05,FBNC,FIRST BANCORP NC,6020.0,275.0
31891010,36.28,34.78,2021-01-06,FBNC,FIRST BANCORP NC,6020.0,275.0
31891010,36.52,36.7,2021-01-07,FBNC,FIRST BANCORP NC,6020.0,275.0
31891010,36.19,36.74,2021-01-08,FBNC,FIRST BANCORP NC,6020.0,275.0
31891010,36.74,35.75,2021-01-11,FBNC,FIRST BANCORP NC,6020.0,275.0
31891010,37.14,37.0,2021-01-12,FBNC,FIRST BANCORP NC,6020.0,275.0
31891010,36.44,37.15,2021-01-13,FBNC,FIRST BANCORP NC,6020.0,275.0
31891010,37.06,36.84,2021-01-14,FBNC,FIRST BANCORP NC,6020.0,275.0
31891010,36.53,36.81,2021-01-15,FBNC,FIRST BANCORP NC,6020.0,275.0
31891010,36.88,37.07,2021-01-19,FBNC,FIRST BANCORP NC,6020.0,275.0
31891010,36.89,36.65,2021-01-20,FBNC,FIRST BANCORP NC,6020.0,275.0
31891010,35.74,36.85,2021-01-21,FBNC,FIRST BANCORP NC,6020.0,275.0
31891010,36.54,35.18,2021-01-22,FBNC,FIRST BANCORP NC,6020.0,275.0
31891010,36.26,36.06,2021-01-25,FBNC,FIRST BANCORP NC,6020.0,275.0
31891010,35.67,36.62,2021-01-26,FBNC,FIRST BANCORP NC,6020.0,275.0
31891010,34.4,34.55,2021-01-27,FBNC,FIRST BANCORP NC,6020.0,275.0
31891010,35.01,35.57,2021-01-28,FBNC,FIRST BANCORP NC,6020.0,275.0
31891010,34.06,34.87,2021-01-29,FBNC,FIRST BANCORP NC,6020.0,275.0
31891010,33.97,34.26,2021-02-01,FBNC,FIRST BANCORP NC,6020.0,275.0
31891010,34.78,34.46,2021-02-02,FBNC,FIRST BANCORP NC,6020.0,275.0
31891010,34.99,34.68,2021-02-03,FBNC,FIRST BANCORP NC,6020.0,275.0
31891010,36.39,34.99,2021-02-04,FBNC,FIRST BANCORP NC,6020.0,275.0
31891010,36.47,36.78,2021-02-05,FBNC,FIRST BANCORP NC,6020.0,275.0
31891010,37.46,36.74,2021-02-08,FBNC,FIRST BANCORP NC,6020.0,275.0
31891010,38.23,36.965,2021-02-09,FBNC,FIRST BANCORP NC,6020.0,275.0
31891010,37.88,38.26,2021-02-10,FBNC,FIRST BANCORP NC,6020.0,275.0
31891010,37.45,37.93,2021-02-11,FBNC,FIRST BANCORP NC,6020.0,275.0
31891010,37.19,37.1,2021-02-12,FBNC,FIRST BANCORP NC,6020.0,275.0
31891010,38.12,37.21,2021-02-16,FBNC,FIRST BANCORP NC,6020.0,275.0
31891010,38.54,37.73,2021-02-17,FBNC,FIRST BANCORP NC,6020.0,275.0
31891010,38.12,38.41,2021-02-18,FBNC,FIRST BANCORP NC,6020.0,275.0
31891010,39.09,38.38,2021-02-19,FBNC,FIRST BANCORP NC,6020.0,275.0
31891010,40.03,39.0,2021-02-22,FBNC,FIRST BANCORP NC,6020.0,275.0
31891010,40.82,40.09,2021-02-23,FBNC,FIRST BANCORP NC,6020.0,275.0
31891010,41.69,41.09,2021-02-24,FBNC,FIRST BANCORP NC,6020.0,275.0
31891010,40.93,42.0,2021-02-25,FBNC,FIRST BANCORP NC,6020.0,275.0
31891010,40.27,40.65,2021-02-26,FBNC,FIRST BANCORP NC,6020.0,275.0
31891010,41.02,41.18,2021-03-01,FBNC,FIRST BANCORP NC,6020.0,275.0
31891010,40.48,40.75,2021-03-02,FBNC,FIRST BANCORP NC,6020.0,275.0
31891010,41.38,40.78,2021-03-03,FBNC,FIRST BANCORP NC,6020.0,275.0
31891010,41.01,41.63,2021-03-04,FBNC,FIRST BANCORP NC,6020.0,275.0
31891010,42.73,41.72,2021-03-05,FBNC,FIRST BANCORP NC,6020.0,275.0
31891010,45.63,43.09,2021-03-08,FBNC,FIRST BANCORP NC,6020.0,275.0
31891010,45.31,45.38,2021-03-09,FBNC,FIRST BANCORP NC,6020.0,275.0
31891010,46.67,45.33,2021-03-10,FBNC,FIRST BANCORP NC,6020.0,275.0
31891010,47.31,47.05,2021-03-11,FBNC,FIRST BANCORP NC,6020.0,275.0
31891010,48.07,47.78,2021-03-12,FBNC,FIRST BANCORP NC,6020.0,275.0
31891010,46.45,47.88,2021-03-15,FBNC,FIRST BANCORP NC,6020.0,275.0
31891010,45.9,46.02,2021-03-16,FBNC,FIRST BANCORP NC,6020.0,275.0
31891010,46.03,46.25,2021-03-17,FBNC,FIRST BANCORP NC,6020.0,275.0
31891010,46.59,46.66,2021-03-18,FBNC,FIRST BANCORP NC,6020.0,275.0
31891010,46.48,45.66,2021-03-19,FBNC,FIRST BANCORP NC,6020.0,275.0
31891010,44.68,45.95,2021-03-22,FBNC,FIRST BANCORP NC,6020.0,275.0
31891010,43.02,44.08,2021-03-23,FBNC,FIRST BANCORP NC,6020.0,275.0
31891010,43.18,43.7,2021-03-24,FBNC,FIRST BANCORP NC,6020.0,275.0
31891010,44.15,42.97,2021-03-25,FBNC,FIRST BANCORP NC,6020.0,275.0
31891010,45.19,44.7,2021-03-26,FBNC,FIRST BANCORP NC,6020.0,275.0
31891010,43.49,44.44,2021-03-29,FBNC,FIRST BANCORP NC,6020.0,275.0
31891010,44.11,43.89,2021-03-30,FBNC,FIRST BANCORP NC,6020.0,275.0
31891010,43.5,43.74,2021-03-31,FBNC,FIRST BANCORP NC,6020.0,275.0
31891010,43.75,43.2,2021-04-01,FBNC,FIRST BANCORP NC,6020.0,275.0
31891010,44.22,44.54,2021-04-05,FBNC,FIRST BANCORP NC,6020.0,275.0
31891010,43.71,44.13,2021-04-06,FBNC,FIRST BANCORP NC,6020.0,275.0
31891010,43.02,43.59,2021-04-07,FBNC,FIRST BANCORP NC,6020.0,275.0
31891010,42.92,42.91,2021-04-08,FBNC,FIRST BANCORP NC,6020.0,275.0
31891010,43.44,43.17,2021-04-09,FBNC,FIRST BANCORP NC,6020.0,275.0
31891010,43.51,43.51,2021-04-12,FBNC,FIRST BANCORP NC,6020.0,275.0
31891010,42.17,43.14,2021-04-13,FBNC,FIRST BANCORP NC,6020.0,275.0
31891010,42.91,42.0,2021-04-14,FBNC,FIRST BANCORP NC,6020.0,275.0
31891010,42.96,42.88,2021-04-15,FBNC,FIRST BANCORP NC,6020.0,275.0
31891010,43.2,43.45,2021-04-16,FBNC,FIRST BANCORP NC,6020.0,275.0
31891010,42.69,42.98,2021-04-19,FBNC,FIRST BANCORP NC,6020.0,275.0
31891010,41.22,42.33,2021-04-20,FBNC,FIRST BANCORP NC,6020.0,275.0
31891010,41.91,40.87,2021-04-21,FBNC,FIRST BANCORP NC,6020.0,275.0
31891010,41.04,42.4,2021-04-22,FBNC,FIRST BANCORP NC,6020.0,275.0
31891010,42.98,40.84,2021-04-23,FBNC,FIRST BANCORP NC,6020.0,275.0
31891010,43.16,43.19,2021-04-26,FBNC,FIRST BANCORP NC,6020.0,275.0
31891010,43.12,43.05,2021-04-27,FBNC,FIRST BANCORP NC,6020.0,275.0
31891010,42.73,42.82,2021-04-28,FBNC,FIRST BANCORP NC,6020.0,275.0
31891010,42.95,43.11,2021-04-29,FBNC,FIRST BANCORP NC,6020.0,275.0
31891010,42.4,42.53,2021-04-30,FBNC,FIRST BANCORP NC,6020.0,275.0
31891010,43.57,43.085,2021-05-03,FBNC,FIRST BANCORP NC,6020.0,275.0
31891010,43.87,43.55,2021-05-04,FBNC,FIRST BANCORP NC,6020.0,275.0
31891010,44.2,43.82,2021-05-05,FBNC,FIRST BANCORP NC,6020.0,275.0
31891010,45.06,44.21,2021-05-06,FBNC,FIRST BANCORP NC,6020.0,275.0
31891010,45.45,44.51,2021-05-07,FBNC,FIRST BANCORP NC,6020.0,275.0
31891010,44.1,45.29,2021-05-10,FBNC,FIRST BANCORP NC,6020.0,275.0
31891010,43.58,43.68,2021-05-11,FBNC,FIRST BANCORP NC,6020.0,275.0
31891010,42.65,43.76,2021-05-12,FBNC,FIRST BANCORP NC,6020.0,275.0
31891010,44.56,42.65,2021-05-13,FBNC,FIRST BANCORP NC,6020.0,275.0
31891010,44.98,44.95,2021-05-14,FBNC,FIRST BANCORP NC,6020.0,275.0
31891010,45.43,44.75,2021-05-17,FBNC,FIRST BANCORP NC,6020.0,275.0
31891010,44.21,45.22,2021-05-18,FBNC,FIRST BANCORP NC,6020.0,275.0
31891010,44.2,43.75,2021-05-19,FBNC,FIRST BANCORP NC,6020.0,275.0
31891010,44.23,44.07,2021-05-20,FBNC,FIRST BANCORP NC,6020.0,275.0
31891010,45.39,44.71,2021-05-21,FBNC,FIRST BANCORP NC,6020.0,275.0
31891010,44.26,45.51,2021-05-24,FBNC,FIRST BANCORP NC,6020.0,275.0
31891010,42.59,44.54,2021-05-25,FBNC,FIRST BANCORP NC,6020.0,275.0
31891010,43.45,42.84,2021-05-26,FBNC,FIRST BANCORP NC,6020.0,275.0
31891010,44.18,43.98,2021-05-27,FBNC,FIRST BANCORP NC,6020.0,275.0
31891010,44.37,44.43,2021-05-28,FBNC,FIRST BANCORP NC,6020.0,275.0
31891010,45.41,44.61,2021-06-01,FBNC,FIRST BANCORP NC,6020.0,275.0
31891010,42.99,43.69,2021-06-02,FBNC,FIRST BANCORP NC,6020.0,275.0
31891010,43.04,43.18,2021-06-03,FBNC,FIRST BANCORP NC,6020.0,275.0
31891010,42.92,42.75,2021-06-04,FBNC,FIRST BANCORP NC,6020.0,275.0
31891010,42.52,43.0,2021-06-07,FBNC,FIRST BANCORP NC,6020.0,275.0
31891010,41.62,42.54,2021-06-08,FBNC,FIRST BANCORP NC,6020.0,275.0
31891010,40.81,41.66,2021-06-09,FBNC,FIRST BANCORP NC,6020.0,275.0
31891010,41.65,41.29,2021-06-10,FBNC,FIRST BANCORP NC,6020.0,275.0
31891010,42.36,42.01,2021-06-11,FBNC,FIRST BANCORP NC,6020.0,275.0
31891010,41.77,42.23,2021-06-14,FBNC,FIRST BANCORP NC,6020.0,275.0
31891010,42.05,42.08,2021-06-15,FBNC,FIRST BANCORP NC,6020.0,275.0
31891010,43.71,42.8,2021-06-16,FBNC,FIRST BANCORP NC,6020.0,275.0
31891010,42.89,43.89,2021-06-17,FBNC,FIRST BANCORP NC,6020.0,275.0
31891010,41.67,42.01,2021-06-18,FBNC,FIRST BANCORP NC,6020.0,275.0
31891010,43.3,42.11,2021-06-21,FBNC,FIRST BANCORP NC,6020.0,275.0
31891010,43.09,43.23,2021-06-22,FBNC,FIRST BANCORP NC,6020.0,275.0
31891010,43.06,43.33,2021-06-23,FBNC,FIRST BANCORP NC,6020.0,275.0
31891010,43.39,43.09,2021-06-24,FBNC,FIRST BANCORP NC,6020.0,275.0
31891010,43.53,44.175,2021-06-25,FBNC,FIRST BANCORP NC,6020.0,275.0
31891010,41.59,43.42,2021-06-28,FBNC,FIRST BANCORP NC,6020.0,275.0
31891010,40.76,41.88,2021-06-29,FBNC,FIRST BANCORP NC,6020.0,275.0
31891010,40.91,40.45,2021-06-30,FBNC,FIRST BANCORP NC,6020.0,275.0
31891010,41.15,40.87,2021-07-01,FBNC,FIRST BANCORP NC,6020.0,275.0
31891010,40.77,41.03,2021-07-02,FBNC,FIRST BANCORP NC,6020.0,275.0
31891010,39.55,40.59,2021-07-06,FBNC,FIRST BANCORP NC,6020.0,275.0
31891010,39.01,39.45,2021-07-07,FBNC,FIRST BANCORP NC,6020.0,275.0
31891010,37.91,38.33,2021-07-08,FBNC,FIRST BANCORP NC,6020.0,275.0
31891010,39.54,38.9,2021-07-09,FBNC,FIRST BANCORP NC,6020.0,275.0
31891010,39.9,38.865,2021-07-12,FBNC,FIRST BANCORP NC,6020.0,275.0
31891010,39.33,39.87,2021-07-13,FBNC,FIRST BANCORP NC,6020.0,275.0
31891010,39.6,39.28,2021-07-14,FBNC,FIRST BANCORP NC,6020.0,275.0
31891010,40.07,39.16,2021-07-15,FBNC,FIRST BANCORP NC,6020.0,275.0
31891010,39.41,40.52,2021-07-16,FBNC,FIRST BANCORP NC,6020.0,275.0
31891010,37.87,38.45,2021-07-19,FBNC,FIRST BANCORP NC,6020.0,275.0
31891010,38.64,37.83,2021-07-20,FBNC,FIRST BANCORP NC,6020.0,275.0
31891010,39.31,39.22,2021-07-21,FBNC,FIRST BANCORP NC,6020.0,275.0
31891010,38.09,39.28,2021-07-22,FBNC,FIRST BANCORP NC,6020.0,275.0
31891010,38.29,38.59,2021-07-23,FBNC,FIRST BANCORP NC,6020.0,275.0
31891010,38.69,38.36,2021-07-26,FBNC,FIRST BANCORP NC,6020.0,275.0
31891010,38.79,38.23,2021-07-27,FBNC,FIRST BANCORP NC,6020.0,275.0
31891010,39.81,38.9,2021-07-28,FBNC,FIRST BANCORP NC,6020.0,275.0
31891010,39.99,40.175,2021-07-29,FBNC,FIRST BANCORP NC,6020.0,275.0
31891010,40.0,39.75,2021-07-30,FBNC,FIRST BANCORP NC,6020.0,275.0
31891010,40.06,40.21,2021-08-02,FBNC,FIRST BANCORP NC,6020.0,275.0
31891010,40.27,40.06,2021-08-03,FBNC,FIRST BANCORP NC,6020.0,275.0
31891010,40.06,39.7,2021-08-04,FBNC,FIRST BANCORP NC,6020.0,275.0
31891010,40.75,40.36,2021-08-05,FBNC,FIRST BANCORP NC,6020.0,275.0
31891010,42.02,41.37,2021-08-06,FBNC,FIRST BANCORP NC,6020.0,275.0
31891010,41.71,41.99,2021-08-09,FBNC,FIRST BANCORP NC,6020.0,275.0
31891010,42.26,41.54,2021-08-10,FBNC,FIRST BANCORP NC,6020.0,275.0
31891010,43.04,42.48,2021-08-11,FBNC,FIRST BANCORP NC,6020.0,275.0
31891010,42.82,43.24,2021-08-12,FBNC,FIRST BANCORP NC,6020.0,275.0
31891010,42.37,42.86,2021-08-13,FBNC,FIRST BANCORP NC,6020.0,275.0
31891010,42.28,42.16,2021-08-16,FBNC,FIRST BANCORP NC,6020.0,275.0
31891010,41.63,42.07,2021-08-17,FBNC,FIRST BANCORP NC,6020.0,275.0
31891010,41.4,41.49,2021-08-18,FBNC,FIRST BANCORP NC,6020.0,275.0
31891010,40.8,40.89,2021-08-19,FBNC,FIRST BANCORP NC,6020.0,275.0
31891010,41.88,40.62,2021-08-20,FBNC,FIRST BANCORP NC,6020.0,275.0
31891010,41.65,41.7,2021-08-23,FBNC,FIRST BANCORP NC,6020.0,275.0
31891010,41.66,41.81,2021-08-24,FBNC,FIRST BANCORP NC,6020.0,275.0
31891010,41.56,41.74,2021-08-25,FBNC,FIRST BANCORP NC,6020.0,275.0
31891010,40.88,41.64,2021-08-26,FBNC,FIRST BANCORP NC,6020.0,275.0
31891010,42.33,41.05,2021-08-27,FBNC,FIRST BANCORP NC,6020.0,275.0
31891010,41.15,42.48,2021-08-30,FBNC,FIRST BANCORP NC,6020.0,275.0
31891010,41.76,41.4,2021-08-31,FBNC,FIRST BANCORP NC,6020.0,275.0
31891010,41.73,41.87,2021-09-01,FBNC,FIRST BANCORP NC,6020.0,275.0
31891010,41.83,41.66,2021-09-02,FBNC,FIRST BANCORP NC,6020.0,275.0
31891010,41.55,41.93,2021-09-03,FBNC,FIRST BANCORP NC,6020.0,275.0
31891010,40.97,41.69,2021-09-07,FBNC,FIRST BANCORP NC,6020.0,275.0
31891010,40.41,40.82,2021-09-08,FBNC,FIRST BANCORP NC,6020.0,275.0
31891010,40.39,40.44,2021-09-09,FBNC,FIRST BANCORP NC,6020.0,275.0
31891010,40.0,40.64,2021-09-10,FBNC,FIRST BANCORP NC,6020.0,275.0
31891010,40.39,40.21,2021-09-13,FBNC,FIRST BANCORP NC,6020.0,275.0
31891010,38.9,40.6,2021-09-14,FBNC,FIRST BANCORP NC,6020.0,275.0
31891010,39.61,38.95,2021-09-15,FBNC,FIRST BANCORP NC,6020.0,275.0
31891010,39.49,39.79,2021-09-16,FBNC,FIRST BANCORP NC,6020.0,275.0
31891010,41.05,39.68,2021-09-17,FBNC,FIRST BANCORP NC,6020.0,275.0
31891010,39.44,39.87,2021-09-20,FBNC,FIRST BANCORP NC,6020.0,275.0
31891010,39.35,39.88,2021-09-21,FBNC,FIRST BANCORP NC,6020.0,275.0
31891010,40.24,39.63,2021-09-22,FBNC,FIRST BANCORP NC,6020.0,275.0
31891010,41.57,40.59,2021-09-23,FBNC,FIRST BANCORP NC,6020.0,275.0
31891010,42.3,41.37,2021-09-24,FBNC,FIRST BANCORP NC,6020.0,275.0
31891010,43.75,42.74,2021-09-27,FBNC,FIRST BANCORP NC,6020.0,275.0
31891010,42.87,44.02,2021-09-28,FBNC,FIRST BANCORP NC,6020.0,275.0
31891010,43.35,42.75,2021-09-29,FBNC,FIRST BANCORP NC,6020.0,275.0
31891010,43.01,43.56,2021-09-30,FBNC,FIRST BANCORP NC,6020.0,275.0
31891010,43.83,43.06,2021-10-01,FBNC,FIRST BANCORP NC,6020.0,275.0
31891010,43.86,43.85,2021-10-04,FBNC,FIRST BANCORP NC,6020.0,275.0
31891010,43.94,42.02,2021-10-05,FBNC,FIRST BANCORP NC,6020.0,275.0
31891010,45.21,43.73,2021-10-06,FBNC,FIRST BANCORP NC,6020.0,275.0
31891010,46.86,45.71,2021-10-07,FBNC,FIRST BANCORP NC,6020.0,275.0
31891010,47.85,46.57,2021-10-08,FBNC,FIRST BANCORP NC,6020.0,275.0
31891010,49.75,48.46,2021-10-11,FBNC,FIRST BANCORP NC,6020.0,275.0
31891010,49.95,48.54,2021-10-12,FBNC,FIRST BANCORP NC,6020.0,275.0
31891010,48.27,50.0,2021-10-13,FBNC,FIRST BANCORP NC,6020.0,275.0
31891010,47.51,48.83,2021-10-14,FBNC,FIRST BANCORP NC,6020.0,275.0
31891010,45.88,48.43,2021-10-15,FBNC,FIRST BANCORP NC,6020.0,275.0
31891010,46.82,46.03,2021-10-18,FBNC,FIRST BANCORP NC,6020.0,275.0
31891010,46.85,47.19,2021-10-19,FBNC,FIRST BANCORP NC,6020.0,275.0
31891010,47.37,46.74,2021-10-20,FBNC,FIRST BANCORP NC,6020.0,275.0
31891010,47.4,47.35,2021-10-21,FBNC,FIRST BANCORP NC,6020.0,275.0
31891010,47.59,47.28,2021-10-22,FBNC,FIRST BANCORP NC,6020.0,275.0
31891010,47.7,47.94,2021-10-25,FBNC,FIRST BANCORP NC,6020.0,275.0
31891010,48.02,47.46,2021-10-26,FBNC,FIRST BANCORP NC,6020.0,275.0
31891010,47.02,49.83,2021-10-27,FBNC,FIRST BANCORP NC,6020.0,275.0
31891010,48.44,47.54,2021-10-28,FBNC,FIRST BANCORP NC,6020.0,275.0
31891010,48.42,48.61,2021-10-29,FBNC,FIRST BANCORP NC,6020.0,275.0
31891010,50.07,48.63,2021-11-01,FBNC,FIRST BANCORP NC,6020.0,275.0
31891010,48.67,50.01,2021-11-02,FBNC,FIRST BANCORP NC,6020.0,275.0
31891010,49.58,48.6,2021-11-03,FBNC,FIRST BANCORP NC,6020.0,275.0
31891010,48.37,49.52,2021-11-04,FBNC,FIRST BANCORP NC,6020.0,275.0
31891010,49.22,48.82,2021-11-05,FBNC,FIRST BANCORP NC,6020.0,275.0
31891010,49.62,49.64,2021-11-08,FBNC,FIRST BANCORP NC,6020.0,275.0
31891010,49.51,49.42,2021-11-09,FBNC,FIRST BANCORP NC,6020.0,275.0
31891010,49.84,49.59,2021-11-10,FBNC,FIRST BANCORP NC,6020.0,275.0
31891010,50.49,49.95,2021-11-11,FBNC,FIRST BANCORP NC,6020.0,275.0
31891010,50.37,50.7,2021-11-12,FBNC,FIRST BANCORP NC,6020.0,275.0
31891010,50.13,50.55,2021-11-15,FBNC,FIRST BANCORP NC,6020.0,275.0
31891010,49.56,49.97,2021-11-16,FBNC,FIRST BANCORP NC,6020.0,275.0
31891010,48.79,49.34,2021-11-17,FBNC,FIRST BANCORP NC,6020.0,275.0
31891010,48.21,48.71,2021-11-18,FBNC,FIRST BANCORP NC,6020.0,275.0
31891010,47.93,47.66,2021-11-19,FBNC,FIRST BANCORP NC,6020.0,275.0
31891010,48.54,48.4,2021-11-22,FBNC,FIRST BANCORP NC,6020.0,275.0
31891010,48.87,48.92,2021-11-23,FBNC,FIRST BANCORP NC,6020.0,275.0
31891010,48.11,48.69,2021-11-24,FBNC,FIRST BANCORP NC,6020.0,275.0
31891010,45.91,46.4,2021-11-26,FBNC,FIRST BANCORP NC,6020.0,275.0
31891010,45.47,46.78,2021-11-29,FBNC,FIRST BANCORP NC,6020.0,275.0
31891010,44.44,44.93,2021-11-30,FBNC,FIRST BANCORP NC,6020.0,275.0
31891010,44.37,45.06,2021-12-01,FBNC,FIRST BANCORP NC,6020.0,275.0
31891010,46.14,44.73,2021-12-02,FBNC,FIRST BANCORP NC,6020.0,275.0
31891010,44.85,46.23,2021-12-03,FBNC,FIRST BANCORP NC,6020.0,275.0
31891010,45.69,45.47,2021-12-06,FBNC,FIRST BANCORP NC,6020.0,275.0
31891010,45.47,46.18,2021-12-07,FBNC,FIRST BANCORP NC,6020.0,275.0
31891010,45.19,45.52,2021-12-08,FBNC,FIRST BANCORP NC,6020.0,275.0
31891010,44.49,44.8,2021-12-09,FBNC,FIRST BANCORP NC,6020.0,275.0
31891010,44.6,45.12,2021-12-10,FBNC,FIRST BANCORP NC,6020.0,275.0
31891010,44.45,44.3,2021-12-13,FBNC,FIRST BANCORP NC,6020.0,275.0
31891010,44.92,44.48,2021-12-14,FBNC,FIRST BANCORP NC,6020.0,275.0
31891010,43.98,45.24,2021-12-15,FBNC,FIRST BANCORP NC,6020.0,275.0
31891010,44.45,44.69,2021-12-16,FBNC,FIRST BANCORP NC,6020.0,275.0
31891010,43.77,44.27,2021-12-17,FBNC,FIRST BANCORP NC,6020.0,275.0
31891010,43.1,43.27,2021-12-20,FBNC,FIRST BANCORP NC,6020.0,275.0
31891010,43.95,43.53,2021-12-21,FBNC,FIRST BANCORP NC,6020.0,275.0
31891010,44.7,43.84,2021-12-22,FBNC,FIRST BANCORP NC,6020.0,275.0
31891010,45.12,45.0,2021-12-23,FBNC,FIRST BANCORP NC,6020.0,275.0
31891010,45.57,45.2,2021-12-27,FBNC,FIRST BANCORP NC,6020.0,275.0
31891010,45.83,45.35,2021-12-28,FBNC,FIRST BANCORP NC,6020.0,275.0
31891010,45.83,45.79,2021-12-29,FBNC,FIRST BANCORP NC,6020.0,275.0
31891010,45.59,45.86,2021-12-30,FBNC,FIRST BANCORP NC,6020.0,275.0
31891010,45.72,45.41,2021-12-31,FBNC,FIRST BANCORP NC,6020.0,275.0
31891010,46.29,46.02,2022-01-03,FBNC,FIRST BANCORP NC,6020.0,275.0
31891010,47.16,47.03,2022-01-04,FBNC,FIRST BANCORP NC,6020.0,275.0
31891010,46.35,47.39,2022-01-05,FBNC,FIRST BANCORP NC,6020.0,275.0
31891010,48.12,46.82,2022-01-06,FBNC,FIRST BANCORP NC,6020.0,275.0
31891010,48.37,48.22,2022-01-07,FBNC,FIRST BANCORP NC,6020.0,275.0
31891010,48.12,48.31,2022-01-10,FBNC,FIRST BANCORP NC,6020.0,275.0
31891010,47.89,48.37,2022-01-11,FBNC,FIRST BANCORP NC,6020.0,275.0
31891010,47.57,47.71,2022-01-12,FBNC,FIRST BANCORP NC,6020.0,275.0
31891010,47.95,47.64,2022-01-13,FBNC,FIRST BANCORP NC,6020.0,275.0
31891010,48.6,47.38,2022-01-14,FBNC,FIRST BANCORP NC,6020.0,275.0
31891010,47.52,48.4,2022-01-18,FBNC,FIRST BANCORP NC,6020.0,275.0
31891010,46.15,47.8,2022-01-19,FBNC,FIRST BANCORP NC,6020.0,275.0
31891010,45.04,46.39,2022-01-20,FBNC,FIRST BANCORP NC,6020.0,275.0
31891010,44.86,44.53,2022-01-21,FBNC,FIRST BANCORP NC,6020.0,275.0
31891010,45.96,44.19,2022-01-24,FBNC,FIRST BANCORP NC,6020.0,275.0
31891010,45.88,45.62,2022-01-25,FBNC,FIRST BANCORP NC,6020.0,275.0
31891010,45.21,45.88,2022-01-26,FBNC,FIRST BANCORP NC,6020.0,275.0
31891010,44.04,46.98,2022-01-27,FBNC,FIRST BANCORP NC,6020.0,275.0
31891010,43.2,43.94,2022-01-28,FBNC,FIRST BANCORP NC,6020.0,275.0
31891010,43.91,42.85,2022-01-31,FBNC,FIRST BANCORP NC,6020.0,275.0
31891010,43.62,43.84,2022-02-01,FBNC,FIRST BANCORP NC,6020.0,275.0
31891010,43.13,43.75,2022-02-02,FBNC,FIRST BANCORP NC,6020.0,275.0
31891010,42.9,43.03,2022-02-03,FBNC,FIRST BANCORP NC,6020.0,275.0
31891010,43.67,43.1,2022-02-04,FBNC,FIRST BANCORP NC,6020.0,275.0
31891010,44.65,43.8,2022-02-07,FBNC,FIRST BANCORP NC,6020.0,275.0
31891010,46.22,45.08,2022-02-08,FBNC,FIRST BANCORP NC,6020.0,275.0
31891010,44.81,46.06,2022-02-09,FBNC,FIRST BANCORP NC,6020.0,275.0
31891010,44.92,44.8,2022-02-10,FBNC,FIRST BANCORP NC,6020.0,275.0
31891010,45.01,44.95,2022-02-11,FBNC,FIRST BANCORP NC,6020.0,275.0
31891010,44.47,45.26,2022-02-14,FBNC,FIRST BANCORP NC,6020.0,275.0
31891010,45.46,44.87,2022-02-15,FBNC,FIRST BANCORP NC,6020.0,275.0
31891010,45.48,45.09,2022-02-16,FBNC,FIRST BANCORP NC,6020.0,275.0
31891010,44.58,45.13,2022-02-17,FBNC,FIRST BANCORP NC,6020.0,275.0
31891010,44.73,44.46,2022-02-18,FBNC,FIRST BANCORP NC,6020.0,275.0
31891010,44.63,44.54,2022-02-22,FBNC,FIRST BANCORP NC,6020.0,275.0
31891010,43.83,44.92,2022-02-23,FBNC,FIRST BANCORP NC,6020.0,275.0
31891010,43.11,42.63,2022-02-24,FBNC,FIRST BANCORP NC,6020.0,275.0
31891010,44.81,43.35,2022-02-25,FBNC,FIRST BANCORP NC,6020.0,275.0
31891010,44.88,44.36,2022-02-28,FBNC,FIRST BANCORP NC,6020.0,275.0
31891010,42.55,44.35,2022-03-01,FBNC,FIRST BANCORP NC,6020.0,275.0
31891010,44.49,43.13,2022-03-02,FBNC,FIRST BANCORP NC,6020.0,275.0
31891010,44.45,44.85,2022-03-03,FBNC,FIRST BANCORP NC,6020.0,275.0
31891010,43.0,43.67,2022-03-04,FBNC,FIRST BANCORP NC,6020.0,275.0
31891010,41.28,42.87,2022-03-07,FBNC,FIRST BANCORP NC,6020.0,275.0
31891010,42.0,41.8,2022-03-08,FBNC,FIRST BANCORP NC,6020.0,275.0
31891010,43.08,43.04,2022-03-09,FBNC,FIRST BANCORP NC,6020.0,275.0
31891010,43.27,42.54,2022-03-10,FBNC,FIRST BANCORP NC,6020.0,275.0
31891010,43.52,43.45,2022-03-11,FBNC,FIRST BANCORP NC,6020.0,275.0
31891010,43.81,43.82,2022-03-14,FBNC,FIRST BANCORP NC,6020.0,275.0
31891010,43.76,43.98,2022-03-15,FBNC,FIRST BANCORP NC,6020.0,275.0
31891010,44.8,44.29,2022-03-16,FBNC,FIRST BANCORP NC,6020.0,275.0
31891010,43.82,44.43,2022-03-17,FBNC,FIRST BANCORP NC,6020.0,275.0
31891010,44.25,43.63,2022-03-18,FBNC,FIRST BANCORP NC,6020.0,275.0
31891010,43.83,44.44,2022-03-21,FBNC,FIRST BANCORP NC,6020.0,275.0
31891010,44.14,44.3,2022-03-22,FBNC,FIRST BANCORP NC,6020.0,275.0
31891010,42.23,43.82,2022-03-23,FBNC,FIRST BANCORP NC,6020.0,275.0
31891010,42.36,42.44,2022-03-24,FBNC,FIRST BANCORP NC,6020.0,275.0
31891010,43.61,42.32,2022-03-25,FBNC,FIRST BANCORP NC,6020.0,275.0
31891010,42.85,43.3,2022-03-28,FBNC,FIRST BANCORP NC,6020.0,275.0
31891010,43.63,43.44,2022-03-29,FBNC,FIRST BANCORP NC,6020.0,275.0
31891010,42.37,43.53,2022-03-30,FBNC,FIRST BANCORP NC,6020.0,275.0
31891010,41.77,42.26,2022-03-31,FBNC,FIRST BANCORP NC,6020.0,275.0
31891010,41.46,42.23,2022-04-01,FBNC,FIRST BANCORP NC,6020.0,275.0
31891010,40.94,41.38,2022-04-04,FBNC,FIRST BANCORP NC,6020.0,275.0
31891010,40.38,41.15,2022-04-05,FBNC,FIRST BANCORP NC,6020.0,275.0
31891010,40.16,40.28,2022-04-06,FBNC,FIRST BANCORP NC,6020.0,275.0
31891010,39.46,40.36,2022-04-07,FBNC,FIRST BANCORP NC,6020.0,275.0
31891010,38.99,39.88,2022-04-08,FBNC,FIRST BANCORP NC,6020.0,275.0
31891010,39.23,39.06,2022-04-11,FBNC,FIRST BANCORP NC,6020.0,275.0
31891010,38.85,39.34,2022-04-12,FBNC,FIRST BANCORP NC,6020.0,275.0
31891010,39.26,38.7,2022-04-13,FBNC,FIRST BANCORP NC,6020.0,275.0
31891010,38.74,39.39,2022-04-14,FBNC,FIRST BANCORP NC,6020.0,275.0
31891010,38.82,38.74,2022-04-18,FBNC,FIRST BANCORP NC,6020.0,275.0
31891010,40.06,39.02,2022-04-19,FBNC,FIRST BANCORP NC,6020.0,275.0
31891010,40.41,40.41,2022-04-20,FBNC,FIRST BANCORP NC,6020.0,275.0
31891010,39.81,40.75,2022-04-21,FBNC,FIRST BANCORP NC,6020.0,275.0
31891010,38.83,39.79,2022-04-22,FBNC,FIRST BANCORP NC,6020.0,275.0
31891010,38.63,38.55,2022-04-25,FBNC,FIRST BANCORP NC,6020.0,275.0
31891010,37.68,38.15,2022-04-26,FBNC,FIRST BANCORP NC,6020.0,275.0
31891010,37.51,37.38,2022-04-27,FBNC,FIRST BANCORP NC,6020.0,275.0
31891010,38.95,38.14,2022-04-28,FBNC,FIRST BANCORP NC,6020.0,275.0
31891010,37.46,38.64,2022-04-29,FBNC,FIRST BANCORP NC,6020.0,275.0
31891010,37.64,37.5,2022-05-02,FBNC,FIRST BANCORP NC,6020.0,275.0
31891010,37.66,37.5,2022-05-03,FBNC,FIRST BANCORP NC,6020.0,275.0
31891010,38.55,37.88,2022-05-04,FBNC,FIRST BANCORP NC,6020.0,275.0
31891010,37.98,38.14,2022-05-05,FBNC,FIRST BANCORP NC,6020.0,275.0
31891010,37.41,38.14,2022-05-06,FBNC,FIRST BANCORP NC,6020.0,275.0
31891010,37.46,36.9,2022-05-09,FBNC,FIRST BANCORP NC,6020.0,275.0
31891010,36.84,37.69,2022-05-10,FBNC,FIRST BANCORP NC,6020.0,275.0
31891010,36.57,37.04,2022-05-11,FBNC,FIRST BANCORP NC,6020.0,275.0
31891010,36.48,36.49,2022-05-12,FBNC,FIRST BANCORP NC,6020.0,275.0
31891010,36.26,36.77,2022-05-13,FBNC,FIRST BANCORP NC,6020.0,275.0
31891010,36.07,36.17,2022-05-16,FBNC,FIRST BANCORP NC,6020.0,275.0
31891010,37.4,36.77,2022-05-17,FBNC,FIRST BANCORP NC,6020.0,275.0
31891010,36.63,36.82,2022-05-18,FBNC,FIRST BANCORP NC,6020.0,275.0
31891010,36.02,36.23,2022-05-19,FBNC,FIRST BANCORP NC,6020.0,275.0
31891010,36.44,36.3,2022-05-20,FBNC,FIRST BANCORP NC,6020.0,275.0
31891010,36.62,37.11,2022-05-23,FBNC,FIRST BANCORP NC,6020.0,275.0
31891010,36.65,36.38,2022-05-24,FBNC,FIRST BANCORP NC,6020.0,275.0
31891010,36.76,36.68,2022-05-25,FBNC,FIRST BANCORP NC,6020.0,275.0
31891010,37.05,37.01,2022-05-26,FBNC,FIRST BANCORP NC,6020.0,275.0
31891010,37.75,37.17,2022-05-27,FBNC,FIRST BANCORP NC,6020.0,275.0
31891010,37.47,37.37,2022-05-31,FBNC,FIRST BANCORP NC,6020.0,275.0
31891010,37.12,37.71,2022-06-01,FBNC,FIRST BANCORP NC,6020.0,275.0
31891010,37.81,37.17,2022-06-02,FBNC,FIRST BANCORP NC,6020.0,275.0
31891010,37.16,37.66,2022-06-03,FBNC,FIRST BANCORP NC,6020.0,275.0
31891010,37.62,37.43,2022-06-06,FBNC,FIRST BANCORP NC,6020.0,275.0
31891010,38.17,37.3,2022-06-07,FBNC,FIRST BANCORP NC,6020.0,275.0
31891010,37.49,38.12,2022-06-08,FBNC,FIRST BANCORP NC,6020.0,275.0
31891010,36.15,37.21,2022-06-09,FBNC,FIRST BANCORP NC,6020.0,275.0
31891010,35.36,35.53,2022-06-10,FBNC,FIRST BANCORP NC,6020.0,275.0
31891010,34.65,34.54,2022-06-13,FBNC,FIRST BANCORP NC,6020.0,275.0
31891010,34.8,34.62,2022-06-14,FBNC,FIRST BANCORP NC,6020.0,275.0
31891010,35.24,35.25,2022-06-15,FBNC,FIRST BANCORP NC,6020.0,275.0
31891010,34.03,35.675,2022-06-16,FBNC,FIRST BANCORP NC,6020.0,275.0
31891010,34.54,34.4,2022-06-17,FBNC,FIRST BANCORP NC,6020.0,275.0
31891010,35.26,35.22,2022-06-21,FBNC,FIRST BANCORP NC,6020.0,275.0
31891010,34.97,34.96,2022-06-22,FBNC,FIRST BANCORP NC,6020.0,275.0
31891010,34.77,34.95,2022-06-23,FBNC,FIRST BANCORP NC,6020.0,275.0
31891010,34.89,34.9,2022-06-24,FBNC,FIRST BANCORP NC,6020.0,275.0
31891010,35.66,35.23,2022-06-27,FBNC,FIRST BANCORP NC,6020.0,275.0
31891010,35.16,35.84,2022-06-28,FBNC,FIRST BANCORP NC,6020.0,275.0
31891010,34.71,34.88,2022-06-29,FBNC,FIRST BANCORP NC,6020.0,275.0
31891010,34.9,34.32,2022-06-30,FBNC,FIRST BANCORP NC,6020.0,275.0
31891010,35.59,34.64,2022-07-01,FBNC,FIRST BANCORP NC,6020.0,275.0
31891010,35.67,35.24,2022-07-05,FBNC,FIRST BANCORP NC,6020.0,275.0
31891010,35.29,35.65,2022-07-06,FBNC,FIRST BANCORP NC,6020.0,275.0
31891010,35.15,35.69,2022-07-07,FBNC,FIRST BANCORP NC,6020.0,275.0
31891010,35.08,35.27,2022-07-08,FBNC,FIRST BANCORP NC,6020.0,275.0
31891010,34.64,34.67,2022-07-11,FBNC,FIRST BANCORP NC,6020.0,275.0
31891010,34.79,34.37,2022-07-12,FBNC,FIRST BANCORP NC,6020.0,275.0
31891010,34.12,34.53,2022-07-13,FBNC,FIRST BANCORP NC,6020.0,275.0
31891010,33.36,33.53,2022-07-14,FBNC,FIRST BANCORP NC,6020.0,275.0
31891010,34.59,34.04,2022-07-15,FBNC,FIRST BANCORP NC,6020.0,275.0
31891010,34.9,35.05,2022-07-18,FBNC,FIRST BANCORP NC,6020.0,275.0
31891010,35.62,35.32,2022-07-19,FBNC,FIRST BANCORP NC,6020.0,275.0
31891010,36.52,35.38,2022-07-20,FBNC,FIRST BANCORP NC,6020.0,275.0
31891010,36.31,36.35,2022-07-21,FBNC,FIRST BANCORP NC,6020.0,275.0
31891010,35.89,36.36,2022-07-22,FBNC,FIRST BANCORP NC,6020.0,275.0
31891010,36.46,36.17,2022-07-25,FBNC,FIRST BANCORP NC,6020.0,275.0
31891010,36.72,36.12,2022-07-26,FBNC,FIRST BANCORP NC,6020.0,275.0
31891010,37.2,36.64,2022-07-27,FBNC,FIRST BANCORP NC,6020.0,275.0
31891010,37.61,37.23,2022-07-28,FBNC,FIRST BANCORP NC,6020.0,275.0
31891010,37.88,37.47,2022-07-29,FBNC,FIRST BANCORP NC,6020.0,275.0
31891010,36.97,36.86,2022-08-01,FBNC,FIRST BANCORP NC,6020.0,275.0
31891010,35.67,36.98,2022-08-02,FBNC,FIRST BANCORP NC,6020.0,275.0
31891010,36.28,35.73,2022-08-03,FBNC,FIRST BANCORP NC,6020.0,275.0
31891010,36.21,36.35,2022-08-04,FBNC,FIRST BANCORP NC,6020.0,275.0
31891010,36.43,36.19,2022-08-05,FBNC,FIRST BANCORP NC,6020.0,275.0
31891010,36.22,36.56,2022-08-08,FBNC,FIRST BANCORP NC,6020.0,275.0
31891010,36.29,36.32,2022-08-09,FBNC,FIRST BANCORP NC,6020.0,275.0
31891010,36.74,36.7,2022-08-10,FBNC,FIRST BANCORP NC,6020.0,275.0
31891010,37.38,37.19,2022-08-11,FBNC,FIRST BANCORP NC,6020.0,275.0
31891010,37.91,37.75,2022-08-12,FBNC,FIRST BANCORP NC,6020.0,275.0
31891010,38.31,37.59,2022-08-15,FBNC,FIRST BANCORP NC,6020.0,275.0
31891010,38.86,38.11,2022-08-16,FBNC,FIRST BANCORP NC,6020.0,275.0
31891010,38.61,38.6,2022-08-17,FBNC,FIRST BANCORP NC,6020.0,275.0
31891010,39.53,39.46,2022-08-18,FBNC,FIRST BANCORP NC,6020.0,275.0
31891010,38.73,39.12,2022-08-19,FBNC,FIRST BANCORP NC,6020.0,275.0
31891010,37.44,38.04,2022-08-22,FBNC,FIRST BANCORP NC,6020.0,275.0
31891010,37.11,37.58,2022-08-23,FBNC,FIRST BANCORP NC,6020.0,275.0
31891010,37.09,36.94,2022-08-24,FBNC,FIRST BANCORP NC,6020.0,275.0
31891010,37.88,37.11,2022-08-25,FBNC,FIRST BANCORP NC,6020.0,275.0
31891010,37.08,37.84,2022-08-26,FBNC,FIRST BANCORP NC,6020.0,275.0
31891010,36.47,36.89,2022-08-29,FBNC,FIRST BANCORP NC,6020.0,275.0
31891010,36.69,36.43,2022-08-30,FBNC,FIRST BANCORP NC,6020.0,275.0
31891010,36.41,36.67,2022-08-31,FBNC,FIRST BANCORP NC,6020.0,275.0
31891010,36.06,36.26,2022-09-01,FBNC,FIRST BANCORP NC,6020.0,275.0
31891010,36.13,36.34,2022-09-02,FBNC,FIRST BANCORP NC,6020.0,275.0
31891010,35.46,36.17,2022-09-06,FBNC,FIRST BANCORP NC,6020.0,275.0
31891010,35.96,35.27,2022-09-07,FBNC,FIRST BANCORP NC,6020.0,275.0
31891010,36.55,35.82,2022-09-08,FBNC,FIRST BANCORP NC,6020.0,275.0
31891010,37.27,36.7,2022-09-09,FBNC,FIRST BANCORP NC,6020.0,275.0
31891010,37.63,37.36,2022-09-12,FBNC,FIRST BANCORP NC,6020.0,275.0
31891010,36.5,36.96,2022-09-13,FBNC,FIRST BANCORP NC,6020.0,275.0
31891010,36.9,36.41,2022-09-14,FBNC,FIRST BANCORP NC,6020.0,275.0
31891010,37.39,36.81,2022-09-15,FBNC,FIRST BANCORP NC,6020.0,275.0
31891010,38.23,37.31,2022-09-16,FBNC,FIRST BANCORP NC,6020.0,275.0
31891010,39.02,37.75,2022-09-19,FBNC,FIRST BANCORP NC,6020.0,275.0
31891010,38.94,38.94,2022-09-20,FBNC,FIRST BANCORP NC,6020.0,275.0
31891010,38.8,39.24,2022-09-21,FBNC,FIRST BANCORP NC,6020.0,275.0
31891010,38.12,38.85,2022-09-22,FBNC,FIRST BANCORP NC,6020.0,275.0
31891010,38.22,37.71,2022-09-23,FBNC,FIRST BANCORP NC,6020.0,275.0
31891010,38.22,37.87,2022-09-26,FBNC,FIRST BANCORP NC,6020.0,275.0
31891010,37.84,38.35,2022-09-27,FBNC,FIRST BANCORP NC,6020.0,275.0
31891010,38.06,37.8,2022-09-28,FBNC,FIRST BANCORP NC,6020.0,275.0
31891010,36.56,37.46,2022-09-29,FBNC,FIRST BANCORP NC,6020.0,275.0
31891010,36.58,36.63,2022-09-30,FBNC,FIRST BANCORP NC,6020.0,275.0
31891010,36.88,37.13,2022-10-03,FBNC,FIRST BANCORP NC,6020.0,275.0
31891010,38.35,37.09,2022-10-04,FBNC,FIRST BANCORP NC,6020.0,275.0
31891010,37.73,37.91,2022-10-05,FBNC,FIRST BANCORP NC,6020.0,275.0
31891010,38.21,37.5,2022-10-06,FBNC,FIRST BANCORP NC,6020.0,275.0
31891010,37.6,38.15,2022-10-07,FBNC,FIRST BANCORP NC,6020.0,275.0
31891010,38.51,37.96,2022-10-10,FBNC,FIRST BANCORP NC,6020.0,275.0
31891010,39.1,38.39,2022-10-11,FBNC,FIRST BANCORP NC,6020.0,275.0
31891010,39.6,39.08,2022-10-12,FBNC,FIRST BANCORP NC,6020.0,275.0
31891010,41.19,39.1,2022-10-13,FBNC,FIRST BANCORP NC,6020.0,275.0
31891010,40.85,41.44,2022-10-14,FBNC,FIRST BANCORP NC,6020.0,275.0
31891010,41.44,41.25,2022-10-17,FBNC,FIRST BANCORP NC,6020.0,275.0
31891010,41.48,41.84,2022-10-18,FBNC,FIRST BANCORP NC,6020.0,275.0
31891010,41.28,41.09,2022-10-19,FBNC,FIRST BANCORP NC,6020.0,275.0
31891010,39.89,41.12,2022-10-20,FBNC,FIRST BANCORP NC,6020.0,275.0
31891010,40.77,40.24,2022-10-21,FBNC,FIRST BANCORP NC,6020.0,275.0
31891010,41.13,40.82,2022-10-24,FBNC,FIRST BANCORP NC,6020.0,275.0
31891010,41.29,40.95,2022-10-25,FBNC,FIRST BANCORP NC,6020.0,275.0
31891010,40.67,41.51,2022-10-26,FBNC,FIRST BANCORP NC,6020.0,275.0
31891010,43.04,42.71,2022-10-27,FBNC,FIRST BANCORP NC,6020.0,275.0
31891010,44.41,43.16,2022-10-28,FBNC,FIRST BANCORP NC,6020.0,275.0
31891010,44.57,44.28,2022-10-31,FBNC,FIRST BANCORP NC,6020.0,275.0
31891010,44.34,44.94,2022-11-01,FBNC,FIRST BANCORP NC,6020.0,275.0
31891010,43.88,44.11,2022-11-02,FBNC,FIRST BANCORP NC,6020.0,275.0
31891010,43.73,43.48,2022-11-03,FBNC,FIRST BANCORP NC,6020.0,275.0
31891010,45.53,44.17,2022-11-04,FBNC,FIRST BANCORP NC,6020.0,275.0
31891010,45.75,45.85,2022-11-07,FBNC,FIRST BANCORP NC,6020.0,275.0
31891010,45.91,45.92,2022-11-08,FBNC,FIRST BANCORP NC,6020.0,275.0
31891010,45.62,45.64,2022-11-09,FBNC,FIRST BANCORP NC,6020.0,275.0
31891010,47.18,46.68,2022-11-10,FBNC,FIRST BANCORP NC,6020.0,275.0
31891010,46.37,47.24,2022-11-11,FBNC,FIRST BANCORP NC,6020.0,275.0
31891010,46.0,46.22,2022-11-14,FBNC,FIRST BANCORP NC,6020.0,275.0
31891010,46.27,46.48,2022-11-15,FBNC,FIRST BANCORP NC,6020.0,275.0
31891010,46.34,46.12,2022-11-16,FBNC,FIRST BANCORP NC,6020.0,275.0
31891010,46.61,46.03,2022-11-17,FBNC,FIRST BANCORP NC,6020.0,275.0
31891010,46.95,47.22,2022-11-18,FBNC,FIRST BANCORP NC,6020.0,275.0
31891010,47.72,46.74,2022-11-21,FBNC,FIRST BANCORP NC,6020.0,275.0
31891010,48.47,47.63,2022-11-22,FBNC,FIRST BANCORP NC,6020.0,275.0
31891010,48.36,48.49,2022-11-23,FBNC,FIRST BANCORP NC,6020.0,275.0
31891010,48.81,48.6,2022-11-25,FBNC,FIRST BANCORP NC,6020.0,275.0
31891010,48.09,48.47,2022-11-28,FBNC,FIRST BANCORP NC,6020.0,275.0
31891010,47.75,48.13,2022-11-29,FBNC,FIRST BANCORP NC,6020.0,275.0
31891010,48.63,47.83,2022-11-30,FBNC,FIRST BANCORP NC,6020.0,275.0
31891010,48.35,48.55,2022-12-01,FBNC,FIRST BANCORP NC,6020.0,275.0
31891010,48.38,47.85,2022-12-02,FBNC,FIRST BANCORP NC,6020.0,275.0
31891010,47.08,47.94,2022-12-05,FBNC,FIRST BANCORP NC,6020.0,275.0
31891010,47.32,46.89,2022-12-06,FBNC,FIRST BANCORP NC,6020.0,275.0
31891010,46.46,46.93,2022-12-07,FBNC,FIRST BANCORP NC,6020.0,275.0
31891010,46.44,46.64,2022-12-08,FBNC,FIRST BANCORP NC,6020.0,275.0
31891010,46.19,46.23,2022-12-09,FBNC,FIRST BANCORP NC,6020.0,275.0
31891010,45.45,46.41,2022-12-12,FBNC,FIRST BANCORP NC,6020.0,275.0
31891010,44.95,46.12,2022-12-13,FBNC,FIRST BANCORP NC,6020.0,275.0
31891010,43.12,45.03,2022-12-14,FBNC,FIRST BANCORP NC,6020.0,275.0
31891010,41.76,42.84,2022-12-15,FBNC,FIRST BANCORP NC,6020.0,275.0
31891010,41.51,41.54,2022-12-16,FBNC,FIRST BANCORP NC,6020.0,275.0
31891010,42.88,41.49,2022-12-19,FBNC,FIRST BANCORP NC,6020.0,275.0
31891010,42.42,42.88,2022-12-20,FBNC,FIRST BANCORP NC,6020.0,275.0
31891010,43.12,42.78,2022-12-21,FBNC,FIRST BANCORP NC,6020.0,275.0
31891010,42.92,42.9,2022-12-22,FBNC,FIRST BANCORP NC,6020.0,275.0
31891010,43.37,42.8,2022-12-23,FBNC,FIRST BANCORP NC,6020.0,275.0
31891010,43.49,43.6,2022-12-27,FBNC,FIRST BANCORP NC,6020.0,275.0
31891010,42.78,43.67,2022-12-28,FBNC,FIRST BANCORP NC,6020.0,275.0
31891010,43.36,42.81,2022-12-29,FBNC,FIRST BANCORP NC,6020.0,275.0
31891010,42.84,43.17,2022-12-30,FBNC,FIRST BANCORP NC,6020.0,275.0
31891010,41.96,43.02,2023-01-03,FBNC,FIRST BANCORP NC,6020.0,275.0
31891010,41.03,42.32,2023-01-04,FBNC,FIRST BANCORP NC,6020.0,275.0
31891010,40.5,40.65,2023-01-05,FBNC,FIRST BANCORP NC,6020.0,275.0
31891010,41.46,40.93,2023-01-06,FBNC,FIRST BANCORP NC,6020.0,275.0
31891010,41.09,41.74,2023-01-09,FBNC,FIRST BANCORP NC,6020.0,275.0
31891010,41.53,41.07,2023-01-10,FBNC,FIRST BANCORP NC,6020.0,275.0
31891010,41.69,41.55,2023-01-11,FBNC,FIRST BANCORP NC,6020.0,275.0
31891010,42.46,41.95,2023-01-12,FBNC,FIRST BANCORP NC,6020.0,275.0
31891010,42.42,41.98,2023-01-13,FBNC,FIRST BANCORP NC,6020.0,275.0
31891010,41.64,42.21,2023-01-17,FBNC,FIRST BANCORP NC,6020.0,275.0
31891010,40.04,41.47,2023-01-18,FBNC,FIRST BANCORP NC,6020.0,275.0
31891010,39.24,39.78,2023-01-19,FBNC,FIRST BANCORP NC,6020.0,275.0
31891010,39.43,39.79,2023-01-20,FBNC,FIRST BANCORP NC,6020.0,275.0
31891010,39.52,39.5,2023-01-23,FBNC,FIRST BANCORP NC,6020.0,275.0
31891010,39.81,39.38,2023-01-24,FBNC,FIRST BANCORP NC,6020.0,275.0
31891010,38.51,40.87,2023-01-25,FBNC,FIRST BANCORP NC,6020.0,275.0
31891010,38.14,38.47,2023-01-26,FBNC,FIRST BANCORP NC,6020.0,275.0
31891010,38.41,38.21,2023-01-27,FBNC,FIRST BANCORP NC,6020.0,275.0
31891010,38.74,38.26,2023-01-30,FBNC,FIRST BANCORP NC,6020.0,275.0
31891010,39.85,38.8,2023-01-31,FBNC,FIRST BANCORP NC,6020.0,275.0
31891010,41.04,39.64,2023-02-01,FBNC,FIRST BANCORP NC,6020.0,275.0
31891010,42.22,41.04,2023-02-02,FBNC,FIRST BANCORP NC,6020.0,275.0
31891010,42.97,41.99,2023-02-03,FBNC,FIRST BANCORP NC,6020.0,275.0
31891010,42.45,42.66,2023-02-06,FBNC,FIRST BANCORP NC,6020.0,275.0
31891010,43.24,42.39,2023-02-07,FBNC,FIRST BANCORP NC,6020.0,275.0
31891010,42.52,43.01,2023-02-08,FBNC,FIRST BANCORP NC,6020.0,275.0
31891010,42.46,42.68,2023-02-09,FBNC,FIRST BANCORP NC,6020.0,275.0
31891010,42.02,42.34,2023-02-10,FBNC,FIRST BANCORP NC,6020.0,275.0
31891010,42.66,41.94,2023-02-13,FBNC,FIRST BANCORP NC,6020.0,275.0
31891010,41.81,42.41,2023-02-14,FBNC,FIRST BANCORP NC,6020.0,275.0
31891010,42.34,41.58,2023-02-15,FBNC,FIRST BANCORP NC,6020.0,275.0
31891010,41.42,41.89,2023-02-16,FBNC,FIRST BANCORP NC,6020.0,275.0
31891010,41.73,41.6,2023-02-17,FBNC,FIRST BANCORP NC,6020.0,275.0
31891010,41.06,41.34,2023-02-21,FBNC,FIRST BANCORP NC,6020.0,275.0
31891010,40.08,41.03,2023-02-22,FBNC,FIRST BANCORP NC,6020.0,275.0
31891010,39.89,40.17,2023-02-23,FBNC,FIRST BANCORP NC,6020.0,275.0
31891010,39.84,39.47,2023-02-24,FBNC,FIRST BANCORP NC,6020.0,275.0
31891010,40.56,39.99,2023-02-27,FBNC,FIRST BANCORP NC,6020.0,275.0
31891010,41.49,40.53,2023-02-28,FBNC,FIRST BANCORP NC,6020.0,275.0
31891010,41.48,41.16,2023-03-01,FBNC,FIRST BANCORP NC,6020.0,275.0
31891010,41.31,41.08,2023-03-02,FBNC,FIRST BANCORP NC,6020.0,275.0
31891010,41.59,41.5,2023-03-03,FBNC,FIRST BANCORP NC,6020.0,275.0
31891010,41.34,41.71,2023-03-06,FBNC,FIRST BANCORP NC,6020.0,275.0
31891010,41.12,41.18,2023-03-07,FBNC,FIRST BANCORP NC,6020.0,275.0
31891010,40.55,41.15,2023-03-08,FBNC,FIRST BANCORP NC,6020.0,275.0
31891010,38.49,40.33,2023-03-09,FBNC,FIRST BANCORP NC,6020.0,275.0
31891010,38.37,37.9,2023-03-10,FBNC,FIRST BANCORP NC,6020.0,275.0
31891010,36.89,36.65,2023-03-13,FBNC,FIRST BANCORP NC,6020.0,275.0
31891010,36.63,39.58,2023-03-14,FBNC,FIRST BANCORP NC,6020.0,275.0
31891010,36.08,35.1,2023-03-15,FBNC,FIRST BANCORP NC,6020.0,275.0
31891010,37.2,35.55,2023-03-16,FBNC,FIRST BANCORP NC,6020.0,275.0
31891010,35.63,36.57,2023-03-17,FBNC,FIRST BANCORP NC,6020.0,275.0
31891010,35.85,35.95,2023-03-20,FBNC,FIRST BANCORP NC,6020.0,275.0
31891010,37.21,37.1,2023-03-21,FBNC,FIRST BANCORP NC,6020.0,275.0
31891010,35.33,37.15,2023-03-22,FBNC,FIRST BANCORP NC,6020.0,275.0
31891010,35.19,35.69,2023-03-23,FBNC,FIRST BANCORP NC,6020.0,275.0
31891010,36.5,34.82,2023-03-24,FBNC,FIRST BANCORP NC,6020.0,275.0
31891010,36.12,37.2,2023-03-27,FBNC,FIRST BANCORP NC,6020.0,275.0
31891010,36.22,35.96,2023-03-28,FBNC,FIRST BANCORP NC,6020.0,275.0
31891010,36.13,36.28,2023-03-29,FBNC,FIRST BANCORP NC,6020.0,275.0
31891010,35.27,36.34,2023-03-30,FBNC,FIRST BANCORP NC,6020.0,275.0
31891010,35.52,35.6,2023-03-31,FBNC,FIRST BANCORP NC,6020.0,275.0
31891010,35.7,35.73,2023-04-03,FBNC,FIRST BANCORP NC,6020.0,275.0
31891010,34.98,35.7,2023-04-04,FBNC,FIRST BANCORP NC,6020.0,275.0
31891010,34.2,34.54,2023-04-05,FBNC,FIRST BANCORP NC,6020.0,275.0
31891010,34.7,34.16,2023-04-06,FBNC,FIRST BANCORP NC,6020.0,275.0
31891010,34.71,34.38,2023-04-10,FBNC,FIRST BANCORP NC,6020.0,275.0
31891010,34.4,34.92,2023-04-11,FBNC,FIRST BANCORP NC,6020.0,275.0
31891010,34.14,34.6,2023-04-12,FBNC,FIRST BANCORP NC,6020.0,275.0
31891010,34.35,34.11,2023-04-13,FBNC,FIRST BANCORP NC,6020.0,275.0
31891010,33.31,34.6,2023-04-14,FBNC,FIRST BANCORP NC,6020.0,275.0
31891010,33.5,33.26,2023-04-17,FBNC,FIRST BANCORP NC,6020.0,275.0
31891010,32.8,33.6,2023-04-18,FBNC,FIRST BANCORP NC,6020.0,275.0
31891010,33.82,32.84,2023-04-19,FBNC,FIRST BANCORP NC,6020.0,275.0
31891010,33.68,33.61,2023-04-20,FBNC,FIRST BANCORP NC,6020.0,275.0
31891010,32.85,33.55,2023-04-21,FBNC,FIRST BANCORP NC,6020.0,275.0
31891010,32.37,32.65,2023-04-24,FBNC,FIRST BANCORP NC,6020.0,275.0
31891010,31.72,32.12,2023-04-25,FBNC,FIRST BANCORP NC,6020.0,275.0
31891010,31.44,32.08,2023-04-26,FBNC,FIRST BANCORP NC,6020.0,275.0
31891010,29.94,29.51,2023-04-27,FBNC,FIRST BANCORP NC,6020.0,275.0
31891010,30.78,30.04,2023-04-28,FBNC,FIRST BANCORP NC,6020.0,275.0
31891010,30.93,30.67,2023-05-01,FBNC,FIRST BANCORP NC,6020.0,275.0
31891010,28.9,30.79,2023-05-02,FBNC,FIRST BANCORP NC,6020.0,275.0
31891010,28.47,29.04,2023-05-03,FBNC,FIRST BANCORP NC,6020.0,275.0
31891010,27.88,27.82,2023-05-04,FBNC,FIRST BANCORP NC,6020.0,275.0
31891010,29.08,28.72,2023-05-05,FBNC,FIRST BANCORP NC,6020.0,275.0
31891010,28.4,29.45,2023-05-08,FBNC,FIRST BANCORP NC,6020.0,275.0
31891010,27.67,28.24,2023-05-09,FBNC,FIRST BANCORP NC,6020.0,275.0
31891010,27.49,28.05,2023-05-10,FBNC,FIRST BANCORP NC,6020.0,275.0
31891010,27.48,27.06,2023-05-11,FBNC,FIRST BANCORP NC,6020.0,275.0
31891010,27.29,27.65,2023-05-12,FBNC,FIRST BANCORP NC,6020.0,275.0
31891010,28.06,27.41,2023-05-15,FBNC,FIRST BANCORP NC,6020.0,275.0
31891010,27.9,28.15,2023-05-16,FBNC,FIRST BANCORP NC,6020.0,275.0
31891010,30.2,28.34,2023-05-17,FBNC,FIRST BANCORP NC,6020.0,275.0
31891010,30.94,30.22,2023-05-18,FBNC,FIRST BANCORP NC,6020.0,275.0
31891010,30.18,31.3,2023-05-19,FBNC,FIRST BANCORP NC,6020.0,275.0
31891010,31.06,30.45,2023-05-22,FBNC,FIRST BANCORP NC,6020.0,275.0
31891010,32.0,31.06,2023-05-23,FBNC,FIRST BANCORP NC,6020.0,275.0
31891010,31.7,31.76,2023-05-24,FBNC,FIRST BANCORP NC,6020.0,275.0
31891010,31.24,31.5,2023-05-25,FBNC,FIRST BANCORP NC,6020.0,275.0
31891010,31.34,31.0,2023-05-26,FBNC,FIRST BANCORP NC,6020.0,275.0
31891010,30.92,31.29,2023-05-30,FBNC,FIRST BANCORP NC,6020.0,275.0
31891010,30.1,30.67,2023-05-31,FBNC,FIRST BANCORP NC,6020.0,275.0
31891010,30.69,30.37,2023-06-01,FBNC,FIRST BANCORP NC,6020.0,275.0
31891010,33.17,31.06,2023-06-02,FBNC,FIRST BANCORP NC,6020.0,275.0
31891010,31.52,33.0,2023-06-05,FBNC,FIRST BANCORP NC,6020.0,275.0
31891010,33.2,31.61,2023-06-06,FBNC,FIRST BANCORP NC,6020.0,275.0
31891010,35.24,33.72,2023-06-07,FBNC,FIRST BANCORP NC,6020.0,275.0
31891010,33.73,35.02,2023-06-08,FBNC,FIRST BANCORP NC,6020.0,275.0
31891010,32.74,33.71,2023-06-09,FBNC,FIRST BANCORP NC,6020.0,275.0
31891010,33.1,32.87,2023-06-12,FBNC,FIRST BANCORP NC,6020.0,275.0
31891010,34.25,33.37,2023-06-13,FBNC,FIRST BANCORP NC,6020.0,275.0
31891010,33.27,34.25,2023-06-14,FBNC,FIRST BANCORP NC,6020.0,275.0
31891010,33.94,33.07,2023-06-15,FBNC,FIRST BANCORP NC,6020.0,275.0
31891010,34.04,34.17,2023-06-16,FBNC,FIRST BANCORP NC,6020.0,275.0
31891010,32.79,33.94,2023-06-20,FBNC,FIRST BANCORP NC,6020.0,275.0
31891010,32.4,32.63,2023-06-21,FBNC,FIRST BANCORP NC,6020.0,275.0
31891010,31.42,32.34,2023-06-22,FBNC,FIRST BANCORP NC,6020.0,275.0
31891010,30.19,30.97,2023-06-23,FBNC,FIRST BANCORP NC,6020.0,275.0
31891010,30.35,30.32,2023-06-26,FBNC,FIRST BANCORP NC,6020.0,275.0
31891010,31.09,30.37,2023-06-27,FBNC,FIRST BANCORP NC,6020.0,275.0
31891010,30.4,30.99,2023-06-28,FBNC,FIRST BANCORP NC,6020.0,275.0
31891010,30.69,30.0,2023-06-29,FBNC,FIRST BANCORP NC,6020.0,275.0
31891010,29.75,30.99,2023-06-30,FBNC,FIRST BANCORP NC,6020.0,275.0
31891010,30.3,29.75,2023-07-03,FBNC,FIRST BANCORP NC,6020.0,275.0
31891010,30.05,30.21,2023-07-05,FBNC,FIRST BANCORP NC,6020.0,275.0
31891010,29.64,29.59,2023-07-06,FBNC,FIRST BANCORP NC,6020.0,275.0
31891010,30.44,29.73,2023-07-07,FBNC,FIRST BANCORP NC,6020.0,275.0
31891010,30.44,30.24,2023-07-10,FBNC,FIRST BANCORP NC,6020.0,275.0
31891010,30.68,30.44,2023-07-11,FBNC,FIRST BANCORP NC,6020.0,275.0
31891010,31.5,31.29,2023-07-12,FBNC,FIRST BANCORP NC,6020.0,275.0
31891010,32.02,31.71,2023-07-13,FBNC,FIRST BANCORP NC,6020.0,275.0
31891010,31.72,32.28,2023-07-14,FBNC,FIRST BANCORP NC,6020.0,275.0
31891010,31.97,31.46,2023-07-17,FBNC,FIRST BANCORP NC,6020.0,275.0
31891010,33.14,31.97,2023-07-18,FBNC,FIRST BANCORP NC,6020.0,275.0
31891010,34.28,33.35,2023-07-19,FBNC,FIRST BANCORP NC,6020.0,275.0
31891010,34.15,34.24,2023-07-20,FBNC,FIRST BANCORP NC,6020.0,275.0
31891010,33.55,34.37,2023-07-21,FBNC,FIRST BANCORP NC,6020.0,275.0
31891010,34.39,33.42,2023-07-24,FBNC,FIRST BANCORP NC,6020.0,275.0
31891010,34.32,34.38,2023-07-25,FBNC,FIRST BANCORP NC,6020.0,275.0
31891010,35.45,34.32,2023-07-26,FBNC,FIRST BANCORP NC,6020.0,275.0
31891010,34.19,35.23,2023-07-27,FBNC,FIRST BANCORP NC,6020.0,275.0
31891010,34.35,34.54,2023-07-28,FBNC,FIRST BANCORP NC,6020.0,275.0
31891010,33.08,33.45,2023-07-31,FBNC,FIRST BANCORP NC,6020.0,275.0
31891010,32.73,33.02,2023-08-01,FBNC,FIRST BANCORP NC,6020.0,275.0
31891010,32.6,32.27,2023-08-02,FBNC,FIRST BANCORP NC,6020.0,275.0
31891010,33.07,32.46,2023-08-03,FBNC,FIRST BANCORP NC,6020.0,275.0
31891010,33.73,32.95,2023-08-04,FBNC,FIRST BANCORP NC,6020.0,275.0
31891010,34.09,33.53,2023-08-07,FBNC,FIRST BANCORP NC,6020.0,275.0
31891010,32.79,33.45,2023-08-08,FBNC,FIRST BANCORP NC,6020.0,275.0
31891010,32.58,32.65,2023-08-09,FBNC,FIRST BANCORP NC,6020.0,275.0
31891010,32.43,32.67,2023-08-10,FBNC,FIRST BANCORP NC,6020.0,275.0
31891010,32.38,32.18,2023-08-11,FBNC,FIRST BANCORP NC,6020.0,275.0
31891010,31.98,32.16,2023-08-14,FBNC,FIRST BANCORP NC,6020.0,275.0
31891010,30.69,31.53,2023-08-15,FBNC,FIRST BANCORP NC,6020.0,275.0
31891010,30.32,30.58,2023-08-16,FBNC,FIRST BANCORP NC,6020.0,275.0
31891010,30.85,30.52,2023-08-17,FBNC,FIRST BANCORP NC,6020.0,275.0
31891010,31.22,30.53,2023-08-18,FBNC,FIRST BANCORP NC,6020.0,275.0
31891010,30.23,31.22,2023-08-21,FBNC,FIRST BANCORP NC,6020.0,275.0
31891010,29.22,30.09,2023-08-22,FBNC,FIRST BANCORP NC,6020.0,275.0
31891010,29.14,29.17,2023-08-23,FBNC,FIRST BANCORP NC,6020.0,275.0
31891010,29.62,29.0,2023-08-24,FBNC,FIRST BANCORP NC,6020.0,275.0
31891010,29.47,29.81,2023-08-25,FBNC,FIRST BANCORP NC,6020.0,275.0
31891010,29.98,29.66,2023-08-28,FBNC,FIRST BANCORP NC,6020.0,275.0
31891010,29.79,30.06,2023-08-29,FBNC,FIRST BANCORP NC,6020.0,275.0
31891010,29.63,29.71,2023-08-30,FBNC,FIRST BANCORP NC,6020.0,275.0
31891010,29.64,29.64,2023-08-31,FBNC,FIRST BANCORP NC,6020.0,275.0
31891010,30.56,29.83,2023-09-01,FBNC,FIRST BANCORP NC,6020.0,275.0
31891010,29.51,30.16,2023-09-05,FBNC,FIRST BANCORP NC,6020.0,275.0
31891010,28.8,29.555,2023-09-06,FBNC,FIRST BANCORP NC,6020.0,275.0
31891010,27.75,28.76,2023-09-07,FBNC,FIRST BANCORP NC,6020.0,275.0
31891010,27.73,27.83,2023-09-08,FBNC,FIRST BANCORP NC,6020.0,275.0
31891010,27.49,27.82,2023-09-11,FBNC,FIRST BANCORP NC,6020.0,275.0
31891010,27.92,27.56,2023-09-12,FBNC,FIRST BANCORP NC,6020.0,275.0
31891010,27.67,28.09,2023-09-13,FBNC,FIRST BANCORP NC,6020.0,275.0
31891010,29.29,28.7,2023-09-14,FBNC,FIRST BANCORP NC,6020.0,275.0
31891010,28.66,29.24,2023-09-15,FBNC,FIRST BANCORP NC,6020.0,275.0
31891010,27.94,28.72,2023-09-18,FBNC,FIRST BANCORP NC,6020.0,275.0
31891010,27.75,28.03,2023-09-19,FBNC,FIRST BANCORP NC,6020.0,275.0
31891010,27.41,27.94,2023-09-20,FBNC,FIRST BANCORP NC,6020.0,275.0
31891010,27.32,27.23,2023-09-21,FBNC,FIRST BANCORP NC,6020.0,275.0
31891010,27.26,27.38,2023-09-22,FBNC,FIRST BANCORP NC,6020.0,275.0
31891010,27.69,27.22,2023-09-25,FBNC,FIRST BANCORP NC,6020.0,275.0
31891010,27.69,27.41,2023-09-26,FBNC,FIRST BANCORP NC,6020.0,275.0
31891010,28.03,27.94,2023-09-27,FBNC,FIRST BANCORP NC,6020.0,275.0
31891010,27.99,27.89,2023-09-28,FBNC,FIRST BANCORP NC,6020.0,275.0
31891010,28.14,28.22,2023-09-29,FBNC,FIRST BANCORP NC,6020.0,275.0
31891010,27.31,28.1,2023-10-02,FBNC,FIRST BANCORP NC,6020.0,275.0
31891010,27.63,27.16,2023-10-03,FBNC,FIRST BANCORP NC,6020.0,275.0
31891010,27.68,27.66,2023-10-04,FBNC,FIRST BANCORP NC,6020.0,275.0
31891010,27.81,27.55,2023-10-05,FBNC,FIRST BANCORP NC,6020.0,275.0
31891010,27.9,27.61,2023-10-06,FBNC,FIRST BANCORP NC,6020.0,275.0
31891010,27.93,27.69,2023-10-09,FBNC,FIRST BANCORP NC,6020.0,275.0
31891010,28.29,27.99,2023-10-10,FBNC,FIRST BANCORP NC,6020.0,275.0
31891010,28.38,28.26,2023-10-11,FBNC,FIRST BANCORP NC,6020.0,275.0
31891010,28.15,28.47,2023-10-12,FBNC,FIRST BANCORP NC,6020.0,275.0
31891010,27.3,28.36,2023-10-13,FBNC,FIRST BANCORP NC,6020.0,275.0
31891010,27.83,27.59,2023-10-16,FBNC,FIRST BANCORP NC,6020.0,275.0
31891010,28.68,27.68,2023-10-17,FBNC,FIRST BANCORP NC,6020.0,275.0
31891010,27.98,28.43,2023-10-18,FBNC,FIRST BANCORP NC,6020.0,275.0
31891010,27.91,28.1,2023-10-19,FBNC,FIRST BANCORP NC,6020.0,275.0
31891010,27.09,27.98,2023-10-20,FBNC,FIRST BANCORP NC,6020.0,275.0
31891010,27.0,26.88,2023-10-23,FBNC,FIRST BANCORP NC,6020.0,275.0
31891010,26.48,27.19,2023-10-24,FBNC,FIRST BANCORP NC,6020.0,275.0
31891010,26.85,26.37,2023-10-25,FBNC,FIRST BANCORP NC,6020.0,275.0
31891010,28.65,27.59,2023-10-26,FBNC,FIRST BANCORP NC,6020.0,275.0
31891010,27.89,28.54,2023-10-27,FBNC,FIRST BANCORP NC,6020.0,275.0
31891010,28.31,28.28,2023-10-30,FBNC,FIRST BANCORP NC,6020.0,275.0
31891010,29.02,28.47,2023-10-31,FBNC,FIRST BANCORP NC,6020.0,275.0
31891010,28.83,28.97,2023-11-01,FBNC,FIRST BANCORP NC,6020.0,275.0
31891010,30.53,29.19,2023-11-02,FBNC,FIRST BANCORP NC,6020.0,275.0
31891010,31.73,31.37,2023-11-03,FBNC,FIRST BANCORP NC,6020.0,275.0
31891010,31.3,31.72,2023-11-06,FBNC,FIRST BANCORP NC,6020.0,275.0
31891010,30.63,31.15,2023-11-07,FBNC,FIRST BANCORP NC,6020.0,275.0
31891010,29.79,30.53,2023-11-08,FBNC,FIRST BANCORP NC,6020.0,275.0
31891010,29.28,29.8,2023-11-09,FBNC,FIRST BANCORP NC,6020.0,275.0
31891010,29.38,29.46,2023-11-10,FBNC,FIRST BANCORP NC,6020.0,275.0
31891010,29.72,29.14,2023-11-13,FBNC,FIRST BANCORP NC,6020.0,275.0
31891010,32.43,31.06,2023-11-14,FBNC,FIRST BANCORP NC,6020.0,275.0
31891010,32.88,32.37,2023-11-15,FBNC,FIRST BANCORP NC,6020.0,275.0
31891010,31.97,32.75,2023-11-16,FBNC,FIRST BANCORP NC,6020.0,275.0
31891010,32.14,32.41,2023-11-17,FBNC,FIRST BANCORP NC,6020.0,275.0
31891010,31.99,32.18,2023-11-20,FBNC,FIRST BANCORP NC,6020.0,275.0
31891010,30.92,31.61,2023-11-21,FBNC,FIRST BANCORP NC,6020.0,275.0
31891010,31.24,31.31,2023-11-22,FBNC,FIRST BANCORP NC,6020.0,275.0
31891010,31.41,31.16,2023-11-24,FBNC,FIRST BANCORP NC,6020.0,275.0
31891010,31.3,31.28,2023-11-27,FBNC,FIRST BANCORP NC,6020.0,275.0
31891010,31.41,31.38,2023-11-28,FBNC,FIRST BANCORP NC,6020.0,275.0
31891010,31.66,31.8,2023-11-29,FBNC,FIRST BANCORP NC,6020.0,275.0
31891010,31.34,31.85,2023-11-30,FBNC,FIRST BANCORP NC,6020.0,275.0
31891010,32.86,31.38,2023-12-01,FBNC,FIRST BANCORP NC,6020.0,275.0
31891010,33.55,32.69,2023-12-04,FBNC,FIRST BANCORP NC,6020.0,275.0
31891010,33.12,33.53,2023-12-05,FBNC,FIRST BANCORP NC,6020.0,275.0
31891010,32.99,33.22,2023-12-06,FBNC,FIRST BANCORP NC,6020.0,275.0
31891010,33.86,33.26,2023-12-07,FBNC,FIRST BANCORP NC,6020.0,275.0
31891010,34.13,33.79,2023-12-08,FBNC,FIRST BANCORP NC,6020.0,275.0
31891010,33.74,34.01,2023-12-11,FBNC,FIRST BANCORP NC,6020.0,275.0
31891010,33.46,33.74,2023-12-12,FBNC,FIRST BANCORP NC,6020.0,275.0
31891010,35.88,33.74,2023-12-13,FBNC,FIRST BANCORP NC,6020.0,275.0
31891010,37.51,36.91,2023-12-14,FBNC,FIRST BANCORP NC,6020.0,275.0
31891010,37.49,37.74,2023-12-15,FBNC,FIRST BANCORP NC,6020.0,275.0
31891010,36.6,37.59,2023-12-18,FBNC,FIRST BANCORP NC,6020.0,275.0
31891010,37.05,36.81,2023-12-19,FBNC,FIRST BANCORP NC,6020.0,275.0
31891010,36.32,36.75,2023-12-20,FBNC,FIRST BANCORP NC,6020.0,275.0
31891010,37.17,36.73,2023-12-21,FBNC,FIRST BANCORP NC,6020.0,275.0
31891010,37.49,37.49,2023-12-22,FBNC,FIRST BANCORP NC,6020.0,275.0
31891010,38.15,37.75,2023-12-26,FBNC,FIRST BANCORP NC,6020.0,275.0
31891010,38.19,38.07,2023-12-27,FBNC,FIRST BANCORP NC,6020.0,275.0
31891010,37.71,37.83,2023-12-28,FBNC,FIRST BANCORP NC,6020.0,275.0
31891010,37.01,37.59,2023-12-29,FBNC,FIRST BANCORP NC,6020.0,275.0
