cusip,prc,openprc,date,htick,hcomnam,hsiccd,numshr
55261F10,144.89,141.11,2019-01-02,MTB,M & T BANK CORP,6022.0,431.0
55261F10,143.86,144.39,2019-01-03,MTB,M & T BANK CORP,6022.0,431.0
55261F10,148.28,146.39999,2019-01-04,MTB,M & T BANK CORP,6022.0,431.0
55261F10,150.10001,147.63,2019-01-07,MTB,M & T BANK CORP,6022.0,431.0
55261F10,150.75,150.67,2019-01-08,MTB,M & T BANK CORP,6022.0,431.0
55261F10,152.35001,151.82001,2019-01-09,MTB,M & T BANK CORP,6022.0,431.0
55261F10,150.44,151.8,2019-01-10,MTB,M & T BANK CORP,6022.0,431.0
55261F10,150.81,149.56,2019-01-11,MTB,M & T BANK CORP,6022.0,431.0
55261F10,151.03999,149.66,2019-01-14,MTB,M & T BANK CORP,6022.0,431.0
55261F10,151.45,151.31,2019-01-15,MTB,M & T BANK CORP,6022.0,431.0
55261F10,154.42,152.74001,2019-01-16,MTB,M & T BANK CORP,6022.0,431.0
55261F10,163.21001,158.87,2019-01-17,MTB,M & T BANK CORP,6022.0,431.0
55261F10,165.59,164.53,2019-01-18,MTB,M & T BANK CORP,6022.0,431.0
55261F10,166.67999,164.87,2019-01-22,MTB,M & T BANK CORP,6022.0,431.0
55261F10,167.55,167.67999,2019-01-23,MTB,M & T BANK CORP,6022.0,431.0
55261F10,168.42,167.00999,2019-01-24,MTB,M & T BANK CORP,6022.0,431.0
55261F10,168.31,169.10001,2019-01-25,MTB,M & T BANK CORP,6022.0,431.0
55261F10,167.67,167.58,2019-01-28,MTB,M & T BANK CORP,6022.0,431.0
55261F10,168.0,167.73,2019-01-29,MTB,M & T BANK CORP,6022.0,431.0
55261F10,166.17999,167.7,2019-01-30,MTB,M & T BANK CORP,6022.0,431.0
55261F10,164.53999,165.33,2019-01-31,MTB,M & T BANK CORP,6022.0,431.0
55261F10,164.0,164.86,2019-02-01,MTB,M & T BANK CORP,6022.0,431.0
55261F10,163.81,164.17999,2019-02-04,MTB,M & T BANK CORP,6022.0,431.0
55261F10,162.41,163.73,2019-02-05,MTB,M & T BANK CORP,6022.0,431.0
55261F10,161.66,161.84,2019-02-06,MTB,M & T BANK CORP,6022.0,431.0
55261F10,166.69,162.7,2019-02-07,MTB,M & T BANK CORP,6022.0,431.0
55261F10,165.39999,166.0,2019-02-08,MTB,M & T BANK CORP,6022.0,431.0
55261F10,168.35001,165.92999,2019-02-11,MTB,M & T BANK CORP,6022.0,431.0
55261F10,170.0,169.17,2019-02-12,MTB,M & T BANK CORP,6022.0,431.0
55261F10,170.62,170.0,2019-02-13,MTB,M & T BANK CORP,6022.0,431.0
55261F10,169.14,169.57001,2019-02-14,MTB,M & T BANK CORP,6022.0,431.0
55261F10,172.27,170.62,2019-02-15,MTB,M & T BANK CORP,6022.0,431.0
55261F10,173.48,171.14,2019-02-19,MTB,M & T BANK CORP,6022.0,431.0
55261F10,176.0,173.38,2019-02-20,MTB,M & T BANK CORP,6022.0,431.0
55261F10,173.08,174.61,2019-02-21,MTB,M & T BANK CORP,6022.0,431.0
55261F10,172.47,173.08,2019-02-22,MTB,M & T BANK CORP,6022.0,431.0
55261F10,172.47,173.53999,2019-02-25,MTB,M & T BANK CORP,6022.0,431.0
55261F10,170.50999,171.7,2019-02-26,MTB,M & T BANK CORP,6022.0,431.0
55261F10,172.53,170.77,2019-02-27,MTB,M & T BANK CORP,6022.0,431.0
55261F10,173.06,172.84,2019-02-28,MTB,M & T BANK CORP,6022.0,431.0
55261F10,172.59,173.00999,2019-03-01,MTB,M & T BANK CORP,6022.0,431.0
55261F10,172.84,172.64,2019-03-04,MTB,M & T BANK CORP,6022.0,431.0
55261F10,172.67,172.53999,2019-03-05,MTB,M & T BANK CORP,6022.0,431.0
55261F10,169.89999,172.39999,2019-03-06,MTB,M & T BANK CORP,6022.0,431.0
55261F10,167.64,169.00999,2019-03-07,MTB,M & T BANK CORP,6022.0,431.0
55261F10,167.84,166.36,2019-03-08,MTB,M & T BANK CORP,6022.0,431.0
55261F10,169.09,168.38,2019-03-11,MTB,M & T BANK CORP,6022.0,431.0
55261F10,170.36,169.71001,2019-03-12,MTB,M & T BANK CORP,6022.0,431.0
55261F10,172.17,170.96001,2019-03-13,MTB,M & T BANK CORP,6022.0,431.0
55261F10,173.33,172.32001,2019-03-14,MTB,M & T BANK CORP,6022.0,431.0
55261F10,172.52,172.72,2019-03-15,MTB,M & T BANK CORP,6022.0,431.0
55261F10,174.73,173.24001,2019-03-18,MTB,M & T BANK CORP,6022.0,431.0
55261F10,171.35001,175.72,2019-03-19,MTB,M & T BANK CORP,6022.0,431.0
55261F10,163.78999,170.85001,2019-03-20,MTB,M & T BANK CORP,6022.0,431.0
55261F10,160.32001,163.00999,2019-03-21,MTB,M & T BANK CORP,6022.0,431.0
55261F10,153.78999,159.25,2019-03-22,MTB,M & T BANK CORP,6022.0,431.0
55261F10,153.28999,154.0,2019-03-25,MTB,M & T BANK CORP,6022.0,431.0
55261F10,155.58,153.94,2019-03-26,MTB,M & T BANK CORP,6022.0,431.0
55261F10,155.31,155.14999,2019-03-27,MTB,M & T BANK CORP,6022.0,431.0
55261F10,157.39999,155.62,2019-03-28,MTB,M & T BANK CORP,6022.0,431.0
55261F10,157.02,158.46001,2019-03-29,MTB,M & T BANK CORP,6022.0,431.0
55261F10,161.73,158.14,2019-04-01,MTB,M & T BANK CORP,6022.0,431.0
55261F10,161.74001,161.24001,2019-04-02,MTB,M & T BANK CORP,6022.0,431.0
55261F10,161.88,163.02,2019-04-03,MTB,M & T BANK CORP,6022.0,431.0
55261F10,163.28999,161.77,2019-04-04,MTB,M & T BANK CORP,6022.0,431.0
55261F10,163.22,163.66,2019-04-05,MTB,M & T BANK CORP,6022.0,431.0
55261F10,164.06,163.11,2019-04-08,MTB,M & T BANK CORP,6022.0,431.0
55261F10,162.13,163.11,2019-04-09,MTB,M & T BANK CORP,6022.0,431.0
55261F10,163.05,162.56,2019-04-10,MTB,M & T BANK CORP,6022.0,431.0
55261F10,164.5,164.03,2019-04-11,MTB,M & T BANK CORP,6022.0,431.0
55261F10,167.75999,166.14,2019-04-12,MTB,M & T BANK CORP,6022.0,431.0
55261F10,163.72,166.47,2019-04-15,MTB,M & T BANK CORP,6022.0,431.0
55261F10,168.28,164.10001,2019-04-16,MTB,M & T BANK CORP,6022.0,431.0
55261F10,168.48,168.42999,2019-04-17,MTB,M & T BANK CORP,6022.0,431.0
55261F10,166.34,167.95,2019-04-18,MTB,M & T BANK CORP,6022.0,431.0
55261F10,166.49001,165.95,2019-04-22,MTB,M & T BANK CORP,6022.0,431.0
55261F10,167.14999,166.17999,2019-04-23,MTB,M & T BANK CORP,6022.0,431.0
55261F10,166.56,166.5,2019-04-24,MTB,M & T BANK CORP,6022.0,431.0
55261F10,167.78,165.56,2019-04-25,MTB,M & T BANK CORP,6022.0,431.0
55261F10,168.96001,167.81,2019-04-26,MTB,M & T BANK CORP,6022.0,431.0
55261F10,170.64,169.25999,2019-04-29,MTB,M & T BANK CORP,6022.0,431.0
55261F10,170.07001,171.11,2019-04-30,MTB,M & T BANK CORP,6022.0,431.0
55261F10,167.87,169.83,2019-05-01,MTB,M & T BANK CORP,6022.0,431.0
55261F10,169.39999,167.87,2019-05-02,MTB,M & T BANK CORP,6022.0,431.0
55261F10,170.36,169.89999,2019-05-03,MTB,M & T BANK CORP,6022.0,431.0
55261F10,169.78,167.75999,2019-05-06,MTB,M & T BANK CORP,6022.0,431.0
55261F10,167.55,168.03999,2019-05-07,MTB,M & T BANK CORP,6022.0,431.0
55261F10,167.19,167.07001,2019-05-08,MTB,M & T BANK CORP,6022.0,431.0
55261F10,166.11,165.17,2019-05-09,MTB,M & T BANK CORP,6022.0,431.0
55261F10,167.39,165.3,2019-05-10,MTB,M & T BANK CORP,6022.0,431.0
55261F10,161.67,164.85001,2019-05-13,MTB,M & T BANK CORP,6022.0,431.0
55261F10,162.69,161.64,2019-05-14,MTB,M & T BANK CORP,6022.0,431.0
55261F10,161.31,161.3,2019-05-15,MTB,M & T BANK CORP,6022.0,431.0
55261F10,163.89999,162.53,2019-05-16,MTB,M & T BANK CORP,6022.0,431.0
55261F10,163.78,162.08,2019-05-17,MTB,M & T BANK CORP,6022.0,431.0
55261F10,165.57001,163.67,2019-05-20,MTB,M & T BANK CORP,6022.0,431.0
55261F10,166.3,165.71001,2019-05-21,MTB,M & T BANK CORP,6022.0,431.0
55261F10,165.64,166.02,2019-05-22,MTB,M & T BANK CORP,6022.0,431.0
55261F10,162.75,164.28,2019-05-23,MTB,M & T BANK CORP,6022.0,431.0
55261F10,164.92,163.17,2019-05-24,MTB,M & T BANK CORP,6022.0,431.0
55261F10,162.23,164.24001,2019-05-28,MTB,M & T BANK CORP,6022.0,431.0
55261F10,164.75,161.44,2019-05-29,MTB,M & T BANK CORP,6022.0,431.0
55261F10,162.17999,165.03,2019-05-30,MTB,M & T BANK CORP,6022.0,431.0
55261F10,159.60001,159.75,2019-05-31,MTB,M & T BANK CORP,6022.0,431.0
55261F10,162.31,159.17999,2019-06-03,MTB,M & T BANK CORP,6022.0,431.0
55261F10,167.25999,164.16,2019-06-04,MTB,M & T BANK CORP,6022.0,431.0
55261F10,166.36,167.35001,2019-06-05,MTB,M & T BANK CORP,6022.0,431.0
55261F10,166.89,165.92999,2019-06-06,MTB,M & T BANK CORP,6022.0,431.0
55261F10,165.75999,166.60001,2019-06-07,MTB,M & T BANK CORP,6022.0,431.0
55261F10,167.60001,166.96001,2019-06-10,MTB,M & T BANK CORP,6022.0,431.0
55261F10,167.75999,168.8,2019-06-11,MTB,M & T BANK CORP,6022.0,431.0
55261F10,165.45,167.95,2019-06-12,MTB,M & T BANK CORP,6022.0,431.0
55261F10,166.64999,165.82001,2019-06-13,MTB,M & T BANK CORP,6022.0,431.0
55261F10,167.89999,167.03999,2019-06-14,MTB,M & T BANK CORP,6022.0,431.0
55261F10,164.94,168.14999,2019-06-17,MTB,M & T BANK CORP,6022.0,431.0
55261F10,166.99001,164.85001,2019-06-18,MTB,M & T BANK CORP,6022.0,431.0
55261F10,165.86,167.74001,2019-06-19,MTB,M & T BANK CORP,6022.0,431.0
55261F10,165.83,166.36,2019-06-20,MTB,M & T BANK CORP,6022.0,431.0
55261F10,165.50999,165.92,2019-06-21,MTB,M & T BANK CORP,6022.0,431.0
55261F10,165.45,165.21001,2019-06-24,MTB,M & T BANK CORP,6022.0,431.0
55261F10,165.48,165.67999,2019-06-25,MTB,M & T BANK CORP,6022.0,431.0
55261F10,166.02,166.28999,2019-06-26,MTB,M & T BANK CORP,6022.0,431.0
55261F10,168.72,166.66,2019-06-27,MTB,M & T BANK CORP,6022.0,431.0
55261F10,170.07001,166.92999,2019-06-28,MTB,M & T BANK CORP,6022.0,431.0
55261F10,170.81,171.25,2019-07-01,MTB,M & T BANK CORP,6022.0,431.0
55261F10,170.08,170.5,2019-07-02,MTB,M & T BANK CORP,6022.0,431.0
55261F10,171.55,170.62,2019-07-03,MTB,M & T BANK CORP,6022.0,431.0
55261F10,174.00999,172.60001,2019-07-05,MTB,M & T BANK CORP,6022.0,431.0
55261F10,173.03,173.24001,2019-07-08,MTB,M & T BANK CORP,6022.0,431.0
55261F10,174.24001,172.2,2019-07-09,MTB,M & T BANK CORP,6022.0,431.0
55261F10,171.3,173.75,2019-07-10,MTB,M & T BANK CORP,6022.0,431.0
55261F10,173.77,171.91,2019-07-11,MTB,M & T BANK CORP,6022.0,431.0
55261F10,174.07001,173.55,2019-07-12,MTB,M & T BANK CORP,6022.0,431.0
55261F10,172.33,174.37,2019-07-15,MTB,M & T BANK CORP,6022.0,431.0
55261F10,171.11,172.71001,2019-07-16,MTB,M & T BANK CORP,6022.0,431.0
55261F10,170.44,170.85001,2019-07-17,MTB,M & T BANK CORP,6022.0,431.0
55261F10,162.75999,166.0,2019-07-18,MTB,M & T BANK CORP,6022.0,431.0
55261F10,162.87,163.58,2019-07-19,MTB,M & T BANK CORP,6022.0,431.0
55261F10,161.53,161.33,2019-07-22,MTB,M & T BANK CORP,6022.0,431.0
55261F10,162.61,161.53999,2019-07-23,MTB,M & T BANK CORP,6022.0,431.0
55261F10,163.72,162.09,2019-07-24,MTB,M & T BANK CORP,6022.0,431.0
55261F10,163.32001,164.5,2019-07-25,MTB,M & T BANK CORP,6022.0,431.0
55261F10,164.95,163.31,2019-07-26,MTB,M & T BANK CORP,6022.0,431.0
55261F10,163.7,164.7,2019-07-29,MTB,M & T BANK CORP,6022.0,431.0
55261F10,164.47,162.88,2019-07-30,MTB,M & T BANK CORP,6022.0,431.0
55261F10,164.25,164.25999,2019-07-31,MTB,M & T BANK CORP,6022.0,431.0
55261F10,155.75999,163.89,2019-08-01,MTB,M & T BANK CORP,6022.0,431.0
55261F10,157.62,155.75,2019-08-02,MTB,M & T BANK CORP,6022.0,431.0
55261F10,153.96001,154.69,2019-08-05,MTB,M & T BANK CORP,6022.0,431.0
55261F10,154.75999,154.7,2019-08-06,MTB,M & T BANK CORP,6022.0,431.0
55261F10,150.60001,151.34,2019-08-07,MTB,M & T BANK CORP,6022.0,431.0
55261F10,152.87,151.84,2019-08-08,MTB,M & T BANK CORP,6022.0,431.0
55261F10,153.0,152.47,2019-08-09,MTB,M & T BANK CORP,6022.0,431.0
55261F10,149.86,150.72,2019-08-12,MTB,M & T BANK CORP,6022.0,431.0
55261F10,151.32001,150.03,2019-08-13,MTB,M & T BANK CORP,6022.0,431.0
55261F10,144.75999,148.23,2019-08-14,MTB,M & T BANK CORP,6022.0,431.0
55261F10,144.67,145.73,2019-08-15,MTB,M & T BANK CORP,6022.0,431.0
55261F10,147.52,145.81,2019-08-16,MTB,M & T BANK CORP,6022.0,431.0
55261F10,149.19,150.0,2019-08-19,MTB,M & T BANK CORP,6022.0,431.0
55261F10,146.36,148.11,2019-08-20,MTB,M & T BANK CORP,6022.0,431.0
55261F10,147.38,147.21001,2019-08-21,MTB,M & T BANK CORP,6022.0,431.0
55261F10,148.31,148.67999,2019-08-22,MTB,M & T BANK CORP,6022.0,431.0
55261F10,143.89999,147.57001,2019-08-23,MTB,M & T BANK CORP,6022.0,431.0
55261F10,145.62,144.89999,2019-08-26,MTB,M & T BANK CORP,6022.0,431.0
55261F10,143.86,146.07001,2019-08-27,MTB,M & T BANK CORP,6022.0,431.0
55261F10,145.34,143.3,2019-08-28,MTB,M & T BANK CORP,6022.0,431.0
55261F10,147.28,146.72,2019-08-29,MTB,M & T BANK CORP,6022.0,431.0
55261F10,146.21001,147.21001,2019-08-30,MTB,M & T BANK CORP,6022.0,431.0
55261F10,142.99001,144.8,2019-09-03,MTB,M & T BANK CORP,6022.0,431.0
55261F10,143.98,144.38,2019-09-04,MTB,M & T BANK CORP,6022.0,431.0
55261F10,147.10001,146.16,2019-09-05,MTB,M & T BANK CORP,6022.0,431.0
55261F10,146.44,147.03,2019-09-06,MTB,M & T BANK CORP,6022.0,431.0
55261F10,154.14999,147.91,2019-09-09,MTB,M & T BANK CORP,6022.0,431.0
55261F10,155.09,154.92,2019-09-10,MTB,M & T BANK CORP,6022.0,431.0
55261F10,155.00999,155.34,2019-09-11,MTB,M & T BANK CORP,6022.0,431.0
55261F10,156.78999,154.39999,2019-09-12,MTB,M & T BANK CORP,6022.0,431.0
55261F10,158.44,157.49001,2019-09-13,MTB,M & T BANK CORP,6022.0,431.0
55261F10,159.61,157.34,2019-09-16,MTB,M & T BANK CORP,6022.0,431.0
55261F10,158.12,158.82001,2019-09-17,MTB,M & T BANK CORP,6022.0,431.0
55261F10,159.44,157.42999,2019-09-18,MTB,M & T BANK CORP,6022.0,431.0
55261F10,156.96001,158.22,2019-09-19,MTB,M & T BANK CORP,6022.0,431.0
55261F10,156.3,157.55,2019-09-20,MTB,M & T BANK CORP,6022.0,431.0
55261F10,156.14999,155.0,2019-09-23,MTB,M & T BANK CORP,6022.0,431.0
55261F10,155.42,156.28,2019-09-24,MTB,M & T BANK CORP,6022.0,431.0
55261F10,157.24001,155.69,2019-09-25,MTB,M & T BANK CORP,6022.0,431.0
55261F10,156.89,157.14,2019-09-26,MTB,M & T BANK CORP,6022.0,431.0
55261F10,158.19,157.92999,2019-09-27,MTB,M & T BANK CORP,6022.0,431.0
55261F10,157.97,158.62,2019-09-30,MTB,M & T BANK CORP,6022.0,431.0
55261F10,153.72,159.03999,2019-10-01,MTB,M & T BANK CORP,6022.0,431.0
55261F10,149.75,152.53999,2019-10-02,MTB,M & T BANK CORP,6022.0,431.0
55261F10,151.06,149.19,2019-10-03,MTB,M & T BANK CORP,6022.0,431.0
55261F10,154.05,150.8,2019-10-04,MTB,M & T BANK CORP,6022.0,431.0
55261F10,154.02,153.49001,2019-10-07,MTB,M & T BANK CORP,6022.0,431.0
55261F10,150.5,151.42999,2019-10-08,MTB,M & T BANK CORP,6022.0,431.0
55261F10,152.42,151.8,2019-10-09,MTB,M & T BANK CORP,6022.0,431.0
55261F10,154.95,153.08,2019-10-10,MTB,M & T BANK CORP,6022.0,431.0
55261F10,156.48,157.7,2019-10-11,MTB,M & T BANK CORP,6022.0,431.0
55261F10,156.57001,155.67,2019-10-14,MTB,M & T BANK CORP,6022.0,431.0
55261F10,158.82001,157.45,2019-10-15,MTB,M & T BANK CORP,6022.0,431.0
55261F10,158.92999,159.00999,2019-10-16,MTB,M & T BANK CORP,6022.0,431.0
55261F10,152.11,152.11,2019-10-17,MTB,M & T BANK CORP,6022.0,431.0
55261F10,152.23,151.84,2019-10-18,MTB,M & T BANK CORP,6022.0,431.0
55261F10,154.03999,153.34,2019-10-21,MTB,M & T BANK CORP,6022.0,431.0
55261F10,156.34,154.07001,2019-10-22,MTB,M & T BANK CORP,6022.0,431.0
55261F10,157.8,156.07001,2019-10-23,MTB,M & T BANK CORP,6022.0,431.0
55261F10,156.28,157.8,2019-10-24,MTB,M & T BANK CORP,6022.0,431.0
55261F10,156.58,155.91,2019-10-25,MTB,M & T BANK CORP,6022.0,431.0
55261F10,158.66,157.69,2019-10-28,MTB,M & T BANK CORP,6022.0,431.0
55261F10,157.97,157.71001,2019-10-29,MTB,M & T BANK CORP,6022.0,431.0
55261F10,156.86,157.74001,2019-10-30,MTB,M & T BANK CORP,6022.0,431.0
55261F10,156.53,156.23,2019-10-31,MTB,M & T BANK CORP,6022.0,431.0
55261F10,160.73,158.14,2019-11-01,MTB,M & T BANK CORP,6022.0,431.0
55261F10,164.05,162.78,2019-11-04,MTB,M & T BANK CORP,6022.0,431.0
55261F10,166.17999,164.78,2019-11-05,MTB,M & T BANK CORP,6022.0,431.0
55261F10,166.25,165.35001,2019-11-06,MTB,M & T BANK CORP,6022.0,431.0
55261F10,166.83,167.0,2019-11-07,MTB,M & T BANK CORP,6022.0,431.0
55261F10,167.59,166.35001,2019-11-08,MTB,M & T BANK CORP,6022.0,431.0
55261F10,166.66,166.2,2019-11-11,MTB,M & T BANK CORP,6022.0,431.0
55261F10,165.48,166.47,2019-11-12,MTB,M & T BANK CORP,6022.0,431.0
55261F10,163.17999,164.25999,2019-11-13,MTB,M & T BANK CORP,6022.0,431.0
55261F10,163.11,162.81,2019-11-14,MTB,M & T BANK CORP,6022.0,431.0
55261F10,163.97,163.92999,2019-11-15,MTB,M & T BANK CORP,6022.0,431.0
55261F10,162.97,163.34,2019-11-18,MTB,M & T BANK CORP,6022.0,431.0
55261F10,162.88,163.71001,2019-11-19,MTB,M & T BANK CORP,6022.0,431.0
55261F10,162.97,162.96001,2019-11-20,MTB,M & T BANK CORP,6022.0,431.0
55261F10,163.03999,163.84,2019-11-21,MTB,M & T BANK CORP,6022.0,431.0
55261F10,164.91,163.50999,2019-11-22,MTB,M & T BANK CORP,6022.0,431.0
55261F10,166.02,165.33,2019-11-25,MTB,M & T BANK CORP,6022.0,431.0
55261F10,165.74001,165.03,2019-11-26,MTB,M & T BANK CORP,6022.0,431.0
55261F10,166.78,166.55,2019-11-27,MTB,M & T BANK CORP,6022.0,431.0
55261F10,164.74001,165.46001,2019-11-29,MTB,M & T BANK CORP,6022.0,431.0
55261F10,164.61,165.75,2019-12-02,MTB,M & T BANK CORP,6022.0,431.0
55261F10,161.77,162.37,2019-12-03,MTB,M & T BANK CORP,6022.0,431.0
55261F10,164.0,162.14,2019-12-04,MTB,M & T BANK CORP,6022.0,431.0
55261F10,165.06,164.25,2019-12-05,MTB,M & T BANK CORP,6022.0,431.0
55261F10,166.23,167.48,2019-12-06,MTB,M & T BANK CORP,6022.0,431.0
55261F10,166.74001,165.73,2019-12-09,MTB,M & T BANK CORP,6022.0,431.0
55261F10,167.03999,166.64,2019-12-10,MTB,M & T BANK CORP,6022.0,431.0
55261F10,166.44,166.97,2019-12-11,MTB,M & T BANK CORP,6022.0,431.0
55261F10,171.98,167.03999,2019-12-12,MTB,M & T BANK CORP,6022.0,431.0
55261F10,170.10001,171.17,2019-12-13,MTB,M & T BANK CORP,6022.0,431.0
55261F10,170.03,171.81,2019-12-16,MTB,M & T BANK CORP,6022.0,431.0
55261F10,169.78,170.49001,2019-12-17,MTB,M & T BANK CORP,6022.0,431.0
55261F10,168.14999,170.34,2019-12-18,MTB,M & T BANK CORP,6022.0,431.0
55261F10,168.39999,168.34,2019-12-19,MTB,M & T BANK CORP,6022.0,431.0
55261F10,169.50999,169.56,2019-12-20,MTB,M & T BANK CORP,6022.0,431.0
55261F10,168.7,170.13,2019-12-23,MTB,M & T BANK CORP,6022.0,431.0
55261F10,169.34,169.22,2019-12-24,MTB,M & T BANK CORP,6022.0,431.0
55261F10,169.84,169.75999,2019-12-26,MTB,M & T BANK CORP,6022.0,431.0
55261F10,169.55,170.3,2019-12-27,MTB,M & T BANK CORP,6022.0,431.0
55261F10,169.42,170.46001,2019-12-30,MTB,M & T BANK CORP,6022.0,431.0
55261F10,169.75,169.0,2019-12-31,MTB,M & T BANK CORP,6022.0,431.0
55261F10,171.07001,170.36,2020-01-02,MTB,M & T BANK CORP,6022.0,431.0
55261F10,169.32001,168.36,2020-01-03,MTB,M & T BANK CORP,6022.0,431.0
55261F10,167.92,169.0,2020-01-06,MTB,M & T BANK CORP,6022.0,431.0
55261F10,165.89,167.28,2020-01-07,MTB,M & T BANK CORP,6022.0,431.0
55261F10,166.73,166.61,2020-01-08,MTB,M & T BANK CORP,6022.0,431.0
55261F10,167.25999,167.69,2020-01-09,MTB,M & T BANK CORP,6022.0,431.0
55261F10,165.99001,167.52,2020-01-10,MTB,M & T BANK CORP,6022.0,431.0
55261F10,166.85001,166.39999,2020-01-13,MTB,M & T BANK CORP,6022.0,431.0
55261F10,166.58,166.57001,2020-01-14,MTB,M & T BANK CORP,6022.0,431.0
55261F10,162.62,165.67,2020-01-15,MTB,M & T BANK CORP,6022.0,431.0
55261F10,163.95,163.50999,2020-01-16,MTB,M & T BANK CORP,6022.0,431.0
55261F10,163.03,164.46001,2020-01-17,MTB,M & T BANK CORP,6022.0,431.0
55261F10,160.97,162.0,2020-01-21,MTB,M & T BANK CORP,6022.0,431.0
55261F10,161.87,161.46001,2020-01-22,MTB,M & T BANK CORP,6022.0,431.0
55261F10,170.37,164.47,2020-01-23,MTB,M & T BANK CORP,6022.0,431.0
55261F10,171.49001,170.82001,2020-01-24,MTB,M & T BANK CORP,6022.0,431.0
55261F10,168.03,168.32001,2020-01-27,MTB,M & T BANK CORP,6022.0,431.0
55261F10,170.73,169.45,2020-01-28,MTB,M & T BANK CORP,6022.0,431.0
55261F10,169.10001,171.39999,2020-01-29,MTB,M & T BANK CORP,6022.0,431.0
55261F10,170.69,167.81,2020-01-30,MTB,M & T BANK CORP,6022.0,431.0
55261F10,168.52,169.32001,2020-01-31,MTB,M & T BANK CORP,6022.0,431.0
55261F10,169.09,169.45,2020-02-03,MTB,M & T BANK CORP,6022.0,431.0
55261F10,170.53,171.13,2020-02-04,MTB,M & T BANK CORP,6022.0,431.0
55261F10,173.03999,173.13,2020-02-05,MTB,M & T BANK CORP,6022.0,431.0
55261F10,171.14,174.0,2020-02-06,MTB,M & T BANK CORP,6022.0,431.0
55261F10,169.95,169.28999,2020-02-07,MTB,M & T BANK CORP,6022.0,431.0
55261F10,168.81,169.3,2020-02-10,MTB,M & T BANK CORP,6022.0,431.0
55261F10,169.36,169.74001,2020-02-11,MTB,M & T BANK CORP,6022.0,431.0
55261F10,169.59,170.56,2020-02-12,MTB,M & T BANK CORP,6022.0,431.0
55261F10,170.59,168.71001,2020-02-13,MTB,M & T BANK CORP,6022.0,431.0
55261F10,169.78,170.03,2020-02-14,MTB,M & T BANK CORP,6022.0,431.0
55261F10,166.8,169.14999,2020-02-18,MTB,M & T BANK CORP,6022.0,431.0
55261F10,168.25999,167.14,2020-02-19,MTB,M & T BANK CORP,6022.0,431.0
55261F10,169.53,167.63,2020-02-20,MTB,M & T BANK CORP,6022.0,431.0
55261F10,168.57001,168.46001,2020-02-21,MTB,M & T BANK CORP,6022.0,431.0
55261F10,163.86,165.74001,2020-02-24,MTB,M & T BANK CORP,6022.0,431.0
55261F10,155.95,164.0,2020-02-25,MTB,M & T BANK CORP,6022.0,431.0
55261F10,153.46001,156.92,2020-02-26,MTB,M & T BANK CORP,6022.0,431.0
55261F10,144.67,150.03999,2020-02-27,MTB,M & T BANK CORP,6022.0,431.0
55261F10,140.38,140.00999,2020-02-28,MTB,M & T BANK CORP,6022.0,431.0
55261F10,147.50999,140.38,2020-03-02,MTB,M & T BANK CORP,6022.0,431.0
55261F10,139.23,146.82001,2020-03-03,MTB,M & T BANK CORP,6022.0,431.0
55261F10,143.09,140.56,2020-03-04,MTB,M & T BANK CORP,6022.0,431.0
55261F10,131.59,137.07001,2020-03-05,MTB,M & T BANK CORP,6022.0,431.0
55261F10,125.13,126.11,2020-03-06,MTB,M & T BANK CORP,6022.0,431.0
55261F10,108.6,112.26,2020-03-09,MTB,M & T BANK CORP,6022.0,431.0
55261F10,116.84,116.01,2020-03-10,MTB,M & T BANK CORP,6022.0,431.0
55261F10,111.18,112.71,2020-03-11,MTB,M & T BANK CORP,6022.0,431.0
55261F10,102.28,102.1,2020-03-12,MTB,M & T BANK CORP,6022.0,431.0
55261F10,112.75,112.26,2020-03-13,MTB,M & T BANK CORP,6022.0,431.0
55261F10,99.53,96.03,2020-03-16,MTB,M & T BANK CORP,6022.0,431.0
55261F10,109.76,101.97,2020-03-17,MTB,M & T BANK CORP,6022.0,431.0
55261F10,107.75,101.37,2020-03-18,MTB,M & T BANK CORP,6022.0,431.0
55261F10,104.84,105.42,2020-03-19,MTB,M & T BANK CORP,6022.0,431.0
55261F10,98.76,106.74,2020-03-20,MTB,M & T BANK CORP,6022.0,431.0
55261F10,88.1,97.81,2020-03-23,MTB,M & T BANK CORP,6022.0,431.0
55261F10,98.77,94.0,2020-03-24,MTB,M & T BANK CORP,6022.0,431.0
55261F10,105.0,98.27,2020-03-25,MTB,M & T BANK CORP,6022.0,431.0
55261F10,110.71,105.79,2020-03-26,MTB,M & T BANK CORP,6022.0,431.0
55261F10,107.29,105.6,2020-03-27,MTB,M & T BANK CORP,6022.0,431.0
55261F10,106.9,106.55,2020-03-30,MTB,M & T BANK CORP,6022.0,431.0
55261F10,103.43,105.3,2020-03-31,MTB,M & T BANK CORP,6022.0,431.0
55261F10,95.86,97.96,2020-04-01,MTB,M & T BANK CORP,6022.0,431.0
55261F10,95.74,94.63,2020-04-02,MTB,M & T BANK CORP,6022.0,431.0
55261F10,91.67,94.57,2020-04-03,MTB,M & T BANK CORP,6022.0,431.0
55261F10,102.79,97.2,2020-04-06,MTB,M & T BANK CORP,6022.0,431.0
55261F10,103.62,109.84,2020-04-07,MTB,M & T BANK CORP,6022.0,431.0
55261F10,107.64,105.0,2020-04-08,MTB,M & T BANK CORP,6022.0,431.0
55261F10,114.75,110.83,2020-04-09,MTB,M & T BANK CORP,6022.0,431.0
55261F10,110.76,114.6,2020-04-13,MTB,M & T BANK CORP,6022.0,431.0
55261F10,109.38,113.46,2020-04-14,MTB,M & T BANK CORP,6022.0,431.0
55261F10,100.95,104.59,2020-04-15,MTB,M & T BANK CORP,6022.0,431.0
55261F10,96.29,100.6,2020-04-16,MTB,M & T BANK CORP,6022.0,431.0
55261F10,105.48,100.41,2020-04-17,MTB,M & T BANK CORP,6022.0,431.0
55261F10,105.6,107.46,2020-04-20,MTB,M & T BANK CORP,6022.0,431.0
55261F10,104.63,101.66,2020-04-21,MTB,M & T BANK CORP,6022.0,431.0
55261F10,104.06,106.95,2020-04-22,MTB,M & T BANK CORP,6022.0,431.0
55261F10,103.56,104.09,2020-04-23,MTB,M & T BANK CORP,6022.0,431.0
55261F10,105.06,104.94,2020-04-24,MTB,M & T BANK CORP,6022.0,431.0
55261F10,110.32,106.3,2020-04-27,MTB,M & T BANK CORP,6022.0,431.0
55261F10,111.79,114.53,2020-04-28,MTB,M & T BANK CORP,6022.0,431.0
55261F10,118.56,117.37,2020-04-29,MTB,M & T BANK CORP,6022.0,431.0
55261F10,112.08,114.96,2020-04-30,MTB,M & T BANK CORP,6022.0,431.0
55261F10,107.2,109.21,2020-05-01,MTB,M & T BANK CORP,6022.0,431.0
55261F10,104.4,105.2,2020-05-04,MTB,M & T BANK CORP,6022.0,431.0
55261F10,102.64,106.88,2020-05-05,MTB,M & T BANK CORP,6022.0,431.0
55261F10,100.12,104.31,2020-05-06,MTB,M & T BANK CORP,6022.0,431.0
55261F10,101.62,101.63,2020-05-07,MTB,M & T BANK CORP,6022.0,431.0
55261F10,104.87,104.69,2020-05-08,MTB,M & T BANK CORP,6022.0,431.0
55261F10,99.34,102.99,2020-05-11,MTB,M & T BANK CORP,6022.0,431.0
55261F10,95.31,100.08,2020-05-12,MTB,M & T BANK CORP,6022.0,431.0
55261F10,89.48,94.5,2020-05-13,MTB,M & T BANK CORP,6022.0,431.0
55261F10,92.38,87.27,2020-05-14,MTB,M & T BANK CORP,6022.0,431.0
55261F10,89.12,91.22,2020-05-15,MTB,M & T BANK CORP,6022.0,431.0
55261F10,96.55,93.32,2020-05-18,MTB,M & T BANK CORP,6022.0,431.0
55261F10,91.54,95.56,2020-05-19,MTB,M & T BANK CORP,6022.0,431.0
55261F10,96.12,93.09,2020-05-20,MTB,M & T BANK CORP,6022.0,431.0
55261F10,96.77,95.52,2020-05-21,MTB,M & T BANK CORP,6022.0,431.0
55261F10,98.03,97.48,2020-05-22,MTB,M & T BANK CORP,6022.0,431.0
55261F10,107.86,102.99,2020-05-26,MTB,M & T BANK CORP,6022.0,431.0
55261F10,112.9,115.19,2020-05-27,MTB,M & T BANK CORP,6022.0,431.0
55261F10,109.07,114.77,2020-05-28,MTB,M & T BANK CORP,6022.0,431.0
55261F10,105.66,105.76,2020-05-29,MTB,M & T BANK CORP,6022.0,431.0
55261F10,108.53,106.25,2020-06-01,MTB,M & T BANK CORP,6022.0,431.0
55261F10,106.0,110.28,2020-06-02,MTB,M & T BANK CORP,6022.0,431.0
55261F10,113.78,109.93,2020-06-03,MTB,M & T BANK CORP,6022.0,431.0
55261F10,117.9,113.08,2020-06-04,MTB,M & T BANK CORP,6022.0,431.0
55261F10,123.3,128.99001,2020-06-05,MTB,M & T BANK CORP,6022.0,431.0
55261F10,127.4,126.28,2020-06-08,MTB,M & T BANK CORP,6022.0,431.0
55261F10,123.89,121.69,2020-06-09,MTB,M & T BANK CORP,6022.0,431.0
55261F10,116.75,121.75,2020-06-10,MTB,M & T BANK CORP,6022.0,431.0
55261F10,106.28,108.87,2020-06-11,MTB,M & T BANK CORP,6022.0,431.0
55261F10,108.96,113.11,2020-06-12,MTB,M & T BANK CORP,6022.0,431.0
55261F10,110.72,102.46,2020-06-15,MTB,M & T BANK CORP,6022.0,431.0
55261F10,113.26,116.15,2020-06-16,MTB,M & T BANK CORP,6022.0,431.0
55261F10,110.07,113.26,2020-06-17,MTB,M & T BANK CORP,6022.0,431.0
55261F10,110.45,108.47,2020-06-18,MTB,M & T BANK CORP,6022.0,431.0
55261F10,111.05,112.33,2020-06-19,MTB,M & T BANK CORP,6022.0,431.0
55261F10,108.51,109.37,2020-06-22,MTB,M & T BANK CORP,6022.0,431.0
55261F10,108.47,110.69,2020-06-23,MTB,M & T BANK CORP,6022.0,431.0
55261F10,102.92,106.33,2020-06-24,MTB,M & T BANK CORP,6022.0,431.0
55261F10,105.14,102.0,2020-06-25,MTB,M & T BANK CORP,6022.0,431.0
55261F10,100.46,102.69,2020-06-26,MTB,M & T BANK CORP,6022.0,431.0
55261F10,102.32,102.2,2020-06-29,MTB,M & T BANK CORP,6022.0,431.0
55261F10,103.97,100.95,2020-06-30,MTB,M & T BANK CORP,6022.0,431.0
55261F10,101.31,104.49,2020-07-01,MTB,M & T BANK CORP,6022.0,431.0
55261F10,100.59,104.54,2020-07-02,MTB,M & T BANK CORP,6022.0,431.0
55261F10,101.93,103.24,2020-07-06,MTB,M & T BANK CORP,6022.0,431.0
55261F10,98.54,100.64,2020-07-07,MTB,M & T BANK CORP,6022.0,431.0
55261F10,98.98,98.36,2020-07-08,MTB,M & T BANK CORP,6022.0,431.0
55261F10,95.21,98.52,2020-07-09,MTB,M & T BANK CORP,6022.0,431.0
55261F10,100.37,95.12,2020-07-10,MTB,M & T BANK CORP,6022.0,431.0
55261F10,101.64,101.7,2020-07-13,MTB,M & T BANK CORP,6022.0,431.0
55261F10,98.33,101.11,2020-07-14,MTB,M & T BANK CORP,6022.0,431.0
55261F10,102.77,100.92,2020-07-15,MTB,M & T BANK CORP,6022.0,431.0
55261F10,102.52,101.42,2020-07-16,MTB,M & T BANK CORP,6022.0,431.0
55261F10,99.32,102.48,2020-07-17,MTB,M & T BANK CORP,6022.0,431.0
55261F10,98.79,98.64,2020-07-20,MTB,M & T BANK CORP,6022.0,431.0
55261F10,103.94,99.72,2020-07-21,MTB,M & T BANK CORP,6022.0,431.0
55261F10,103.44,103.02,2020-07-22,MTB,M & T BANK CORP,6022.0,431.0
55261F10,105.0,103.47,2020-07-23,MTB,M & T BANK CORP,6022.0,431.0
55261F10,105.13,105.77,2020-07-24,MTB,M & T BANK CORP,6022.0,431.0
55261F10,102.9,104.29,2020-07-27,MTB,M & T BANK CORP,6022.0,431.0
55261F10,102.84,102.33,2020-07-28,MTB,M & T BANK CORP,6022.0,431.0
55261F10,106.82,102.27,2020-07-29,MTB,M & T BANK CORP,6022.0,431.0
55261F10,105.78,103.95,2020-07-30,MTB,M & T BANK CORP,6022.0,431.0
55261F10,105.95,104.78,2020-07-31,MTB,M & T BANK CORP,6022.0,431.0
55261F10,105.03,105.93,2020-08-03,MTB,M & T BANK CORP,6022.0,431.0
55261F10,104.06,104.4,2020-08-04,MTB,M & T BANK CORP,6022.0,431.0
55261F10,104.6,105.0,2020-08-05,MTB,M & T BANK CORP,6022.0,431.0
55261F10,103.57,104.0,2020-08-06,MTB,M & T BANK CORP,6022.0,431.0
55261F10,107.61,102.91,2020-08-07,MTB,M & T BANK CORP,6022.0,431.0
55261F10,109.07,107.96,2020-08-10,MTB,M & T BANK CORP,6022.0,431.0
55261F10,111.35,111.77,2020-08-11,MTB,M & T BANK CORP,6022.0,431.0
55261F10,110.35,113.69,2020-08-12,MTB,M & T BANK CORP,6022.0,431.0
55261F10,107.83,109.0,2020-08-13,MTB,M & T BANK CORP,6022.0,431.0
55261F10,109.21,107.0,2020-08-14,MTB,M & T BANK CORP,6022.0,431.0
55261F10,106.56,108.28,2020-08-17,MTB,M & T BANK CORP,6022.0,431.0
55261F10,104.5,106.63,2020-08-18,MTB,M & T BANK CORP,6022.0,431.0
55261F10,104.43,105.04,2020-08-19,MTB,M & T BANK CORP,6022.0,431.0
55261F10,101.67,102.91,2020-08-20,MTB,M & T BANK CORP,6022.0,431.0
55261F10,102.46,101.86,2020-08-21,MTB,M & T BANK CORP,6022.0,431.0
55261F10,105.83,102.6,2020-08-24,MTB,M & T BANK CORP,6022.0,431.0
55261F10,105.95,107.3,2020-08-25,MTB,M & T BANK CORP,6022.0,431.0
55261F10,103.74,105.34,2020-08-26,MTB,M & T BANK CORP,6022.0,431.0
55261F10,105.87,104.11,2020-08-27,MTB,M & T BANK CORP,6022.0,431.0
55261F10,106.4,106.99,2020-08-28,MTB,M & T BANK CORP,6022.0,431.0
55261F10,103.26,105.24,2020-08-31,MTB,M & T BANK CORP,6022.0,431.0
55261F10,103.56,102.26,2020-09-01,MTB,M & T BANK CORP,6022.0,431.0
55261F10,104.12,103.08,2020-09-02,MTB,M & T BANK CORP,6022.0,431.0
55261F10,103.73,105.22,2020-09-03,MTB,M & T BANK CORP,6022.0,431.0
55261F10,105.9,106.35,2020-09-04,MTB,M & T BANK CORP,6022.0,431.0
55261F10,102.26,104.85,2020-09-08,MTB,M & T BANK CORP,6022.0,431.0
55261F10,101.16,102.89,2020-09-09,MTB,M & T BANK CORP,6022.0,431.0
55261F10,99.05,101.84,2020-09-10,MTB,M & T BANK CORP,6022.0,431.0
55261F10,101.66,99.61,2020-09-11,MTB,M & T BANK CORP,6022.0,431.0
55261F10,104.24,102.62,2020-09-14,MTB,M & T BANK CORP,6022.0,431.0
55261F10,103.76,104.16,2020-09-15,MTB,M & T BANK CORP,6022.0,431.0
55261F10,103.26,103.61,2020-09-16,MTB,M & T BANK CORP,6022.0,431.0
55261F10,102.42,102.16,2020-09-17,MTB,M & T BANK CORP,6022.0,431.0
55261F10,101.78,101.74,2020-09-18,MTB,M & T BANK CORP,6022.0,431.0
55261F10,96.62,98.79,2020-09-21,MTB,M & T BANK CORP,6022.0,431.0
55261F10,93.11,96.42,2020-09-22,MTB,M & T BANK CORP,6022.0,431.0
55261F10,90.86,93.5,2020-09-23,MTB,M & T BANK CORP,6022.0,431.0
55261F10,90.06,91.3,2020-09-24,MTB,M & T BANK CORP,6022.0,431.0
55261F10,91.3,89.17,2020-09-25,MTB,M & T BANK CORP,6022.0,431.0
55261F10,94.22,93.0,2020-09-28,MTB,M & T BANK CORP,6022.0,431.0
55261F10,91.13,93.69,2020-09-29,MTB,M & T BANK CORP,6022.0,431.0
55261F10,92.09,91.23,2020-09-30,MTB,M & T BANK CORP,6022.0,431.0
55261F10,92.21,92.22,2020-10-01,MTB,M & T BANK CORP,6022.0,431.0
55261F10,93.53,90.55,2020-10-02,MTB,M & T BANK CORP,6022.0,431.0
55261F10,97.59,94.76,2020-10-05,MTB,M & T BANK CORP,6022.0,431.0
55261F10,98.45,98.71,2020-10-06,MTB,M & T BANK CORP,6022.0,431.0
55261F10,101.65,99.55,2020-10-07,MTB,M & T BANK CORP,6022.0,431.0
55261F10,101.78,101.17,2020-10-08,MTB,M & T BANK CORP,6022.0,431.0
55261F10,101.37,102.49,2020-10-09,MTB,M & T BANK CORP,6022.0,431.0
55261F10,103.3,101.0,2020-10-12,MTB,M & T BANK CORP,6022.0,431.0
55261F10,99.76,103.04,2020-10-13,MTB,M & T BANK CORP,6022.0,431.0
55261F10,97.8,99.88,2020-10-14,MTB,M & T BANK CORP,6022.0,431.0
55261F10,101.02,97.31,2020-10-15,MTB,M & T BANK CORP,6022.0,431.0
55261F10,100.11,101.11,2020-10-16,MTB,M & T BANK CORP,6022.0,431.0
55261F10,97.96,100.65,2020-10-19,MTB,M & T BANK CORP,6022.0,431.0
55261F10,99.42,99.61,2020-10-20,MTB,M & T BANK CORP,6022.0,431.0
55261F10,99.03,99.18,2020-10-21,MTB,M & T BANK CORP,6022.0,431.0
55261F10,104.68,99.4,2020-10-22,MTB,M & T BANK CORP,6022.0,431.0
55261F10,106.12,105.74,2020-10-23,MTB,M & T BANK CORP,6022.0,431.0
55261F10,103.27,104.83,2020-10-26,MTB,M & T BANK CORP,6022.0,431.0
55261F10,99.3,102.36,2020-10-27,MTB,M & T BANK CORP,6022.0,431.0
55261F10,96.78,97.25,2020-10-28,MTB,M & T BANK CORP,6022.0,431.0
55261F10,99.54,96.0,2020-10-29,MTB,M & T BANK CORP,6022.0,431.0
55261F10,103.58,99.57,2020-10-30,MTB,M & T BANK CORP,6022.0,431.0
55261F10,106.04,105.0,2020-11-02,MTB,M & T BANK CORP,6022.0,431.0
55261F10,110.01,108.21,2020-11-03,MTB,M & T BANK CORP,6022.0,431.0
55261F10,98.43,106.76,2020-11-04,MTB,M & T BANK CORP,6022.0,431.0
55261F10,103.56,99.0,2020-11-05,MTB,M & T BANK CORP,6022.0,431.0
55261F10,99.06,103.83,2020-11-06,MTB,M & T BANK CORP,6022.0,431.0
55261F10,123.92,110.635,2020-11-09,MTB,M & T BANK CORP,6022.0,431.0
55261F10,123.92,122.87,2020-11-10,MTB,M & T BANK CORP,6022.0,431.0
55261F10,118.3,124.5,2020-11-11,MTB,M & T BANK CORP,6022.0,431.0
55261F10,115.13,116.01,2020-11-12,MTB,M & T BANK CORP,6022.0,431.0
55261F10,118.83,116.32,2020-11-13,MTB,M & T BANK CORP,6022.0,431.0
55261F10,126.92,125.01,2020-11-16,MTB,M & T BANK CORP,6022.0,431.0
55261F10,124.97,123.76,2020-11-17,MTB,M & T BANK CORP,6022.0,431.0
55261F10,121.89,125.64,2020-11-18,MTB,M & T BANK CORP,6022.0,431.0
55261F10,120.46,120.88,2020-11-19,MTB,M & T BANK CORP,6022.0,431.0
55261F10,118.09,119.64,2020-11-20,MTB,M & T BANK CORP,6022.0,431.0
55261F10,118.84,120.52,2020-11-23,MTB,M & T BANK CORP,6022.0,431.0
55261F10,123.67,121.88,2020-11-24,MTB,M & T BANK CORP,6022.0,431.0
55261F10,122.3,122.38,2020-11-25,MTB,M & T BANK CORP,6022.0,431.0
55261F10,120.98,121.94,2020-11-27,MTB,M & T BANK CORP,6022.0,431.0
55261F10,116.49,119.5,2020-11-30,MTB,M & T BANK CORP,6022.0,431.0
55261F10,120.89,120.21,2020-12-01,MTB,M & T BANK CORP,6022.0,431.0
55261F10,123.01,120.0,2020-12-02,MTB,M & T BANK CORP,6022.0,431.0
55261F10,124.83,123.15,2020-12-03,MTB,M & T BANK CORP,6022.0,431.0
55261F10,128.02,126.81,2020-12-04,MTB,M & T BANK CORP,6022.0,431.0
55261F10,127.2,126.72,2020-12-07,MTB,M & T BANK CORP,6022.0,431.0
55261F10,126.15,125.44,2020-12-08,MTB,M & T BANK CORP,6022.0,431.0
55261F10,128.14,127.69,2020-12-09,MTB,M & T BANK CORP,6022.0,431.0
55261F10,127.98,126.4,2020-12-10,MTB,M & T BANK CORP,6022.0,431.0
55261F10,125.84,125.78,2020-12-11,MTB,M & T BANK CORP,6022.0,431.0
55261F10,124.76,128.42,2020-12-14,MTB,M & T BANK CORP,6022.0,431.0
55261F10,126.66,126.41,2020-12-15,MTB,M & T BANK CORP,6022.0,431.0
55261F10,126.99,126.81,2020-12-16,MTB,M & T BANK CORP,6022.0,431.0
55261F10,125.83,126.62,2020-12-17,MTB,M & T BANK CORP,6022.0,431.0
55261F10,123.73,125.93,2020-12-18,MTB,M & T BANK CORP,6022.0,431.0
55261F10,124.04,123.22,2020-12-21,MTB,M & T BANK CORP,6022.0,431.0
55261F10,121.14,124.22,2020-12-22,MTB,M & T BANK CORP,6022.0,431.0
55261F10,125.61,122.14,2020-12-23,MTB,M & T BANK CORP,6022.0,431.0
55261F10,124.96,125.63,2020-12-24,MTB,M & T BANK CORP,6022.0,431.0
55261F10,125.7,125.88,2020-12-28,MTB,M & T BANK CORP,6022.0,431.0
55261F10,123.81,125.54,2020-12-29,MTB,M & T BANK CORP,6022.0,431.0
55261F10,125.64,123.78,2020-12-30,MTB,M & T BANK CORP,6022.0,431.0
55261F10,127.3,125.86,2020-12-31,MTB,M & T BANK CORP,6022.0,431.0
55261F10,126.82,128.63,2021-01-04,MTB,M & T BANK CORP,6022.0,431.0
55261F10,128.49001,126.24,2021-01-05,MTB,M & T BANK CORP,6022.0,431.0
55261F10,139.81,132.92,2021-01-06,MTB,M & T BANK CORP,6022.0,431.0
55261F10,147.55,145.10001,2021-01-07,MTB,M & T BANK CORP,6022.0,431.0
55261F10,144.24001,146.32001,2021-01-08,MTB,M & T BANK CORP,6022.0,431.0
55261F10,146.7,142.19,2021-01-11,MTB,M & T BANK CORP,6022.0,431.0
55261F10,149.64999,147.8,2021-01-12,MTB,M & T BANK CORP,6022.0,431.0
55261F10,146.71001,148.28,2021-01-13,MTB,M & T BANK CORP,6022.0,431.0
55261F10,149.36,148.23,2021-01-14,MTB,M & T BANK CORP,6022.0,431.0
55261F10,144.77,146.39,2021-01-15,MTB,M & T BANK CORP,6022.0,431.0
55261F10,146.2,145.37,2021-01-19,MTB,M & T BANK CORP,6022.0,431.0
55261F10,143.73,145.60001,2021-01-20,MTB,M & T BANK CORP,6022.0,431.0
55261F10,144.50999,142.69,2021-01-21,MTB,M & T BANK CORP,6022.0,431.0
55261F10,143.16,142.83,2021-01-22,MTB,M & T BANK CORP,6022.0,431.0
55261F10,140.03999,140.64,2021-01-25,MTB,M & T BANK CORP,6022.0,431.0
55261F10,137.24001,141.25,2021-01-26,MTB,M & T BANK CORP,6022.0,431.0
55261F10,132.83,134.49001,2021-01-27,MTB,M & T BANK CORP,6022.0,431.0
55261F10,137.35001,135.74001,2021-01-28,MTB,M & T BANK CORP,6022.0,431.0
55261F10,132.47,136.60001,2021-01-29,MTB,M & T BANK CORP,6022.0,431.0
55261F10,132.95,133.49001,2021-02-01,MTB,M & T BANK CORP,6022.0,431.0
55261F10,136.08,135.14999,2021-02-02,MTB,M & T BANK CORP,6022.0,431.0
55261F10,137.38,135.57001,2021-02-03,MTB,M & T BANK CORP,6022.0,431.0
55261F10,141.0,138.25999,2021-02-04,MTB,M & T BANK CORP,6022.0,431.0
55261F10,140.39999,142.55,2021-02-05,MTB,M & T BANK CORP,6022.0,431.0
55261F10,142.89999,140.75,2021-02-08,MTB,M & T BANK CORP,6022.0,431.0
55261F10,143.06,142.89999,2021-02-09,MTB,M & T BANK CORP,6022.0,431.0
55261F10,143.36,144.23,2021-02-10,MTB,M & T BANK CORP,6022.0,431.0
55261F10,142.21001,142.91,2021-02-11,MTB,M & T BANK CORP,6022.0,431.0
55261F10,142.23,142.03,2021-02-12,MTB,M & T BANK CORP,6022.0,431.0
55261F10,148.67,143.91,2021-02-16,MTB,M & T BANK CORP,6022.0,431.0
55261F10,148.2,148.0,2021-02-17,MTB,M & T BANK CORP,6022.0,431.0
55261F10,146.74001,146.5,2021-02-18,MTB,M & T BANK CORP,6022.0,431.0
55261F10,149.97,147.7,2021-02-19,MTB,M & T BANK CORP,6022.0,431.0
55261F10,155.27,149.46001,2021-02-22,MTB,M & T BANK CORP,6022.0,431.0
55261F10,159.38,157.23,2021-02-23,MTB,M & T BANK CORP,6022.0,431.0
55261F10,162.13,160.64,2021-02-24,MTB,M & T BANK CORP,6022.0,431.0
55261F10,156.7,164.63,2021-02-25,MTB,M & T BANK CORP,6022.0,431.0
55261F10,150.94,154.50999,2021-02-26,MTB,M & T BANK CORP,6022.0,431.0
55261F10,154.23,154.19,2021-03-01,MTB,M & T BANK CORP,6022.0,431.0
55261F10,154.61,155.00999,2021-03-02,MTB,M & T BANK CORP,6022.0,431.0
55261F10,155.83,156.16,2021-03-03,MTB,M & T BANK CORP,6022.0,431.0
55261F10,152.99001,155.61,2021-03-04,MTB,M & T BANK CORP,6022.0,431.0
55261F10,156.35001,156.78999,2021-03-05,MTB,M & T BANK CORP,6022.0,431.0
55261F10,159.17,158.85001,2021-03-08,MTB,M & T BANK CORP,6022.0,431.0
55261F10,153.03,156.11,2021-03-09,MTB,M & T BANK CORP,6022.0,431.0
55261F10,156.61,153.39999,2021-03-10,MTB,M & T BANK CORP,6022.0,431.0
55261F10,155.57001,154.81,2021-03-11,MTB,M & T BANK CORP,6022.0,431.0
55261F10,157.56,159.10001,2021-03-12,MTB,M & T BANK CORP,6022.0,431.0
55261F10,155.3,157.08,2021-03-15,MTB,M & T BANK CORP,6022.0,431.0
55261F10,152.64,153.28999,2021-03-16,MTB,M & T BANK CORP,6022.0,431.0
55261F10,152.84,154.58,2021-03-17,MTB,M & T BANK CORP,6022.0,431.0
55261F10,155.38,155.25,2021-03-18,MTB,M & T BANK CORP,6022.0,431.0
55261F10,152.07001,153.25,2021-03-19,MTB,M & T BANK CORP,6022.0,431.0
55261F10,149.42,151.05,2021-03-22,MTB,M & T BANK CORP,6022.0,431.0
55261F10,146.57001,147.66,2021-03-23,MTB,M & T BANK CORP,6022.0,431.0
55261F10,147.77,148.96001,2021-03-24,MTB,M & T BANK CORP,6022.0,431.0
55261F10,152.57001,147.7,2021-03-25,MTB,M & T BANK CORP,6022.0,431.0
55261F10,155.14,154.78,2021-03-26,MTB,M & T BANK CORP,6022.0,431.0
55261F10,150.53,152.98,2021-03-29,MTB,M & T BANK CORP,6022.0,431.0
55261F10,153.87,151.96001,2021-03-30,MTB,M & T BANK CORP,6022.0,431.0
55261F10,151.61,153.31,2021-03-31,MTB,M & T BANK CORP,6022.0,431.0
55261F10,153.17,151.21001,2021-04-01,MTB,M & T BANK CORP,6022.0,431.0
55261F10,153.21001,154.87,2021-04-05,MTB,M & T BANK CORP,6022.0,431.0
55261F10,153.02,153.03,2021-04-06,MTB,M & T BANK CORP,6022.0,431.0
55261F10,154.19,154.24001,2021-04-07,MTB,M & T BANK CORP,6022.0,431.0
55261F10,152.86,152.75999,2021-04-08,MTB,M & T BANK CORP,6022.0,431.0
55261F10,153.63,154.42999,2021-04-09,MTB,M & T BANK CORP,6022.0,431.0
55261F10,156.22,154.24001,2021-04-12,MTB,M & T BANK CORP,6022.0,431.0
55261F10,154.52,154.78999,2021-04-13,MTB,M & T BANK CORP,6022.0,431.0
55261F10,155.57001,154.08,2021-04-14,MTB,M & T BANK CORP,6022.0,431.0
55261F10,153.89,155.07001,2021-04-15,MTB,M & T BANK CORP,6022.0,431.0
55261F10,153.86,156.45,2021-04-16,MTB,M & T BANK CORP,6022.0,431.0
55261F10,154.98,153.86,2021-04-19,MTB,M & T BANK CORP,6022.0,431.0
55261F10,149.67,153.21001,2021-04-20,MTB,M & T BANK CORP,6022.0,431.0
55261F10,152.99001,149.11,2021-04-21,MTB,M & T BANK CORP,6022.0,431.0
55261F10,149.09,152.97,2021-04-22,MTB,M & T BANK CORP,6022.0,431.0
55261F10,153.12,148.92,2021-04-23,MTB,M & T BANK CORP,6022.0,431.0
55261F10,155.64999,154.69,2021-04-26,MTB,M & T BANK CORP,6022.0,431.0
55261F10,156.78,155.66,2021-04-27,MTB,M & T BANK CORP,6022.0,431.0
55261F10,156.41,157.84,2021-04-28,MTB,M & T BANK CORP,6022.0,431.0
55261F10,160.22,158.63,2021-04-29,MTB,M & T BANK CORP,6022.0,431.0
55261F10,157.69,158.67999,2021-04-30,MTB,M & T BANK CORP,6022.0,431.0
55261F10,157.5,159.3,2021-05-03,MTB,M & T BANK CORP,6022.0,431.0
55261F10,159.89999,156.46001,2021-05-04,MTB,M & T BANK CORP,6022.0,431.0
55261F10,160.74001,160.0,2021-05-05,MTB,M & T BANK CORP,6022.0,431.0
55261F10,162.53999,161.45,2021-05-06,MTB,M & T BANK CORP,6022.0,431.0
55261F10,163.14999,159.56,2021-05-07,MTB,M & T BANK CORP,6022.0,431.0
55261F10,162.87,164.60001,2021-05-10,MTB,M & T BANK CORP,6022.0,431.0
55261F10,162.0,161.84,2021-05-11,MTB,M & T BANK CORP,6022.0,431.0
55261F10,158.12,164.31,2021-05-12,MTB,M & T BANK CORP,6022.0,431.0
55261F10,164.67999,157.28999,2021-05-13,MTB,M & T BANK CORP,6022.0,431.0
55261F10,166.82001,164.81,2021-05-14,MTB,M & T BANK CORP,6022.0,431.0
55261F10,167.27,166.0,2021-05-17,MTB,M & T BANK CORP,6022.0,431.0
55261F10,164.24001,166.52,2021-05-18,MTB,M & T BANK CORP,6022.0,431.0
55261F10,162.2,162.69,2021-05-19,MTB,M & T BANK CORP,6022.0,431.0
55261F10,160.73,162.27,2021-05-20,MTB,M & T BANK CORP,6022.0,431.0
55261F10,162.45,161.75999,2021-05-21,MTB,M & T BANK CORP,6022.0,431.0
55261F10,161.58,162.88,2021-05-24,MTB,M & T BANK CORP,6022.0,431.0
55261F10,157.27,161.45,2021-05-25,MTB,M & T BANK CORP,6022.0,431.0
55261F10,157.7,158.39999,2021-05-26,MTB,M & T BANK CORP,6022.0,431.0
55261F10,160.28,161.08,2021-05-27,MTB,M & T BANK CORP,6022.0,431.0
55261F10,160.69,159.37,2021-05-28,MTB,M & T BANK CORP,6022.0,431.0
55261F10,162.07001,162.19,2021-06-01,MTB,M & T BANK CORP,6022.0,431.0
55261F10,162.5,162.0,2021-06-02,MTB,M & T BANK CORP,6022.0,431.0
55261F10,163.00999,162.23,2021-06-03,MTB,M & T BANK CORP,6022.0,431.0
55261F10,161.27,162.60001,2021-06-04,MTB,M & T BANK CORP,6022.0,431.0
55261F10,159.72,161.85001,2021-06-07,MTB,M & T BANK CORP,6022.0,431.0
55261F10,160.44,158.28,2021-06-08,MTB,M & T BANK CORP,6022.0,431.0
55261F10,157.66,158.97,2021-06-09,MTB,M & T BANK CORP,6022.0,431.0
55261F10,153.89,160.12,2021-06-10,MTB,M & T BANK CORP,6022.0,431.0
55261F10,155.14,154.55,2021-06-11,MTB,M & T BANK CORP,6022.0,431.0
55261F10,152.56,155.09,2021-06-14,MTB,M & T BANK CORP,6022.0,431.0
55261F10,154.33,152.73,2021-06-15,MTB,M & T BANK CORP,6022.0,431.0
55261F10,155.59,153.12,2021-06-16,MTB,M & T BANK CORP,6022.0,431.0
55261F10,148.46001,157.17999,2021-06-17,MTB,M & T BANK CORP,6022.0,431.0
55261F10,142.98,145.08,2021-06-18,MTB,M & T BANK CORP,6022.0,431.0
55261F10,147.64999,144.72,2021-06-21,MTB,M & T BANK CORP,6022.0,431.0
55261F10,147.13,147.33,2021-06-22,MTB,M & T BANK CORP,6022.0,431.0
55261F10,146.62,147.10001,2021-06-23,MTB,M & T BANK CORP,6022.0,431.0
55261F10,147.85001,147.49001,2021-06-24,MTB,M & T BANK CORP,6022.0,431.0
55261F10,151.33,148.56,2021-06-25,MTB,M & T BANK CORP,6022.0,431.0
55261F10,147.00999,150.59,2021-06-28,MTB,M & T BANK CORP,6022.0,431.0
55261F10,145.85001,148.35001,2021-06-29,MTB,M & T BANK CORP,6022.0,431.0
55261F10,145.31,145.33,2021-06-30,MTB,M & T BANK CORP,6022.0,431.0
55261F10,147.28,147.08,2021-07-01,MTB,M & T BANK CORP,6022.0,431.0
55261F10,145.92999,147.46001,2021-07-02,MTB,M & T BANK CORP,6022.0,431.0
55261F10,141.59,144.75999,2021-07-06,MTB,M & T BANK CORP,6022.0,431.0
55261F10,141.5,140.23,2021-07-07,MTB,M & T BANK CORP,6022.0,431.0
55261F10,137.55,138.71001,2021-07-08,MTB,M & T BANK CORP,6022.0,431.0
55261F10,142.33,140.42,2021-07-09,MTB,M & T BANK CORP,6022.0,431.0
55261F10,143.17999,140.57001,2021-07-12,MTB,M & T BANK CORP,6022.0,431.0
55261F10,141.17,143.09,2021-07-13,MTB,M & T BANK CORP,6022.0,431.0
55261F10,140.05,141.44,2021-07-14,MTB,M & T BANK CORP,6022.0,431.0
55261F10,141.19,138.22,2021-07-15,MTB,M & T BANK CORP,6022.0,431.0
55261F10,136.82001,141.89,2021-07-16,MTB,M & T BANK CORP,6022.0,431.0
55261F10,131.2,133.5,2021-07-19,MTB,M & T BANK CORP,6022.0,431.0
55261F10,135.03999,130.64,2021-07-20,MTB,M & T BANK CORP,6022.0,431.0
55261F10,133.05,131.05,2021-07-21,MTB,M & T BANK CORP,6022.0,431.0
55261F10,128.99001,132.00999,2021-07-22,MTB,M & T BANK CORP,6022.0,431.0
55261F10,129.33,130.42,2021-07-23,MTB,M & T BANK CORP,6022.0,431.0
55261F10,132.25,129.85001,2021-07-26,MTB,M & T BANK CORP,6022.0,431.0
55261F10,133.96001,131.0,2021-07-27,MTB,M & T BANK CORP,6022.0,431.0
55261F10,134.46001,134.47,2021-07-28,MTB,M & T BANK CORP,6022.0,431.0
55261F10,135.23,136.25,2021-07-29,MTB,M & T BANK CORP,6022.0,431.0
55261F10,133.85001,135.09,2021-07-30,MTB,M & T BANK CORP,6022.0,431.0
55261F10,133.36,134.47,2021-08-02,MTB,M & T BANK CORP,6022.0,431.0
55261F10,136.24001,134.38,2021-08-03,MTB,M & T BANK CORP,6022.0,431.0
55261F10,133.03,134.03,2021-08-04,MTB,M & T BANK CORP,6022.0,431.0
55261F10,134.38,134.34,2021-08-05,MTB,M & T BANK CORP,6022.0,431.0
55261F10,137.98,137.12,2021-08-06,MTB,M & T BANK CORP,6022.0,431.0
55261F10,138.49001,137.05,2021-08-09,MTB,M & T BANK CORP,6022.0,431.0
55261F10,140.00999,138.06,2021-08-10,MTB,M & T BANK CORP,6022.0,431.0
55261F10,142.64999,139.92,2021-08-11,MTB,M & T BANK CORP,6022.0,431.0
55261F10,141.63,142.94,2021-08-12,MTB,M & T BANK CORP,6022.0,431.0
55261F10,139.94,141.58,2021-08-13,MTB,M & T BANK CORP,6022.0,431.0
55261F10,139.08,138.98,2021-08-16,MTB,M & T BANK CORP,6022.0,431.0
55261F10,138.10001,137.77,2021-08-17,MTB,M & T BANK CORP,6022.0,431.0
55261F10,136.78,137.23,2021-08-18,MTB,M & T BANK CORP,6022.0,431.0
55261F10,134.66,134.71001,2021-08-19,MTB,M & T BANK CORP,6022.0,431.0
55261F10,135.7,134.31,2021-08-20,MTB,M & T BANK CORP,6022.0,431.0
55261F10,136.92,136.83,2021-08-23,MTB,M & T BANK CORP,6022.0,431.0
55261F10,138.78999,136.85001,2021-08-24,MTB,M & T BANK CORP,6022.0,431.0
55261F10,141.62,139.82001,2021-08-25,MTB,M & T BANK CORP,6022.0,431.0
55261F10,139.75999,142.28999,2021-08-26,MTB,M & T BANK CORP,6022.0,431.0
55261F10,142.17999,140.07001,2021-08-27,MTB,M & T BANK CORP,6022.0,431.0
55261F10,138.97,142.12,2021-08-30,MTB,M & T BANK CORP,6022.0,431.0
55261F10,140.00999,138.09,2021-08-31,MTB,M & T BANK CORP,6022.0,431.0
55261F10,139.22,140.31,2021-09-01,MTB,M & T BANK CORP,6022.0,431.0
55261F10,139.28,138.88,2021-09-02,MTB,M & T BANK CORP,6022.0,431.0
55261F10,138.96001,139.85001,2021-09-03,MTB,M & T BANK CORP,6022.0,431.0
55261F10,138.42,139.06,2021-09-07,MTB,M & T BANK CORP,6022.0,431.0
55261F10,137.25999,137.82001,2021-09-08,MTB,M & T BANK CORP,6022.0,431.0
55261F10,137.95,136.92,2021-09-09,MTB,M & T BANK CORP,6022.0,431.0
55261F10,135.75999,139.11,2021-09-10,MTB,M & T BANK CORP,6022.0,431.0
55261F10,137.45,137.48,2021-09-13,MTB,M & T BANK CORP,6022.0,431.0
55261F10,133.67,137.16,2021-09-14,MTB,M & T BANK CORP,6022.0,431.0
55261F10,137.25999,134.06,2021-09-15,MTB,M & T BANK CORP,6022.0,431.0
55261F10,137.50999,138.07001,2021-09-16,MTB,M & T BANK CORP,6022.0,431.0
55261F10,137.55,137.00999,2021-09-17,MTB,M & T BANK CORP,6022.0,431.0
55261F10,133.94,134.00999,2021-09-20,MTB,M & T BANK CORP,6022.0,431.0
55261F10,133.39,134.44,2021-09-21,MTB,M & T BANK CORP,6022.0,431.0
55261F10,136.5,135.32001,2021-09-22,MTB,M & T BANK CORP,6022.0,431.0
55261F10,141.95,138.44,2021-09-23,MTB,M & T BANK CORP,6022.0,431.0
55261F10,143.25999,142.19,2021-09-24,MTB,M & T BANK CORP,6022.0,431.0
55261F10,151.23,146.50999,2021-09-27,MTB,M & T BANK CORP,6022.0,431.0
55261F10,151.13,152.5,2021-09-28,MTB,M & T BANK CORP,6022.0,431.0
55261F10,152.99001,151.55,2021-09-29,MTB,M & T BANK CORP,6022.0,431.0
55261F10,149.34,154.25999,2021-09-30,MTB,M & T BANK CORP,6022.0,431.0
55261F10,152.8,152.32001,2021-10-01,MTB,M & T BANK CORP,6022.0,431.0
55261F10,153.64999,153.42999,2021-10-04,MTB,M & T BANK CORP,6022.0,431.0
55261F10,153.81,155.42,2021-10-05,MTB,M & T BANK CORP,6022.0,431.0
55261F10,152.24001,152.49001,2021-10-06,MTB,M & T BANK CORP,6022.0,431.0
55261F10,153.69,153.74001,2021-10-07,MTB,M & T BANK CORP,6022.0,431.0
55261F10,153.74001,153.0,2021-10-08,MTB,M & T BANK CORP,6022.0,431.0
55261F10,151.48,154.64999,2021-10-11,MTB,M & T BANK CORP,6022.0,431.0
55261F10,150.69,150.8,2021-10-12,MTB,M & T BANK CORP,6022.0,431.0
55261F10,149.23,149.62,2021-10-13,MTB,M & T BANK CORP,6022.0,431.0
55261F10,151.02,150.64,2021-10-14,MTB,M & T BANK CORP,6022.0,431.0
55261F10,151.13,152.89,2021-10-15,MTB,M & T BANK CORP,6022.0,431.0
55261F10,150.84,150.45,2021-10-18,MTB,M & T BANK CORP,6022.0,431.0
55261F10,151.64,151.37,2021-10-19,MTB,M & T BANK CORP,6022.0,431.0
55261F10,160.41,151.64,2021-10-20,MTB,M & T BANK CORP,6022.0,431.0
55261F10,159.75999,160.06,2021-10-21,MTB,M & T BANK CORP,6022.0,431.0
55261F10,159.88,159.95,2021-10-22,MTB,M & T BANK CORP,6022.0,431.0
55261F10,159.0,160.67999,2021-10-25,MTB,M & T BANK CORP,6022.0,431.0
55261F10,155.38,158.92,2021-10-26,MTB,M & T BANK CORP,6022.0,431.0
55261F10,149.11,154.33,2021-10-27,MTB,M & T BANK CORP,6022.0,431.0
55261F10,148.07001,149.27,2021-10-28,MTB,M & T BANK CORP,6022.0,431.0
55261F10,147.12,148.37,2021-10-29,MTB,M & T BANK CORP,6022.0,431.0
55261F10,152.71001,149.03,2021-11-01,MTB,M & T BANK CORP,6022.0,431.0
55261F10,153.82001,152.32001,2021-11-02,MTB,M & T BANK CORP,6022.0,431.0
55261F10,159.33,153.17999,2021-11-03,MTB,M & T BANK CORP,6022.0,431.0
55261F10,154.17,158.57001,2021-11-04,MTB,M & T BANK CORP,6022.0,431.0
55261F10,155.09,155.83,2021-11-05,MTB,M & T BANK CORP,6022.0,431.0
55261F10,156.59,156.02,2021-11-08,MTB,M & T BANK CORP,6022.0,431.0
55261F10,154.61,155.2,2021-11-09,MTB,M & T BANK CORP,6022.0,431.0
55261F10,156.39,155.64999,2021-11-10,MTB,M & T BANK CORP,6022.0,431.0
55261F10,159.22,156.19,2021-11-11,MTB,M & T BANK CORP,6022.0,431.0
55261F10,159.87,159.33,2021-11-12,MTB,M & T BANK CORP,6022.0,431.0
55261F10,160.21001,160.36,2021-11-15,MTB,M & T BANK CORP,6022.0,431.0
55261F10,160.42,160.56,2021-11-16,MTB,M & T BANK CORP,6022.0,431.0
55261F10,161.17,160.32001,2021-11-17,MTB,M & T BANK CORP,6022.0,431.0
55261F10,159.42,162.23,2021-11-18,MTB,M & T BANK CORP,6022.0,431.0
55261F10,157.37,157.27,2021-11-19,MTB,M & T BANK CORP,6022.0,431.0
55261F10,161.37,160.33,2021-11-22,MTB,M & T BANK CORP,6022.0,431.0
55261F10,161.85001,162.42,2021-11-23,MTB,M & T BANK CORP,6022.0,431.0
55261F10,161.47,161.45,2021-11-24,MTB,M & T BANK CORP,6022.0,431.0
55261F10,153.99001,154.86,2021-11-26,MTB,M & T BANK CORP,6022.0,431.0
55261F10,152.16,155.21001,2021-11-29,MTB,M & T BANK CORP,6022.0,431.0
55261F10,146.61,149.78999,2021-11-30,MTB,M & T BANK CORP,6022.0,431.0
55261F10,144.03999,150.03999,2021-12-01,MTB,M & T BANK CORP,6022.0,431.0
55261F10,150.72,145.91,2021-12-02,MTB,M & T BANK CORP,6022.0,431.0
55261F10,146.96001,150.56,2021-12-03,MTB,M & T BANK CORP,6022.0,431.0
55261F10,151.67999,150.3,2021-12-06,MTB,M & T BANK CORP,6022.0,431.0
55261F10,152.71001,152.5,2021-12-07,MTB,M & T BANK CORP,6022.0,431.0
55261F10,151.95,152.99001,2021-12-08,MTB,M & T BANK CORP,6022.0,431.0
55261F10,152.24001,150.91,2021-12-09,MTB,M & T BANK CORP,6022.0,431.0
55261F10,152.21001,152.87,2021-12-10,MTB,M & T BANK CORP,6022.0,431.0
55261F10,147.63,151.77,2021-12-13,MTB,M & T BANK CORP,6022.0,431.0
55261F10,149.42,148.24001,2021-12-14,MTB,M & T BANK CORP,6022.0,431.0
55261F10,150.62,150.38,2021-12-15,MTB,M & T BANK CORP,6022.0,431.0
55261F10,153.17999,153.0,2021-12-16,MTB,M & T BANK CORP,6022.0,431.0
55261F10,147.14999,152.87,2021-12-17,MTB,M & T BANK CORP,6022.0,431.0
55261F10,144.7,144.42999,2021-12-20,MTB,M & T BANK CORP,6022.0,431.0
55261F10,149.05,146.95,2021-12-21,MTB,M & T BANK CORP,6022.0,431.0
55261F10,150.50999,148.8,2021-12-22,MTB,M & T BANK CORP,6022.0,431.0
55261F10,150.95,151.89999,2021-12-23,MTB,M & T BANK CORP,6022.0,431.0
55261F10,153.48,151.23,2021-12-27,MTB,M & T BANK CORP,6022.0,431.0
55261F10,154.19,152.83,2021-12-28,MTB,M & T BANK CORP,6022.0,431.0
55261F10,154.10001,154.2,2021-12-29,MTB,M & T BANK CORP,6022.0,431.0
55261F10,153.17999,154.73,2021-12-30,MTB,M & T BANK CORP,6022.0,431.0
55261F10,153.58,152.55,2021-12-31,MTB,M & T BANK CORP,6022.0,431.0
55261F10,158.25,155.77,2022-01-03,MTB,M & T BANK CORP,6022.0,431.0
55261F10,164.0,160.74001,2022-01-04,MTB,M & T BANK CORP,6022.0,431.0
55261F10,165.28999,165.0,2022-01-05,MTB,M & T BANK CORP,6022.0,431.0
55261F10,171.92999,167.73,2022-01-06,MTB,M & T BANK CORP,6022.0,431.0
55261F10,176.92999,172.38,2022-01-07,MTB,M & T BANK CORP,6022.0,431.0
55261F10,177.49001,179.44,2022-01-10,MTB,M & T BANK CORP,6022.0,431.0
55261F10,178.2,178.07001,2022-01-11,MTB,M & T BANK CORP,6022.0,431.0
55261F10,179.53,178.5,2022-01-12,MTB,M & T BANK CORP,6022.0,431.0
55261F10,183.21001,182.22,2022-01-13,MTB,M & T BANK CORP,6022.0,431.0
55261F10,185.34,181.0,2022-01-14,MTB,M & T BANK CORP,6022.0,431.0
55261F10,182.39,185.75999,2022-01-18,MTB,M & T BANK CORP,6022.0,431.0
55261F10,175.92,182.48,2022-01-19,MTB,M & T BANK CORP,6022.0,431.0
55261F10,166.35001,178.77,2022-01-20,MTB,M & T BANK CORP,6022.0,431.0
55261F10,160.11,165.35001,2022-01-21,MTB,M & T BANK CORP,6022.0,431.0
55261F10,166.63,158.82001,2022-01-24,MTB,M & T BANK CORP,6022.0,431.0
55261F10,164.59,164.17,2022-01-25,MTB,M & T BANK CORP,6022.0,431.0
55261F10,167.75999,165.31,2022-01-26,MTB,M & T BANK CORP,6022.0,431.0
55261F10,168.86,170.10001,2022-01-27,MTB,M & T BANK CORP,6022.0,431.0
55261F10,172.07001,168.27,2022-01-28,MTB,M & T BANK CORP,6022.0,431.0
55261F10,169.38,169.94,2022-01-31,MTB,M & T BANK CORP,6022.0,431.0
55261F10,172.85001,169.11,2022-02-01,MTB,M & T BANK CORP,6022.0,431.0
55261F10,175.82001,171.89999,2022-02-02,MTB,M & T BANK CORP,6022.0,431.0
55261F10,175.17999,176.60001,2022-02-03,MTB,M & T BANK CORP,6022.0,431.0
55261F10,179.56,175.39,2022-02-04,MTB,M & T BANK CORP,6022.0,431.0
55261F10,180.48,179.56,2022-02-07,MTB,M & T BANK CORP,6022.0,431.0
55261F10,184.28999,183.16,2022-02-08,MTB,M & T BANK CORP,6022.0,431.0
55261F10,183.05,183.87,2022-02-09,MTB,M & T BANK CORP,6022.0,431.0
55261F10,183.11,183.47,2022-02-10,MTB,M & T BANK CORP,6022.0,431.0
55261F10,182.3,181.21001,2022-02-11,MTB,M & T BANK CORP,6022.0,431.0
55261F10,180.41,182.63,2022-02-14,MTB,M & T BANK CORP,6022.0,431.0
55261F10,183.92999,182.86,2022-02-15,MTB,M & T BANK CORP,6022.0,431.0
55261F10,186.10001,182.11,2022-02-16,MTB,M & T BANK CORP,6022.0,431.0
55261F10,182.66,184.42999,2022-02-17,MTB,M & T BANK CORP,6022.0,431.0
55261F10,182.35001,181.59,2022-02-18,MTB,M & T BANK CORP,6022.0,431.0
55261F10,182.59,181.96001,2022-02-22,MTB,M & T BANK CORP,6022.0,431.0
55261F10,180.81,184.91,2022-02-23,MTB,M & T BANK CORP,6022.0,431.0
55261F10,174.47,173.14,2022-02-24,MTB,M & T BANK CORP,6022.0,431.0
55261F10,183.03,174.87,2022-02-25,MTB,M & T BANK CORP,6022.0,431.0
55261F10,182.23,177.36,2022-02-28,MTB,M & T BANK CORP,6022.0,431.0
55261F10,169.85001,179.84,2022-03-01,MTB,M & T BANK CORP,6022.0,431.0
55261F10,178.81,172.38,2022-03-02,MTB,M & T BANK CORP,6022.0,431.0
55261F10,180.64999,178.47,2022-03-03,MTB,M & T BANK CORP,6022.0,431.0
55261F10,176.22,175.58,2022-03-04,MTB,M & T BANK CORP,6022.0,431.0
55261F10,170.49001,173.57001,2022-03-07,MTB,M & T BANK CORP,6022.0,431.0
55261F10,168.13,174.91,2022-03-08,MTB,M & T BANK CORP,6022.0,431.0
55261F10,173.21001,174.41,2022-03-09,MTB,M & T BANK CORP,6022.0,431.0
55261F10,173.89999,171.25999,2022-03-10,MTB,M & T BANK CORP,6022.0,431.0
55261F10,172.22,174.67,2022-03-11,MTB,M & T BANK CORP,6022.0,431.0
55261F10,175.2,174.92999,2022-03-14,MTB,M & T BANK CORP,6022.0,431.0
55261F10,175.00999,176.47,2022-03-15,MTB,M & T BANK CORP,6022.0,431.0
55261F10,181.41,176.77,2022-03-16,MTB,M & T BANK CORP,6022.0,431.0
55261F10,179.07001,177.67999,2022-03-17,MTB,M & T BANK CORP,6022.0,431.0
55261F10,179.28999,178.83,2022-03-18,MTB,M & T BANK CORP,6022.0,431.0
55261F10,180.58,180.48,2022-03-21,MTB,M & T BANK CORP,6022.0,431.0
55261F10,184.49001,183.03999,2022-03-22,MTB,M & T BANK CORP,6022.0,431.0
55261F10,178.91,182.89,2022-03-23,MTB,M & T BANK CORP,6022.0,431.0
55261F10,179.69,180.75999,2022-03-24,MTB,M & T BANK CORP,6022.0,431.0
55261F10,183.57001,181.05,2022-03-25,MTB,M & T BANK CORP,6022.0,431.0
55261F10,179.39,179.96001,2022-03-28,MTB,M & T BANK CORP,6022.0,431.0
55261F10,182.03,182.19,2022-03-29,MTB,M & T BANK CORP,6022.0,431.0
55261F10,172.25999,180.0,2022-03-30,MTB,M & T BANK CORP,6022.0,431.0
55261F10,169.5,171.88,2022-03-31,MTB,M & T BANK CORP,6022.0,431.0
55261F10,164.66,172.14,2022-04-01,MTB,M & T BANK CORP,6022.0,431.0
55261F10,165.57001,165.0,2022-04-04,MTB,M & T BANK CORP,6022.0,431.0
55261F10,163.78,165.25999,2022-04-05,MTB,M & T BANK CORP,6022.0,431.0
55261F10,162.52,162.28999,2022-04-06,MTB,M & T BANK CORP,6022.0,431.0
55261F10,161.21001,162.88,2022-04-07,MTB,M & T BANK CORP,6022.0,431.0
55261F10,163.07001,162.24001,2022-04-08,MTB,M & T BANK CORP,6022.0,431.0
55261F10,163.53,163.23,2022-04-11,MTB,M & T BANK CORP,6022.0,431.0
55261F10,160.48,163.22,2022-04-12,MTB,M & T BANK CORP,6022.0,431.0
55261F10,159.71001,158.89,2022-04-13,MTB,M & T BANK CORP,6022.0,431.0
55261F10,159.56,159.39999,2022-04-14,MTB,M & T BANK CORP,6022.0,431.0
55261F10,159.16,158.75,2022-04-18,MTB,M & T BANK CORP,6022.0,431.0
55261F10,162.03999,160.78999,2022-04-19,MTB,M & T BANK CORP,6022.0,431.0
55261F10,176.34,164.0,2022-04-20,MTB,M & T BANK CORP,6022.0,431.0
55261F10,177.78,180.83,2022-04-21,MTB,M & T BANK CORP,6022.0,431.0
55261F10,172.41,177.63,2022-04-22,MTB,M & T BANK CORP,6022.0,431.0
55261F10,174.0,170.74001,2022-04-25,MTB,M & T BANK CORP,6022.0,431.0
55261F10,169.21001,170.82001,2022-04-26,MTB,M & T BANK CORP,6022.0,431.0
55261F10,171.25,169.78,2022-04-27,MTB,M & T BANK CORP,6022.0,431.0
55261F10,171.31,171.92999,2022-04-28,MTB,M & T BANK CORP,6022.0,431.0
55261F10,166.64,170.75999,2022-04-29,MTB,M & T BANK CORP,6022.0,431.0
55261F10,168.23,168.25,2022-05-02,MTB,M & T BANK CORP,6022.0,431.0
55261F10,170.23,169.97,2022-05-03,MTB,M & T BANK CORP,6022.0,431.0
55261F10,176.09,169.78,2022-05-04,MTB,M & T BANK CORP,6022.0,431.0
55261F10,172.14,173.81,2022-05-05,MTB,M & T BANK CORP,6022.0,431.0
55261F10,170.48,171.8,2022-05-06,MTB,M & T BANK CORP,6022.0,431.0
55261F10,168.03,168.03999,2022-05-09,MTB,M & T BANK CORP,6022.0,431.0
55261F10,165.83,168.74001,2022-05-10,MTB,M & T BANK CORP,6022.0,431.0
55261F10,164.55,165.72,2022-05-11,MTB,M & T BANK CORP,6022.0,431.0
55261F10,165.73,164.41,2022-05-12,MTB,M & T BANK CORP,6022.0,431.0
55261F10,166.58,167.77,2022-05-13,MTB,M & T BANK CORP,6022.0,431.0
55261F10,163.87,166.57001,2022-05-16,MTB,M & T BANK CORP,6022.0,431.0
55261F10,170.74001,167.45,2022-05-17,MTB,M & T BANK CORP,6022.0,431.0
55261F10,165.7,168.67999,2022-05-18,MTB,M & T BANK CORP,6022.0,431.0
55261F10,162.89,162.92999,2022-05-19,MTB,M & T BANK CORP,6022.0,431.0
55261F10,162.73,163.78,2022-05-20,MTB,M & T BANK CORP,6022.0,431.0
55261F10,168.28999,165.33,2022-05-23,MTB,M & T BANK CORP,6022.0,431.0
55261F10,169.06,168.24001,2022-05-24,MTB,M & T BANK CORP,6022.0,431.0
55261F10,173.66,168.84,2022-05-25,MTB,M & T BANK CORP,6022.0,431.0
55261F10,177.75,175.39,2022-05-26,MTB,M & T BANK CORP,6022.0,431.0
55261F10,180.8,177.97,2022-05-27,MTB,M & T BANK CORP,6022.0,431.0
55261F10,179.97,176.49001,2022-05-31,MTB,M & T BANK CORP,6022.0,431.0
55261F10,177.78999,180.50999,2022-06-01,MTB,M & T BANK CORP,6022.0,431.0
55261F10,180.38,177.17999,2022-06-02,MTB,M & T BANK CORP,6022.0,431.0
55261F10,177.97,179.49001,2022-06-03,MTB,M & T BANK CORP,6022.0,431.0
55261F10,177.86,179.0,2022-06-06,MTB,M & T BANK CORP,6022.0,431.0
55261F10,180.61,176.59,2022-06-07,MTB,M & T BANK CORP,6022.0,431.0
55261F10,177.89,178.75,2022-06-08,MTB,M & T BANK CORP,6022.0,431.0
55261F10,171.36,177.92999,2022-06-09,MTB,M & T BANK CORP,6022.0,431.0
55261F10,165.84,166.69,2022-06-10,MTB,M & T BANK CORP,6022.0,431.0
55261F10,162.39,161.39999,2022-06-13,MTB,M & T BANK CORP,6022.0,431.0
55261F10,164.89999,163.44,2022-06-14,MTB,M & T BANK CORP,6022.0,431.0
55261F10,165.49001,166.64999,2022-06-15,MTB,M & T BANK CORP,6022.0,431.0
55261F10,160.64,162.67999,2022-06-16,MTB,M & T BANK CORP,6022.0,431.0
55261F10,162.34,163.8,2022-06-17,MTB,M & T BANK CORP,6022.0,431.0
55261F10,165.25999,166.13,2022-06-21,MTB,M & T BANK CORP,6022.0,431.0
55261F10,164.72,162.64999,2022-06-22,MTB,M & T BANK CORP,6022.0,431.0
55261F10,159.64,164.0,2022-06-23,MTB,M & T BANK CORP,6022.0,431.0
55261F10,166.64,159.5,2022-06-24,MTB,M & T BANK CORP,6022.0,431.0
55261F10,164.42,166.98,2022-06-27,MTB,M & T BANK CORP,6022.0,431.0
55261F10,163.12,166.85001,2022-06-28,MTB,M & T BANK CORP,6022.0,431.0
55261F10,162.33,164.36,2022-06-29,MTB,M & T BANK CORP,6022.0,431.0
55261F10,159.39,158.64999,2022-06-30,MTB,M & T BANK CORP,6022.0,431.0
55261F10,159.71001,158.63,2022-07-01,MTB,M & T BANK CORP,6022.0,431.0
55261F10,158.63,156.38,2022-07-05,MTB,M & T BANK CORP,6022.0,431.0
55261F10,157.06,157.10001,2022-07-06,MTB,M & T BANK CORP,6022.0,431.0
55261F10,158.85001,159.13,2022-07-07,MTB,M & T BANK CORP,6022.0,431.0
55261F10,158.92,160.27,2022-07-08,MTB,M & T BANK CORP,6022.0,431.0
55261F10,158.69,157.25,2022-07-11,MTB,M & T BANK CORP,6022.0,431.0
55261F10,157.89,155.66,2022-07-12,MTB,M & T BANK CORP,6022.0,431.0
55261F10,154.13,156.56,2022-07-13,MTB,M & T BANK CORP,6022.0,431.0
55261F10,150.57001,150.5,2022-07-14,MTB,M & T BANK CORP,6022.0,431.0
55261F10,156.21001,152.96001,2022-07-15,MTB,M & T BANK CORP,6022.0,431.0
55261F10,157.97,158.78999,2022-07-18,MTB,M & T BANK CORP,6022.0,431.0
55261F10,164.71001,161.27,2022-07-19,MTB,M & T BANK CORP,6022.0,431.0
55261F10,165.53999,159.82001,2022-07-20,MTB,M & T BANK CORP,6022.0,431.0
55261F10,169.22,165.57001,2022-07-21,MTB,M & T BANK CORP,6022.0,431.0
55261F10,168.96001,169.0,2022-07-22,MTB,M & T BANK CORP,6022.0,431.0
55261F10,172.44,171.17,2022-07-25,MTB,M & T BANK CORP,6022.0,431.0
55261F10,169.8,171.97,2022-07-26,MTB,M & T BANK CORP,6022.0,431.0
55261F10,172.98,170.82001,2022-07-27,MTB,M & T BANK CORP,6022.0,431.0
55261F10,173.89,172.82001,2022-07-28,MTB,M & T BANK CORP,6022.0,431.0
55261F10,177.45,175.0,2022-07-29,MTB,M & T BANK CORP,6022.0,431.0
55261F10,176.09,176.64,2022-08-01,MTB,M & T BANK CORP,6022.0,431.0
55261F10,173.81,176.0,2022-08-02,MTB,M & T BANK CORP,6022.0,431.0
55261F10,176.50999,175.25,2022-08-03,MTB,M & T BANK CORP,6022.0,431.0
55261F10,175.44,175.73,2022-08-04,MTB,M & T BANK CORP,6022.0,431.0
55261F10,178.77,175.24001,2022-08-05,MTB,M & T BANK CORP,6022.0,431.0
55261F10,179.25999,179.0,2022-08-08,MTB,M & T BANK CORP,6022.0,431.0
55261F10,179.92,180.0,2022-08-09,MTB,M & T BANK CORP,6022.0,431.0
55261F10,184.82001,182.0,2022-08-10,MTB,M & T BANK CORP,6022.0,431.0
55261F10,186.87,186.13,2022-08-11,MTB,M & T BANK CORP,6022.0,431.0
55261F10,189.82001,187.5,2022-08-12,MTB,M & T BANK CORP,6022.0,431.0
55261F10,190.25,187.8,2022-08-15,MTB,M & T BANK CORP,6022.0,431.0
55261F10,191.41,189.99001,2022-08-16,MTB,M & T BANK CORP,6022.0,431.0
55261F10,190.72,188.74001,2022-08-17,MTB,M & T BANK CORP,6022.0,431.0
55261F10,191.17999,190.63,2022-08-18,MTB,M & T BANK CORP,6022.0,431.0
55261F10,188.82001,189.89,2022-08-19,MTB,M & T BANK CORP,6022.0,431.0
55261F10,184.08,185.88,2022-08-22,MTB,M & T BANK CORP,6022.0,431.0
55261F10,184.3,184.57001,2022-08-23,MTB,M & T BANK CORP,6022.0,431.0
55261F10,184.34,183.78,2022-08-24,MTB,M & T BANK CORP,6022.0,431.0
55261F10,187.73,185.02,2022-08-25,MTB,M & T BANK CORP,6022.0,431.0
55261F10,184.02,188.42,2022-08-26,MTB,M & T BANK CORP,6022.0,431.0
55261F10,183.56,182.78999,2022-08-29,MTB,M & T BANK CORP,6022.0,431.0
55261F10,182.78,184.39999,2022-08-30,MTB,M & T BANK CORP,6022.0,431.0
55261F10,181.78,182.39,2022-08-31,MTB,M & T BANK CORP,6022.0,431.0
55261F10,180.81,181.75999,2022-09-01,MTB,M & T BANK CORP,6022.0,431.0
55261F10,180.75,183.07001,2022-09-02,MTB,M & T BANK CORP,6022.0,431.0
55261F10,179.02,181.84,2022-09-06,MTB,M & T BANK CORP,6022.0,431.0
55261F10,182.81,178.24001,2022-09-07,MTB,M & T BANK CORP,6022.0,431.0
55261F10,187.89999,181.73,2022-09-08,MTB,M & T BANK CORP,6022.0,431.0
55261F10,187.61,188.83,2022-09-09,MTB,M & T BANK CORP,6022.0,431.0
55261F10,190.55,188.41,2022-09-12,MTB,M & T BANK CORP,6022.0,431.0
55261F10,186.28,187.0,2022-09-13,MTB,M & T BANK CORP,6022.0,431.0
55261F10,183.25,186.81,2022-09-14,MTB,M & T BANK CORP,6022.0,431.0
55261F10,186.5,183.38,2022-09-15,MTB,M & T BANK CORP,6022.0,431.0
55261F10,182.85001,184.28999,2022-09-16,MTB,M & T BANK CORP,6022.0,431.0
55261F10,187.28999,181.25,2022-09-19,MTB,M & T BANK CORP,6022.0,431.0
55261F10,187.17999,186.19,2022-09-20,MTB,M & T BANK CORP,6022.0,431.0
55261F10,185.64,188.72,2022-09-21,MTB,M & T BANK CORP,6022.0,431.0
55261F10,183.2,186.46001,2022-09-22,MTB,M & T BANK CORP,6022.0,431.0
55261F10,178.91,180.95,2022-09-23,MTB,M & T BANK CORP,6022.0,431.0
55261F10,177.12,177.86,2022-09-26,MTB,M & T BANK CORP,6022.0,431.0
55261F10,177.3,178.19,2022-09-27,MTB,M & T BANK CORP,6022.0,431.0
55261F10,179.14999,177.61,2022-09-28,MTB,M & T BANK CORP,6022.0,431.0
55261F10,174.84,176.5,2022-09-29,MTB,M & T BANK CORP,6022.0,431.0
55261F10,176.32001,175.64,2022-09-30,MTB,M & T BANK CORP,6022.0,431.0
55261F10,181.02,178.83,2022-10-03,MTB,M & T BANK CORP,6022.0,431.0
55261F10,187.33,182.23,2022-10-04,MTB,M & T BANK CORP,6022.0,431.0
55261F10,185.81,185.2,2022-10-05,MTB,M & T BANK CORP,6022.0,431.0
55261F10,184.11,184.0,2022-10-06,MTB,M & T BANK CORP,6022.0,431.0
55261F10,182.06,183.39,2022-10-07,MTB,M & T BANK CORP,6022.0,431.0
55261F10,181.28,183.33,2022-10-10,MTB,M & T BANK CORP,6022.0,431.0
55261F10,179.09,181.03,2022-10-11,MTB,M & T BANK CORP,6022.0,431.0
55261F10,178.82001,179.58,2022-10-12,MTB,M & T BANK CORP,6022.0,431.0
55261F10,187.24001,176.84,2022-10-13,MTB,M & T BANK CORP,6022.0,431.0
55261F10,185.56,188.8,2022-10-14,MTB,M & T BANK CORP,6022.0,431.0
55261F10,187.89999,189.75999,2022-10-17,MTB,M & T BANK CORP,6022.0,431.0
55261F10,189.36,191.12,2022-10-18,MTB,M & T BANK CORP,6022.0,431.0
55261F10,163.06,170.67,2022-10-19,MTB,M & T BANK CORP,6022.0,431.0
55261F10,161.39999,162.17999,2022-10-20,MTB,M & T BANK CORP,6022.0,431.0
55261F10,161.77,161.19,2022-10-21,MTB,M & T BANK CORP,6022.0,431.0
55261F10,163.14,162.16,2022-10-24,MTB,M & T BANK CORP,6022.0,431.0
55261F10,163.5,161.28,2022-10-25,MTB,M & T BANK CORP,6022.0,431.0
55261F10,165.0,163.73,2022-10-26,MTB,M & T BANK CORP,6022.0,431.0
55261F10,167.07001,166.34,2022-10-27,MTB,M & T BANK CORP,6022.0,431.0
55261F10,168.17999,168.28999,2022-10-28,MTB,M & T BANK CORP,6022.0,431.0
55261F10,168.37,167.52,2022-10-31,MTB,M & T BANK CORP,6022.0,431.0
55261F10,168.10001,169.72,2022-11-01,MTB,M & T BANK CORP,6022.0,431.0
55261F10,163.71001,166.50999,2022-11-02,MTB,M & T BANK CORP,6022.0,431.0
55261F10,164.19,162.34,2022-11-03,MTB,M & T BANK CORP,6022.0,431.0
55261F10,167.02,166.59,2022-11-04,MTB,M & T BANK CORP,6022.0,431.0
55261F10,168.97,168.50999,2022-11-07,MTB,M & T BANK CORP,6022.0,431.0
55261F10,170.48,168.74001,2022-11-08,MTB,M & T BANK CORP,6022.0,431.0
55261F10,165.94,169.17,2022-11-09,MTB,M & T BANK CORP,6022.0,431.0
55261F10,170.19,169.83,2022-11-10,MTB,M & T BANK CORP,6022.0,431.0
55261F10,166.2,171.31,2022-11-11,MTB,M & T BANK CORP,6022.0,431.0
55261F10,165.85001,166.28999,2022-11-14,MTB,M & T BANK CORP,6022.0,431.0
55261F10,169.92,167.50999,2022-11-15,MTB,M & T BANK CORP,6022.0,431.0
55261F10,168.69,170.14,2022-11-16,MTB,M & T BANK CORP,6022.0,431.0
55261F10,167.89,166.55,2022-11-17,MTB,M & T BANK CORP,6022.0,431.0
55261F10,170.61,170.32001,2022-11-18,MTB,M & T BANK CORP,6022.0,431.0
55261F10,169.52,170.75999,2022-11-21,MTB,M & T BANK CORP,6022.0,431.0
55261F10,171.67,171.27,2022-11-22,MTB,M & T BANK CORP,6022.0,431.0
55261F10,171.87,171.48,2022-11-23,MTB,M & T BANK CORP,6022.0,431.0
55261F10,172.14,172.55,2022-11-25,MTB,M & T BANK CORP,6022.0,431.0
55261F10,169.52,171.00999,2022-11-28,MTB,M & T BANK CORP,6022.0,431.0
55261F10,170.92,169.82001,2022-11-29,MTB,M & T BANK CORP,6022.0,431.0
55261F10,170.02,167.77,2022-11-30,MTB,M & T BANK CORP,6022.0,431.0
55261F10,168.32001,170.67999,2022-12-01,MTB,M & T BANK CORP,6022.0,431.0
55261F10,169.10001,167.14,2022-12-02,MTB,M & T BANK CORP,6022.0,431.0
55261F10,161.31,168.0,2022-12-05,MTB,M & T BANK CORP,6022.0,431.0
55261F10,160.35001,161.27,2022-12-06,MTB,M & T BANK CORP,6022.0,431.0
55261F10,147.97,148.75999,2022-12-07,MTB,M & T BANK CORP,6022.0,431.0
55261F10,150.12,148.63,2022-12-08,MTB,M & T BANK CORP,6022.0,431.0
55261F10,151.38,149.75999,2022-12-09,MTB,M & T BANK CORP,6022.0,431.0
55261F10,151.53999,150.94,2022-12-12,MTB,M & T BANK CORP,6022.0,431.0
55261F10,146.14999,153.50999,2022-12-13,MTB,M & T BANK CORP,6022.0,431.0
55261F10,143.78999,146.82001,2022-12-14,MTB,M & T BANK CORP,6022.0,431.0
55261F10,141.00999,141.94,2022-12-15,MTB,M & T BANK CORP,6022.0,431.0
55261F10,140.05,139.87,2022-12-16,MTB,M & T BANK CORP,6022.0,431.0
55261F10,140.64999,140.59,2022-12-19,MTB,M & T BANK CORP,6022.0,431.0
55261F10,140.31,141.08,2022-12-20,MTB,M & T BANK CORP,6022.0,431.0
55261F10,143.00999,141.34,2022-12-21,MTB,M & T BANK CORP,6022.0,431.0
55261F10,144.75999,142.69,2022-12-22,MTB,M & T BANK CORP,6022.0,431.0
55261F10,144.56,144.84,2022-12-23,MTB,M & T BANK CORP,6022.0,431.0
55261F10,145.86,144.72,2022-12-27,MTB,M & T BANK CORP,6022.0,431.0
55261F10,143.57001,146.17,2022-12-28,MTB,M & T BANK CORP,6022.0,431.0
55261F10,145.47,143.62,2022-12-29,MTB,M & T BANK CORP,6022.0,431.0
55261F10,145.06,144.42999,2022-12-30,MTB,M & T BANK CORP,6022.0,431.0
55261F10,144.97,145.0,2023-01-03,MTB,M & T BANK CORP,6022.0,431.0
55261F10,146.59,146.60001,2023-01-04,MTB,M & T BANK CORP,6022.0,431.0
55261F10,146.24001,146.17999,2023-01-05,MTB,M & T BANK CORP,6022.0,431.0
55261F10,150.19,147.49001,2023-01-06,MTB,M & T BANK CORP,6022.0,431.0
55261F10,148.55,150.19,2023-01-09,MTB,M & T BANK CORP,6022.0,431.0
55261F10,148.0,149.22,2023-01-10,MTB,M & T BANK CORP,6022.0,431.0
55261F10,149.35001,148.78,2023-01-11,MTB,M & T BANK CORP,6022.0,431.0
55261F10,149.64,150.31,2023-01-12,MTB,M & T BANK CORP,6022.0,431.0
55261F10,149.55,147.67,2023-01-13,MTB,M & T BANK CORP,6022.0,431.0
55261F10,150.53999,149.38,2023-01-17,MTB,M & T BANK CORP,6022.0,431.0
55261F10,145.8,149.02,2023-01-18,MTB,M & T BANK CORP,6022.0,431.0
55261F10,153.81,148.17,2023-01-19,MTB,M & T BANK CORP,6022.0,431.0
55261F10,153.69,155.38,2023-01-20,MTB,M & T BANK CORP,6022.0,431.0
55261F10,154.75999,154.56,2023-01-23,MTB,M & T BANK CORP,6022.0,431.0
55261F10,154.94,154.94,2023-01-24,MTB,M & T BANK CORP,6022.0,431.0
55261F10,155.89,154.21001,2023-01-25,MTB,M & T BANK CORP,6022.0,431.0
55261F10,155.00999,156.82001,2023-01-26,MTB,M & T BANK CORP,6022.0,431.0
55261F10,154.98,154.83,2023-01-27,MTB,M & T BANK CORP,6022.0,431.0
55261F10,153.49001,153.92,2023-01-30,MTB,M & T BANK CORP,6022.0,431.0
55261F10,156.0,153.78999,2023-01-31,MTB,M & T BANK CORP,6022.0,431.0
55261F10,154.39999,153.97,2023-02-01,MTB,M & T BANK CORP,6022.0,431.0
55261F10,156.02,155.48,2023-02-02,MTB,M & T BANK CORP,6022.0,431.0
55261F10,159.02,155.47,2023-02-03,MTB,M & T BANK CORP,6022.0,431.0
55261F10,157.78,158.50999,2023-02-06,MTB,M & T BANK CORP,6022.0,431.0
55261F10,160.10001,157.03999,2023-02-07,MTB,M & T BANK CORP,6022.0,431.0
55261F10,158.89,158.84,2023-02-08,MTB,M & T BANK CORP,6022.0,431.0
55261F10,157.78999,159.11,2023-02-09,MTB,M & T BANK CORP,6022.0,431.0
55261F10,159.02,157.07001,2023-02-10,MTB,M & T BANK CORP,6022.0,431.0
55261F10,161.33,158.64,2023-02-13,MTB,M & T BANK CORP,6022.0,431.0
55261F10,160.62,161.0,2023-02-14,MTB,M & T BANK CORP,6022.0,431.0
55261F10,160.25,159.41,2023-02-15,MTB,M & T BANK CORP,6022.0,431.0
55261F10,159.67999,159.37,2023-02-16,MTB,M & T BANK CORP,6022.0,431.0
55261F10,159.92,159.78,2023-02-17,MTB,M & T BANK CORP,6022.0,431.0
55261F10,155.45,159.14999,2023-02-21,MTB,M & T BANK CORP,6022.0,431.0
55261F10,154.2,156.0,2023-02-22,MTB,M & T BANK CORP,6022.0,431.0
55261F10,154.72,155.69,2023-02-23,MTB,M & T BANK CORP,6022.0,431.0
55261F10,156.13,153.94,2023-02-24,MTB,M & T BANK CORP,6022.0,431.0
55261F10,155.07001,157.73,2023-02-27,MTB,M & T BANK CORP,6022.0,431.0
55261F10,155.28999,155.49001,2023-02-28,MTB,M & T BANK CORP,6022.0,431.0
55261F10,154.17999,154.36,2023-03-01,MTB,M & T BANK CORP,6022.0,431.0
55261F10,151.32001,153.5,2023-03-02,MTB,M & T BANK CORP,6022.0,431.0
55261F10,152.53999,150.47,2023-03-03,MTB,M & T BANK CORP,6022.0,431.0
55261F10,152.12,151.94,2023-03-06,MTB,M & T BANK CORP,6022.0,431.0
55261F10,144.2,150.34,2023-03-07,MTB,M & T BANK CORP,6022.0,431.0
55261F10,140.38,144.31,2023-03-08,MTB,M & T BANK CORP,6022.0,431.0
55261F10,133.64,139.00999,2023-03-09,MTB,M & T BANK CORP,6022.0,431.0
55261F10,131.72,128.715,2023-03-10,MTB,M & T BANK CORP,6022.0,431.0
55261F10,127.11,124.5,2023-03-13,MTB,M & T BANK CORP,6022.0,431.0
55261F10,127.43,135.14999,2023-03-14,MTB,M & T BANK CORP,6022.0,431.0
55261F10,124.89,122.75,2023-03-15,MTB,M & T BANK CORP,6022.0,431.0
55261F10,127.56,124.34,2023-03-16,MTB,M & T BANK CORP,6022.0,431.0
55261F10,122.5,126.91,2023-03-17,MTB,M & T BANK CORP,6022.0,431.0
55261F10,121.71,125.065,2023-03-20,MTB,M & T BANK CORP,6022.0,431.0
55261F10,127.55,126.62,2023-03-21,MTB,M & T BANK CORP,6022.0,431.0
55261F10,117.66,127.57,2023-03-22,MTB,M & T BANK CORP,6022.0,431.0
55261F10,112.37,118.51,2023-03-23,MTB,M & T BANK CORP,6022.0,431.0
55261F10,114.93,110.76,2023-03-24,MTB,M & T BANK CORP,6022.0,431.0
55261F10,117.93,120.07,2023-03-27,MTB,M & T BANK CORP,6022.0,431.0
55261F10,119.28,118.66,2023-03-28,MTB,M & T BANK CORP,6022.0,431.0
55261F10,122.4,120.5,2023-03-29,MTB,M & T BANK CORP,6022.0,431.0
55261F10,119.59,123.92,2023-03-30,MTB,M & T BANK CORP,6022.0,431.0
55261F10,119.57,120.97,2023-03-31,MTB,M & T BANK CORP,6022.0,431.0
55261F10,118.74,120.66,2023-04-03,MTB,M & T BANK CORP,6022.0,431.0
55261F10,117.18,120.23,2023-04-04,MTB,M & T BANK CORP,6022.0,431.0
55261F10,117.41,115.49,2023-04-05,MTB,M & T BANK CORP,6022.0,431.0
55261F10,117.57,117.78,2023-04-06,MTB,M & T BANK CORP,6022.0,431.0
55261F10,117.45,116.67,2023-04-10,MTB,M & T BANK CORP,6022.0,431.0
55261F10,118.19,117.43,2023-04-11,MTB,M & T BANK CORP,6022.0,431.0
55261F10,116.34,118.78,2023-04-12,MTB,M & T BANK CORP,6022.0,431.0
55261F10,116.55,116.1,2023-04-13,MTB,M & T BANK CORP,6022.0,431.0
55261F10,116.59,118.63,2023-04-14,MTB,M & T BANK CORP,6022.0,431.0
55261F10,125.66,116.0,2023-04-17,MTB,M & T BANK CORP,6022.0,431.0
55261F10,125.73,126.49,2023-04-18,MTB,M & T BANK CORP,6022.0,431.0
55261F10,129.61,126.19,2023-04-19,MTB,M & T BANK CORP,6022.0,431.0
55261F10,124.81,128.0,2023-04-20,MTB,M & T BANK CORP,6022.0,431.0
55261F10,124.09,123.99,2023-04-21,MTB,M & T BANK CORP,6022.0,431.0
55261F10,124.5,124.02,2023-04-24,MTB,M & T BANK CORP,6022.0,431.0
55261F10,120.01,122.55,2023-04-25,MTB,M & T BANK CORP,6022.0,431.0
55261F10,120.63,119.985,2023-04-26,MTB,M & T BANK CORP,6022.0,431.0
55261F10,124.09,121.79,2023-04-27,MTB,M & T BANK CORP,6022.0,431.0
55261F10,125.8,123.0,2023-04-28,MTB,M & T BANK CORP,6022.0,431.0
55261F10,121.69,125.07,2023-05-01,MTB,M & T BANK CORP,6022.0,431.0
55261F10,117.4,121.2,2023-05-02,MTB,M & T BANK CORP,6022.0,431.0
55261F10,114.81,117.98,2023-05-03,MTB,M & T BANK CORP,6022.0,431.0
55261F10,113.68,112.38,2023-05-04,MTB,M & T BANK CORP,6022.0,431.0
55261F10,118.58,118.75,2023-05-05,MTB,M & T BANK CORP,6022.0,431.0
55261F10,116.23,120.5,2023-05-08,MTB,M & T BANK CORP,6022.0,431.0
55261F10,116.73,115.345,2023-05-09,MTB,M & T BANK CORP,6022.0,431.0
55261F10,114.86,117.92,2023-05-10,MTB,M & T BANK CORP,6022.0,431.0
55261F10,113.25,113.03,2023-05-11,MTB,M & T BANK CORP,6022.0,431.0
55261F10,111.43,114.31,2023-05-12,MTB,M & T BANK CORP,6022.0,431.0
55261F10,114.89,112.09,2023-05-15,MTB,M & T BANK CORP,6022.0,431.0
55261F10,112.95,115.25,2023-05-16,MTB,M & T BANK CORP,6022.0,431.0
55261F10,119.98,115.21,2023-05-17,MTB,M & T BANK CORP,6022.0,431.0
55261F10,122.55,119.53,2023-05-18,MTB,M & T BANK CORP,6022.0,431.0
55261F10,121.61,123.0,2023-05-19,MTB,M & T BANK CORP,6022.0,431.0
55261F10,123.27,122.28,2023-05-22,MTB,M & T BANK CORP,6022.0,431.0
55261F10,123.99,124.5,2023-05-23,MTB,M & T BANK CORP,6022.0,431.0
55261F10,121.49,122.94,2023-05-24,MTB,M & T BANK CORP,6022.0,431.0
55261F10,121.09,120.59,2023-05-25,MTB,M & T BANK CORP,6022.0,431.0
55261F10,123.6,121.06,2023-05-26,MTB,M & T BANK CORP,6022.0,431.0
55261F10,125.23,123.41,2023-05-30,MTB,M & T BANK CORP,6022.0,431.0
55261F10,119.16,122.81,2023-05-31,MTB,M & T BANK CORP,6022.0,431.0
55261F10,121.3,120.06,2023-06-01,MTB,M & T BANK CORP,6022.0,431.0
55261F10,125.59,123.53,2023-06-02,MTB,M & T BANK CORP,6022.0,431.0
55261F10,122.09,126.06,2023-06-05,MTB,M & T BANK CORP,6022.0,431.0
55261F10,127.1,125.7,2023-06-06,MTB,M & T BANK CORP,6022.0,431.0
55261F10,129.97,127.54,2023-06-07,MTB,M & T BANK CORP,6022.0,431.0
55261F10,128.61,128.81,2023-06-08,MTB,M & T BANK CORP,6022.0,431.0
55261F10,126.92,128.53,2023-06-09,MTB,M & T BANK CORP,6022.0,431.0
55261F10,125.35,126.03,2023-06-12,MTB,M & T BANK CORP,6022.0,431.0
55261F10,126.7,125.06,2023-06-13,MTB,M & T BANK CORP,6022.0,431.0
55261F10,121.9,126.21,2023-06-14,MTB,M & T BANK CORP,6022.0,431.0
55261F10,124.77,121.73,2023-06-15,MTB,M & T BANK CORP,6022.0,431.0
55261F10,123.16,125.8,2023-06-16,MTB,M & T BANK CORP,6022.0,431.0
55261F10,122.2,122.57,2023-06-20,MTB,M & T BANK CORP,6022.0,431.0
55261F10,122.15,122.62,2023-06-21,MTB,M & T BANK CORP,6022.0,431.0
55261F10,117.59,122.49,2023-06-22,MTB,M & T BANK CORP,6022.0,431.0
55261F10,115.87,116.02,2023-06-23,MTB,M & T BANK CORP,6022.0,431.0
55261F10,119.17,116.3,2023-06-26,MTB,M & T BANK CORP,6022.0,431.0
55261F10,121.82,119.03,2023-06-27,MTB,M & T BANK CORP,6022.0,431.0
55261F10,121.6,121.19,2023-06-28,MTB,M & T BANK CORP,6022.0,431.0
55261F10,124.21,123.0,2023-06-29,MTB,M & T BANK CORP,6022.0,431.0
55261F10,123.76,125.34,2023-06-30,MTB,M & T BANK CORP,6022.0,431.0
55261F10,127.45,124.2,2023-07-03,MTB,M & T BANK CORP,6022.0,431.0
55261F10,125.52,125.86,2023-07-05,MTB,M & T BANK CORP,6022.0,431.0
55261F10,125.31,122.94,2023-07-06,MTB,M & T BANK CORP,6022.0,431.0
55261F10,128.56,125.23,2023-07-07,MTB,M & T BANK CORP,6022.0,431.0
55261F10,129.47,127.95,2023-07-10,MTB,M & T BANK CORP,6022.0,431.0
55261F10,131.45,130.60001,2023-07-11,MTB,M & T BANK CORP,6022.0,431.0
55261F10,131.49001,132.73,2023-07-12,MTB,M & T BANK CORP,6022.0,431.0
55261F10,133.28999,132.39999,2023-07-13,MTB,M & T BANK CORP,6022.0,431.0
55261F10,130.78999,134.39999,2023-07-14,MTB,M & T BANK CORP,6022.0,431.0
55261F10,131.35001,130.75999,2023-07-17,MTB,M & T BANK CORP,6022.0,431.0
55261F10,134.75999,130.7,2023-07-18,MTB,M & T BANK CORP,6022.0,431.0
55261F10,138.10001,137.64,2023-07-19,MTB,M & T BANK CORP,6022.0,431.0
55261F10,138.53999,138.2,2023-07-20,MTB,M & T BANK CORP,6022.0,431.0
55261F10,137.86,139.73,2023-07-21,MTB,M & T BANK CORP,6022.0,431.0
55261F10,139.78999,137.98,2023-07-24,MTB,M & T BANK CORP,6022.0,431.0
55261F10,137.87,140.0,2023-07-25,MTB,M & T BANK CORP,6022.0,431.0
55261F10,140.44,140.55,2023-07-26,MTB,M & T BANK CORP,6022.0,431.0
55261F10,138.22,140.86,2023-07-27,MTB,M & T BANK CORP,6022.0,431.0
55261F10,140.05,139.99001,2023-07-28,MTB,M & T BANK CORP,6022.0,431.0
55261F10,139.86,141.38,2023-07-31,MTB,M & T BANK CORP,6022.0,431.0
55261F10,138.7,138.45,2023-08-01,MTB,M & T BANK CORP,6022.0,431.0
55261F10,138.42999,136.95,2023-08-02,MTB,M & T BANK CORP,6022.0,431.0
55261F10,139.82001,137.42999,2023-08-03,MTB,M & T BANK CORP,6022.0,431.0
55261F10,139.87,138.73,2023-08-04,MTB,M & T BANK CORP,6022.0,431.0
55261F10,141.55,140.42,2023-08-07,MTB,M & T BANK CORP,6022.0,431.0
55261F10,139.49001,137.32001,2023-08-08,MTB,M & T BANK CORP,6022.0,431.0
55261F10,135.10001,138.37,2023-08-09,MTB,M & T BANK CORP,6022.0,431.0
55261F10,135.10001,136.0,2023-08-10,MTB,M & T BANK CORP,6022.0,431.0
55261F10,135.89999,134.11,2023-08-11,MTB,M & T BANK CORP,6022.0,431.0
55261F10,132.87,134.74001,2023-08-14,MTB,M & T BANK CORP,6022.0,431.0
55261F10,127.19,130.95,2023-08-15,MTB,M & T BANK CORP,6022.0,431.0
55261F10,128.28,127.1,2023-08-16,MTB,M & T BANK CORP,6022.0,431.0
55261F10,128.74001,129.24001,2023-08-17,MTB,M & T BANK CORP,6022.0,431.0
55261F10,127.68,127.49,2023-08-18,MTB,M & T BANK CORP,6022.0,431.0
55261F10,128.39,128.31,2023-08-21,MTB,M & T BANK CORP,6022.0,431.0
55261F10,125.7,127.85,2023-08-22,MTB,M & T BANK CORP,6022.0,431.0
55261F10,126.53,125.43,2023-08-23,MTB,M & T BANK CORP,6022.0,431.0
55261F10,126.31,126.34,2023-08-24,MTB,M & T BANK CORP,6022.0,431.0
55261F10,125.58,126.83,2023-08-25,MTB,M & T BANK CORP,6022.0,431.0
55261F10,127.1,126.54,2023-08-28,MTB,M & T BANK CORP,6022.0,431.0
55261F10,128.19,126.82,2023-08-29,MTB,M & T BANK CORP,6022.0,431.0
55261F10,126.43,127.95,2023-08-30,MTB,M & T BANK CORP,6022.0,431.0
55261F10,125.05,125.59,2023-08-31,MTB,M & T BANK CORP,6022.0,431.0
55261F10,125.76,125.79,2023-09-01,MTB,M & T BANK CORP,6022.0,431.0
55261F10,123.81,125.52,2023-09-05,MTB,M & T BANK CORP,6022.0,431.0
55261F10,121.79,123.09,2023-09-06,MTB,M & T BANK CORP,6022.0,431.0
55261F10,119.33,121.34,2023-09-07,MTB,M & T BANK CORP,6022.0,431.0
55261F10,121.78,119.71,2023-09-08,MTB,M & T BANK CORP,6022.0,431.0
55261F10,126.16,122.85,2023-09-11,MTB,M & T BANK CORP,6022.0,431.0
55261F10,129.61,127.42,2023-09-12,MTB,M & T BANK CORP,6022.0,431.0
55261F10,126.17,130.55,2023-09-13,MTB,M & T BANK CORP,6022.0,431.0
55261F10,128.94,128.02,2023-09-14,MTB,M & T BANK CORP,6022.0,431.0
55261F10,129.3,127.51,2023-09-15,MTB,M & T BANK CORP,6022.0,431.0
55261F10,126.69,129.64999,2023-09-18,MTB,M & T BANK CORP,6022.0,431.0
55261F10,126.4,127.15,2023-09-19,MTB,M & T BANK CORP,6022.0,431.0
55261F10,126.62,127.5,2023-09-20,MTB,M & T BANK CORP,6022.0,431.0
55261F10,126.27,126.21,2023-09-21,MTB,M & T BANK CORP,6022.0,431.0
55261F10,124.27,126.31,2023-09-22,MTB,M & T BANK CORP,6022.0,431.0
55261F10,125.59,123.64,2023-09-25,MTB,M & T BANK CORP,6022.0,431.0
55261F10,123.27,123.86,2023-09-26,MTB,M & T BANK CORP,6022.0,431.0
55261F10,124.54,123.82,2023-09-27,MTB,M & T BANK CORP,6022.0,431.0
55261F10,126.46,124.5,2023-09-28,MTB,M & T BANK CORP,6022.0,431.0
55261F10,126.45,126.54,2023-09-29,MTB,M & T BANK CORP,6022.0,431.0
55261F10,122.1,126.68,2023-10-02,MTB,M & T BANK CORP,6022.0,431.0
55261F10,120.65,121.38,2023-10-03,MTB,M & T BANK CORP,6022.0,431.0
55261F10,122.41,120.76,2023-10-04,MTB,M & T BANK CORP,6022.0,431.0
55261F10,123.36,122.31,2023-10-05,MTB,M & T BANK CORP,6022.0,431.0
55261F10,124.82,121.76,2023-10-06,MTB,M & T BANK CORP,6022.0,431.0
55261F10,125.3,123.39,2023-10-09,MTB,M & T BANK CORP,6022.0,431.0
55261F10,126.93,126.4,2023-10-10,MTB,M & T BANK CORP,6022.0,431.0
55261F10,125.71,126.6,2023-10-11,MTB,M & T BANK CORP,6022.0,431.0
55261F10,123.68,125.42,2023-10-12,MTB,M & T BANK CORP,6022.0,431.0
55261F10,120.19,124.99,2023-10-13,MTB,M & T BANK CORP,6022.0,431.0
55261F10,122.66,121.79,2023-10-16,MTB,M & T BANK CORP,6022.0,431.0
55261F10,124.39,121.72,2023-10-17,MTB,M & T BANK CORP,6022.0,431.0
55261F10,121.33,124.44,2023-10-18,MTB,M & T BANK CORP,6022.0,431.0
55261F10,119.61,121.42,2023-10-19,MTB,M & T BANK CORP,6022.0,431.0
55261F10,113.77,119.29,2023-10-20,MTB,M & T BANK CORP,6022.0,431.0
55261F10,111.52,113.64,2023-10-23,MTB,M & T BANK CORP,6022.0,431.0
55261F10,111.12,112.09,2023-10-24,MTB,M & T BANK CORP,6022.0,431.0
55261F10,111.66,110.97,2023-10-25,MTB,M & T BANK CORP,6022.0,431.0
55261F10,113.06,111.59,2023-10-26,MTB,M & T BANK CORP,6022.0,431.0
55261F10,108.94,112.11,2023-10-27,MTB,M & T BANK CORP,6022.0,431.0
55261F10,112.04,110.77,2023-10-30,MTB,M & T BANK CORP,6022.0,431.0
55261F10,112.75,112.42,2023-10-31,MTB,M & T BANK CORP,6022.0,431.0
55261F10,112.13,112.14,2023-11-01,MTB,M & T BANK CORP,6022.0,431.0
55261F10,118.45,113.21,2023-11-02,MTB,M & T BANK CORP,6022.0,431.0
55261F10,122.55,121.342,2023-11-03,MTB,M & T BANK CORP,6022.0,431.0
55261F10,121.31,122.37,2023-11-06,MTB,M & T BANK CORP,6022.0,431.0
55261F10,121.08,120.99,2023-11-07,MTB,M & T BANK CORP,6022.0,431.0
55261F10,119.34,120.93,2023-11-08,MTB,M & T BANK CORP,6022.0,431.0
55261F10,117.35,119.86,2023-11-09,MTB,M & T BANK CORP,6022.0,431.0
55261F10,118.35,117.87,2023-11-10,MTB,M & T BANK CORP,6022.0,431.0
55261F10,116.86,117.62,2023-11-13,MTB,M & T BANK CORP,6022.0,431.0
55261F10,123.3,119.98,2023-11-14,MTB,M & T BANK CORP,6022.0,431.0
55261F10,125.29,123.41,2023-11-15,MTB,M & T BANK CORP,6022.0,431.0
55261F10,123.47,125.06,2023-11-16,MTB,M & T BANK CORP,6022.0,431.0
55261F10,126.73,125.0,2023-11-17,MTB,M & T BANK CORP,6022.0,431.0
55261F10,126.94,126.47,2023-11-20,MTB,M & T BANK CORP,6022.0,431.0
55261F10,125.45,126.17,2023-11-21,MTB,M & T BANK CORP,6022.0,431.0
55261F10,125.07,126.74,2023-11-22,MTB,M & T BANK CORP,6022.0,431.0
55261F10,125.62,125.05,2023-11-24,MTB,M & T BANK CORP,6022.0,431.0
55261F10,124.73,124.65,2023-11-27,MTB,M & T BANK CORP,6022.0,431.0
55261F10,125.25,124.76,2023-11-28,MTB,M & T BANK CORP,6022.0,431.0
55261F10,127.73,126.19,2023-11-29,MTB,M & T BANK CORP,6022.0,431.0
55261F10,128.17,127.03,2023-11-30,MTB,M & T BANK CORP,6022.0,431.0
55261F10,132.71001,127.5,2023-12-01,MTB,M & T BANK CORP,6022.0,431.0
55261F10,134.39,131.32001,2023-12-04,MTB,M & T BANK CORP,6022.0,431.0
55261F10,132.11,133.53,2023-12-05,MTB,M & T BANK CORP,6022.0,431.0
55261F10,130.83,132.42,2023-12-06,MTB,M & T BANK CORP,6022.0,431.0
55261F10,132.78,131.67999,2023-12-07,MTB,M & T BANK CORP,6022.0,431.0
55261F10,132.64999,133.14,2023-12-08,MTB,M & T BANK CORP,6022.0,431.0
55261F10,133.42,132.00999,2023-12-11,MTB,M & T BANK CORP,6022.0,431.0
55261F10,131.75999,133.17,2023-12-12,MTB,M & T BANK CORP,6022.0,431.0
55261F10,138.50999,131.67,2023-12-13,MTB,M & T BANK CORP,6022.0,431.0
55261F10,145.06,139.98,2023-12-14,MTB,M & T BANK CORP,6022.0,431.0
55261F10,142.75999,143.95,2023-12-15,MTB,M & T BANK CORP,6022.0,431.0
55261F10,137.13,142.39999,2023-12-18,MTB,M & T BANK CORP,6022.0,431.0
55261F10,139.36,137.2,2023-12-19,MTB,M & T BANK CORP,6022.0,431.0
55261F10,133.96001,138.5,2023-12-20,MTB,M & T BANK CORP,6022.0,431.0
55261F10,136.21001,135.0,2023-12-21,MTB,M & T BANK CORP,6022.0,431.0
55261F10,136.52,136.97,2023-12-22,MTB,M & T BANK CORP,6022.0,431.0
55261F10,138.86,136.84,2023-12-26,MTB,M & T BANK CORP,6022.0,431.0
55261F10,137.88,138.55,2023-12-27,MTB,M & T BANK CORP,6022.0,431.0
55261F10,138.39,138.09,2023-12-28,MTB,M & T BANK CORP,6022.0,431.0
55261F10,137.08,138.49001,2023-12-29,MTB,M & T BANK CORP,6022.0,431.0
